  0.999999969859962       0.000000000000000E+000
  0.810386089507814       0.000000000000000E+000
  0.350178894481693       1.668613737941863E-016
 -0.126501168022735       1.668613737941863E-016
 -0.363788116575297       8.343068689709317E-017
 -0.244865991399116      -4.171534344854658E-017
  0.149073136659288      -4.171534344854658E-017
  0.591627950873886      -4.171534344854658E-017
  0.841527008156267       0.000000000000000E+000
  0.774314449641906       8.343068689709317E-017
  0.442399905589302       1.251460303456397E-016
  3.477065274212000E-002  1.251460303456397E-016
 -0.234551986836863       1.251460303456397E-016
 -0.242688123895347       1.251460303456397E-016
 -1.475102648079156E-002  0.000000000000000E+000
  0.304225794867714      -8.343068689709317E-017
  0.538539914402437      -1.042883586213665E-016
  0.577170648290036      -4.171534344854658E-017
  0.422923428981256       6.257301517281987E-017
  0.174846833027096       1.251460303456397E-016
 -3.715863278618915E-002  1.355748662077764E-016
 -0.123012409441466       1.147171944835031E-016
 -6.964103231430892E-002  8.343068689709317E-017
  6.890439240586102E-002  2.085767172427329E-017
  0.213249836383819      -3.128650758640994E-017
  0.302511667867355      -4.171534344854658E-017
  0.315942260417570      -4.171534344854658E-017
  0.267293473159336       5.214417931068323E-018
  0.184694279414032       6.257301517281987E-017
  9.410079103968223E-002  9.385952275922981E-017
  1.575360532868015E-002  1.147171944835031E-016
 -3.076163516529645E-002  1.042883586213665E-016
 -2.485357412375099E-002  7.300185103495652E-017
  4.567084836616288E-002  2.085767172427329E-017
  0.168744783236563      -3.128650758640994E-017
  0.300091009859463      -6.257301517281987E-017
  0.375897134234605      -5.214417931068323E-017
  0.345334502310041       3.128650758640994E-017
  0.205744801762623       1.251460303456397E-016
  1.637502845785087E-002  1.668613737941863E-016
 -0.124033336111767       1.460037020699130E-016
 -0.128795684846664       8.343068689709317E-017
  2.366876958444140E-002  0.000000000000000E+000
  0.268291776249659      -4.171534344854658E-017
  0.480876334770467      -4.171534344854658E-017
  0.543738195967632       0.000000000000000E+000
  0.413898624885051       4.171534344854658E-017
  0.153424680047026       1.251460303456397E-016
 -9.893490880742804E-002  1.668613737941863E-016
 -0.202081040397617       1.668613737941863E-016
 -9.215043956935602E-002  1.042883586213665E-016
  0.178492205239162       4.171534344854658E-017
  0.466903345436026      -4.171534344854658E-017
  0.617161200599942      -8.343068689709317E-017
  0.546874401603222      -2.085767172427329E-017
  0.293607049898214       8.343068689709317E-017
 -5.432253084518104E-003  2.085767172427329E-016
 -0.189206035705550       2.294343889670062E-016
 -0.161435256628733       1.460037020699130E-016
  5.770452717045478E-002  4.171534344854658E-017
  0.345011941184518      -8.343068689709317E-017
  0.543947882228068      -1.460037020699130E-016
  0.550462115706787      -6.257301517281987E-017
  0.367083206337018       4.171534344854658E-017
  9.681055129985859E-002  1.042883586213665E-016
 -0.117074228012387       1.042883586213665E-016
 -0.169597871159786       8.343068689709317E-017
 -4.727200907900152E-002  0.000000000000000E+000
  0.171281572195101      -8.343068689709317E-017
  0.363774839502525      -8.343068689709317E-017
  0.431803696461572      -4.171534344854658E-017
  0.349678137653969       4.171534344854658E-017
  0.170320605769104       8.343068689709317E-017
 -1.038355934857009E-002  1.042883586213665E-016
 -0.107219392103330       5.214417931068323E-017
 -8.689116806599209E-002 -1.042883586213665E-017
  2.289668464936712E-002 -8.343068689709317E-017
  0.156386328254248      -1.251460303456397E-016
  0.247683129323236      -9.385952275922981E-017
  0.261658644068844      -3.128650758640994E-017
  0.203752989986063       2.085767172427329E-017
  0.108618279946926       5.214417931068323E-017
  1.856230620146694E-002  4.171534344854658E-017
 -3.495837066140416E-002  1.564325379320497E-017
 -3.932755987682874E-002 -5.214417931068323E-018
  9.168757785989574E-004 -1.042883586213665E-017
  6.975715316285035E-002 -1.042883586213665E-017
  0.144627108520131      -1.564325379320497E-017
  0.200248511458672      -2.346488068980745E-017
  0.214137335619730      -1.303604482767081E-017
  0.175320739812177      -1.042883586213665E-017
  9.320361218283338E-002  2.085767172427329E-017
 -2.104104483702515E-004  6.257301517281987E-017
 -6.026143378931820E-002  8.343068689709317E-017
 -5.042046915936423E-002  5.214417931068323E-017
  3.578209185573717E-002 -1.042883586213665E-017
  0.165196494343092      -7.300185103495652E-017
  0.276680927726108      -1.042883586213665E-016
  0.311051601870940      -6.257301517281987E-017
  0.244465601322765       4.171534344854658E-017
  0.105871065263722       1.251460303456397E-016
 -3.380377462623732E-002  1.460037020699130E-016
 -9.752791563542254E-002  1.042883586213665E-016
 -4.466534962999991E-002  2.085767172427329E-017
  0.103915050497071      -8.343068689709317E-017
  0.273803458549955      -1.042883586213665E-016
  0.375573974523068      -5.214417931068323E-017
  0.353539220416390       3.128650758640994E-017
  0.217551289753353       1.460037020699130E-016
  3.930500259625713E-002  1.877190455184596E-016
 -8.575807233213997E-002  1.772902096563230E-016
 -9.031113326946939E-002  5.214417931068323E-017
  2.798134253630771E-002 -4.171534344854658E-017
  0.205173784555295      -1.042883586213665E-016
  0.346060993032706      -8.343068689709317E-017
  0.375959174809914      -4.171534344854658E-017
  0.280555249741987       8.343068689709317E-017
  0.112193944483755       1.668613737941863E-016
 -4.001966507993260E-002  1.981478813805963E-016
 -9.893288676077246E-002  1.460037020699130E-016
 -3.976900188985610E-002  4.171534344854658E-017
  9.923166746332121E-002 -8.343068689709317E-017
  0.240236257877864      -1.460037020699130E-016
  0.308883599287233      -1.042883586213665E-016
  0.272795688759154       1.042883586213665E-017
  0.155382117038363       1.460037020699130E-016
  1.949252080537461E-002  2.085767172427329E-016
 -6.799912035103144E-002  1.668613737941863E-016
 -7.043749678579465E-002  6.257301517281987E-017
  3.222164459830095E-003 -6.257301517281987E-017
  0.107791212095678      -1.460037020699130E-016
  0.188297118479372      -1.355748662077764E-016
  0.207914986652304      -6.257301517281987E-017
  0.163157373237821       3.128650758640994E-017
  8.072590449965103E-002  1.042883586213665E-016
  6.042901777726993E-004  1.147171944835031E-016
 -4.399874736271606E-002  7.300185103495652E-017
 -3.983258724162852E-002 -5.214417931068323E-018
  4.551967082294480E-003 -7.300185103495652E-017
  6.631188145173486E-002 -1.095027765524348E-016
  0.119515750105295      -8.343068689709317E-017
  0.144674369884818      -2.346488068980745E-017
  0.134001057727498       3.389371655194410E-017
  9.249797883580690E-002  7.300185103495652E-017
  3.593778402530381E-002  7.821626896602485E-017
 -1.368728068372640E-002  5.214417931068323E-017
 -3.511231770661381E-002  1.042883586213665E-017
 -1.613991801374058E-002 -2.085767172427329E-017
  3.950853387427851E-002 -4.171534344854658E-017
  0.110875428233166      -3.650092551747826E-017
  0.166694472819443      -1.564325379320497E-017
  0.179257091708708       1.042883586213665E-017
  0.139223395767903       4.171534344854658E-017
  6.318798775086874E-002  6.257301517281987E-017
 -1.170421492903862E-002  7.300185103495652E-017
 -4.520324442381884E-002  6.257301517281987E-017
 -1.531132605831575E-002  3.128650758640994E-017
  6.806266141429224E-002 -1.042883586213665E-017
  0.165742386893462      -3.128650758640994E-017
  0.228324388819876      -2.085767172427329E-017
  0.222304888060516       4.171534344854658E-017
  0.149155726293815       8.343068689709317E-017
  4.622302738975705E-002  1.147171944835031E-016
 -3.204558712630445E-002  1.042883586213665E-016
 -4.300446154252737E-002  6.257301517281987E-017
  2.080623796465066E-002  1.042883586213665E-017
  0.126896930800616      -2.085767172427329E-017
  0.219741377640719      -2.085767172427329E-017
  0.250417324485694       3.128650758640994E-017
  0.202848664556609       9.385952275922981E-017
  0.102296381140647       1.355748662077764E-016
  1.524345857114039E-003  1.251460303456397E-016
 -4.764652907065291E-002  7.300185103495652E-017
 -2.177970213943234E-002  1.042883586213665E-017
  6.252381639961586E-002 -2.085767172427329E-017
  0.158605674683310      -2.085767172427329E-017
  0.215316656453656       1.042883586213665E-017
  0.203930479354932       5.214417931068323E-017
  0.132041548924552       8.343068689709317E-017
  3.774459173317616E-002  1.042883586213665E-016
 -3.172877193688758E-002  8.864510482816149E-017
 -4.474666054265546E-002  4.692976137961491E-017
 -2.572110543659682E-004  0.000000000000000E+000
  7.401314093511970E-002 -3.128650758640994E-017
  0.137826617659502      -1.564325379320497E-017
  0.159544756283968       1.564325379320497E-017
  0.130899614106092       4.692976137961491E-017
  6.867155536117517E-002  6.778743310388820E-017
  3.940610726683435E-003  6.257301517281987E-017
 -3.426331990717153E-002  3.650092551747826E-017
 -3.223447634791229E-002  5.214417931068323E-018
  4.095889092931912E-003 -2.085767172427329E-017
  5.442720472165033E-002 -3.128650758640994E-017
  9.492680547076950E-002 -2.085767172427329E-017
  0.108835798007158      -5.214417931068323E-018
  9.236802728197900E-002  1.564325379320497E-017
  5.446418926993669E-002  2.607208965534161E-017
  1.179042659040196E-002  2.607208965534161E-017
 -1.825341285600382E-002  1.825046275873913E-017
 -2.388562107280821E-002  2.607208965534161E-018
 -2.914793469840490E-003 -1.564325379320497E-017
  3.653200966075149E-002 -2.867929862087578E-017
  7.874286206145009E-002 -2.867929862087578E-017
  0.106122946016023      -1.825046275873913E-017
  0.106332994861311       0.000000000000000E+000
  7.824327122664372E-002  1.042883586213665E-017
  3.375273022417682E-002  2.085767172427329E-017
 -6.293847434971467E-003  2.607208965534161E-017
 -2.121850868000688E-002  1.825046275873913E-017
 -8.477775401845651E-004  7.821626896602484E-018
  4.818951097172439E-002 -5.214417931068323E-018
  0.104179813101497      -1.564325379320497E-017
  0.140197173243329      -1.564325379320497E-017
  0.137734718401530       0.000000000000000E+000
  9.706041724277045E-002  2.085767172427329E-017
  3.833357946917428E-002  4.171534344854658E-017
 -7.890771339460667E-003  5.214417931068323E-017
 -1.634467134067489E-002  5.214417931068323E-017
  1.926639344507519E-002  3.128650758640994E-017
  8.215781550491123E-002  0.000000000000000E+000
  0.140623795868734      -1.042883586213665E-017
  0.164488298241700       0.000000000000000E+000
  0.141163339133995       2.607208965534161E-017
  8.258966773286236E-002  6.257301517281987E-017
  1.913757357661946E-002  8.343068689709317E-017
 -1.638765129093322E-002  7.821626896602485E-017
 -6.068329511439647E-003  5.214417931068323E-017
  4.378871126337498E-002  2.085767172427329E-017
  0.106257197676330      -1.042883586213665E-017
  0.148256983792478      -1.564325379320497E-017
  0.147980649281432       1.042883586213665E-017
  0.105955937285037       4.171534344854658E-017
  4.406996075349856E-002  7.821626896602485E-017
 -6.520170084781282E-003  8.864510482816149E-017
 -2.180022406576700E-002  6.257301517281987E-017
  3.144065099108448E-003  3.128650758640994E-017
  5.262387127695654E-002 -1.042883586213665E-017
  9.948525636838644E-002 -2.607208965534161E-017
  0.119516368425927      -1.042883586213665E-017
  0.103385409695569       1.564325379320497E-017
  6.022001959040991E-002  4.171534344854658E-017
  1.169617108509970E-002  5.214417931068323E-017
 -1.957300858352960E-002  4.692976137961491E-017
 -2.104843879093743E-002  2.607208965534161E-017
  4.672550415124012E-003  0.000000000000000E+000
  4.255665892930903E-002 -1.564325379320497E-017
  7.340708334542002E-002 -1.825046275873913E-017
  8.312118594964055E-002 -1.042883586213665E-017
  6.851707070648537E-002  0.000000000000000E+000
  3.755831600948181E-002  1.042883586213665E-017
  4.682866060172798E-003  1.825046275873913E-017
 -1.602828266936928E-002  2.085767172427329E-017
 -1.667795030624855E-002  1.303604482767081E-017
  1.800953994831300E-003  0.000000000000000E+000
  3.073297686950775E-002 -1.303604482767081E-017
  5.763582993349305E-002 -2.085767172427329E-017
  7.131185076086877E-002 -2.346488068980745E-017
  6.625478901297137E-002 -1.825046275873913E-017
  4.486597159108460E-002 -5.214417931068323E-018
  1.664689513168045E-002  1.042883586213665E-017
 -5.517731777315502E-003  2.607208965534161E-017
 -1.077958674214086E-002  3.650092551747826E-017
  4.656482604175904E-003  2.607208965534161E-017
  3.522737467009334E-002  5.214417931068323E-018
  6.786893934380610E-002 -2.346488068980745E-017
  8.768942771113224E-002 -3.650092551747826E-017
  8.511864403713675E-002 -2.607208965534161E-017
  6.107525654842086E-002  1.042883586213665E-017
  2.726580054883786E-002  5.214417931068323E-017
  9.626554070011131E-004  7.560906000049068E-017
 -3.505433119256147E-003  7.039464206942236E-017
  1.767569590972549E-002  3.650092551747826E-017
  5.526616303675624E-002 -7.821626896602484E-018
  9.115413317223262E-002 -3.389371655194410E-017
  0.107423466640471      -3.128650758640994E-017
  9.571178825612346E-002  0.000000000000000E+000
  6.186736722645193E-002  4.692976137961491E-017
  2.323844774929544E-002  8.343068689709317E-017
 -1.836014362875506E-004  9.125231379369565E-017
  3.811651352818505E-003  6.257301517281987E-017
  3.319381223772298E-002  1.042883586213665E-017
  7.268671743897287E-002 -2.085767172427329E-017
  0.101741005834752      -2.607208965534161E-017
  0.105263288210363      -5.214417931068323E-018
  8.141021831467347E-002  3.650092551747826E-017
  4.235861572891012E-002  7.821626896602485E-017
  7.748609653054120E-003  9.385952275922981E-017
 -5.611940112568188E-003  7.300185103495652E-017
  7.700675182918356E-003  3.128650758640994E-017
  3.932629858874818E-002 -1.564325379320497E-017
  7.190409894332618E-002 -3.650092551747826E-017
  8.827398602137974E-002 -2.867929862087578E-017
  8.015477867438348E-002  5.214417931068323E-018
  5.187577614413228E-002  4.171534344854658E-017
  1.753399143728586E-002  6.257301517281987E-017
 -6.580761962837844E-003  5.735859724175156E-017
 -1.016272995799676E-002  3.389371655194410E-017
  6.465225181067812E-003  0.000000000000000E+000
  3.327311928743205E-002 -2.085767172427329E-017
  5.609874682988544E-002 -2.607208965534161E-017
  6.374899562492013E-002 -1.042883586213665E-017
  5.305997735960757E-002  1.042883586213665E-017
  2.970560105457054E-002  2.867929862087578E-017
  4.814706894548971E-003  3.389371655194410E-017
 -1.058326542473207E-002  2.346488068980745E-017
 -1.051191769130269E-002  2.607208965534161E-018
  3.742486239027812E-003 -1.303604482767081E-017
  2.481116936498302E-002 -2.085767172427329E-017
  4.291356838312493E-002 -2.085767172427329E-017
  5.020487496733236E-002 -1.303604482767081E-017
  4.395816386927043E-002  0.000000000000000E+000
  2.742656446279559E-002  7.821626896602484E-018
  8.234705481147842E-003  1.564325379320497E-017
 -4.931535245864081E-003  1.955406724150621E-017
 -5.998604938110578E-003  1.825046275873913E-017
  5.895830311427860E-003  6.518022413835404E-018
  2.593599582043842E-002 -7.821626896602484E-018
  4.557472962671089E-002 -2.020586948288975E-017
  5.621306780494642E-002 -2.411668293119099E-017
  5.312188214705417E-002 -1.303604482767081E-017
  3.784056791459734E-002  1.042883586213665E-017
  1.779196775351586E-002  3.650092551747826E-017
  3.044193256633481E-003  5.214417931068323E-017
  1.548643501076869E-003  4.692976137961491E-017
  1.509298265832518E-002  2.346488068980745E-017
  3.806961527103474E-002 -5.214417931068323E-018
  5.990395709786176E-002 -2.346488068980745E-017
  7.015401189151947E-002 -1.825046275873913E-017
  6.381577146696535E-002  7.821626896602484E-018
  4.408722226369177E-002  4.171534344854658E-017
  2.101431724060858E-002  6.778743310388820E-017
  6.536480662203802E-003  7.039464206942236E-017
  8.385032852478005E-003  4.692976137961491E-017
  2.599984550007466E-002  1.042883586213665E-017
  5.066906512426512E-002 -1.825046275873913E-017
  6.991733097378441E-002 -2.085767172427329E-017
  7.391263210487188E-002 -5.214417931068323E-018
  6.055252886273210E-002  2.867929862087578E-017
  3.655127277920789E-002  5.996580620728572E-017
  1.394837768600593E-002  7.300185103495652E-017
  3.876300123177888E-003  6.257301517281987E-017
  1.086086129092313E-002  3.128650758640994E-017
  3.061643614418154E-002  0.000000000000000E+000
  5.242201043052149E-002 -1.825046275873913E-017
  6.474789393216099E-002 -1.433964931043789E-017
  6.114167384672116E-002  1.173244034490373E-017
  4.333612544486679E-002  4.041173896577950E-017
  2.008436088274486E-002  5.866220172451863E-017
  2.488468463162022E-003  5.605499275898447E-017
 -1.647185508809401E-003  3.650092551747826E-017
  8.466039248466150E-003  1.042883586213665E-017
  2.657822890250298E-002 -1.303604482767081E-017
  4.286889743243687E-002 -2.085767172427329E-017
  4.896299972247353E-002 -1.173244034490373E-017
  4.191579319554296E-002  7.821626896602484E-018
  2.528939867385294E-002  2.737569413810870E-017
  7.019069868224422E-003  3.650092551747826E-017
 -4.648138942110224E-003  2.998290310364286E-017
 -5.047747773757063E-003  1.433964931043789E-017
  4.993205223084590E-003 -2.607208965534161E-018
  1.994146590247365E-002 -1.564325379320497E-017
  3.242831609963116E-002 -2.085767172427329E-017
  3.671236186996973E-002 -1.694685827597205E-017
  3.113636191652069E-002 -5.214417931068323E-018
  1.859344320318874E-002  9.125231379369565E-018
  4.978322185967293E-003  2.085767172427329E-017
 -3.550187642501194E-003  2.542028741395807E-017
 -3.257798873070085E-003  1.825046275873913E-017
  5.637994188315387E-003  5.214417931068323E-018
  1.917202933189799E-002 -9.125231379369565E-018
  3.142058948940461E-002 -1.759866051735559E-017
  3.710478635072517E-002 -1.629505603458851E-017
  3.391795474967627E-002 -5.214417931068323E-018
  2.358481536929746E-002  1.042883586213665E-017
  1.115742578190031E-002  2.346488068980745E-017
  2.786934192800896E-003  2.998290310364286E-017
  2.901043351178029E-003  2.476848517257453E-017
  1.205566582210578E-002  1.042883586213665E-017
  2.651317704879082E-002 -5.214417931068323E-018
  3.985916214766051E-002 -1.466555043112966E-017
  4.600215737190490E-002 -1.238424258628727E-017
  4.216610357856605E-002 -1.303604482767081E-018
  3.038555698693281E-002  1.825046275873913E-017
  1.666718708006231E-002  3.389371655194410E-017
  8.117757298472434E-003  4.041173896577950E-017
  9.401611235245369E-003  3.389371655194410E-017
  2.031108494076079E-002  1.564325379320497E-017
  3.574301440489812E-002 -2.607208965534161E-018
  4.817855571485270E-002 -1.042883586213665E-017
  5.146183932030667E-002 -7.821626896602484E-018
  4.395578098802928E-002  7.821626896602484E-018
  2.942719084765388E-002  2.607208965534161E-017
  1.516499330868196E-002  4.171534344854658E-017
  8.273915250219458E-003  4.301894793131366E-017
  1.205037223752825E-002  3.259011206917702E-017
  2.431685783762114E-002  1.303604482767081E-017
  3.857291526506322E-002 -1.303604482767081E-018
  4.735147139594797E-002 -4.562615689684782E-018
  4.602780307169134E-002  8.473429137986025E-018
  3.511539496695912E-002  2.085767172427329E-017
  1.989917305928665E-002  3.128650758640994E-017
  7.655105473699930E-003  3.259011206917702E-017
  3.940186635867087E-003  2.476848517257453E-017
  9.868157168543190E-003  1.173244034490373E-017
  2.171601337289639E-002  2.607208965534161E-018
  3.296789774536910E-002 -2.607208965534161E-018
  3.766397673853257E-002  0.000000000000000E+000
  3.331861353949452E-002  3.910813448301242E-018
  2.197887131417507E-002  1.108063810352019E-017
  9.002116768217848E-003  1.629505603458851E-017
  2.867557766727828E-004  1.694685827597205E-017
 -5.966712891512963E-004  1.173244034490373E-017
  6.022108006990429E-003  3.910813448301242E-018
  1.630407557136753E-002 -2.607208965534161E-018
  2.492918203609989E-002 -7.821626896602484E-018
  2.768384413162461E-002 -6.518022413835404E-018
  2.335573832128052E-002 -4.562615689684782E-018
  1.411215614778520E-002  1.303604482767081E-018
  4.305550184745129E-003  6.518022413835404E-018
 -1.632600671039937E-003  9.125231379369565E-018
 -1.198399936357842E-003  7.169824655218945E-018
  5.158870117460217E-003  3.259011206917702E-018
  1.437546530012331E-002 -1.955406724150621E-018
  2.224488335033421E-002 -6.518022413835404E-018
  2.532609082834646E-002 -7.821626896602484E-018
  2.244870023815111E-002 -6.518022413835404E-018
  1.518335191852337E-002  0.000000000000000E+000
  7.099658800575928E-003  7.821626896602484E-018
  2.147308350300196E-003  1.433964931043789E-017
  2.866941869326449E-003  1.499145155182143E-017
  9.218137697599207E-003  1.173244034490373E-017
  1.856038666519447E-002  3.584912327609472E-018
  2.682788578456265E-002 -3.584912327609472E-018
  3.039902809521361E-002 -6.518022413835404E-018
  2.781572162380032E-002 -1.303604482767081E-018
  2.053291913687514E-002  9.125231379369565E-018
  1.229605618005059E-002  1.955406724150621E-017
  7.385867501901042E-003  2.737569413810870E-017
  8.538727072353935E-003  2.672389189672515E-017
  1.555518702679814E-002  1.694685827597205E-017
  2.531768467538302E-002  3.910813448301242E-018
  3.326375299386981E-002 -4.236714568993013E-018
  3.562575922824289E-002 -1.629505603458851E-018
  3.132974260058777E-002  1.042883586213665E-017
  2.257950372208446E-002  2.346488068980745E-017
  1.379471461900301E-002  3.128650758640994E-017
  9.408628829530231E-003  3.128650758640994E-017
  1.163020128431714E-002  2.281307844842391E-017
  1.931509975311170E-002  9.125231379369565E-018
  2.853510776948274E-002  2.607208965534161E-018
  3.456533135023685E-002  1.303604482767081E-018
  3.427552223599781E-002  8.473429137986025E-018
  2.770152912549675E-002  1.759866051735559E-017
  1.799790220779694E-002  2.672389189672515E-017
  9.810395092518753E-003  2.998290310364286E-017
  6.917944863341195E-003  2.411668293119099E-017
  1.035549975781042E-002  1.303604482767081E-017
  1.796047429318747E-002  3.910813448301242E-018
  2.553823628507161E-002  0.000000000000000E+000
  2.901372887554017E-002  1.303604482767081E-018
  2.645608903737451E-002  7.821626896602484E-018
  1.896576020334862E-002  1.433964931043789E-017
  1.002446577427490E-002  1.727275939666382E-017
  3.694940310229285E-003  1.531735267251320E-017
  2.612787232577961E-003  9.777033620753106E-018
  6.769240637792765E-003  3.910813448301242E-018
  1.364070510920747E-002  0.000000000000000E+000
  1.952957336283084E-002  0.000000000000000E+000
  2.139913698783612E-002  1.955406724150621E-018
  1.829142014392768E-002  5.214417931068323E-018
  1.167643119602817E-002  9.125231379369565E-018
  4.634078338195479E-003  9.125231379369565E-018
  3.277370781962289E-004  7.495725775910714E-018
  5.270055692971874E-004  4.888516810376553E-018
  4.859807091398103E-003  3.259011206917702E-018
  1.109040378333964E-002  1.303604482767081E-018
  1.623287520321400E-002  6.518022413835404E-019
  1.794724580709085E-002  6.518022413835404E-019
  1.557638583206438E-002  1.955406724150621E-018
  1.038041715854780E-002  3.910813448301242E-018
  4.902176809906814E-003  6.518022413835404E-018
  1.779246773931595E-003  9.777033620753106E-018
  2.545275483498208E-003  1.140653922421196E-017
  6.950382601189985E-003  1.010293474144488E-017
  1.309281707905600E-002  6.518022413835404E-018
  1.829596076152261E-002  3.584912327609472E-018
  2.033675089940783E-002  1.629505603458851E-018
  1.847247504636710E-002  2.607208965534161E-018
  1.379479596891869E-002  7.821626896602484E-018
  8.735282961156004E-003  1.173244034490373E-017
  5.932996732635601E-003  1.564325379320497E-017
  6.979899705391746E-003  1.694685827597205E-017
  1.163684186165965E-002  1.466555043112966E-017
  1.791095510427286E-002  9.125231379369565E-018
  2.298446236650246E-002  4.562615689684782E-018
  2.456897513625833E-002  4.562615689684782E-018
  2.203334852112830E-002  9.125231379369565E-018
  1.674102273507027E-002  1.629505603458851E-017
  1.140718269852756E-002  2.216127620704037E-017
  8.771349528559421E-003  2.281307844842391E-017
  1.023459838364951E-002  1.890226500012267E-017
  1.514576692513668E-002  1.303604482767081E-017
  2.110794715460025E-002  7.169824655218945E-018
  2.516548102756383E-002  4.236714568993013E-018
  2.528123108493881E-002  6.843923534527174E-018
  2.135850939892317E-002  1.303604482767081E-017
  1.528755439440527E-002  1.955406724150621E-017
  9.991252781799053E-003  2.150947396565683E-017
  7.955154137590504E-003  1.890226500012267E-017
  9.988689228340068E-003  1.303604482767081E-017
  1.484245508924366E-002  7.821626896602484E-018
  1.986510213442287E-002  3.910813448301242E-018
  2.235297398129064E-002  4.236714568993013E-018
  2.090022442129040E-002  8.147528017294254E-018
  1.607083269524431E-002  1.336194594836258E-017
  1.007212483124890E-002  1.629505603458851E-017
  5.620483300685583E-003  1.499145155182143E-017
  4.589301034022323E-003  1.173244034490373E-017
  7.118130399460800E-003  7.821626896602484E-018
  1.160714140078307E-002  3.259011206917702E-018
  1.556487676340926E-002  1.303604482767081E-018
  1.685737308049618E-002  2.281307844842391E-018
  1.473039300572062E-002  5.540319051760093E-018
  1.011822036747000E-002  8.473429137986025E-018
  5.124411382410619E-003  9.451132500061335E-018
  1.966253335078304E-003  8.147528017294254E-018
  1.915865103764157E-003  5.866220172451863E-018
  4.741613212066920E-003  3.259011206917702E-018
  8.886594691043016E-003  1.303604482767081E-018
  1.225996798486699E-002  6.518022413835404E-019
  1.323833763495354E-002  1.629505603458851E-018
  1.140150367607482E-002  4.236714568993013E-018
  7.677543095545974E-003  5.866220172451863E-018
  3.860842341092860E-003  6.843923534527174E-018
  1.753087104852544E-003  6.192121293143634E-018
  2.333976845702399E-003  4.562615689684782E-018
  5.335386313290514E-003  2.607208965534161E-018
  9.396335077710994E-003  9.777033620753105E-019
  1.271082678569318E-002  1.303604482767081E-018
  1.386409785347848E-002  3.259011206917702E-018
  1.247627422486512E-002  3.910813448301242E-018
  9.364843214653270E-003  5.866220172451863E-018
  6.155901157164908E-003  7.169824655218945E-018
  4.523023785645779E-003  8.147528017294254E-018
  5.402615104730356E-003  8.473429137986025E-018
  8.548915988055111E-003  7.658676336256599E-018
  1.264033681485144E-002  5.621794331933035E-018
  1.589557919549398E-002  3.829338168128299E-018
  1.691687462369989E-002  4.236714568993013E-018
  1.536249364101451E-002  7.169824655218945E-018
  1.212176077520192E-002  1.108063810352019E-017
  8.897127871222932E-003  1.368784706905435E-017
  7.383834566788855E-003  1.401374818974612E-017
  8.440092920130303E-003  1.173244034490373E-017
  1.165575808877307E-002  8.147528017294254E-018
  1.554017076273565E-002  4.562615689684782E-018
  1.824682844434158E-002  3.421961767263587E-018
  1.848270887847774E-002  6.355071853489519E-018
  1.615110550938020E-002  1.108063810352019E-017
  1.240362988622858E-002  1.499145155182143E-017
  9.070251625303208E-003  1.596915491389674E-017
  7.749475623769545E-003  1.433964931043789E-017
  9.014229661241680E-003  9.777033620753106E-018
  1.213237030085941E-002  5.866220172451863E-018
  1.544107917076886E-002  3.259011206917702E-018
  1.718383814609023E-002  4.562615689684782E-018
  1.638620262668867E-002  9.125231379369565E-018
  1.333068199510280E-002  1.385079762940023E-017
  9.398196186771228E-003  1.531735267251320E-017
  6.365717318282742E-003  1.271014370697904E-017
  5.521209827190791E-003  7.821626896602484E-018
  7.040956695220851E-003  3.910813448301242E-018
  9.932462511035344E-003  1.955406724150621E-018
  1.255588528373169E-002  3.259011206917702E-018
  1.344888632627876E-002  7.169824655218945E-018
  1.203838054445351E-002  1.075473698282842E-017
  8.893262879214971E-003  1.140653922421196E-017
  5.411184469013162E-003  8.880805538850738E-018
  3.114120894929130E-003  5.132942650895380E-018
  2.910884853348063E-003  2.281307844842391E-018
  4.684720302249566E-003  1.303604482767081E-018
  7.390256437344045E-003  2.607208965534161E-018
  9.590282014101857E-003  3.910813448301242E-018
  1.015595680977802E-002  4.888516810376553E-018
  8.790444760358283E-003  4.888516810376553E-018
  6.137003042492817E-003  3.910813448301242E-018
  3.440298265636546E-003  3.259011206917702E-018
  1.940121981601524E-003  3.259011206917702E-018
  2.291874805725769E-003  3.584912327609472E-018
  4.281171978319313E-003  3.910813448301242E-018
  6.951907011051088E-003  4.236714568993013E-018
  9.072496860622604E-003  4.236714568993013E-018
  9.714078440001456E-003  4.562615689684782E-018
  8.672292294336206E-003  4.888516810376553E-018
  6.544430494692033E-003  5.866220172451863E-018
  4.435418787073349E-003  6.192121293143634E-018
  3.434929282515115E-003  5.866220172451863E-018
  4.109041212672466E-003  5.540319051760093E-018
  6.239887122939439E-003  4.644090969857725E-018
  8.931475874877855E-003  4.114501648733598E-018
  1.103142326396450E-002  4.236714568993013E-018
  1.167243759575382E-002  4.562615689684782E-018
  1.068067223947511E-002  5.214417931068323E-018
  8.657932539086383E-003  6.518022413835404E-018
  6.695863389724171E-003  8.147528017294254E-018
  5.854081788806495E-003  8.636379698331909E-018
  6.649102484820073E-003  8.310478577640140E-018
  8.800178374754173E-003  7.006874094873059E-018
  1.135861464007873E-002  6.029170732797748E-018
  1.316311367850884E-002  5.703269612105978E-018
  1.340335824665995E-002  6.680972974181288E-018
  1.201705137867120E-002  8.473429137986025E-018
  9.723157090532432E-003  1.042883586213665E-017
  7.671054908421709E-003  1.140653922421196E-017
  6.875630851705184E-003  1.059178642248253E-017
  7.716773978214260E-003  8.147528017294254E-018
  9.752235458669505E-003  5.540319051760093E-018
  1.193805439750277E-002  4.562615689684782E-018
  1.314736360038207E-002  4.888516810376553E-018
  1.272878675038490E-002  7.495725775910714E-018
  1.082590422604580E-002  1.042883586213665E-017
  8.299786090705702E-003  1.189539090524961E-017
  6.296291270205331E-003  1.075473698282842E-017
  5.677326307686429E-003  7.658676336256599E-018
  6.600901078007678E-003  3.584912327609472E-018
  8.456570951118299E-003  9.777033620753105E-019
  1.018213297121992E-002  6.518022413835404E-019
  1.079700459111971E-002  3.584912327609472E-018
  9.883506466657900E-003  7.332775215564829E-018
  7.779589153738426E-003  1.010293474144488E-017
  5.395651195092525E-003  1.020477884166105E-017
  3.756194661812941E-003  7.332775215564829E-018
  3.499353963508106E-003  2.607208965534161E-018
  4.580207891312229E-003 -6.518022413835404E-019
  6.315403941220779E-003 -9.777033620753105E-019
  7.735188310766793E-003  1.303604482767081E-018
  8.061079972692994E-003  5.214417931068323E-018
  7.074120144716418E-003  8.310478577640140E-018
  5.201212852334536E-003  9.125231379369565E-018
  3.289629195591820E-003  7.495725775910714E-018
  2.189822328083422E-003  4.236714568993013E-018
  2.352351046458900E-003  9.777033620753105E-019
  3.628803190590634E-003 -4.888516810376553E-019
  5.362140459317863E-003  8.147528017294254E-019
  6.712555652294511E-003  3.829338168128299E-018
  7.057421077725535E-003  6.762448254354231E-018
  6.276225553913196E-003  7.821626896602484E-018
  4.792171350088318E-003  6.843923534527174E-018
  3.359215066530289E-003  4.562615689684782E-018
  2.700915649980033E-003  2.607208965534161E-018
  3.172199287287061E-003  2.281307844842391E-018
  4.599824805857401E-003  3.747862887955357E-018
  6.371507810123374E-003  6.151383653057162E-018
  7.727995152948718E-003  7.903102176775427E-018
  8.119730809175458E-003  8.636379698331909E-018
  7.461651053849282E-003  7.821626896602484E-018
  6.168175097414384E-003  7.169824655218945E-018
  4.953116737933082E-003  6.192121293143634E-018
  4.488962197218028E-003  5.703269612105978E-018
  5.086099239905639E-003  6.029170732797748E-018
  6.543946799265542E-003  6.762448254354231E-018
  8.245565465256392E-003  7.414250495737772E-018
  9.452004936532549E-003  7.577201056083657E-018
  9.656577205065830E-003  7.495725775910714E-018
  8.828848746356227E-003  7.169824655218945E-018
  7.429462291922863E-003  7.821626896602484E-018
  6.186762136204264E-003  8.147528017294254E-018
  5.742210770460332E-003  8.147528017294254E-018
  6.336951007788678E-003  8.147528017294254E-018
  7.693393188474879E-003  7.006874094873059E-018
  9.151045472960298E-003  5.866220172451863E-018
  9.990747542919140E-003  5.132942650895380E-018
  9.787876248181995E-003  6.110646012970691E-018
  8.620065314100849E-003  7.658676336256599E-018
  7.026776612464950E-003  9.614083060407220E-018
  5.741306494373657E-003  1.083621226300136E-017
  5.328912360579797E-003  9.858508900926047E-018
  5.910917573638020E-003  6.680972974181288E-018
  7.110788837217048E-003  3.584912327609472E-018
  8.246651991299548E-003  2.281307844842391E-018
  8.671946306509151E-003  3.096060646571817E-018
  8.093592125166993E-003  6.029170732797748E-018
  6.710779160245153E-003  8.840067898764266E-018
  5.109102304055956E-003  9.695558340580163E-018
  3.967114269175900E-003  7.740151616429541E-018
  3.723788983430083E-003  4.236714568993013E-018
  4.371123381463005E-003  9.777033620753105E-019
  5.470299117782042E-003  0.000000000000000E+000
  6.377380126525022E-003  1.792456163804736E-018
  6.562385440543959E-003  5.051467370722438E-018
  5.863660940190077E-003  7.414250495737772E-018
  4.556188558970663E-003  7.862364536688955E-018
  3.206914884971530E-003  6.008801912754513E-018
  2.394105199305871E-003  2.647946605620633E-018
  2.430381296659804E-003  0.000000000000000E+000
  3.222032659940888E-003 -6.518022413835404E-019
  4.326892710810853E-003  1.466555043112966E-018
  5.176023369113483E-003  4.399665129338898E-018
  5.348052996029001E-003  6.355071853489519E-018
  4.764461698901072E-003  6.355071853489519E-018
  3.716470759357409E-003  4.562615689684782E-018
  2.716692486928842E-003  2.118357284496506E-018
  2.251015213223646E-003  5.703269612105978E-019
  2.550113243598840E-003  1.059178642248253E-018
  3.486808875753037E-003  3.136798286658288E-018
  4.643643582446581E-003  5.601425511889800E-018
  5.514697727023144E-003  7.047611734959530E-018
  5.744384991990326E-003  6.843923534527174E-018
  5.291115965491257E-003  5.214417931068323E-018
  4.440908599720664E-003  4.073764008647127E-018
  3.667025021623535E-003  4.073764008647127E-018
  3.403380007240124E-003  4.888516810376553E-018
  3.838874141503540E-003  6.518022413835404E-018
  4.829108121816227E-003  7.658676336256599E-018
  5.966351928532023E-003  7.556832236040420E-018
  6.774066552712709E-003  6.273596573316576E-018
  6.933494387140846E-003  4.725566250030667E-018
  6.434528690062634E-003  3.910813448301242E-018
  5.578809512070376E-003  4.725566250030667E-018
  4.833311790352833E-003  6.843923534527174E-018
  4.604413465156853E-003  8.717854978504852E-018
  5.041139218176477E-003  9.695558340580163E-018
  5.962843392999875E-003  9.043756099196622E-018
  6.946824261394928E-003  6.925398814700116E-018
  7.533742266780150E-003  4.318189849165955E-018
  7.450982704972063E-003  2.851634806052989E-018
  6.744842714713687E-003  3.747862887955357E-018
  5.756726310836768E-003  6.843923534527174E-018
  4.955028884294440E-003  9.777033620753106E-018
  4.705464102012268E-003  1.051031114230959E-017
  5.092937449278728E-003  8.799330258677795E-018
  5.882446881859031E-003  5.214417931068323E-018
  6.637520197593007E-003  1.955406724150621E-018
  6.936728428995995E-003  8.147528017294254E-019
  6.580716225237482E-003  2.281307844842391E-018
  5.687800675588343E-003  5.336630851327737E-018
  4.632344382759927E-003  8.025315097034841E-018
  3.858365770442692E-003  8.473429137986025E-018
  3.661993783414319E-003  6.843923534527174E-018
  4.050233805577202E-003  3.747862887955357E-018
  4.743975125097704E-003  1.140653922421196E-018
  5.320846974632898E-003  4.888516810376553E-019
  5.424921022525129E-003  1.955406724150621E-018
  4.939183501385557E-003  4.318189849165955E-018
  4.037528524041315E-003  6.355071853489519E-018
  3.094080029775514E-003  6.650419744116435E-018
  2.497789379130704E-003  5.255155571154794E-018
  2.464880861931491E-003  2.933110086225932E-018
  2.939914221708144E-003  1.140653922421196E-018
  3.630500590456470E-003  4.888516810376553E-019
  4.154800879560597E-003  1.385079762940023E-018
  4.227427765899459E-003  3.584912327609472E-018
  3.793513018488975E-003  5.458843771587151E-018
  3.048591729639234E-003  5.784744892278921E-018
  2.338519372700599E-003  4.969992090549495E-018
  1.990824271164775E-003  3.177535926744759E-018
  2.159608293023542E-003  1.548030323285908E-018
  2.756932277582307E-003  1.018441002161782E-018
  3.500463238714872E-003  1.833193803891207E-018
  4.051548858295367E-003  3.462699407350058E-018
  4.176243877734476E-003  4.888516810376553E-018
  3.853019968752510E-003  5.540319051760093E-018
  3.277915706893281E-003  4.888516810376553E-018
  2.767075917051227E-003  3.910813448301242E-018
  2.604585554457183E-003  3.340486487090644E-018
  2.908074575420186E-003  3.299748847004173E-018
  3.574922456160900E-003  3.870075808214771E-018
  4.333152983153571E-003  4.766303890117139E-018
  4.871703372398004E-003  5.214417931068323E-018
  4.987759624656136E-003  5.214417931068323E-018
  4.681382612792414E-003  4.888516810376553E-018
  4.153008899641851E-003  4.236714568993013E-018
  3.705593667512707E-003  4.073764008647127E-018
  3.598413483136034E-003  4.318189849165955E-018
  3.922472567213345E-003  5.010729730635967E-018
  4.557097134372573E-003  5.499581411673622E-018
  5.228430629917245E-003  5.494489206662813E-018
  5.641595598534934E-003  4.684828609944197E-018
  5.622732765252120E-003  3.910813448301242E-018
  5.202233741269811E-003  3.666387607782414E-018
  4.598860317036877E-003  4.073764008647127E-018
  4.112541397718047E-003  5.214417931068323E-018
  3.978129286244258E-003  6.436547133662461E-018
  4.251483375576918E-003  6.843923534527174E-018
  4.783425724466022E-003  6.355071853489519E-018
  5.294007986908010E-003  5.132942650895380E-018
  5.510298890640475E-003  3.707125247868886E-018
  5.299833971905482E-003  3.055323006485345E-018
  4.734318369479187E-003  3.727494067912121E-018
  4.052870477814329E-003  4.857963580311699E-018
  3.543749488985645E-003  6.069908372884219E-018
  3.403451078814640E-003  6.518022413835404E-018
  3.642570104303480E-003  5.866220172451863E-018
  4.083982546873896E-003  4.236714568993013E-018
  4.452883088349762E-003  2.444258405188277E-018
  4.513088736172575E-003  1.629505603458851E-018
  4.182074210652206E-003  2.281307844842391E-018
  3.568876445384319E-003  4.073764008647127E-018
  2.917893712730788E-003  5.642163151976272E-018
  2.487991484119058E-003  6.355071853489519E-018
  2.427245745188075E-003  5.540319051760093E-018
  2.704325071823748E-003  3.747862887955357E-018
  3.128408285719636E-003  1.710980883631794E-018
  3.445700685625980E-003  9.777033620753105E-019
  3.463830546731897E-003  1.629505603458851E-018
  3.143322938765927E-003  3.707125247868886E-018
  2.613014824386527E-003  5.968064272668041E-018
  2.104169704110416E-003  6.945767634743351E-018
  1.837235638412885E-003  6.069908372884219E-018
  1.916817527055201E-003  3.992288728474185E-018
  2.284782657797954E-003  1.996144364237092E-018
  2.752162627906692E-003  1.344342122853552E-018
  3.092410935987847E-003  2.118357284496506E-018
  3.149997447254642E-003  3.870075808214771E-018
  2.912434549165846E-003  5.377368491414208E-018
  2.512622948525231E-003  6.110646012970691E-018
  2.162215845679251E-003  5.784744892278921E-018
  2.049189178758782E-003  4.888516810376553E-018
  2.248808935580151E-003  4.175608108863305E-018
  2.689704236998120E-003  4.094132828690363E-018
  3.189912295951045E-003  4.399665129338898E-018
  3.544557474524119E-003  4.807041530203610E-018
  3.622888659991308E-003  5.051467370722438E-018
  3.428711098483068E-003  5.214417931068323E-018
  3.096183358380497E-003  4.969992090549495E-018
  2.823804726592587E-003  4.807041530203610E-018
  2.778584124296996E-003  4.644090969857725E-018
  3.016182997919242E-003  4.684828609944197E-018
  3.454878074227627E-003  5.173680290981851E-018
  3.915358352984606E-003  5.581056691846564E-018
  4.206942654887984E-003  5.458843771587151E-018
  4.218717622274012E-003  5.051467370722438E-018
  3.971878188187712E-003  4.399665129338898E-018
  3.608286088034863E-003  4.399665129338898E-018
  3.320999286878315E-003  5.051467370722438E-018
  3.260499238348696E-003  6.314334213403047E-018
  3.462034839349949E-003  7.210562295305415E-018
  3.829198162916485E-003  7.292037575478358E-018
  4.181488637738324E-003  6.273596573316576E-018
  4.342489823830898E-003  4.562615689684782E-018
  4.225565995583887E-003  3.666387607782414E-018
  3.875342395084933E-003  4.114501648733598E-018
  3.445003324319052E-003  5.703269612105978E-018
  3.120923698592645E-003  7.740151616429541E-018
  3.031850868438346E-003  8.962280819023679E-018
  3.187150542115055E-003  8.147528017294254E-018
  3.474020005449433E-003  5.784744892278921E-018
  3.714389462360797E-003  2.933110086225932E-018
  3.752972285070815E-003  1.385079762940023E-018
  3.533005747292365E-003  2.016513184280328E-018
  3.122835342472909E-003  4.308005439144337E-018
  2.681106160049577E-003  6.742079434310996E-018
  2.378561568585390E-003  7.780889256516014E-018
  2.315353763735221E-003  6.599497694008346E-018
  2.474240474249032E-003  3.992288728474185E-018
  2.731733713779002E-003  1.466555043112966E-018
  2.920564474941670E-003  4.073764008647127E-019
  2.912004292610613E-003  1.507292683199437E-018
  2.677667447108080E-003  3.666387607782414E-018
  2.301348319329531E-003  5.601425511889800E-018
  1.936382453482342E-003  6.054631757851793E-018
  1.730468466894464E-003  4.949623270506260E-018
  1.755002977115810E-003  2.933110086225932E-018
  1.972800462714388E-003  1.344342122853552E-018
  2.258687008165118E-003  8.147528017294254E-019
  2.461692126509019E-003  1.812824983847971E-018
  2.477968010745607E-003  3.605281147652708E-018
  2.299310804504000E-003  5.214417931068323E-018
  2.014780024408707E-003  5.744007252192450E-018
  1.765866127015160E-003  4.888516810376553E-018
  1.677722265546130E-003  3.218273566831231E-018
  1.799734222748385E-003  1.731349703675029E-018
  2.083412891434878E-003  1.410540787994068E-018
  2.407223660238370E-003  2.210016974691066E-018
  2.635536540558705E-003  3.666387607782414E-018
  2.683047515000040E-003  4.888516810376553E-018
  2.554056781070665E-003  5.458843771587151E-018
  2.338487638325945E-003  5.214417931068323E-018
  2.167308378960492E-003  4.318189849165955E-018
  2.149159295153265E-003  3.584912327609472E-018
  2.318527544819567E-003  3.584912327609472E-018
  2.619907827360801E-003  4.134870468776835E-018
  2.935016643909453E-003  4.888516810376553E-018
  3.139617676990636E-003  5.295893211241266E-018
  3.162583726486476E-003  5.132942650895380E-018
  3.019005882322175E-003  4.318189849165955E-018
  2.801762207133133E-003  3.421961767263587E-018
  2.635913508925500E-003  3.177535926744759E-018
  2.618059486514447E-003  3.768231707998593E-018
  2.769878086430789E-003  4.949623270506260E-018
  3.028107577757819E-003  5.794929302300539E-018
  3.275580209803979E-003  5.784744892278921E-018
  3.398092750565622E-003  4.827410350246846E-018
  3.339479408558312E-003  3.523805867479765E-018
  3.128244856954815E-003  2.770159525880047E-018
  2.863026875817954E-003  3.034954186442110E-018
  2.664210592083048E-003  4.257083389036248E-018
  2.615431746752065E-003  5.560687871803329E-018
  2.723484290773167E-003  6.273596573316576E-018
  2.915989691788154E-003  5.744007252192450E-018
  3.077627713416765E-003  4.114501648733598E-018
  3.106905940891802E-003  2.362783125015334E-018
  2.965584029081785E-003  1.466555043112966E-018
  2.696738265815930E-003  2.006328774258710E-018
  2.403036215220194E-003  3.686756427825650E-018
  2.196327872235562E-003  5.173680290981851E-018
  2.143519633972632E-003  5.703269612105978E-018
  2.235153992918696E-003  4.725566250030667E-018
  2.391630791148952E-003  2.851634806052989E-018
  2.503402916647745E-003  1.099916282334724E-018
  2.484987856213854E-003  4.481140409511840E-019
  2.316284791467402E-003  1.140653922421196E-018
  2.051381024096671E-003  2.821081575988136E-018
  1.791234367779567E-003  4.257083389036248E-018
  1.634225552211853E-003  4.684828609944197E-018
  1.628987746687645E-003  3.829338168128299E-018
  1.752255620774559E-003  2.444258405188277E-018
  1.921845847732837E-003  1.303604482767081E-018
  2.037683722878519E-003  9.980721821185462E-019
  2.030455800091890E-003  1.568399143329144E-018
  1.894317001914289E-003  2.566471325447690E-018
  1.688341405982397E-003  3.584912327609472E-018
  1.506787069570774E-003  4.155239288820070E-018
  1.433173310417278E-003  3.992288728474185E-018
  1.500520782993168E-003  3.289564436982555E-018
  1.676592266129593E-003  2.500272660307174E-018
  1.880579819136957E-003  2.316953279918054E-018
  2.022553430447217E-003  2.668315425663869E-018
  2.046372864389916E-003  3.177535926744759E-018
  1.955574209597340E-003  3.625649967695943E-018
  1.810292086311951E-003  3.870075808214771E-018
  1.697281973511714E-003  3.951551088387714E-018
  1.687821168580384E-003  3.992288728474185E-018
  1.803720430181200E-003  3.747862887955357E-018
  2.007452869049775E-003  3.462699407350058E-018
  2.220687155857591E-003  3.116429466615052E-018
  2.361965827210307E-003  2.770159525880047E-018
  2.385322952507948E-003  2.647946605620633E-018
  2.301447050686141E-003  2.770159525880047E-018
  2.171535582545370E-003  3.340486487090644E-018
  2.077106098818208E-003  4.033026368560656E-018
  2.080453798266165E-003  4.399665129338898E-018
  2.194761877280194E-003  4.501509229555076E-018
  2.378081185657869E-003  4.272360004068675E-018
  2.553847419200698E-003  3.819153758106682E-018
  2.647858522186406E-003  3.360855307133880E-018
  2.623804394044655E-003  3.116429466615052E-018
  2.500262468783539E-003  3.259011206917702E-018
  2.341115904069226E-003  3.788600528041829E-018
  2.224225673121390E-003  4.562615689684782E-018
  2.203661450423218E-003  4.888516810376553E-018
  2.283809401671047E-003  4.644090969857725E-018
  2.417795626078230E-003  3.951551088387714E-018
  2.530783168997520E-003  3.197904746787995E-018
  2.556622201591591E-003  2.922925676204314E-018
  2.469938364843836E-003  3.085876236550199E-018
  2.298117106830510E-003  3.505983149941934E-018
  2.107566987932704E-003  4.257083389036248E-018
  1.971220650262017E-003  4.786672710160375E-018
  1.933292861048253E-003  4.969992090549495E-018
  1.988465430970593E-003  4.969992090549495E-018
  2.085428748318703E-003  4.684828609944197E-018
  2.152715025122748E-003  4.277452209079483E-018
  2.133932411750376E-003  3.829338168128299E-018
  2.015126545854184E-003  3.381224127177116E-018
  1.831101860478091E-003  2.922925676204314E-018
  1.647988529918490E-003  2.933110086225932E-018
  1.530933411633158E-003  3.381224127177116E-018
  1.512853223900435E-003  3.910813448301242E-018
  1.579365276850075E-003  4.195976928906541E-018
  1.676866297312189E-003  3.951551088387714E-018
  1.739376556528974E-003  3.055323006485345E-018
  1.720784371639029E-003  2.311861074907245E-018
  1.616811776497233E-003  2.087804054431653E-018
  1.466335721046455E-003  2.408612970112614E-018
  1.331886548521340E-003  2.994216546355639E-018
  1.269171741989342E-003  3.752955092966166E-018
  1.300515803264243E-003  4.409849539360515E-018
  1.404873100106795E-003  4.776488300138756E-018
  1.528822843598374E-003  4.450587179446987E-018
  1.612803221936779E-003  3.646018787739179E-018
  1.619689828001053E-003  2.729421885793575E-018
  1.552007314162101E-003  2.240570204755920E-018
  1.449806777462305E-003  2.647946605620633E-018
  1.370642358210796E-003  3.768231707998593E-018
  1.361577460761256E-003  4.929254450463024E-018
  1.436730608291331E-003  5.601425511889800E-018
  1.570951115444473E-003  5.448659361565533E-018
  1.712327798280622E-003  4.481140409511840E-018
  1.807225297259480E-003  3.462699407350058E-018
  1.825702899984371E-003  3.055323006485345E-018
  1.775204072809413E-003  3.299748847004173E-018
  1.696187777767334E-003  4.073764008647127E-018
  1.642066476992215E-003  4.847779170290082E-018
  1.653252440047490E-003  5.316262031284501E-018
  1.737783355375398E-003  5.295893211241266E-018
  1.867696378828195E-003  4.939438860484642E-018
  1.992689556681243E-003  4.389480719317280E-018
  2.064331723926237E-003  3.890444628258007E-018
  2.059109488081412E-003  3.625649967695943E-018
  1.989276705249185E-003  3.523805867479765E-018
  1.896427172030817E-003  3.808969348085064E-018
  1.831052103487085E-003  4.195976928906541E-018
  1.828051415443712E-003  4.511693639576693E-018
  1.890028860855798E-003  4.725566250030667E-018
  1.986350067075745E-003  4.796857120181993E-018
  2.068271010439424E-003  4.807041530203610E-018
  2.092680175321246E-003  4.577892304717209E-018
  2.042896285573343E-003  4.338558669209191E-018
  1.936488632770071E-003  4.111955546228194E-018
  1.816462589686607E-003  3.918451755817455E-018
  1.730250453731801E-003  3.961735498409331E-018
  1.706819660465356E-003  4.277452209079483E-018
  1.743018407377836E-003  4.460771589468604E-018
  1.805673055518254E-003  4.501509229555076E-018
  1.848225723665801E-003  4.379296309295661E-018
  1.833649978721232E-003  4.338558669209191E-018
  1.752436228361664E-003  4.216345748949777E-018
  1.626984048391160E-003  3.982104318452567E-018
  1.500465650587603E-003  3.839522578149918E-018
  1.415797524156206E-003  3.870075808214771E-018
  1.395073896991526E-003  3.951551088387714E-018
  1.429423191393895E-003  4.033026368560656E-018
  1.484022161933785E-003  3.992288728474185E-018
  1.515568329604948E-003  3.686756427825650E-018
  1.493523575696373E-003  3.279380026960937E-018
  1.414780638932634E-003  3.045138596463728E-018
  1.304789320285011E-003  3.192812541777186E-018
  1.204865119401757E-003  3.793692733052637E-018
  1.152082216847227E-003  4.562615689684782E-018
  1.161595817768585E-003  4.929254450463024E-018
  1.219856749260250E-003  4.684828609944197E-018
  1.291752522922786E-003  3.870075808214771E-018
  1.337944090008679E-003  2.953478906269167E-018
  1.333851899308983E-003  2.444258405188277E-018
  1.281144235495550E-003  2.546102505404455E-018
  1.206380490185775E-003  3.177535926744759E-018
  1.147734550182288E-003  3.931182268344477E-018
  1.136408040001092E-003  4.440402769425369E-018
  1.181737887257748E-003  4.185792518884924E-018
  1.267043245076672E-003  3.554359097544619E-018
  1.357979614693712E-003  2.872003626096225E-018
  1.419162919002537E-003  2.668315425663869E-018
  1.430967608574466E-003  2.953478906269167E-018
  1.398479299396927E-003  3.808969348085064E-018
  1.348475173047860E-003  4.521878049598311E-018
  1.316087705658947E-003  4.705197429987432E-018
  1.327695426002510E-003  4.460771589468604E-018
  1.388272064608104E-003  3.910813448301242E-018
  1.479166015154746E-003  3.340486487090644E-018
  1.567214102775761E-003  3.208089156809613E-018
  1.620670930842545E-003  3.707125247868886E-018
  1.624243772072866E-003  4.603353329771254E-018
  1.586053396897831E-003  5.255155571154794E-018
  1.533293914873333E-003  5.275524391198030E-018
  1.498813004553319E-003  4.501509229555076E-018
  1.505157906078799E-003  3.727494067912121E-018
  1.553774770637191E-003  3.584912327609472E-018
  1.624492564610259E-003  4.086494521174149E-018
  1.685427443669900E-003  4.908885630419788E-018
  1.708429850839814E-003  5.387552901435826E-018
  1.682576296178201E-003  5.173680290981851E-018
  1.619223635588910E-003  4.394572924328088E-018
  1.546277014416107E-003  3.691848632836459E-018
  1.494553155860954E-003  3.559451302555428E-018
  1.482911235143615E-003  4.216345748949777E-018
  1.509351621153419E-003  5.397737311457444E-018
  1.552319905487838E-003  6.232858933230104E-018
  1.581466806375232E-003  6.171752473100398E-018
  1.572541817060100E-003  5.275524391198030E-018
  1.519155974816865E-003  3.931182268344477E-018
  1.435753653968466E-003  2.953478906269167E-018
  1.350466725089989E-003  2.861819216074607E-018
  1.291448844497152E-003  3.707125247868886E-018
  1.273401449820181E-003  4.990360910592731E-018
  1.290815420406415E-003  5.845851352408628E-018
  1.321099543560582E-003  5.825482532365392E-018
  1.335924492844716E-003  4.990360910592731E-018
  1.315155134727728E-003  3.910813448301242E-018
  1.256582444220903E-003  3.371039717155498E-018
  1.176816500421517E-003  3.584912327609472E-018
  1.103062622243698E-003  4.195976928906541E-018
  1.059918672191127E-003  4.644090969857725E-018
  1.057661797812084E-003  4.786672710160375E-018
  1.087649806263913E-003  4.695013019965814E-018
  1.126917750327237E-003  4.521878049598311E-018
  1.149573179014794E-003  4.374204104284853E-018
  1.139365204670828E-003  4.333466464198382E-018
  1.097352973809896E-003  4.308005439144337E-018
  1.041083659756680E-003  4.465863794479414E-018
  9.958475839200701E-004  4.567707894695592E-018
  9.823723447151076E-004  4.562615689684782E-018
  1.006935311194808E-003  4.420033949382133E-018
  1.058588274656641E-003  4.241806774003821E-018
  1.114681380838527E-003  4.175608108863305E-018
  1.151874366559530E-003  4.104317238711981E-018
  1.157254971482354E-003  4.134870468776835E-018
  1.134242517364658E-003  4.216345748949777E-018
  1.100554123013879E-003  4.379296309295661E-018
  1.079357495118789E-003  4.501509229555076E-018
  1.087967713218936E-003  4.582984509728019E-018
  1.129537235758017E-003  4.745935070073903E-018
  1.191660236573375E-003  4.959807680527877E-018
  1.252441743581155E-003  4.949623270506260E-018
  1.291007878124161E-003  4.766303890117139E-018
  1.297361955668330E-003  4.460771589468604E-018
  1.276884386749694E-003  4.338558669209191E-018
  1.247405813384943E-003  4.603353329771254E-018
  1.230364191567532E-003  5.071836190765673E-018
  1.240365213926383E-003  5.499581411673622E-018
  1.278170898060701E-003  5.682900792062742E-018
  1.330433223599077E-003  5.438474951543915E-018
  1.376214658509450E-003  4.893609015387361E-018
  1.397081321897189E-003  4.246898979014630E-018
  1.385877578043697E-003  3.758047297976975E-018
  1.349980820235861E-003  3.686756427825650E-018
  1.307536637094135E-003  4.043210778582274E-018
  1.278568898208213E-003  4.603353329771254E-018
  1.275306317354492E-003  4.990360910592731E-018
  1.296396867035677E-003  4.980176500571113E-018
  1.327754925539681E-003  4.684828609944197E-018
  1.349554459996200E-003  4.308005439144337E-018
  1.345918642002748E-003  4.022841958539038E-018
  1.312592175137386E-003  4.096678931195768E-018
  1.258912164552760E-003  4.557523484673974E-018
  1.203194563716029E-003  5.092205010808909E-018
  1.163850034576659E-003  5.570872281824946E-018
  1.150581335853699E-003  5.845851352408628E-018
  1.159918868524982E-003  5.662531972019507E-018
  1.177193655643954E-003  5.153311470938616E-018
  1.183900491480702E-003  4.715381840009050E-018
  1.166808236135093E-003  4.511693639576693E-018
  1.124381433856518E-003  4.430218359403751E-018
  1.067446472968850E-003  4.455679384457795E-018
  1.013869812941086E-003  4.756119480095521E-018
  9.799177593677424E-004  5.143127060916998E-018
  9.725286909735739E-004  5.356999671370972E-018
  9.862153504109326E-004  5.479212591630386E-018
  1.006011634174142E-003  5.601425511889800E-018
  1.014932526379457E-003  5.733822842170831E-018
  1.002264519062427E-003  5.621794331933035E-018
  9.686719186120750E-004  5.349361363854759E-018
  9.257165950590661E-004  5.036190755690011E-018
  8.901279420850203E-004  4.822318145236037E-018
  8.756820777044576E-004  5.036190755690011E-018
  8.866437996081644E-004  5.593787204373586E-018
  9.158945879621807E-004  6.075000577895029E-018
  9.485551221259233E-004  6.413632211113821E-018
  9.692553726106799E-004  6.385625083554372E-018
  9.694915146808558E-004  5.988433092711277E-018
  9.515386227511458E-004  5.489397001652004E-018
  9.271098736822222E-004  5.173680290981851E-018
  9.115063126208414E-004  5.377368491414208E-018
  9.161466755292814E-004  5.906957812538335E-018
  9.430866918468479E-004  6.283780983338193E-018
  9.841166926474929E-004  6.131014833013926E-018
  1.024787669284676E-003  5.672716382041125E-018
  1.051352120938642E-003  5.397737311457444E-018
  1.057248010858847E-003  5.479212591630386E-018
  1.046031486111978E-003  5.764376072235685E-018
  1.029414948795260E-003  6.049539552840984E-018
  1.021430296612630E-003  6.131014833013926E-018
  1.031574332340331E-003  6.120830422992309E-018
  1.060235778065852E-003  6.059723962862602E-018
  1.098561321018999E-003  5.952787657635614E-018
  1.132760913958528E-003  5.856035762430246E-018
  1.150725939338735E-003  5.784744892278921E-018
  1.147754680176423E-003  5.744007252192450E-018
  1.128650614344476E-003  5.866220172451863E-018
  1.105235098677581E-003  6.405993903597608E-018
  1.090529693653187E-003  6.940675429732544E-018
  1.092447443942991E-003  7.042519529948722E-018
  1.110033426810369E-003  6.708980101740738E-018
  1.134031638405492E-003  6.036809040313962E-018
  1.151451450213779E-003  5.302258467504776E-018
  1.151884323227942E-003  4.831229504004952E-018
  1.132504603543597E-003  4.885334182244797E-018
  1.099359164738918E-003  5.474756912245929E-018
  1.064369740494171E-003  6.151383653057162E-018
  1.039548171817660E-003  6.497653593792168E-018
  1.031252292925797E-003  6.181936883122015E-018
  1.037255278137073E-003  5.367184081392590E-018
  1.048006307457469E-003  4.644090969857725E-018
  1.051416247795783E-003  4.582984509728019E-018
  1.038806267621257E-003  5.199141316035896E-018
  1.009126859794393E-003  6.156475858067971E-018
  9.694315596374244E-004  6.818462509473130E-018
  9.314300938036605E-004  6.787909279408276E-018
  9.058446997007227E-004  6.069908372884219E-018
  8.973299871586932E-004  5.295893211241266E-018
  9.024015739832194E-004  4.827410350246846E-018
  9.113252324721705E-004  4.990360910592731E-018
  9.129883726368996E-004  5.560687871803329E-018
  9.003507651340007E-004  6.131014833013926E-018
  8.738324618941225E-004  6.464554261221910E-018
  8.410388712348253E-004  6.446731543684079E-018
  8.130193063059597E-004  6.305422854634132E-018
  7.989243458244871E-004  6.255773855778745E-018
  8.016655015946505E-004  6.301603700876025E-018
  8.166495147345503E-004  6.337249135951687E-018
  8.341398327433828E-004  6.455642902452994E-018
  8.440412207291450E-004  6.542210387636746E-018
  8.407605818979163E-004  6.518022413835404E-018
  8.258054875011059E-004  6.339795238457092E-018
  8.069143027551781E-004  6.008801912754513E-018
  7.942012394156156E-004  5.820390327354583E-018
  7.952236913930435E-004  5.962972067657233E-018
  8.113599617837110E-004  6.268504368305767E-018
  8.372115311643502E-004  6.650419744116435E-018
  8.632615024640006E-004  6.864292354570409E-018
  8.804559014530294E-004  6.793001484419085E-018
  8.844778806206408E-004  6.426362723640843E-018
  8.776726715240968E-004  5.998617502732895E-018
  8.677429111184169E-004  6.008801912754513E-018
  8.638960244115396E-004  6.518022413835404E-018
  8.723335614155759E-004  7.210562295305415E-018
  8.932554572531784E-004  7.617938696170128E-018
  9.207907916208242E-004  7.531371210986376E-018
  9.458423186203565E-004  7.027242914916294E-018
  9.604366430507217E-004  6.344887443467901E-018
  9.614723182349693E-004  5.856035762430246E-018
  9.520783679251389E-004  6.008801912754513E-018
  9.399674327708867E-004  6.660604154138053E-018
  9.336177112354751E-004  7.449895930813435E-018
  9.381476694385945E-004  7.984577456948370E-018
  9.528692168945876E-004  8.055868327099694E-018
  9.716721908224241E-004  7.635761413707959E-018
  9.860173943713785E-004  6.931764070963628E-018
  9.890644114329587E-004  6.484923081265146E-018
  9.789336151227734E-004  6.520568516340808E-018
  9.595438572088836E-004  6.907576097162285E-018
  9.386541130158371E-004  7.482995263383691E-018
  9.240886871053195E-004  7.938747611851090E-018
  9.199884233368595E-004  7.867456741699764E-018
  9.248943883425221E-004  7.449895930813435E-018
  9.325635765032853E-004  6.966136454786588E-018
  9.350863567813185E-004  6.650419744116435E-018
  9.267699284415691E-004  6.584221078975919E-018
  9.069023695754580E-004  6.854107944548792E-018
  8.800776314681851E-004  7.266576550424314E-018
  8.539579285977291E-004  7.429527110770198E-018
  8.355897419969890E-004  7.393881675694536E-018
  8.280727577765689E-004  7.332775215564829E-018
  8.291845772672331E-004  7.159640245197326E-018
  8.325953559850921E-004  6.910122199667689E-018
  8.310455080422604E-004  6.686065179192098E-018
  8.199207398262291E-004  6.604589899019155E-018
  7.994912761417757E-004  6.706433999235333E-018
  7.747551131239118E-004  6.897391687140667E-018
  7.529995180636783E-004  7.215654500316225E-018
  7.402947613909423E-004  7.335321318070233E-018
  7.386289600546202E-004  7.210562295305415E-018
  7.450542936728616E-004  6.910122199667689E-018
  7.532209345645420E-004  6.365256263511136E-018
  7.565173065649776E-004  5.784744892278921E-018
  7.512752419836218E-004  5.537772949254689E-018
  7.384953041884540E-004  5.733822842170831E-018
  7.232883340721743E-004  6.319426418413856E-018
  7.123432467822763E-004  6.948313737248756E-018
  7.106749315980368E-004  7.258938242908100E-018
  7.192290885232885E-004  6.999235787356845E-018
  7.344797591763529E-004  6.217582318197678E-018
  7.501769599485865E-004  5.194049111025088E-018
  7.603664400030575E-004  4.389480719317280E-018
  7.622091786940075E-004  4.287636619101102E-018
  7.572514167918637E-004  4.969992090549495E-018
  7.505639621723364E-004  5.937511042603188E-018
  7.482019264879535E-004  6.660604154138053E-018
  7.542333504771583E-004  6.675880769170480E-018
  7.687698558140365E-004  5.973156477678851E-018
  7.879272569240002E-004  5.046375165711629E-018
  8.057031851266951E-004  4.440402769425369E-018
  8.168402433416647E-004  4.338558669209191E-018
  8.192862938558673E-004  4.633906559836108E-018
  8.150791353502189E-004  5.132942650895380E-018
  8.092567846924383E-004  5.540319051760093E-018
  8.073473652270939E-004  5.723638432149214E-018
  8.126651677830066E-004  5.642163151976272E-018
  8.247138947786717E-004  5.321354236295310E-018
  8.394476116061419E-004  4.888516810376553E-018
  8.512374087653006E-004  4.710289634998241E-018
  8.555749828203355E-004  5.051467370722438E-018
  8.512039662265772E-004  5.616702126922227E-018
  8.406628422393508E-004  6.108099910465286E-018
  8.290005896699523E-004  6.161568063078780E-018
  8.213080197920789E-004  5.763103020982983E-018
  8.202687981501353E-004  5.264066929923710E-018
  8.249085606674506E-004  5.166041983465638E-018
  8.311280007213107E-004  5.553049564287116E-018
  8.337387347328517E-004  6.082638885411242E-018
  8.290003367965684E-004  6.453096799947590E-018
  8.164286280475306E-004  6.201032651912549E-018
  7.990130661931906E-004  5.521223282969560E-018
  7.817599472438851E-004  4.941984962990046E-018
  7.692869176150931E-004  4.982722603076517E-018
  7.636420858175235E-004  5.575964486835756E-018
  7.633962672850623E-004  6.156475858067971E-018
  7.644275065546823E-004  6.293965393359812E-018
  7.619939998586466E-004  5.861127967441055E-018
  7.530753425617157E-004  4.959807680527877E-018
  7.378475543074224E-004  3.974466010936353E-018
  7.195926477922677E-004  3.521259764974361E-018
  7.031100397520991E-004  3.938820575860691E-018
  6.924193447062225E-004  4.954715475517068E-018
  6.888736900117175E-004  5.889135095000503E-018
  6.905866069590991E-004  6.174298575605802E-018
  6.934270038979902E-004  5.611609921911418E-018
  6.930760768806147E-004  4.456952435710497E-018
  6.871363986123598E-004  3.474156868624378E-018
  6.762755099215598E-004  3.273014770697426E-018
  6.638693011536945E-004  3.928636165839074E-018
  6.543427120846922E-004  4.971265141802197E-018
  6.510293444408593E-004  5.703269612105978E-018
  6.545887337899846E-004  5.663805023272209E-018
  6.627331426950466E-004  5.008183628130562E-018
  6.713722332377162E-004  4.229076261476799E-018
  6.766001115690373E-004  3.829338168128299E-018
  6.765546479303618E-004  4.068671803636319E-018
  6.722579157848553E-004  4.710289634998241E-018
  6.670522524973435E-004  5.295893211241266E-018
  6.649279800314930E-004  5.499581411673622E-018
  6.685657754616588E-004  5.214417931068323E-018
  6.780390494425185E-004  4.679736404933388E-018
  6.907882386336123E-004  4.323282054176764E-018
  7.028578875068727E-004  4.557523484673974E-018
  7.107817251198625E-004  5.168588085971043E-018
  7.132006669563192E-004  5.718546227138405E-018
  7.114423126828272E-004  5.906957812538335E-018
  7.088015375791106E-004  5.667624177030316E-018
  7.088890661657950E-004  5.010729730635967E-018
  7.138559649066744E-004  4.455679384457795E-018
  7.233485272111020E-004  4.511693639576693E-018
  7.346841067302724E-004  4.990360910592731E-018
  7.441449822836748E-004  5.560687871803329E-018
  7.487523520402733E-004  5.856035762430246E-018
  7.476616855054349E-004  5.570872281824946E-018
  7.425151774882179E-004  4.919070040441406E-018
  7.365975771422834E-004  4.453133281952391E-018
  7.332186669186520E-004  4.458225486963200E-018
  7.341111726783930E-004  4.687374712449601E-018
  7.386142569582086E-004  4.896155117892766E-018
  7.440241645663420E-004  4.919706566067757E-018
  7.469268358721324E-004  4.778557008424398E-018
  7.448573334900323E-004  4.730340192228301E-018
  7.374826011617193E-004  4.734795871612759E-018
  7.267445697266851E-004  4.510420588323991E-018
  7.159090353931351E-004  4.246262453388279E-018
  7.079936095607265E-004  4.119593853744408E-018
  7.043406995672091E-004  4.292728824111910E-018
  7.040209175774573E-004  4.654275379879343E-018
  7.043423375526732E-004  4.901247322903575E-018
  7.022038361645025E-004  4.840140862773868E-018
  6.956273253303376E-004  4.552431279663165E-018
  6.847269142917133E-004  4.376750206790258E-018
  6.716554495199499E-004  4.552431279663165E-018
  6.595690325873207E-004  5.270432186187221E-018
  6.511233529551402E-004  6.039355142819367E-018
  6.472338419623954E-004  6.355071853489519E-018
  6.466931846119226E-004  6.232858933230104E-018
  6.468168880217588E-004  5.769468277246494E-018
  6.447889700347319E-004  5.359545773876377E-018
  6.390473489914662E-004  5.308623723768288E-018
  6.300400433019853E-004  5.543501679891848E-018
  6.199976541037619E-004  5.782835315399868E-018
  6.118477776885710E-004  5.875688491143836E-018
  6.078085464305483E-004  5.845055695375689E-018
  6.083441060982990E-004  5.650756247932011E-018
  6.119788800661559E-004  5.406648670226359E-018
  6.160453512563504E-004  5.396464260204742E-018
  6.179893456043732E-004  5.633251793207355E-018
  6.165950217329746E-004  5.922234427570761E-018
  6.125416034774865E-004  6.008801912754513E-018
  6.080357371295197E-004  5.716000124633001E-018
  6.057124715972280E-004  5.303531518757479E-018
  6.073461509239625E-004  4.985268705581922E-018
  6.129943882762669E-004  4.863055785322509E-018
  6.209792566895829E-004  5.043829063206224E-018
  6.287005557053705E-004  5.433382746533106E-018
  6.338764643432630E-004  5.820390327354583E-018
  6.356086971710960E-004  6.064816167873411E-018
  6.347639610866645E-004  6.013894117765322E-018
  6.335004470238140E-004  5.942603247613997E-018
  6.341813979485154E-004  5.886588992495099E-018
  6.382079085550533E-004  5.713454022127596E-018
  6.453330125537835E-004  5.555595666792520E-018
  6.537788659030175E-004  5.489397001652004E-018
  6.610881525145578E-004  5.489397001652004E-018
  6.652895416198345E-004  5.535226846749284E-018
  6.658129450821425E-004  5.499581411673622E-018
  6.637192623158478E-004  5.382460696425017E-018
  6.611451359226363E-004  5.306077621262883E-018
  6.602416659808371E-004  5.328992543811523E-018
  6.621248090399766E-004  5.280616596208839E-018
  6.663417943745395E-004  5.176226393487256E-018
  6.711024596575814E-004  4.954715475517068E-018
  6.741531164406463E-004  4.720474045019859E-018
  6.738634289313835E-004  4.561342638432080E-018
  6.700005176752896E-004  4.591895868496934E-018
  6.638224203107406E-004  4.980176500571113E-018
  6.574556923579458E-004  5.403466042094603E-018
  6.528668805020850E-004  5.521223282969560E-018
  6.509286741204120E-004  5.220783187331834E-018
  6.510288476187731E-004  4.773942197633353E-018
  6.514023386275920E-004  4.347470027978106E-018
  6.500158873200801E-004  4.110682494975492E-018
  6.455708294792095E-004  4.389480719317280E-018
  6.381388717351818E-004  5.060378729491353E-018
  6.291295197381105E-004  5.696904355842467E-018
  6.206143576092356E-004  5.891681197505908E-018
  6.143430833831194E-004  5.633251793207355E-018
  6.109299124804207E-004  4.835048657763059E-018
  6.095997106844794E-004  3.923543960828264E-018
  6.086074633058401E-004  3.668933710287819E-018
  6.061182518343940E-004  4.325828156682169E-018
  6.011160899663672E-004  5.444840207807426E-018
  5.939027398767332E-004  6.254500804526043E-018
  5.859522239731609E-004  6.179390780616611E-018
  5.792011372269681E-004  5.370366709524346E-018
  5.751256226332993E-004  4.382478937427417E-018
  5.740530774172326E-004  3.833793847512757E-018
  5.750362460873531E-004  4.109091180909614E-018
  5.763409797621785E-004  5.053376947601491E-018
  5.763024493756866E-004  6.158385434947024E-018
  5.741312449299249E-004  6.775178766881254E-018
  5.702820130079762E-004  6.552394797658363E-018
  5.662145227264355E-004  5.685446894568147E-018
  5.636724596940415E-004  4.659367584890152E-018
  5.638352380914857E-004  4.104317238711981E-018
  5.667531458280402E-004  4.249445081520035E-018
  5.713328058873202E-004  4.954715475517068E-018
  5.758706980500697E-004  5.805113712322156E-018
  5.788690324819640E-004  6.288873188349003E-018
  5.797371403605299E-004  6.097915500443669E-018
  5.790434187946323E-004  5.326446441306119E-018
  5.782046028949802E-004  4.379296309295661E-018
  5.787714198832649E-004  3.732586272922930E-018
  5.816608711255780E-004  3.806423245579659E-018
  5.867051061479630E-004  4.580438407222614E-018
  5.927285952385031E-004  5.494489206662813E-018
  5.981080804317214E-004  5.828028634870796E-018
  6.015387130827129E-004  5.148219265927807E-018
  6.026353152100571E-004  3.854799193182344E-018
  6.020828950698879E-004  2.714145270761148E-018
  6.012715774292525E-004  2.518095377845006E-018
  6.015997113027488E-004  3.294656641993364E-018
  6.037853500536812E-004  4.399665129338898E-018
  6.075169388877686E-004  5.102389420830527E-018
  6.116059687846941E-004  5.003091423119753E-018
  6.145606927064656E-004  4.216345748949777E-018
  6.152988939577528E-004  2.989124341344830E-018
  6.136550930015811E-004  1.914669084064150E-018
  6.104414992379182E-004  1.670243243545322E-018
  6.070400864136218E-004  2.533371992877432E-018
  6.047289303860715E-004  4.055941291109296E-018
  6.040707521112221E-004  5.477939540377684E-018
  6.046568808696603E-004  5.888180306560976E-018
  6.053245589668311E-004  4.990201779186143E-018
  6.047359767164132E-004  3.267246257208619E-018
  6.020348919270504E-004  1.801108934037947E-018
  5.972634163681920E-004  1.570348503059844E-018
  5.913416129895546E-004  2.686615537421463E-018
  5.856259577097422E-004  4.585212349420247E-018
  5.812653427608257E-004  6.105553807959882E-018
  5.786676410809639E-004  6.338522187204389E-018
  5.773319781759645E-004  5.364637978887185E-018
  5.761218473783077E-004  3.877714115730985E-018
  5.738406129699689E-004  2.944567547500252E-018
  5.698272614332419E-004  3.181355080502866E-018
  5.642847523169015E-004  4.414305218744973E-018
  5.581865925164797E-004  5.937192779790013E-018
  5.528129474191967E-004  6.766267408112338E-018
  5.491453994229423E-004  6.313697687776696E-018
  5.474140416401903E-004  4.759938633853628E-018
  5.470125656666765E-004  3.104335479714381E-018
  5.468162391120584E-004  2.365965753147089E-018
  5.457429707493113E-004  3.108472896285664E-018
  5.432831260109616E-004  4.776488300138756E-018
  5.397432945866653E-004  6.255137330152394E-018
  5.360912054900937E-004  6.557487002669173E-018
  5.334829761103373E-004  5.601425511889800E-018
  5.327055359507551E-004  4.043210778582274E-018
  5.338040463147174E-004  3.042592493958323E-018
  5.360705821580674E-004  3.273014770697426E-018
  5.383935243614740E-004  4.511693639576693E-018
  5.397935680823698E-004  6.052085655346389E-018
  5.398854395290674E-004  6.996689684851441E-018
  5.390445937582830E-004  6.714072306751547E-018
  5.382038131492531E-004  5.570872281824946E-018
  5.383838760471348E-004  4.323282054176764E-018
  5.401885630782120E-004  3.816607655601277E-018
  5.435075290569684E-004  4.417487846876728E-018
  5.475665684337561E-004  5.680354689557338E-018
  5.512955253939392E-004  6.849015739537983E-018
  5.538319767698846E-004  7.067980555002767E-018
  5.549166159575754E-004  6.418724416124630E-018
  5.549923362767684E-004  5.354453568865568E-018
  5.549644420179153E-004  4.458225486963200E-018
  5.557428896870829E-004  4.310551541649742E-018
  5.577901969202528E-004  4.947077168000855E-018
  5.608923231411856E-004  5.970610375173446E-018
  5.642592324173959E-004  6.836285227010960E-018
  5.669017658454706E-004  6.986505274829824E-018
  5.680995280604377E-004  6.260866060789554E-018
  5.677336368640731E-004  5.013275833141371E-018
  5.663266028963305E-004  3.974466010936353E-018
  5.647747558755157E-004  3.867529705709366E-018
  5.639066103677944E-004  4.805768478950908E-018
  5.640821956901416E-004  6.416178313619225E-018
  5.650254228401687E-004  7.863637587941657E-018
  5.659666074567919E-004  8.139889709778042E-018
  5.660219308543083E-004  7.167278552713540E-018
  5.646237122217164E-004  5.549230410529009E-018
  5.617936494108498E-004  4.251354658399088E-018
  5.581297932156131E-004  4.005019241001207E-018
  5.545176787065779E-004  4.888516810376553E-018
  5.517086483548828E-004  6.432091454278003E-018
  5.499702232352184E-004  7.639262304652890E-018
  5.489756581157488E-004  7.789164089658577E-018
  5.479821531818052E-004  6.788227542221451E-018
  5.462074237496064E-004  5.320399447855783E-018
  5.432201125616366E-004  4.371658001779448E-018
  5.391556057031394E-004  4.590463685837644E-018
  5.346557526390639E-004  5.859695784781765E-018
  5.305655501960324E-004  7.213585792030583E-018
  5.275364594379314E-004  7.812397275020393E-018
  5.257287373210741E-004  7.252891249457764E-018
  5.247545047990379E-004  5.800021507311347E-018
  5.238850846524913E-004  4.537950321663677E-018
  5.224184423970088E-004  4.419238292349194E-018
  5.200270626635848E-004  5.426062701830069E-018
  5.169188705908922E-004  6.900574315272423E-018
  5.137365575652555E-004  7.989669661959179E-018
  5.112479050813564E-004  7.870002844205169E-018
  5.099795459748747E-004  6.680336448554937E-018
  5.099713907210204E-004  5.272978288692626E-018
  5.107679628189152E-004  4.491324819533458E-018
  5.116469222307828E-004  4.621176047309085E-018
  5.119708744094838E-004  5.402829516468252E-018
  5.114911177476840E-004  6.164114165584185E-018
  5.104579778038121E-004  6.418724416124630E-018
  5.094878913357611E-004  6.153929755562567E-018
  5.092552927799934E-004  5.772014379751899E-018
  5.101605173292906E-004  5.728730637160023E-018
  5.121339541221667E-004  6.103007705454478E-018
  5.146684857000714E-004  6.591859386492133E-018
  5.170609453434642E-004  6.793001484419085E-018
  5.187431584012733E-004  6.469646466232719E-018
  5.195420660722883E-004  5.728730637160023E-018
  5.197451952358681E-004  4.891062912881957E-018
  5.199433528727619E-004  4.491324819533458E-018
  5.207299568262962E-004  4.832502555257655E-018
  5.224040050266007E-004  5.705815714611383E-018
  5.248195291596526E-004  6.421270518630035E-018
  5.274516600101605E-004  6.530752926362426E-018
  5.296442057225884E-004  5.950241555130211E-018
  5.309169823935180E-004  4.959807680527877E-018
  5.311843626153299E-004  4.089040623679554E-018
  5.307815203923192E-004  3.839522578149918E-018
  5.302888864163553E-004  4.333466464198382E-018
  5.302424411372011E-004  5.326446441306119E-018
  5.308709627817090E-004  6.255773855778745E-018
  5.319861912952188E-004  6.453096799947590E-018
  5.330764063088768E-004  5.681627740810041E-018
  5.335553339838873E-004  4.602080278518552E-018
  5.330443280083039E-004  3.996107882232291E-018
  5.315516028330410E-004  3.906994294543135E-018
  5.294638502510046E-004  4.209980492686266E-018
  5.273570755386679E-004  4.688011238075952E-018
  5.257203437127338E-004  5.197868264783194E-018
  5.247266157144713E-004  5.469028181608768E-018
  5.241601777881092E-004  5.329310806624699E-018
  5.235331556231667E-004  4.779352665457337E-018
  5.223320927042205E-004  4.166060224468039E-018
  5.202738280454733E-004  3.759320349229677E-018
  5.174472264187769E-004  3.566771347258465E-018
  5.142741198494195E-004  3.728130593538472E-018
  5.113108775509427E-004  4.154284500380543E-018
  5.089884526830547E-004  4.607809009155712E-018
  5.074169084157235E-004  4.864965362201561E-018
  5.063474564191120E-004  4.828404921538020E-018
  5.053077497590034E-004  4.496138544582738E-018
  5.038424726538688E-004  3.946458883376904E-018
  5.017415944558818E-004  3.532080700622330E-018
  4.991464244142507E-004  3.502163996183827E-018
  4.964841892083047E-004  3.824245963117491E-018
  4.942652407113757E-004  4.313097644155146E-018
  4.928426467926124E-004  4.697559122471219E-018
  4.922504689802181E-004  4.749117698205659E-018
  4.921972908000216E-004  4.367838848021342E-018
  4.922155757383674E-004  3.730676696043877E-018
  4.918923935205002E-004  3.036227237694812E-018
  4.910690895522287E-004  2.597024555512544E-018
  4.899142654240383E-004  2.650492708126037E-018
  4.888370031158065E-004  3.097333697824519E-018
  4.882847219314805E-004  3.570908763829748E-018
  4.885248685000495E-004  3.681664222814841E-018
  4.895157993030189E-004  3.376131922166307E-018
  4.909275697899540E-004  3.084603185297497E-018
  4.923002274383552E-004  2.976393828817807E-018
  4.932612728339352E-004  3.131706081647479E-018
  4.936967983611397E-004  3.388862434693329E-018
  4.937948468780012E-004  3.404139049725756E-018
  4.939423359449192E-004  3.210635259315017E-018
  4.945276195595661E-004  2.897464651150269E-018
  4.957452746717923E-004  2.599570658017948E-018
  4.974970441129997E-004  2.558833017931477E-018
  4.994351032392120E-004  2.872003626096225E-018
  5.011246481489644E-004  3.259011206917702E-018
  5.022458217020035E-004  3.404139049725756E-018
  5.027373799010740E-004  3.195358644282590E-018
  5.028140749067689E-004  2.716691373266553E-018
  5.028515153356194E-004  2.189648154647831E-018
  5.031960534901148E-004  1.935037904107385E-018
  5.039923617128076E-004  2.131087797023529E-018
  5.051113824412923E-004  2.527006736613921E-018
  5.062117772544495E-004  2.859273113569203E-018
  5.069032967673480E-004  2.785436140912473E-018
  5.069319767723002E-004  2.234204948492409E-018
  5.062978030976477E-004  1.481831658145392E-018
  5.052493256913029E-004  9.662459008009906E-019
  5.041597148991982E-004  1.087185769807702E-018
  5.033456888244607E-004  1.760629882487180E-018
  5.029172697121087E-004  2.566471325447690E-018
  5.027301499789541E-004  3.076328352154932E-018
  5.024619869249142E-004  2.877732356733385E-018
  5.017739868072820E-004  2.024151491796541E-018
  5.004786729640279E-004  1.148928755563760E-018
  4.986329411570871E-004  6.568944463943493E-019
  4.965126758260099E-004  7.511002390943141E-019
  4.944828633397096E-004  1.181391562507667E-018
  4.928272293223174E-004  1.838604271715192E-018
  4.916199421014571E-004  2.407658181673087E-018
  4.907004180995421E-004  2.591614087688559E-018
  4.897616920263881E-004  2.036563741510388E-018
  4.885079677479056E-004  1.039446347831369E-018
  4.868043272350831E-004  3.370403191529147E-019
  4.847465321035104E-004  3.284472231971746E-019
  4.826184468350679E-004  9.376022476151905E-019
  4.807592418341194E-004  1.880296700241190E-018
  4.794056487335514E-004  2.746608077705055E-018
  4.785855456637572E-004  3.047684698969132E-018
  4.781132422120992E-004  2.568380902326743E-018
  4.776870700234981E-004  1.556941682054824E-018
  4.770406137196217E-004  6.110646012970691E-019
  4.760738656814832E-004  3.691848632836459E-019
  4.749014394544704E-004  1.034990668446911E-018
  4.737959294711748E-004  2.160367975835680E-018
  4.730553515514182E-004  3.038773340200217E-018
  4.728596925915407E-004  3.183901183008270E-018
  4.731857983196802E-004  2.553740812920668E-018
  4.738206327963135E-004  1.383806711687321E-018
  4.744649543196759E-004  4.022841958539038E-019
  4.748760778636209E-004  1.985959954215475E-019
  4.749804333896049E-004  7.230931115348651E-019
  4.749023050912510E-004  1.764449036245287E-018
  4.748963490462592E-004  2.647946605620633E-018
  4.752179852616770E-004  2.907649061171887E-018
  4.759950898546980E-004  2.446804507693681E-018
  4.771627525243536E-004  1.558214733307526E-018
  4.784915263864006E-004  8.503982368050878E-019
  4.796941425896078E-004  8.198450067402344E-019
  4.805581791686597E-004  1.481831658145392E-018
  4.810405508239435E-004  2.332229894950480E-018
  4.812790851891905E-004  2.978939931323212E-018
  4.815170379156080E-004  3.050230801474537E-018
  4.819783190851706E-004  2.472265532747725E-018
  4.827542872977432E-004  1.873931443977679E-018
  4.837564261245330E-004  1.831920752638505E-018
  4.847566722445224E-004  2.246935461019431E-018
  4.854946742033291E-004  2.831265986009753E-018
  4.857994054717313E-004  3.213181361820422E-018
  4.856664770485910E-004  3.177535926744759E-018
  4.852547081265902E-004  2.928017881215123E-018
  4.848048972220094E-004  2.599570658017948E-018
  4.845210909610228E-004  2.479903840263939E-018
  4.844720472017459E-004  2.725602732035469E-018
  4.845599763611905E-004  3.108791159098839E-018
  4.845705532740976E-004  3.463972458602760E-018
  4.842788786038748E-004  3.590004532620281E-018
  4.835595355780182E-004  3.294656641993364E-018
  4.824477027821930E-004  2.814716319724625E-018
  4.811226334070584E-004  2.515549275339601E-018
  4.798225956554036E-004  2.743425449573300E-018
  4.787332053537392E-004  3.309933257025791E-018
  4.779032432289790E-004  3.667660659035117E-018
  4.772279936671572E-004  3.626923018948645E-018
  4.765070285692573E-004  3.414323459747374E-018
  4.755474159159235E-004  3.281289603839991E-018
  4.742619051442729E-004  3.315025462036600E-018
  4.727148285182350E-004  3.448695843570334E-018
  4.710943528320405E-004  3.692485158462810E-018
  4.696255050114280E-004  3.810878924964117E-018
  4.684666923756138E-004  3.690575581583757E-018
  4.676397293383233E-004  3.402865998473054E-018
  4.670264771240672E-004  3.250099848148786E-018
  4.664326160711425E-004  3.236096284369062E-018
  4.656867392990311E-004  3.407958203483862E-018
  4.647264504041663E-004  3.785417899910073E-018
  4.636301698474364E-004  4.134870468776835E-018
  4.625801538351570E-004  4.370384950526746E-018
  4.617755868331512E-004  4.481140409511840E-018
  4.613383552215210E-004  4.399665129338898E-018
  4.612569618894159E-004  4.123413007502514E-018
  4.613949600582668E-004  3.836976475644513E-018
  4.615588093667058E-004  3.674025915298628E-018
  4.615915425468661E-004  3.717309657890503E-018
  4.614467567954015E-004  3.915905653312051E-018
  4.612076559587333E-004  3.999927035990398E-018
  4.610428925868107E-004  4.021568907286336E-018
  4.611215122826400E-004  4.024115009791740E-018
  4.615286253647368E-004  3.894263782016113E-018
  4.622224091372270E-004  3.646018787739179E-018
  4.630525037102197E-004  3.385043280935222E-018
  4.638300076585394E-004  3.253919001906893E-018
  4.644146218831755E-004  3.325209872058218E-018
  4.647768052792567E-004  3.399046844714947E-018
  4.650055111535603E-004  3.416869562252778E-018
  4.652587242192042E-004  3.465245509855463E-018
  4.656815707776438E-004  3.494525688667614E-018
  4.663319667868442E-004  3.472883817371676E-018
  4.671494973866284E-004  3.514894508710849E-018
  4.679818570721704E-004  3.699486940352673E-018
  4.686552699357015E-004  3.940093627113394E-018
  4.690543769534552E-004  4.076310111152532E-018
  4.691730725294650E-004  4.035572471066060E-018
  4.691123493531942E-004  3.936274473355287E-018
  4.690270653474955E-004  3.908267345795838E-018
  4.690480710501774E-004  4.043210778582274E-018
  4.692175614839805E-004  4.185792518884924E-018
  4.694685567911162E-004  4.319462900418657E-018
  4.696577049890058E-004  4.411122590613218E-018
  4.696348071137979E-004  4.515512793334800E-018
  4.693150555065371E-004  4.672098097417174E-018
  4.687191921144680E-004  4.733204557546881E-018
  4.679627561171397E-004  4.487505665775351E-018
  4.672003645171710E-004  4.096678931195768E-018
  4.665525042834102E-004  3.814061553095873E-018
  4.660503005433664E-004  3.784144848657371E-018
  4.656245268439669E-004  3.956643293398523E-018
  4.651434278658337E-004  4.208070915807212E-018
  4.644803617044273E-004  4.321372477297711E-018
  4.635782056913015E-004  4.152056660688314E-018
  4.624795308685569E-004  3.731949747296579E-018
  4.613084989322889E-004  3.514894508710849E-018
  4.602138872502055E-004  3.626923018948645E-018
  4.593012139056564E-004  4.014567125396474E-018
  4.585867514904906E-004  4.507237960192235E-018
  4.579951761399319E-004  4.763121261985383E-018
  4.574012562824180E-004  4.605262906650307E-018
  4.566947782124061E-004  4.061670021746456E-018
  4.558370429365345E-004  3.453151522954792E-018
  4.548818221181724E-004  3.297839270125120E-018
  4.539511989302780E-004  3.898082935774220E-018
  4.531785947159302E-004  4.913977835430598E-018
  4.526468925591577E-004  5.870039326209970E-018
  4.523514949986330E-004  6.304149803381430E-018
  4.522056827572361E-004  5.890408146253205E-018
  4.520850066382969E-004  4.836321709015762E-018
  4.518887109216855E-004  3.609100301410815E-018
  4.515883435383194E-004  2.971301623806998E-018
  4.512403581593452E-004  3.359582255881178E-018
  4.509572223002173E-004  4.658094533637450E-018
  4.508516106333917E-004  6.216309266944976E-018
  4.509809872711471E-004  7.090895477551406E-018
  4.513192588311643E-004  6.801912843188000E-018
  4.517687272663234E-004  5.772014379751899E-018
  4.522059701642985E-004  4.669551994911770E-018
  4.525390586193198E-004  4.164150647588985E-018
  4.527484368867655E-004  4.431491410656453E-018
  4.528920991848470E-004  5.186410803508874E-018
  4.530731903270671E-004  6.024078527786940E-018
  4.533862646318178E-004  6.430181877398950E-018
  4.538684419339968E-004  6.123376525497713E-018
  4.544789208743495E-004  5.309896775020990E-018
  4.551162923968934E-004  4.400938180591600E-018
  4.556647640889486E-004  3.968100754672843E-018
  4.560466441415951E-004  4.344923925472702E-018
  4.562557856812430E-004  5.149492317180509E-018
  4.563562518240801E-004  5.756737764719472E-018
  4.564474360678992E-004  5.763103020982983E-018
  4.566129812277307E-004  5.200414367288598E-018
  4.568783519198426E-004  4.598261124760445E-018
  4.571973560928299E-004  4.516785844587503E-018
  4.574736644252987E-004  5.041282960700820E-018
  4.576064459892781E-004  5.858581864935650E-018
  4.575378073744694E-004  6.385625083554372E-018
  4.572792006693535E-004  6.366529314763839E-018
  4.569044333671698E-004  5.724911483401916E-018
  4.565131651535104E-004  4.829956452752250E-018
  4.561829069576966E-004  4.386934616811875E-018
  4.559327836534462E-004  4.804495427698206E-018
  4.557162976466509E-004  5.637070946965462E-018
  4.554461078727712E-004  6.201032651912549E-018
  4.550383854576441E-004  6.143745345540949E-018
  4.544550767426925E-004  5.455024617829044E-018
  4.537237421930715E-004  4.518058895840205E-018
  4.529257403931469E-004  3.877714115730985E-018
  4.521588989211925E-004  4.061033496120105E-018
  4.514929952449453E-004  5.027279396921096E-018
  4.509395471572364E-004  6.319426418413856E-018
  4.504501925914721E-004  7.040609953069669E-018
  4.499439571329848E-004  6.760538677475178E-018
  4.493497980334377E-004  5.770104802872845E-018
  4.486436709224177E-004  4.686101661196898E-018
  4.478623243061218E-004  4.308005439144337E-018
  4.470875072650834E-004  4.827410350246846E-018
  4.464086186834453E-004  5.896773402516717E-018
  4.458820818289517E-004  6.734441126794782E-018
  4.455070217100800E-004  6.786636228155574E-018
  4.452286709219187E-004  6.076273629147731E-018
  4.449674049984530E-004  4.866874939080615E-018
  4.446590066554913E-004  3.900629038279624E-018
  4.442865834649798E-004  3.849706988171535E-018
  4.438888946128631E-004  4.681009456186090E-018
  4.435414438747705E-004  5.745280303445152E-018
  4.433198670327292E-004  6.589313283986729E-018
  4.432635168318192E-004  6.734441126794782E-018
  4.433567720985411E-004  6.099188551696371E-018
  4.435367910092932E-004  5.073109242018376E-018
  4.437235658685952E-004  4.254537286530843E-018
  4.438574741984926E-004  4.300367131628124E-018
  4.439261546024457E-004  5.194049111025088E-018
  4.439679679650773E-004  6.237951138240914E-018
  4.440507788344076E-004  6.773905715628551E-018
  4.442366893364607E-004  6.500199696297573E-018
  4.445499474334883E-004  5.607790768153311E-018
  4.449634485326669E-004  4.827410350246846E-018
  4.454100577050414E-004  4.754846428842819E-018
  4.458129404750200E-004  5.232240648606154E-018
  4.461200404819461E-004  5.805113712322156E-018
  4.463260866433410E-004  6.156475858067971E-018
  4.464717772063188E-004  6.122103474245011E-018
  4.466209307726780E-004  5.666351125777614E-018
  4.468269776639221E-004  5.026006345668393E-018
  4.471051083668040E-004  4.586803663486125E-018
  4.474234126556579E-004  4.535881613378036E-018
  4.477169948754502E-004  4.930527501715726E-018
  4.479179347838963E-004  5.570872281824946E-018
  4.479864528927018E-004  6.025351579039642E-018
  4.479282887096181E-004  5.842032198650521E-018
  4.477901648024323E-004  5.131669599642678E-018
  4.476358741802917E-004  4.514239742082098E-018
  4.475148047422630E-004  4.324555105429466E-018
  4.474381632826317E-004  4.472229050742924E-018
  4.473742155031955E-004  4.847779170290082E-018
  4.472645310784847E-004  5.316262031284501E-018
  4.470530841720577E-004  5.752918610961365E-018
  4.467139992329040E-004  6.011348015259917E-018
  4.462646014894831E-004  6.012621066512620E-018
  4.457577057566779E-004  5.681627740810041E-018
  4.452571575545177E-004  5.110027728346740E-018
  4.448086340247628E-004  4.458225486963200E-018
  4.444198048779654E-004  4.244352876509226E-018
  4.440592295002816E-004  4.670825046164472E-018
  4.436742035774660E-004  5.353180517612865E-018
  4.432186449094992E-004  5.586148896857373E-018
  4.426774138147333E-004  5.208052674804812E-018
  4.420753898171115E-004  4.463317691974009E-018
  4.414671440627904E-004  3.755501195471570E-018
  4.409124513306495E-004  3.467791612360867E-018
  4.404496205328734E-004  3.604008096400005E-018
  4.400794873853887E-004  3.878987166983687E-018
  4.397675820354803E-004  4.120866904997110E-018
  4.394631202949075E-004  4.092859777437661E-018
  4.391253919948889E-004  3.845887834413428E-018
  4.387447090864961E-004  3.541628585017596E-018
  4.383478986593377E-004  3.248826796896084E-018
  4.379859255453771E-004  3.041319442705621E-018
  4.377098720125161E-004  3.117702517867755E-018
  4.375470109785917E-004  3.528898072490574E-018
  4.374884815885302E-004  3.968100754672843E-018
  4.374943121917615E-004  4.251991184025439E-018
  4.375130980887394E-004  4.318189849165955E-018
  4.375066339208214E-004  4.234168466487608E-018
  4.374675734065964E-004  4.187065570137625E-018
  4.374217378589196E-004  4.062306547372807E-018
  4.374142190873259E-004  3.900629038279624E-018
  4.374862369810925E-004  3.690575581583757E-018
  4.376540518295658E-004  3.521259764974361E-018
  4.379000637684676E-004  3.372312768408200E-018
  4.381802071520691E-004  3.364674460891987E-018
  4.384438431652858E-004  3.606554198905410E-018
  4.386564029953490E-004  4.047029932340380E-018
  4.388138679125800E-004  4.525697203356418E-018
  4.389422754050127E-004  4.762484736359032E-018
  4.390827534466958E-004  4.618629944803681E-018
  4.392695385731287E-004  4.145054878798452E-018
  4.395116887389237E-004  3.514894508710849E-018
  4.397872526833043E-004  3.146982696679906E-018
  4.400525249047220E-004  3.368493614650093E-018
  4.402617160185226E-004  4.080129264910639E-018
  4.403874315293116E-004  4.949623270506260E-018
  4.404321143967983E-004  5.525042436727667E-018
  4.404251075416225E-004  5.486850899146600E-018
  4.404069916579286E-004  4.814679837719823E-018
  4.404089455950118E-004  3.937547524607989E-018
  4.404371457876190E-004  3.563270456313534E-018
  4.404696368977970E-004  4.031753317307954E-018
  4.404669874980194E-004  5.052740421975140E-018
  4.403913905669550E-004  5.797475404805943E-018
  4.402248876095844E-004  5.558141769297924E-018
  4.399779602702013E-004  4.476048204501031E-018
  4.396845015417342E-004  3.348124794606858E-018
  4.393857909206968E-004  2.891099394886758E-018
  4.391113446652780E-004  3.456334151086547E-018
  4.388658908950411E-004  4.692466917460410E-018
  4.386286264837519E-004  5.694358253337063E-018
  4.383649058637319E-004  5.726184534654618E-018
  4.380445262368238E-004  4.926708347957620E-018
  4.376576890128461E-004  3.905721243290433E-018
  4.372209730249884E-004  3.373585819660902E-018
  4.367705798429901E-004  3.793692733052637E-018
  4.363462786416620E-004  5.071836190765673E-018
  4.359739004046256E-004  6.220128420703082E-018
  4.356548073726259E-004  6.412359159861118E-018
  4.353672758177055E-004  5.537772949254689E-018
  4.350789201313755E-004  4.327101207934871E-018
  4.347639864386462E-004  3.663841505277010E-018
  4.344170975718138E-004  4.013930599770123E-018
  4.340568720650177E-004  5.187683854761576E-018
  4.337178180681301E-004  6.324518623424665E-018
  4.334345733671161E-004  6.686065179192098E-018
  4.332261846614371E-004  5.931145786339677E-018
  4.330879814267982E-004  4.325828156682169E-018
  4.329948274245649E-004  2.964936367543487E-018
  4.329139992116021E-004  2.646673554367931E-018
  4.328213373204335E-004  3.490706534909507E-018
  4.327128434003286E-004  5.232240648606154E-018
  4.326062146537734E-004  6.772632664375849E-018
  4.325317394718449E-004  7.099806836320321E-018
  4.325171095707428E-004  6.062270065368006E-018
  4.325735612418701E-004  4.310551541649742E-018
  4.326900026326634E-004  3.087149287802901E-018
  4.328378366479802E-004  3.248826796896084E-018
  4.329840007328467E-004  4.672098097417174E-018
  4.331058320255391E-004  6.398355596081395E-018
  4.332005914903333E-004  7.276760960445930E-018
  4.332851661456242E-004  6.814643355715023E-018
  4.333862667090721E-004  5.071836190765673E-018
  4.335260064079070E-004  3.120248620373159E-018
  4.337098911406077E-004  2.217655282207280E-018
  4.339229788943200E-004  2.818535473482731E-018
  4.341359442251092E-004  4.600807227265849E-018
  4.343179906414018E-004  6.666969410401565E-018
  4.344503078251863E-004  7.892917766753809E-018
  4.345336083366973E-004  7.579747158589062E-018
  4.345862285019067E-004  5.833120839881606E-018
  4.346338718949565E-004  3.652384044002690E-018
  4.346960754819679E-004  2.521914531603112E-018
  4.347759728367412E-004  3.071872672770474E-018
  4.348582370427224E-004  5.015821935646776E-018
  4.349160722872283E-004  7.043792581201424E-018
  4.349237549977094E-004  7.824172999107889E-018
  4.348686092763439E-004  7.048884786212232E-018
  4.347566680051529E-004  5.354453568865568E-018
  4.346093969912145E-004  3.690575581583757E-018
  4.344531979127951E-004  3.056596057738048E-018
  4.343068507871025E-004  3.959189395903927E-018
  4.341729651304220E-004  5.578510589341160E-018
  4.340374836394527E-004  6.896118635887965E-018
  4.338773432517893E-004  7.289491472972954E-018
  4.336724706538347E-004  6.558760053921875E-018
  4.334162621680863E-004  5.188956906014278E-018
  4.331195171817420E-004  4.189611672643030E-018
  4.328060214736975E-004  4.187065570137625E-018
  4.325020217870726E-004  5.171134188476448E-018
  4.322247367559444E-004  6.543483438889448E-018
  4.319754322840649E-004  7.533917313491780E-018
  4.317403065171059E-004  7.456261187076945E-018
  4.314986206517814E-004  6.356344904742221E-018
  4.312340336944921E-004  4.931800552968428E-018
  4.309436206776059E-004  4.250718132772737E-018
  4.306402553069425E-004  4.590622817244232E-018
  4.303472996044653E-004  5.710907919622191E-018
  4.300882629270757E-004  6.975047813555503E-018
  4.298764732303836E-004  7.595023773621488E-018
  4.297097197081319E-004  7.247480781633781E-018
  4.295723567699153E-004  6.155202806815269E-018
  4.294437305269693E-004  5.019641089404882E-018
  4.293087653594883E-004  4.903793425408979E-018
  4.291655755787145E-004  5.938784093855890E-018
  4.290264815209137E-004  7.344232676839150E-018
  4.289120425339749E-004  8.287563655091500E-018
  4.288410879243975E-004  8.078783249648334E-018
  4.288216075053191E-004  6.800639791935298E-018
  4.288468743389977E-004  5.404102567720955E-018
  4.288985865323609E-004  4.702651327482027E-018
  4.289554102607021E-004  5.037463806942713E-018
  4.290027341198576E-004  6.271050470811171E-018
  4.290389299699833E-004  7.803804179064654E-018
  4.290751726224604E-004  8.580365443213011E-018
  4.291290181715717E-004  8.101698172196974E-018
  4.292149417203365E-004  6.674607717917778E-018
  4.293364480356278E-004  5.196595213530492E-018
  4.294835389103865E-004  4.646637072363130E-018
  4.296366838203536E-004  5.127850445884572E-018
  4.297752935812040E-004  6.328337777182772E-018
  4.298865622848514E-004  7.498271878416119E-018
  4.299704314742591E-004  7.943839816861898E-018
  4.300383634946868E-004  7.468991699603968E-018
  4.301066256688091E-004  6.363983212258434E-018
