  0.999999994685014       0.000000000000000E+000
  0.833840231510833       0.000000000000000E+000
  0.396102338354494       0.000000000000000E+000
 -0.157887578307612       5.582259183264960E-017
 -0.633950489949832       1.116451836652992E-016
 -0.867099954960365       8.373388774897440E-017
 -0.778701172658958       2.791129591632480E-017
 -0.402949121821314       0.000000000000000E+000
  0.126233091038466      -1.116451836652992E-016
  0.622894356940290      -1.674677754979488E-016
  0.914374250244623      -1.395564795816240E-016
  0.901302801168428       2.791129591632480E-017
  0.591438694610382       1.116451836652992E-016
  9.583575452972196E-002  1.116451836652992E-016
 -0.410929278067914       1.116451836652992E-016
 -0.752234972608855       5.582259183264960E-017
 -0.810956492621893       1.116451836652992E-016
 -0.569633549247251       1.116451836652992E-016
 -0.115499637131879       5.582259183264960E-017
  0.391008146526783      -5.582259183264960E-017
  0.772904572996490      -8.373388774897440E-017
  0.898477383444416      -1.395564795816240E-016
  0.726686306684051      -5.582259183264960E-017
  0.320500314035924       0.000000000000000E+000
 -0.176133822444824       5.582259183264960E-017
 -0.589285380172755       1.116451836652992E-016
 -0.775938741606209       1.953790714142736E-016
 -0.673481055685266       1.953790714142736E-016
 -0.320661813208180       1.674677754979488E-016
  0.156974823864176       5.582259183264960E-017
  0.591735534103756      -1.116451836652992E-016
  0.832632824120440      -2.232903673305984E-016
  0.797799404400403      -2.232903673305984E-016
  0.502273371513974      -1.116451836652992E-016
  5.173645069600104E-002  5.582259183264960E-017
 -0.395253942623870       2.232903673305984E-016
 -0.683050883055536       3.349355509958976E-016
 -0.713100931807646       3.070242550795728E-016
 -0.477668251078309       1.674677754979488E-016
 -6.156946788445930E-002  0.000000000000000E+000
  0.388346971176241      -2.232903673305984E-016
  0.715005385543410      -3.349355509958976E-016
  0.805922283435849      -3.628468469122224E-016
  0.631914468490806      -2.512016632469232E-016
  0.256383573994716      -5.582259183264960E-017
 -0.187745942816358       2.232903673305984E-016
 -0.545060713582721       4.186694387448720E-016
 -0.692028436816608       4.186694387448720E-016
 -0.579688658063213       2.791129591632480E-016
 -0.249918075167376       1.674677754979488E-016
  0.180115727601274      -5.582259183264960E-017
  0.559560920761481      -2.232903673305984E-016
  0.756780892782218      -2.791129591632480E-016
  0.705001652584047      -2.512016632469232E-016
  0.424884300780349      -5.582259183264960E-017
  1.640423827894931E-002  1.116451836652992E-016
 -0.376809852751468       2.791129591632480E-016
 -0.617964963248253       2.791129591632480E-016
 -0.624678000632988       2.232903673305984E-016
 -0.397095479592090       1.116451836652992E-016
 -1.696993246464425E-002 -5.582259183264960E-017
  0.381678197228867      -1.116451836652992E-016
  0.659793956690447      -1.395564795816240E-016
  0.721775443642485      -1.395564795816240E-016
  0.548313503314783      -1.116451836652992E-016
  0.202310588496190       0.000000000000000E+000
 -0.193898158092857       1.674677754979488E-016
 -0.501783990295748       2.791129591632480E-016
 -0.615046807724655       2.791129591632480E-016
 -0.496299759663189       2.512016632469232E-016
 -0.189362686698439       1.116451836652992E-016
  0.196859590599723      -5.582259183264960E-017
  0.526998260932353      -2.232903673305984E-016
  0.686650736026707      -2.791129591632480E-016
  0.622006474906680      -1.953790714142736E-016
  0.357948869990810      -5.582259183264960E-017
 -1.144422805950280E-002  1.674677754979488E-016
 -0.356400640783876       3.349355509958976E-016
 -0.557032344097903       3.907581428285472E-016
 -0.544989088621563       3.070242550795728E-016
 -0.326720292094913       1.395564795816240E-016
  1.956260184063207E-002 -1.116451836652992E-016
  0.371887053500101      -2.791129591632480E-016
  0.607466565038270      -3.349355509958976E-016
  0.645476995720641      -2.512016632469232E-016
  0.474764445327110      -1.116451836652992E-016
  0.156993188694161       1.116451836652992E-016
 -0.195602962777926       2.791129591632480E-016
 -0.459847764429702       3.349355509958976E-016
 -0.544641736491752       2.791129591632480E-016
 -0.422353564855911       1.395564795816240E-016
 -0.137772805258776       0.000000000000000E+000
  0.208257003960795      -1.674677754979488E-016
  0.494556172297721      -2.232903673305984E-016
  0.622032016227980      -2.791129591632480E-016
  0.547960009623985      -2.232903673305984E-016
  0.300268636121059      -5.582259183264960E-017
 -3.293600460419524E-002  1.674677754979488E-016
 -0.334695143816362       3.349355509958976E-016
 -0.500240439203862       4.186694387448720E-016
 -0.473356690123930       3.628468469122224E-016
 -0.265448239901277       2.232903673305984E-016
  4.914888730765545E-002  5.582259183264960E-017
  0.359724892149912      -8.373388774897440E-017
  0.558142330547054      -2.232903673305984E-016
  0.576474071965992      -2.232903673305984E-016
  0.410237297628992      -1.116451836652992E-016
  0.119283386970374       0.000000000000000E+000
 -0.193729763937850       1.395564795816240E-016
 -0.419547432106514       2.512016632469232E-016
 -0.480442211143749       3.070242550795728E-016
 -0.356953377347836       2.791129591632480E-016
 -9.404843977373384E-002  1.674677754979488E-016
  0.215221419746342       0.000000000000000E+000
  0.462640825460290      -1.395564795816240E-016
  0.562683013956130      -2.791129591632480E-016
  0.482059294666052      -3.070242550795728E-016
  0.250760744348633      -1.674677754979488E-016
 -4.905784437317447E-002  5.582259183264960E-017
 -0.312245369819447       3.070242550795728E-016
 -0.447522828644775       4.744920305775216E-016
 -0.409129626730846       4.744920305775216E-016
 -0.212280416677988       3.349355509958976E-016
  7.277987107366393E-002  1.116451836652992E-016
  0.345825525638476      -1.674677754979488E-016
  0.511876864568067      -3.488911989540600E-016
  0.514226819825143      -3.768024948703848E-016
  0.353787179114600      -2.232903673305984E-016
  8.816089171567289E-002  0.000000000000000E+000
 -0.189021761566254       2.232903673305984E-016
 -0.381096777452883       4.047137907867096E-016
 -0.422067329354282       4.605363826193592E-016
 -0.299266187298761       3.907581428285472E-016
 -5.720305924889001E-002  1.674677754979488E-016
  0.218543956615512      -8.373388774897440E-017
  0.431570748769948      -3.349355509958976E-016
  0.508340074177000      -4.186694387448720E-016
  0.423552923304097      -3.070242550795728E-016
  0.208449464916055      -5.582259183264960E-017
 -6.067092075292112E-002  2.512016632469232E-016
 -0.289502466524546       4.465807346611968E-016
 -0.398771072577905       5.024033264938464E-016
 -0.351686807789371       4.186694387448720E-016
 -0.166308115357101       2.232903673305984E-016
  9.132900755048913E-002 -5.582259183264960E-017
  0.330719966373228      -2.791129591632480E-016
  0.468674095868914      -3.907581428285472E-016
  0.458213045989757      -3.628468469122224E-016
  0.304550068937972      -1.674677754979488E-016
  6.272135829578106E-002  8.373388774897440E-017
 -0.182111183550845       3.349355509958976E-016
 -0.344641509043360       4.884476785356839E-016
 -0.369133595591075       4.465807346611968E-016
 -0.248521409531503       2.791129591632480E-016
 -2.635446007176826E-002  5.582259183264960E-017
  0.218906978408101      -1.953790714142736E-016
  0.401589913438081      -3.488911989540600E-016
  0.458725482633842      -3.768024948703848E-016
  0.371740863124655      -2.232903673305984E-016
  0.172457947220762       0.000000000000000E+000
 -6.852433099002618E-002  2.791129591632480E-016
 -0.266830868411348       4.465807346611968E-016
 -0.353844708781976       4.465807346611968E-016
 -0.300439780381372       2.930686071214104E-016
 -0.126707262404685       1.116451836652992E-016
  0.105563771846449      -1.116451836652992E-016
  0.314849668826181      -2.791129591632480E-016
  0.428496464017830      -3.349355509958976E-016
  0.407931697240936      -2.232903673305984E-016
  0.261738291149236      -5.582259183264960E-017
  4.216539732475896E-002  1.674677754979488E-016
 -0.173532989206682       3.907581428285472E-016
 -0.310271001988019       5.024033264938464E-016
 -0.321260759085452       4.326250867030344E-016
 -0.204008972963363       2.232903673305984E-016
 -7.159825684881390E-004 -5.582259183264960E-017
  0.216896487966424      -2.791129591632480E-016
  0.372879250717677      -3.907581428285472E-016
  0.413553972322717      -3.628468469122224E-016
  0.325973608905971      -1.674677754979488E-016
  0.142000266129121       1.395564795816240E-016
 -7.326743218313385E-002  4.186694387448720E-016
 -0.244520789052583       5.582259183264960E-016
 -0.312579662958796       5.024033264938464E-016
 -0.254834285060166       2.791129591632480E-016
 -9.273276425971722E-002  0.000000000000000E+000
  0.116156360639258      -2.512016632469232E-016
  0.298578378813595      -3.907581428285472E-016
  0.391273658793873      -4.047137907867096E-016
  0.362905361079107      -2.372460152887608E-016
  0.224635856587972       2.791129591632480E-017
  2.578834496348059E-002  3.070242550795728E-016
 -0.163737155581353       4.744920305775216E-016
 -0.278028443615725       4.744920305775216E-016
 -0.278076410172275       3.209799030377352E-016
 -0.165076928032454       1.116451836652992E-016
  2.041185909645012E-002 -1.116451836652992E-016
  0.213013390287358      -3.070242550795728E-016
  0.345566747474321      -3.628468469122224E-016
  0.372538040754587      -2.930686071214104E-016
  0.285650815254686      -6.977823979081200E-017
  0.116373815321575       1.953790714142736E-016
 -7.546106972982329E-002  4.186694387448720E-016
 -0.222799216797865       5.024033264938464E-016
 -0.274795276911864       4.186694387448720E-016
 -0.214351002719349       2.093347193724360E-016
 -6.371287226295820E-002 -2.791129591632480E-017
  0.123693584314828      -2.512016632469232E-016
  0.282202696174377      -3.488911989540600E-016
  0.356910070888796      -3.209799030377352E-016
  0.322681946920379      -1.395564795816240E-016
  0.192593757118281       1.116451836652992E-016
  1.297078710023484E-002  3.349355509958976E-016
 -0.153099658885885       4.465807346611968E-016
 -0.247919563803592       4.186694387448720E-016
 -0.239219525546109       2.651573112050856E-016
 -0.131128710225198       5.582259183264960E-017
  3.764929099453980E-002 -1.674677754979488E-016
  0.207683686953911      -3.070242550795728E-016
  0.319736259305359      -3.349355509958976E-016
  0.335392240293384      -2.093347193724360E-016
  0.250219532887189       0.000000000000000E+000
  9.495208574344083E-002  2.232903673305984E-016
 -7.558776281673966E-002  3.628468469122224E-016
 -0.201839561785250       3.907581428285472E-016
 -0.240300137734610       3.209799030377352E-016
 -0.178505650801007       1.674677754979488E-016
 -3.904364860040704E-002  0.000000000000000E+000
  0.128685967331377      -1.674677754979488E-016
  0.265961456104638      -2.512016632469232E-016
  0.325291105566971      -2.372460152887608E-016
  0.286835688313194      -1.395564795816240E-016
  0.165025288401972       5.582259183264960E-017
  3.169819375778708E-003  2.512016632469232E-016
 -0.141932260000984       3.628468469122224E-016
 -0.219920114710997       3.628468469122224E-016
 -0.204343128726138       2.791129591632480E-016
 -0.101620173260620       9.768953570713680E-017
  5.154471196196053E-002 -8.373388774897440E-017
  0.201267668554314      -2.093347193724360E-016
  0.295435172095085      -2.372460152887608E-016
  0.301836586496290      -1.953790714142736E-016
  0.219172153044626      -5.582259183264960E-017
  7.717785348724751E-002  1.395564795816240E-016
 -7.406091404060791E-002  2.791129591632480E-016
 -0.181770091929391       3.349355509958976E-016
 -0.208896870893441       3.070242550795728E-016
 -0.146848563267640       1.953790714142736E-016
 -1.818359600997558E-002  4.186694387448720E-017
  0.131576083478434      -1.116451836652992E-016
  0.250044031577650      -1.953790714142736E-016
  0.296288497519760      -1.814234234561112E-016
  0.254967588212876      -1.116451836652992E-016
  0.141401461289774       2.791129591632480E-017
 -4.088982414474565E-003  1.814234234561112E-016
 -0.130491198487135       2.930686071214104E-016
 -0.193982249169150       3.209799030377352E-016
 -0.173116210333819       2.372460152887608E-016
 -7.605648453644043E-002  1.116451836652992E-016
  6.258163268851322E-002 -2.791129591632480E-017
  0.194068174143695      -1.395564795816240E-016
  0.272681033993963      -1.674677754979488E-016
  0.271599213195092      -1.256008316234616E-016
  0.192044147511128       0.000000000000000E+000
  6.255679024497608E-002  1.535121275397864E-016
 -7.123311106537665E-002  2.512016632469232E-016
 -0.162681285133153       2.721351351841668E-016
 -0.180386041561702       2.442238392678420E-016
 -0.118963868012936       1.395564795816240E-016
 -6.484976521344939E-004  2.791129591632480E-017
  0.132746159635916      -6.977823979081200E-017
  0.234597655135434      -9.768953570713680E-017
  0.269764752151451      -8.373388774897440E-017
  0.226705412784457      -2.791129591632480E-017
  0.121246548243786       5.582259183264960E-017
 -9.218912402421427E-003  1.535121275397864E-016
 -0.118984894238912       2.232903673305984E-016
 -0.170039932368636       2.442238392678420E-016
 -0.145225033470901       1.884012474351924E-016
 -5.398895763004741E-002  1.116451836652992E-016
  7.118512016021676E-002  1.395564795816240E-017
  0.186337987297592      -6.977823979081200E-017
  0.251467270637010      -9.768953570713680E-017
  0.244418388113336      -6.977823979081200E-017
  0.168411676853199       2.791129591632480E-017
  5.065150046724122E-002  1.256008316234616E-016
 -6.740358773218341E-002  2.093347193724360E-016
 -0.144632214718580       2.302681913096796E-016
 -0.154569291698099       1.814234234561112E-016
 -9.446835734490568E-002  8.373388774897440E-017
  1.399349988739008E-002 -1.395564795816240E-017
  0.132524986347220      -8.373388774897440E-017
  0.219733853301219      -9.768953570713680E-017
  0.245576826144167      -4.186694387448720E-017
  0.201703324393571       5.582259183264960E-017
  0.104133799689770       1.674677754979488E-016
 -1.257883979982211E-002  2.512016632469232E-016
 -0.107580750146781       2.512016632469232E-016
 -0.148013507843007       1.884012474351924E-016
 -0.120373932346386       7.675606376989319E-017
 -3.501188156336118E-002 -2.791129591632480E-017
  7.772775450535799E-002 -9.768953570713680E-017
  0.178286437399819      -9.768953570713680E-017
  0.231768087237354      -4.186694387448720E-017
  0.220043989131027       4.884476785356840E-017
  0.147889126607151       1.395564795816240E-016
  4.107598222144600E-002  2.093347193724360E-016
 -6.282491055405648E-002  2.232903673305984E-016
 -0.127656075129596       1.953790714142736E-016
 -0.131251825092253       9.768953570713680E-017
 -7.301013153970086E-002  1.395564795816240E-017
  2.612653845576762E-002 -6.977823979081200E-017
  0.131194176455576      -9.768953570713680E-017
  0.205534081259889      -6.977823979081200E-017
  0.223579148484440      -6.977823979081200E-018
  0.179641231280155       1.046673596862180E-016
  8.968135556346479E-002  1.953790714142736E-016
 -1.447930607615022E-002  2.512016632469232E-016
 -9.641114308290355E-002  2.512016632469232E-016
 -0.127813526094925       1.814234234561112E-016
 -9.828569714758703E-002  7.675606376989319E-017
 -1.875939382058459E-002 -2.791129591632480E-017
  8.253511154755373E-002 -9.768953570713680E-017
  0.170085272863935      -1.116451836652992E-016
  0.213542652201064      -6.977823979081200E-017
  0.198238528869082       1.395564795816240E-017
  0.130126620011074       1.116451836652992E-016
  3.349050316335102E-002  1.953790714142736E-016
 -5.770895430071373E-002  2.232903673305984E-016
 -0.111764945433875       1.884012474351924E-016
 -0.110244338831630       1.116451836652992E-016
 -5.426708196013040E-002  4.186694387448720E-017
  3.609142191688032E-002 -1.395564795816240E-017
  0.128993814588853      -4.186694387448720E-017
  0.192054639540947      -2.791129591632480E-017
  0.203626072261733       2.093347193724360E-017
  0.160223919768518       9.768953570713680E-017
  7.754836931461001E-002  1.535121275397864E-016
 -1.518805239189336E-002  1.953790714142736E-016
 -8.557868438190461E-002  1.814234234561112E-016
 -0.109343932553563       1.395564795816240E-016
 -7.870162479763000E-002  6.977823979081200E-017
 -4.902433430392015E-003  1.395564795816240E-017
  8.589078898179123E-002 -2.791129591632480E-017
  0.161873870299572      -3.488911989540600E-017
  0.196738648247635      -6.977823979081200E-018
  0.178777804026872       3.488911989540600E-017
  0.114807546317977       1.116451836652992E-016
  2.759687877484771E-002  1.674677754979488E-016
 -5.223222761804085E-002  1.814234234561112E-016
 -9.695387912009358E-002  1.674677754979488E-016
 -9.136448728021816E-002  1.116451836652992E-016
 -3.794526860900879E-002  4.884476785356840E-017
  4.418970543778537E-002 -1.395564795816240E-017
  0.126127540722341      -4.186694387448720E-017
  0.179330948410078      -3.488911989540600E-017
  0.185573837499882       0.000000000000000E+000
  0.143180024624118       6.280041581173080E-017
  6.743135504481300E-002  1.256008316234616E-016
 -1.493501592256794E-002  1.674677754979488E-016
 -7.516082487429859E-002  1.744455994770300E-016
 -9.250470086844484E-002  1.325786556025428E-016
 -6.138130351402512E-002  7.675606376989319E-017
  6.854198493448012E-003  2.791129591632480E-017
  8.804099736423381E-002 -1.395564795816240E-017
  0.153763840434744      -2.093347193724360E-017
  0.181295268782213       0.000000000000000E+000
  0.161451235808290       4.884476785356840E-017
  0.101646135560110       1.116451836652992E-016
  2.313413685706509E-002  1.674677754979488E-016
 -4.654060649999528E-002  1.884012474351924E-016
 -8.320440019617484E-002  1.674677754979488E-016
 -7.443795359779797E-002  1.116451836652992E-016
 -2.377723701759762E-002  4.186694387448720E-017
  5.068750008992379E-002 -1.395564795816240E-017
  0.122767110654093      -4.186694387448720E-017
  0.167381249677966      -3.140020790586540E-017
  0.169282116060369       1.744455994770300E-017
  0.128260884196612       8.373388774897440E-017
  5.906076308359234E-002  1.535121275397864E-016
 -1.391683343006640E-002  1.953790714142736E-016
 -6.521387354829050E-002  1.953790714142736E-016
 -7.719398780166742E-002  1.465343035607052E-016
 -4.610218881515370E-002  6.977823979081200E-017
  1.677465076475130E-002  0.000000000000000E+000
  8.919873929863321E-002 -5.582259183264960E-017
  0.145843088076891      -7.675606376989319E-017
  0.167145729511715      -4.884476785356840E-017
  0.146061958744822       1.395564795816240E-017
  9.038510369715470E-002  9.768953570713680E-017
  1.987455001428103E-002  1.674677754979488E-016
 -4.075353007294792E-002  2.023568953933548E-016
 -7.048747766936225E-002  1.884012474351924E-016
 -5.929919396676474E-002  1.325786556025428E-016
 -1.152031084996115E-002  4.884476785356840E-017
  5.581899677742626E-002 -1.395564795816240E-017
  0.119056475198930      -5.582259183264960E-017
  0.156209799776889      -5.582259183264960E-017
  0.154615201245929      -6.977823979081200E-018
  0.115239319168150       6.977823979081200E-017
  5.219778497611925E-002  1.465343035607052E-016
 -1.230088963125119E-002  1.953790714142736E-016
 -5.577649313766123E-002  2.058458073828954E-016
 -6.330987713341746E-002  1.709566874874894E-016
 -3.265901966047918E-002  9.071171172805560E-017
  2.509469281348714E-002  1.395564795816240E-017
  8.954760152461920E-002 -5.582259183264960E-017
  0.138179379682892      -7.675606376989319E-017
  0.154219358062326      -5.233367984310900E-017
  0.132426707191842       1.395564795816240E-017
  8.079338622301206E-002  1.116451836652992E-016
  1.762001635901488E-002  1.884012474351924E-016
 -3.496770967147196E-002  2.163125433515172E-016
 -5.876604313815797E-002  1.953790714142736E-016
 -4.579191092983942E-002  1.325786556025428E-016
 -9.548893527600251E-004  4.884476785356840E-017
  5.978971687719187E-002 -4.186694387448720E-017
  0.115115418412623      -9.071171172805560E-017
  0.145809612314746      -8.373388774897440E-017
  0.141442897105024      -2.791129591632480E-017
  0.103908366938859       5.582259183264960E-017
  4.663138541226514E-002  1.535121275397864E-016
 -1.022894670818976E-002  2.232903673305984E-016
 -4.687273041116873E-002  2.407349272783014E-016
 -5.075177199431436E-002  1.988679834038142E-016
 -2.086311561442243E-002  1.186230076443804E-016
  3.202423517807251E-002  2.093347193724360E-017
  8.924518524372439E-002 -5.582259183264960E-017
  0.130823468323345      -9.071171172805560E-017
  0.142443317655296      -7.326715178035260E-017
  0.120375541658425      -6.977823979081200E-018
  7.266397339137175E-002  9.071171172805560E-017
  1.619876777410453E-002  1.814234234561112E-016
 -2.926039866504831E-002  2.302681913096796E-016
 -4.799710944493789E-002  2.267792793201390E-016
 -3.376930447897859E-002  1.709566874874894E-016
  8.117227365725182E-003  8.373388774897440E-017
  6.277949949624576E-002 -6.977823979081200E-018
  0.111042793332098      -7.326715178035260E-017
  0.136164802946427      -9.071171172805560E-017
  0.129641155553570      -4.186694387448720E-017
  9.407999781809839E-002  5.582259183264960E-017
  4.217555593431265E-002  1.604899515188676E-016
 -7.820389806733281E-003  2.372460152887608E-016
 -3.851463370719027E-002  2.546905752364638E-016
 -3.942148782795354E-002  2.093347193724360E-016
 -1.054158916355488E-002  1.151340956548398E-016
  3.774969499354804E-002  6.977823979081200E-018
  8.842620010551727E-002 -8.373388774897440E-017
  0.123811822054604      -1.081562716757586E-016
  0.131744014731663      -8.024497575943380E-017
  0.109751450852926      -6.977823979081200E-018
  6.581185612655836E-002  9.768953570713680E-017
  1.546238466599884E-002  1.953790714142736E-016
 -2.369226700288061E-002  2.512016632469232E-016
 -3.813354211250755E-002  2.477127512573826E-016
 -2.309414268002566E-002  1.849123354456518E-016
  1.587446742820578E-002  8.373388774897440E-017
  6.494523707125625E-002 -2.093347193724360E-017
  0.106919391669311      -9.420062371759620E-017
  0.127252584338657      -1.081562716757586E-016
  0.119092503245397      -6.280041581173080E-017
  8.558383414832005E-002  4.186694387448720E-017
  3.866678320199350E-002  1.535121275397864E-016
 -5.175121667719055E-003  2.372460152887608E-016
 -3.070450533771734E-002  2.686462231946262E-016
 -2.922409171200639E-002  2.198014553410578E-016
 -1.536501473940363E-003  1.256008316234616E-016
  4.243620493413996E-002  2.093347193724360E-017
  8.720524694107235E-002 -7.326715178035260E-017
  0.117168998017437      -1.116451836652992E-016
  0.122048234773417      -8.373388774897440E-017
  0.100409859809953       0.000000000000000E+000
  6.007208830356588E-002  1.116451836652992E-016
  1.528309613531694E-002  2.093347193724360E-016
 -1.830992102918435E-002  2.616683992155450E-016
 -2.912552959730746E-002  2.477127512573826E-016
 -1.363868758126856E-002  1.709566874874894E-016
  2.247705720509190E-002  5.582259183264960E-017
  6.642337228028455E-002 -4.884476785356840E-017
  0.102810481712129      -1.116451836652992E-016
  0.119044954267066      -1.046673596862180E-016
  0.109686294589421      -4.186694387448720E-017
  7.826588917400659E-002  6.977823979081200E-017
  3.596172306563631E-002  1.953790714142736E-016
 -2.376137699081840E-003  2.686462231946262E-016
 -2.343683188930238E-002  2.756240471737074E-016
 -2.006852797006320E-002  2.128236313619766E-016
  6.296015156963449E-003  1.046673596862180E-016
  4.622966666086575E-002 -1.395564795816240E-017
  8.567931367516832E-002 -9.768953570713680E-017
  0.110909701010929      -1.221119196339210E-016
  0.113284045430205      -7.675606376989319E-017
  9.221806963591678E-002  1.744455994770300E-017
  5.529796831193333E-002  1.395564795816240E-016
  1.555134479190311E-002  2.372460152887608E-016
 -1.314810582133037E-002  2.826018711527886E-016
 -2.092179321102419E-002  2.512016632469232E-016
 -5.284506854923353E-003  1.604899515188676E-016
  2.806852243935947E-002  4.884476785356840E-017
  6.733217001551424E-002 -4.535585586402780E-017
  9.876804643341834E-002 -9.071171172805560E-017
  0.111510115481998      -7.675606376989319E-017
  0.101318822380191      -6.977823979081200E-018
  7.198733879513093E-002  9.768953570713680E-017
  3.393507061215483E-002  1.953790714142736E-016
  5.081891149951108E-004  2.512016632469232E-016
 -1.669993117800178E-002  2.477127512573826E-016
 -1.186806483378719E-002  1.884012474351924E-016
  1.308664921810147E-002  9.768953570713680E-017
  4.925865184972508E-002  6.977823979081200E-018
  8.393000795498058E-002 -5.931150382219020E-017
  0.105040561877709      -7.501160777512290E-017
  0.105381501402654      -3.663357589017630E-017
  8.505465020071104E-002  3.488911989540600E-017
  5.135934057550292E-002  1.395564795816240E-016
  1.617359598159425E-002  2.232903673305984E-016
 -8.231624145044275E-003  2.581794872260044E-016
 -1.347057286254976E-002  2.302681913096796E-016
  2.077803017534751E-003  1.500232155502458E-016
  3.277711367486204E-002  5.582259183264960E-017
  6.777377856867112E-002 -3.140020790586540E-017
  9.483275154269664E-002 -7.675606376989319E-017
  0.104613661913016      -5.931150382219020E-017
  9.389331313004172E-002  3.488911989540600E-018
  6.662333623469020E-002  9.420062371759620E-017
  3.247761562760636E-002  1.814234234561112E-016
  3.422086014222123E-003  2.407349272783014E-016
 -1.047735066737866E-002  2.442238392678420E-016
 -4.540592312408550E-003  1.953790714142736E-016
  1.895380102837820E-002  1.186230076443804E-016
  5.163615542576973E-002  2.093347193724360E-017
  8.202554896932161E-002 -4.884476785356840E-017
  9.956166780417761E-002 -6.977823979081200E-017
  9.827318132843427E-002 -3.837803188494660E-017
  7.880880344751197E-002  3.837803188494660E-017
  4.814101590760317E-002  1.360675675920834E-016
  1.707037191181070E-002  2.163125433515172E-016
 -3.577003122999821E-003  2.529461192416935E-016
 -6.720420523307077E-003  2.320126473044499E-016
  8.548960252536859E-003  1.639788635084082E-016
  3.671715166171424E-002  6.628932780127140E-017
  6.783609428444025E-002 -1.744455994770300E-017
  9.103567097428138E-002 -6.105595981696049E-017
  9.831956204501885E-002 -4.535585586402780E-017
  8.731983031759651E-002  1.046673596862180E-017
  6.206187703251791E-002  1.046673596862180E-016
  3.149447249813463E-002  1.953790714142736E-016
  6.320595454579677E-003  2.407349272783014E-016
 -4.749048525149447E-003  2.407349272783014E-016
  1.991202656964799E-003  1.918901594247330E-016
  2.400446080483744E-002  1.081562716757586E-016
  5.346120678216861E-002  2.093347193724360E-017
  8.002253975362898E-002 -3.837803188494660E-017
  9.446787360108433E-002 -4.884476785356840E-017
  9.189458313554007E-002 -1.744455994770300E-018
  7.337971183101773E-002  6.977823979081200E-017
  4.554130817154479E-002  1.500232155502458E-016
  1.817449201397426E-002  2.128236313619766E-016
  8.060631126810341E-004  2.337571032992202E-016
 -6.208294898865416E-004  2.041013513881251E-016
  1.422138972121157E-002  1.413009355763943E-016
  3.999029043452312E-002  5.931150382219020E-017
  6.759444380537720E-002 -1.046673596862180E-017
  8.739979512259068E-002 -4.186694387448720E-017
  9.259096688078600E-002 -3.140020790586540E-017
  8.151510535241434E-002  2.791129591632480E-017
  5.820271958934249E-002  1.081562716757586E-016
  3.090347339183006E-002  1.884012474351924E-016
  9.168003678539517E-003  2.337571032992202E-016
  5.076148364119738E-004  2.337571032992202E-016
  7.799761317618999E-003  1.849123354456518E-016
  2.833506431765005E-002  1.081562716757586E-016
  5.482034558917763E-002  2.791129591632480E-017
  7.796754002616445E-002 -2.791129591632480E-017
  8.974992019251891E-002 -3.488911989540600E-017
  8.618440093865726E-002 -3.488911989540600E-018
  6.867588367147086E-002  6.280041581173080E-017
  4.347068363059445E-002  1.430453915711646E-016
  1.942950182232676E-002  2.023568953933548E-016
  4.913469160993868E-003  2.232903673305984E-016
  4.877275922358493E-003  1.988679834038142E-016
  1.917964816594086E-002  1.430453915711646E-016
  4.268669739223357E-002  6.977823979081200E-017
  6.711309771796668E-002  1.046673596862180E-017
  8.394134503200053E-002 -1.918901594247330E-017
  8.739086679143288E-002 -5.233367984310900E-018
  7.640231305536084E-002  4.884476785356840E-017
  5.495636466923524E-002  1.116451836652992E-016
  3.063371357929464E-002  1.674677754979488E-016
  1.193646109610015E-002  2.006124393985845E-016
  5.317049932578227E-003  1.936346154195033E-016
  1.295265918700950E-002  1.500232155502458E-016
  3.203231893985204E-002  8.373388774897440E-017
  5.578896935375062E-002  2.791129591632480E-017
  7.589845831560235E-002 -5.233367984310900E-018
  8.539538390717673E-002 -5.233367984310900E-018
  8.108470352830612E-002  2.965575191109510E-017
  6.461450487692220E-002  9.071171172805560E-017
  4.185051855841060E-002  1.535121275397864E-016
  2.078827364796410E-002  1.953790714142736E-016
  8.745629329766696E-003  1.971235274090439E-016
  9.821168703175244E-003  1.622344075136379E-016
  2.350087012537585E-002  1.081562716757586E-016
  4.488615101063816E-002  4.710031185879810E-017
  6.644662895794275E-002  3.488911989540600E-018
  8.067091374147088E-002 -5.233367984310900E-018
  8.268261873173821E-002  1.221119196339210E-017
  7.191080582745178E-002  5.931150382219020E-017
  5.224309577468051E-002  1.186230076443804E-016
  3.062423791968408E-002  1.709566874874894E-016
  1.460477448582346E-002  1.971235274090439E-016
  9.704754054846125E-003  1.901457034299627E-016
  1.751267666733365E-002  1.482787595554755E-016
  3.517399478293626E-002  8.722279973851500E-017
  5.643256022587969E-002  3.140020790586540E-017
  7.384578084725761E-002 -1.744455994770300E-018
  8.138947773241070E-002  0.000000000000000E+000
  7.654103180879621E-002  3.140020790586540E-017
  6.112080449349590E-002  8.722279973851500E-017
  4.061196009561625E-002  1.430453915711646E-016
  2.221176335703589E-002  1.849123354456518E-016
  1.230656298262767E-002  1.918901594247330E-016
  1.425604669057460E-002  1.674677754979488E-016
  2.725522428895667E-002  1.186230076443804E-016
  4.665905784102308E-002  6.105595981696049E-017
  6.564112878040328E-002  1.570010395293270E-017
  7.759445408387529E-002  3.488911989540600E-018
  7.843036274383949E-002  1.744455994770300E-017
  6.797581838802305E-002  5.582259183264960E-017
  4.999208109172651E-002  1.081562716757586E-016
  3.082285782727314E-002  1.604899515188676E-016
  1.715735271886425E-002  1.849123354456518E-016
  1.369675027096637E-002  1.779345114665706E-016
  2.153792016450450E-002  1.430453915711646E-016
  3.782967717864508E-002  9.071171172805560E-017
  5.680779870470262E-002  3.314466390063570E-017
  7.183365337636538E-002  1.744455994770300E-018
  7.771572345409850E-002  0.000000000000000E+000
  7.250243015098244E-002  3.140020790586540E-017
  5.812743985133131E-002  8.024497575943380E-017
  3.969488494206683E-002  1.360675675920834E-016
  2.366790860159931E-002  1.744455994770300E-016
  1.560311550009102E-002  1.866567914404221E-016
  1.822484298826771E-002  1.692122314927191E-016
  3.050637195163373E-002  1.238563756286913E-016
  4.806739123509793E-002  6.628932780127140E-017
  6.473529247674500E-002  1.744455994770300E-017
  7.471413045315189E-002 -2.616683992155450E-018
  7.459934437230922E-002  6.977823979081200E-018
  6.453815297053264E-002  5.058922384833870E-017
  4.814053672346586E-002  1.081562716757586E-016
  3.118508841221913E-002  1.604899515188676E-016
  1.958328931280961E-002  1.866567914404221E-016
  1.731913232166730E-002  1.831678794508815E-016
  2.508198185936806E-002  1.500232155502458E-016
  4.006147806563298E-002  9.245616772282589E-017
  5.696357191159161E-002  3.488911989540600E-017
  6.988083090871350E-002  2.616683992155450E-018
  7.435651155646089E-002 -8.722279973851500E-019
  6.892142451174045E-002  3.314466390063570E-017
  5.557390564499237E-002  9.071171172805560E-017
  3.904695023407545E-002  1.465343035607052E-016
  2.513065488351385E-002  1.831678794508815E-016
  1.864429804285192E-002  1.866567914404221E-016
  2.176810509208740E-002  1.570010395293270E-016
  3.331192090554509E-002  1.046673596862180E-016
  4.916555482546258E-002  4.535585586402780E-017
  6.376138635060150E-002  5.233367984310900E-018
  7.202905038225364E-002 -6.105595981696050E-018
  7.115615754763996E-002  1.918901594247330E-017
  6.154385313836377E-002  6.977823979081200E-017
  4.663295015361321E-002  1.256008316234616E-016
  3.167319593403132E-002  1.709566874874894E-016
  2.187556663144225E-002  1.884012474351924E-016
  2.059770020685126E-002  1.709566874874894E-016
  2.819412815217592E-002  1.282175156156171E-016
  4.192470490494381E-002  7.326715178035260E-017
  5.694188399890906E-002  2.180569993462875E-017
  6.800150904397609E-002 -7.850051976466350E-018
  7.129356388690618E-002 -3.488911989540600E-018
  6.575395830789244E-002  3.663357589017630E-017
  5.340597008788278E-002  9.420062371759620E-017
  3.862273084270865E-002  1.500232155502458E-016
  2.657909684273832E-002  1.866567914404221E-016
  2.144073108618289E-002  1.918901594247330E-016
  2.492393049178725E-002  1.587454955240973E-016
  3.572386952291635E-002  1.003062196992922E-016
  5.000117421535193E-002  4.186694387448720E-017
  6.274610676868690E-002 -1.744455994770300E-018
  6.953589022198942E-002 -1.221119196339210E-017
  6.806892064549289E-002  8.722279973851500E-018
  5.894387289374642E-002  5.407813583787930E-017
  4.542036227761909E-002  1.099007276705289E-016
  3.225534619724824E-002  1.552565835345567E-016
  2.403036795916477E-002  1.805511954587260E-016
  2.355767309513788E-002  1.692122314927191E-016
  3.091950843355652E-002  1.351953395946982E-016
  4.346848661376984E-002  8.722279973851500E-017
  5.677867607715504E-002  3.925025988233175E-017
  6.620604952430030E-002  1.133896396600695E-017
  6.850831239197769E-002  1.046673596862180E-017
  6.295929539355673E-002  3.488911989540600E-017
  5.157514028059740E-002  7.326715178035260E-017
  3.838293731871319E-002  1.133896396600695E-016
  2.799672314128320E-002  1.500232155502458E-016
  2.400417832075520E-002  1.639788635084082E-016
  2.772794822192065E-002  1.535121275397864E-016
  3.778903698472907E-002  1.186230076443804E-016
  5.061582061962486E-002  6.803378379604170E-017
  6.171134139570099E-002  2.965575191109510E-017
  6.722942777377867E-002  8.722279973851500E-018
  6.530739677796686E-002  1.395564795816240E-017
  5.669374647310516E-002  4.535585586402780E-017
  4.445970587985267E-002  8.896725573328530E-017
  3.290484503948088E-002  1.343231115973131E-016
  2.604648499454568E-002  1.639788635084082E-016
  2.622346784172124E-002  1.683400034953339E-016
  3.329937724993134E-002  1.439176195685497E-016
  4.473635670190698E-002  1.003062196992922E-016
  5.650456279097418E-002  5.233367984310900E-017
  6.450161147624556E-002  1.395564795816240E-017
  6.598220569116972E-002  3.488911989540600E-018
  6.049989805380284E-002  1.744455994770300E-017
  5.003815810647506E-002  5.756704782741990E-017
  3.829370878076289E-002  1.081562716757586E-016
  2.937075425533946E-002  1.517676715450161E-016
  2.634715899594603E-002  1.727011434822597E-016
  3.021333734048141E-002  1.631066355110231E-016
  3.954947662066430E-002  1.212396916365359E-016
  5.104567037526295E-002  6.977823979081200E-017
  6.067484201788176E-002  2.791129591632480E-017
  6.510299340511318E-002  7.850051976466350E-018
  6.284306790356958E-002  1.221119196339210E-017
  5.475326312708309E-002  4.186694387448720E-017
  4.371319809859910E-002  8.896725573328530E-017
  3.359946259882125E-002  1.343231115973131E-016
  2.792480952753472E-002  1.613621795162527E-016
  2.861853287631697E-002  1.631066355110231E-016
  3.537132415334036E-002  1.351953395946982E-016
  4.576679434521225E-002  8.896725573328530E-017
  5.614549237352771E-002  3.663357589017630E-017
  6.289269880199307E-002  1.744455994770300E-018
  6.369695386510189E-002 -3.488911989540600E-018
  5.834128667301600E-002  2.093347193724360E-017
  4.875652729020195E-002  6.628932780127140E-017
  3.832597517877535E-002  1.203674636391507E-016
  3.069156338536599E-002  1.639788635084082E-016
  2.848262812574061E-002  1.831678794508815E-016
  3.241087463701670E-002  1.657233195031785E-016
  4.104287017227857E-002  1.203674636391507E-016
  5.132210432482681E-002  6.280041581173080E-017
  5.965081766728286E-002  1.177507796469953E-017
  6.314884996102504E-002 -9.158393972544076E-018
  6.064917103829504E-002  3.488911989540600E-018
  5.308615025089986E-002  4.535585586402780E-017
  4.314778418571295E-002  1.011784476966774E-016
  3.432083358975679E-002  1.535121275397864E-016
  2.966789919176499E-002  1.805511954587260E-016
  3.076522854049187E-002  1.788067394639557E-016
  3.716950657743108E-002  1.439176195685497E-016
  4.659372455746266E-002  9.507285171498135E-017
  5.572333667362423E-002  4.622808386141295E-017
  6.138163320793767E-002  1.133896396600695E-017
  6.163472058260823E-002  6.977823979081200E-018
  5.645188664413985E-002  2.965575191109510E-017
  4.769607170618485E-002  7.501160777512290E-017
  3.845488354805902E-002  1.273452876182319E-016
  3.195217154356242E-002  1.639788635084082E-016
  3.042371519383553E-002  1.709566874874894E-016
  3.434900503178727E-002  1.465343035607052E-016
  4.230290149531084E-002  1.029229036914477E-016
  5.147225108812459E-002  4.622808386141295E-017
  5.865045608596452E-002  7.850051976466350E-018
  6.135851067318908E-002 -1.744455994770300E-018
  5.870070369590935E-002  2.267792793201390E-017
  5.165976744052730E-002  6.628932780127140E-017
  4.273462971722800E-002  1.133896396600695E-016
  3.505392635547600E-002  1.500232155502458E-016
  3.127960822028801E-002  1.631066355110231E-016
  3.268474612607503E-002  1.456620755633201E-016
  3.872488198315367E-002  1.077201576770660E-016
  4.724697894566707E-002  6.454487180650109E-017
  5.525641729268868E-002  3.292660690128941E-017
  5.996896145600589E-002  1.809873094574186E-017
  5.977827056717368E-002  2.529461192416935E-017
  5.480286713723339E-002  5.233367984310900E-017
  4.682652458409365E-002  9.245616772282589E-017
  3.865928309043919E-002  1.273452876182319E-016
  3.314780867802560E-002  1.474065315580903E-016
  3.218351309257637E-002  1.430453915711646E-016
  3.605392914146971E-002  1.221119196339210E-016
  4.335960879790676E-002  8.635057174112984E-017
  5.151947819083978E-002  5.451424983657187E-017
  5.768238092167013E-002  2.834740991501738E-017
  5.972300325498748E-002  2.529461192416935E-017
  5.697440466687617E-002  4.535585586402780E-017
  5.044481338444197E-002  7.675606376989319E-017
  4.244865832994237E-002  1.116451836652992E-016
  3.578657399296747E-002  1.360675675920834E-016
  3.276477508397715E-002  1.421731635737794E-016
  3.439705890697508E-002  1.282175156156171E-016
  4.006543628766684E-002  1.003062196992922E-016
  4.775271877089386E-002  6.716155579865656E-017
  5.475997359887893E-002  3.750580388756145E-017
  5.865380458484407E-002  2.878352391370995E-017
  5.811107939659176E-002  4.012248787971690E-017
  5.336797552637411E-002  6.454487180650109E-017
  4.612114791321411E-002  9.245616772282589E-017
  3.892126416478019E-002  1.168785516496101E-016
  3.427553344199617E-002  1.290897436130022E-016
  3.377491001883347E-002  1.229841476313061E-016
  3.754970337062215E-002  1.055395876836031E-016
  4.423971498654741E-002  8.068108975812637E-017
  5.148383492678025E-002  5.691287682938103E-017
  5.675305142827368E-002  4.339334286991121E-017
  5.823308745014576E-002  4.448362786664265E-017
  5.544871534894055E-002  5.756704782741990E-017
  4.941504694338009E-002  8.198943175420410E-017
  4.226813203399481E-002  1.029229036914477E-016
  3.650906136033467E-002  1.151340956548398E-016
  3.412895976102150E-002  1.186230076443804E-016
  3.592089937803318E-002  1.037951316888329E-016
  4.121640624438271E-002  8.635057174112984E-017
  4.813382220157196E-002  6.716155579865656E-017
  5.424657801128814E-002  5.625870583134217E-017
  5.743415607304266E-002  5.582259183264960E-017
  5.661741173087425E-002  6.454487180650109E-017
  5.212337056816569E-002  8.024497575943380E-017
  4.555638108081863E-002  9.594507971236650E-017
  3.922574653278212E-002  1.046673596862180E-016
  3.533390491489400E-002  1.099007276705289E-016
  3.521045793746576E-002  1.011784476966774E-016
  3.885834865600417E-002  8.809502773590015E-017
  4.496693607569270E-002  7.871857676400978E-017
  5.138245070346763E-002  6.639835630094454E-017
  5.586711085809162E-002  6.192818781434565E-017
  5.687943246846081E-002  6.105595981696049E-017
  5.410372605586308E-002  6.803378379604170E-017
  4.854702330727662E-002  8.547834374374470E-017
  4.217427117161999E-002  1.011784476966774E-016
  3.721376226931572E-002  1.116451836652992E-016
  3.537822417802014E-002  1.116451836652992E-016
  3.727375772810518E-002  1.024867896927551E-016
  4.220049399551471E-002  8.547834374374470E-017
  4.841023775153451E-002  7.065046778819714E-017
  5.372650357447013E-002  6.083790281761421E-017
  5.630713520280624E-002  5.364202183918673E-017
  5.528237326294180E-002  5.495036383526445E-017
  5.104745681967009E-002  6.977823979081200E-017
  4.511151758022029E-002  8.722279973851500E-017
  3.956011247943583E-002  1.020506756940625E-016
  3.632270023000227E-002  1.116451836652992E-016
  3.650227201793713E-002  1.133896396600695E-016
  3.999996465588149E-002  1.029229036914477E-016
  4.556226792385711E-002  8.700474273916872E-017
  5.122989246796261E-002  7.010532528983143E-017
  5.502768918075861E-002  5.647676283068846E-017
  5.565275998869788E-002  5.058922384833870E-017
  5.292111104274065E-002  5.582259183264960E-017
  4.781984573671004E-002  6.977823979081200E-017
  4.215091114815662E-002  8.722279973851500E-017
  3.789482163725098E-002  1.011784476966774E-016
  3.651895008293388E-002  1.116451836652992E-016
  3.847189729111299E-002  1.081562716757586E-016
  4.303807248391927E-002  9.681730770975165E-017
  4.859930595156976E-002  8.286165975158926E-017
  5.320804847741396E-002  6.694349879931026E-017
  5.526920122745109E-002  5.582259183264960E-017
  5.409194097559150E-002  5.669481983003475E-017
  5.012072226647876E-002  6.628932780127140E-017
  4.476840848069367E-002  8.024497575943380E-017
  3.991388070526138E-002  9.594507971236650E-017
  3.724267266294664E-002  1.099007276705289E-016
  3.766195615982364E-002  1.133896396600695E-016
  4.099284675044025E-002  1.055395876836031E-016
  4.604425179963921E-002  9.191102522446018E-017
  5.103848463858439E-002  7.446646527675718E-017
  5.423666524561781E-002  5.843927582480505E-017
  5.454395773001252E-002  5.669481983003475E-017
  5.188405538629266E-002  6.105595981696049E-017
  4.721493308445052E-002  7.675606376989319E-017
  4.218419314496263E-002  8.896725573328530E-017
  3.854787781972377E-002  1.020506756940625E-016
  3.755768926235242E-002  1.103368416692215E-016
  3.953038334821270E-002  1.107729556679141E-016
  4.374738079997428E-002  1.027048466921014E-016
  4.871605132015283E-002  8.560100080587699E-017
  5.269782181537263E-002  6.781572679669541E-017
  5.431633334698921E-002  5.407813583787930E-017
  5.303297565835367E-002  5.582259183264960E-017
  4.932558069207760E-002  6.454487180650109E-017
  4.451119125462313E-002  7.850051976466350E-017
  4.027841716474547E-002  9.681730770975165E-017
  3.809534528721236E-002  1.081562716757586E-016
  3.870055035584783E-002  1.085923856744512E-016
  4.185360371302995E-002  1.003062196992922E-016
  4.642921946627095E-002  8.427903024734011E-017
  5.081859478471470E-002  6.596224230225197E-017
  5.349489302164099E-002  5.407813583787930E-017
  5.354416798348358E-002  5.233367984310900E-017
  5.097717633686125E-002  5.756704782741990E-017
  4.671580304118571E-002  7.065046778819714E-017
  4.226228612839793E-002  8.983948373067045E-017
  3.916982076659880E-002  1.046673596862180E-016
  3.850104160495695E-002  1.112090696666066E-016
  4.046312220557247E-002  1.051034736849106E-016
  4.434470886195105E-002  9.071171172805560E-017
  4.877344668422507E-002  6.999629679015829E-017
  5.220099455046843E-002  5.233367984310900E-017
  5.344418094978516E-002  4.622808386141295E-017
  5.209322008134269E-002  5.233367984310900E-017
  4.864621994797118E-002  6.541709980388625E-017
  4.432604249895192E-002  8.460611574635955E-017
  4.064667929852851E-002  1.029229036914477E-016
  3.888283580985851E-002  1.090284996731437E-016
  3.962849620371590E-002  1.077201576770660E-016
  4.259727433472764E-002  9.376450971890362E-017
  4.673151861136696E-002  7.653800677054691E-017
  5.057888810623600E-002  5.996567482022906E-017
  5.280239610039539E-002  4.710031185879810E-017
  5.264485494895062E-002  4.971699585095355E-017
  5.018644130694418E-002  6.192818781434565E-017
  4.630787084942917E-002  7.588383577250805E-017
  4.237513758879798E-002  9.507285171498135E-017
  3.975858203959332E-002  1.072840436783735E-016
  3.935555704436546E-002  1.133896396600695E-016
  4.128290795383872E-002  1.037951316888329E-016
  4.484457109386852E-002  8.547834374374470E-017
  4.878265186106014E-002  6.694349879931026E-017
  5.172151929982383E-002  5.451424983657187E-017
  5.264818808167084E-002  4.535585586402780E-017
  5.126128573285853E-002  5.233367984310900E-017
  4.806845697156208E-002  6.803378379604170E-017
  4.420095306123912E-002  8.635057174112984E-017
  4.101299037296965E-002  1.020506756940625E-016
  3.960770866454563E-002  1.099007276705289E-016
  4.045561737697098E-002  1.055395876836031E-016
  4.323744164527304E-002  9.332839572021105E-017
  4.696371954741171E-002  7.828246276531721E-017
  5.032655357046430E-002  6.585321380257883E-017
  5.215853423272427E-002  5.669481983003475E-017
  5.183785423400562E-002  5.320590784049415E-017
  4.949908427093565E-002  5.756704782741990E-017
  4.597826307332233E-002  6.890601179342685E-017
  4.251425057365036E-002  8.373388774897440E-017
  4.031295309871922E-002  9.856176370452194E-017
  4.012765789226289E-002  1.099007276705289E-016
  4.200147473477161E-002  1.099007276705289E-016
  4.525986898116229E-002  9.932496320223396E-017
  4.875322865306665E-002  8.329777375028182E-017
  5.126232226952025E-002  6.672544179996398E-017
  5.192369565373939E-002  5.233367984310900E-017
  5.052663059663459E-002  4.448362786664265E-017
  4.757960013782339E-002  4.971699585095355E-017
  4.412552407937898E-002  6.454487180650109E-017
  4.137284089753893E-002  8.722279973851500E-017
  4.027285086236416E-002  1.099007276705289E-016
  4.119111230641872E-002  1.199313496404581E-016
  4.378634367947169E-002  1.155702096535324E-016
  4.713680417476177E-002  9.856176370452194E-017
  5.006750437100151E-002  7.588383577250805E-017
  5.156214528749643E-002  5.451424983657187E-017
  5.111540743663894E-002  4.535585586402780E-017
  4.890352201522575E-002  4.797253985618325E-017
  4.571564589279908E-002  6.105595981696049E-017
  4.267248471609740E-002  8.111720375681895E-017
  4.083242860820122E-002  1.020506756940625E-016
  4.082357850118387E-002  1.120812976639918E-016
  4.262955270463692E-002  1.105548986685678E-016
  4.560204255869531E-002  9.790759270648308E-017
  4.869333403359352E-002  7.522966477446918E-017
  5.082547035985564E-002  5.495036383526445E-017
  5.126602449308570E-002  3.837803188494660E-017
  4.987953006711118E-002  3.837803188494660E-017
  4.716831931449553E-002  5.233367984310900E-017
  4.409078246314969E-002  7.762829176727835E-017
  4.172271433642182E-002  1.037951316888329E-016
  4.088136848618248E-002  1.221119196339210E-016
  4.184355671308149E-002  1.269091736195393E-016
  4.425497999658407E-002  1.160063236522249E-016
  4.726033823829315E-002  8.983948373067045E-017
  4.980655518237177E-002  5.931150382219020E-017
  5.101166566966541E-002  3.270854990194312E-017
  5.047018434591558E-002  2.529461192416935E-017
  4.838927139043700E-002  3.488911989540600E-017
  4.551006730252635E-002  6.018373181957535E-017
  4.284387910021450E-002  9.158393972544075E-017
  4.131707183038160E-002  1.142618676574547E-016
  4.144931957966803E-002  1.238563756286913E-016
  4.317692619899906E-002  1.168785516496101E-016
  4.588121102386568E-002  9.594507971236650E-017
  4.860989331741563E-002  7.065046778819714E-017
  5.041231619261160E-002  4.753642585749068E-017
  5.067054197384294E-002  3.663357589017630E-017
  4.931104277130825E-002  3.663357589017630E-017
  4.682452381280892E-002  5.320590784049415E-017
  4.408901438086349E-002  7.239492378296745E-017
  4.205993456462815E-002  9.332839572021105E-017
  4.143650106380292E-002  1.064118156809883E-016
  4.242091397631697E-002  1.077201576770660E-016
  4.465321337715321E-002  9.507285171498135E-017
  4.734262792622101E-002  7.697412076923949E-017
  4.954757849866423E-002  6.149207381565307E-017
  5.050523191345549E-002  5.320590784049415E-017
  4.989529495169402E-002  5.233367984310900E-017
  4.794686847254160E-002  5.931150382219020E-017
  4.535281253406009E-002  7.239492378296745E-017
  4.302349494566197E-002  8.547834374374470E-017
  4.176739946947525E-002  9.420062371759620E-017
  4.201061482466782E-002  9.899787770321452E-017
  4.365249287521988E-002  9.376450971890362E-017
  4.610630277524188E-002  8.264360275224296E-017
  4.850875501789943E-002  7.108658178688972E-017
  5.002362355445582E-002  6.192818781434565E-017
  5.013271463589515E-002  5.669481983003475E-017
  4.881297277862472E-002  5.931150382219020E-017
  4.653924828119922E-002  6.977823979081200E-017
  4.411361536177633E-002  8.111720375681895E-017
  4.238253274003218E-002  8.983948373067045E-017
  4.194155137158701E-002  9.245616772282589E-017
  4.293055162149355E-002  8.896725573328530E-017
  4.498986630262509E-002  8.482417274570583E-017
  4.739086185928146E-002  7.457549377643032E-017
  4.929364216522675E-002  6.323652981042338E-017
  5.004076587314299E-002  5.451424983657187E-017
  4.938429315062796E-002  5.146145184572385E-017
  4.756779033168094E-002  5.407813583787930E-017
  4.523627197933702E-002  6.541709980388625E-017
  4.320727623419202E-002  7.937274776204865E-017
  4.218428359681826E-002  8.722279973851500E-017
  4.251290784073799E-002  9.507285171498135E-017
  4.406432284232167E-002  9.158393972544075E-017
  4.628517525901100E-002  7.915469076270236E-017
  4.839482899662113E-002  6.280041581173080E-017
  4.965967551202920E-002  5.320590784049415E-017
  4.964814890265540E-002  4.710031185879810E-017
  4.837782943051831E-002  5.407813583787930E-017
  4.630454647340698E-002  6.716155579865656E-017
  4.415895568146288E-002  8.460611574635955E-017
  4.268913147071123E-002  9.768953570713680E-017
  4.239982850580335E-002  1.011784476966774E-016
  4.337926247484807E-002  9.507285171498135E-017
  4.527281197282577E-002  8.198943175420410E-017
  4.741123950400108E-002  6.628932780127140E-017
  4.904713004088897E-002  5.146145184572385E-017
  4.961604566695305E-002  4.622808386141295E-017
  4.893117376764859E-002  5.495036383526445E-017
  4.724437993203535E-002  7.152269578558230E-017
  4.515382087113624E-002  9.245616772282589E-017
  4.339192653747802E-002  1.081562716757586E-016
  4.256886853657023E-002  1.125174116626843E-016
  4.296133758613181E-002  1.037951316888329E-016
  4.441971698750852E-002  8.504222974505213E-017
  4.642472506567774E-002  6.280041581173080E-017
  4.827220941267217E-002  4.361139986925750E-017
  4.932036723330892E-002  3.837803188494660E-017
  4.921262174444763E-002  4.971699585095355E-017
  4.799878580625307E-002  6.716155579865656E-017
  4.611339273056313E-002  9.507285171498135E-017
  4.422025976045477E-002  1.160063236522249E-016
  4.297884435154904E-002  1.256008316234616E-016
  4.281460231611718E-002  1.203674636391507E-016
  4.377328926287975E-002  1.024867896927551E-016
  4.550905973916101E-002  7.850051976466350E-017
  4.740908701825102E-002  5.276979384180157E-017
  4.880984756503982E-002  3.488911989540600E-017
  4.922876428734196E-002  3.576134789279115E-017
  4.853036427623369E-002  5.495036383526445E-017
  4.696977453888996E-002  8.373388774897440E-017
  4.509970996819250E-002  1.142618676574547E-016
  4.357480043854337E-002  1.343231115973131E-016
  4.292250081686700E-002  1.343231115973131E-016
  4.336073082568385E-002  1.164424376509175E-016
  4.472526387866903E-002  8.765891373720757E-017
  4.653098876148543E-002  6.018373181957535E-017
  4.814428387985471E-002  4.055860187840947E-017
  4.900528534594947E-002  3.532523389409857E-017
  4.882210289762899E-002  4.797253985618325E-017
  4.766963665488948E-002  7.152269578558230E-017
  4.595959094570194E-002  1.020506756940625E-016
  4.429349837390290E-002  1.229841476313061E-016
  4.325118912538401E-002  1.317064276051577E-016
  4.318906752663722E-002  1.221119196339210E-016
  4.411835163351930E-002  1.003062196992922E-016
  4.570483493107477E-002  7.283103778166003E-017
  4.738896150328008E-002  5.233367984310900E-017
  4.858311384966421E-002  4.099471587710205E-017
  4.887657757168469E-002  4.361139986925750E-017
  4.817671239374163E-002  6.105595981696049E-017
  4.673783788640794E-002  8.635057174112984E-017
  4.506896649640632E-002  1.037951316888329E-016
  4.375380806675831E-002  1.142618676574547E-016
  4.324667049742320E-002  1.160063236522249E-016
  4.371560028226250E-002  1.042312456875254E-016
  4.498689476629011E-002  8.373388774897440E-017
  4.660923496603785E-002  6.323652981042338E-017
  4.801383014189085E-002  5.015310984964612E-017
  4.871377547580225E-002  4.535585586402780E-017
  4.847277003910049E-002  5.058922384833870E-017
  4.738475646394738E-002  6.541709980388625E-017
  4.583769072541526E-002  8.809502773590015E-017
  4.437529254006738E-002  1.099007276705289E-016
  4.350601289224582E-002  1.221119196339210E-016
  4.352631607692626E-002  1.155702096535324E-016
  4.441967474967782E-002  9.768953570713680E-017
  4.586565313317296E-002  7.631994977120063E-017
  4.735474459612442E-002  6.061984581826793E-017
  4.836784177145050E-002  5.058922384833870E-017
  4.855714302947088E-002  5.407813583787930E-017
  4.786547054690364E-002  6.716155579865656E-017
  4.654309625825476E-002  8.373388774897440E-017
  4.505730461065714E-002  9.507285171498135E-017
  4.392733138824440E-002  1.046673596862180E-016
  4.354296237180534E-002  1.020506756940625E-016
  4.403014736538310E-002  9.245616772282589E-017
  4.520993632968223E-002  7.806440576597092E-017
  4.666404820226109E-002  6.541709980388625E-017
  4.788310147978789E-002  6.018373181957535E-017
  4.844499943694135E-002  6.541709980388625E-017
  4.816101812890081E-002  7.675606376989319E-017
  4.713905819855868E-002  9.158393972544075E-017
  4.574291042427528E-002  1.020506756940625E-016
  4.446282802659170E-002  1.037951316888329E-016
  4.374342794579370E-002  1.003062196992922E-016
  4.382931640041383E-002  9.071171172805560E-017
  4.468201875563976E-002  8.024497575943380E-017
  4.599638903340782E-002  7.239492378296745E-017
  4.730972629152082E-002  6.716155579865656E-017
  4.816460740341692E-002  6.498098580519367E-017
  4.826815084390305E-002  7.239492378296745E-017
  4.759227804446386E-002  8.286165975158926E-017
  4.638067855020071E-002  9.158393972544075E-017
  4.506104466203742E-002  1.029229036914477E-016
  4.409415100911398E-002  1.072840436783735E-016
  4.381301571230400E-002  1.072840436783735E-016
  4.430826851983052E-002  9.507285171498135E-017
  4.539916091418507E-002  7.980886176074122E-017
  4.669940504945461E-002  6.192818781434565E-017
  4.775390197249564E-002  5.189756584441643E-017
  4.819798338744796E-002  5.233367984310900E-017
  4.788346396794270E-002  6.192818781434565E-017
  4.692795312862826E-002  7.937274776204865E-017
  4.567106670078696E-002  9.943399170190710E-017
  4.455377948460174E-002  1.160063236522249E-016
  4.396375695941061E-002  1.212396916365359E-016
  4.410089852265739E-002  1.107729556679141E-016
  4.490970854583930E-002  9.114782572674818E-017
  4.610134001138826E-002  6.803378379604170E-017
  4.725667983472153E-002  4.797253985618325E-017
  4.797370999912975E-002  4.099471587710205E-017
  4.800734820572635E-002  5.320590784049415E-017
  4.735314165641800E-002  7.501160777512290E-017
  4.624626031658450E-002  9.332839572021105E-017
  4.507704058115015E-002  1.090284996731437E-016
  4.425338235797965E-002  1.125174116626843E-016
  4.405849137876813E-002  1.029229036914477E-016
  4.455356438117939E-002  8.591445774243728E-017
  4.555883409069014E-002  6.716155579865656E-017
  4.671874312671000E-002  4.928088185226097E-017
  4.762765264262257E-002  4.448362786664265E-017
  4.797165812207260E-002  5.233367984310900E-017
  4.763694687157347E-002  6.803378379604170E-017
  4.674731206301100E-002  8.635057174112984E-017
  4.561851022688398E-002  1.037951316888329E-016
  4.464624329073849E-002  1.133896396600695E-016
  4.416748637605097E-002  1.090284996731437E-016
  4.434374400869553E-002  9.681730770975165E-017
  4.510666337630260E-002  8.111720375681895E-017
  4.618428467246474E-002  6.585321380257883E-017
  4.719792847716158E-002  5.756704782741990E-017
  4.779522362533133E-002  5.538647783395703E-017
  4.777255799370363E-002  6.192818781434565E-017
  4.714441518003887E-002  7.413937977773775E-017
  4.613601174877777E-002  8.896725573328530E-017
  4.510261471799384E-002  9.768953570713680E-017
  4.440442021645721E-002  1.011784476966774E-016
  4.428104525113975E-002  9.638119371105907E-017
  4.476935105105957E-002  8.591445774243728E-017
  4.569275943869461E-002  7.588383577250805E-017
  4.672502342410625E-002  6.977823979081200E-017
  4.750544943372104E-002  6.236430181303822E-017
  4.776489254282519E-002  6.280041581173080E-017
  4.741852623061563E-002  6.803378379604170E-017
  4.659342822673659E-002  8.024497575943380E-017
  4.558206717453985E-002  9.158393972544075E-017
  4.473867824554768E-002  9.856176370452194E-017
  4.435522697647058E-002  9.681730770975165E-017
  4.456037991901681E-002  9.027559772936302E-017
  4.527642595365526E-002  7.719217776858577E-017
  4.624853655968317E-002  6.846989779473427E-017
  4.713540483678656E-002  6.498098580519367E-017
  4.762904143041136E-002  6.628932780127140E-017
  4.756169268796252E-002  7.152269578558230E-017
  4.696277846981568E-002  8.024497575943380E-017
  4.604654949155288E-002  8.896725573328530E-017
  4.513549951167551E-002  9.507285171498135E-017
  4.454689066192900E-002  9.594507971236650E-017
  4.448230706991494E-002  9.202005372413333E-017
  4.495867291483945E-002  8.547834374374470E-017
  4.580432051122869E-002  7.806440576597092E-017
  4.672078648424367E-002  7.108658178688972E-017
  4.738811388482948E-002  7.108658178688972E-017
  4.757652123065857E-002  7.762829176727835E-017
  4.722547661811361E-002  8.198943175420410E-017
  4.646298194786028E-002  8.809502773590015E-017
  4.555898610137354E-002  8.983948373067045E-017
  4.482985334264540E-002  9.245616772282589E-017
  4.452768071050275E-002  9.114782572674818E-017
  4.475317604900563E-002  8.722279973851500E-017
  4.542219071706114E-002  8.417000174766697E-017
  4.629699329369629E-002  8.068108975812637E-017
  4.707070355482283E-002  7.762829176727835E-017
  4.747491343631328E-002  7.544772177381548E-017
  4.737276428814396E-002  7.501160777512290E-017
  4.680521631970119E-002  7.326715178035260E-017
  4.597489217077610E-002  7.588383577250805E-017
  4.517378539773517E-002  8.111720375681895E-017
  4.468060957570859E-002  8.373388774897440E-017
  4.466386388048064E-002  8.765891373720757E-017
  4.512431651986760E-002  8.678668573982242E-017
  4.589651998618153E-002  7.937274776204865E-017
  4.670820291806575E-002  7.370326577904517E-017
  4.727623729177275E-002  7.021435378950458E-017
  4.740536693484948E-002  6.977823979081200E-017
  4.705528100056528E-002  7.152269578558230E-017
  4.635300726279702E-002  7.501160777512290E-017
  4.554688986084506E-002  7.937274776204865E-017
  4.491880188633238E-002  8.635057174112984E-017
  4.468561297621882E-002  9.071171172805560E-017
  4.492434482858255E-002  8.722279973851500E-017
  4.554683109654697E-002  8.024497575943380E-017
  4.633218140173148E-002  7.457549377643032E-017
  4.700512789152124E-002  7.065046778819714E-017
  4.733247864979453E-002  6.672544179996398E-017
  4.720389090661480E-002  6.890601179342685E-017
  4.666899750996189E-002  6.890601179342685E-017
  4.591841948159754E-002  7.501160777512290E-017
  4.521587439639996E-002  8.111720375681895E-017
  4.480554695209885E-002  8.809502773590015E-017
  4.482724737730503E-002  9.071171172805560E-017
  4.526882511513081E-002  9.376450971890362E-017
  4.597201604537197E-002  9.420062371759620E-017
  4.668911871754571E-002  8.896725573328530E-017
  4.717021907325932E-002  7.806440576597092E-017
  4.725025870059368E-002  6.454487180650109E-017
  4.690562252547473E-002  5.669481983003475E-017
  4.626086050142557E-002  5.756704782741990E-017
  4.554373217062652E-002  6.541709980388625E-017
  4.500478129554650E-002  7.850051976466350E-017
  4.482982962276302E-002  9.071171172805560E-017
  4.507594334847562E-002  9.943399170190710E-017
  4.565292558845425E-002  1.020506756940625E-016
  4.635629710199612E-002  9.768953570713680E-017
  4.693973085543302E-002  8.765891373720757E-017
  4.720129220504612E-002  7.239492378296745E-017
  4.705330061679761E-002  6.192818781434565E-017
  4.655165426594629E-002  5.843927582480505E-017
  4.587483466895737E-002  6.454487180650109E-017
  4.526043886093729E-002  7.501160777512290E-017
  4.492179631987141E-002  8.373388774897440E-017
  4.497392453330275E-002  8.983948373067045E-017
  4.539451352461164E-002  9.114782572674818E-017
  4.603315605156178E-002  8.460611574635955E-017
  4.666509580453054E-002  7.719217776858577E-017
  4.707029999309242E-002  6.977823979081200E-017
  4.711004626890539E-002  6.367264380911595E-017
  4.677437528127824E-002  6.280041581173080E-017
  4.618419087442167E-002  7.065046778819714E-017
  4.554775848402798E-002  8.198943175420410E-017
  4.508723798902252E-002  9.332839572021105E-017
  4.496115803501624E-002  9.768953570713680E-017
  4.520987705838141E-002  9.768953570713680E-017
  4.574278253665247E-002  9.332839572021105E-017
  4.637124331054278E-002  8.722279973851500E-017
  4.687535141447492E-002  7.675606376989319E-017
  4.708084817308755E-002  6.890601179342685E-017
  4.691933305682341E-002  6.367264380911595E-017
  4.645096232085492E-002  6.541709980388625E-017
  4.584213022061925E-002  7.239492378296745E-017
  4.530638490089749E-002  8.547834374374470E-017
  4.502954865766489E-002  9.856176370452194E-017
  4.510529097930611E-002  1.059757016822957E-016
  4.550348308807397E-002  1.037951316888329E-016
  4.608200761571016E-002  9.463673771628878E-017
  4.663744823053750E-002  8.068108975812637E-017
  4.697659082776996E-002  6.977823979081200E-017
  4.698361130536292E-002  6.192818781434565E-017
  4.665959435984116E-002  6.192818781434565E-017
  4.612091305395997E-002  6.628932780127140E-017
  4.555747082313952E-002  7.762829176727835E-017
  4.516577680015826E-002  8.896725573328530E-017
  4.508043173264339E-002  9.943399170190710E-017
  4.532790475133371E-002  1.020506756940625E-016
  4.581846354789497E-002  9.856176370452194E-017
  4.637866313454279E-002  8.853114173459273E-017
  4.681264629269681E-002  7.850051976466350E-017
  4.697059860364766E-002  6.977823979081200E-017
  4.680043921821818E-002  6.367264380911595E-017
  4.636492172789895E-002  6.192818781434565E-017
  4.581855658607788E-002  6.280041581173080E-017
  4.535282002999680E-002  6.977823979081200E-017
  4.512907024898620E-002  8.198943175420410E-017
  4.522266666934188E-002  9.289228172151847E-017
  4.559763645565935E-002  1.024867896927551E-016
  4.612038716318144E-002  1.016145616953700E-016
  4.660727441716200E-002  9.507285171498135E-017
  4.688909701128215E-002  8.547834374374470E-017
  4.686987594482532E-002  7.065046778819714E-017
  4.655950549468447E-002  5.669481983003475E-017
  4.606918171401921E-002  5.320590784049415E-017
  4.557159624793507E-002  5.669481983003475E-017
  4.524013442032101E-002  6.454487180650109E-017
  4.518847798311899E-002  7.850051976466350E-017
  4.543164450893531E-002  9.332839572021105E-017
  4.588180550240735E-002  1.033590176901403E-016
  4.637997010991822E-002  1.046673596862180E-016
  4.675211781447865E-002  9.725342170844423E-017
  4.686996930196675E-002  8.329777375028182E-017
  4.669517978725202E-002  6.192818781434565E-017
  4.629173852797563E-002  4.710031185879810E-017
  4.580259373170256E-002  5.058922384833870E-017
  4.539902462235249E-002  6.192818781434565E-017
  4.522068398120256E-002  7.544772177381548E-017
  4.532729343016699E-002  9.027559772936302E-017
  4.567869206759796E-002  1.051034736849106E-016
  4.614988611926827E-002  1.081562716757586E-016
  4.657548580144848E-002  1.007423336979848E-016
  4.680773973587572E-002  9.158393972544075E-017
  4.676780907726046E-002  7.588383577250805E-017
  4.647249449887183E-002  6.018373181957535E-017
  4.602736797708317E-002  4.710031185879810E-017
  4.558905865239811E-002  4.622808386141295E-017
  4.531015641617577E-002  5.669481983003475E-017
  4.528610798858660E-002  7.239492378296745E-017
  4.552258033466614E-002  9.332839572021105E-017
  4.593444114744610E-002  1.059757016822957E-016
  4.637637543302933E-002  1.090284996731437E-016
  4.669413821799288E-002  1.020506756940625E-016
  4.677837278567173E-002  8.547834374374470E-017
  4.660222235205848E-002  7.239492378296745E-017
  4.622980734620523E-002  5.931150382219020E-017
  4.579292534263696E-002  5.495036383526445E-017
  4.544442679349282E-002  5.843927582480505E-017
  4.530475364645110E-002  6.759766979734912E-017
  4.542033404903031E-002  7.631994977120063E-017
  4.574819818848414E-002  8.678668573982242E-017
  4.617189484208401E-002  9.158393972544075E-017
  4.654283222547168E-002  9.594507971236650E-017
  4.673237393876078E-002  9.856176370452194E-017
  4.667643074460365E-002  9.071171172805560E-017
  4.639709668415522E-002  7.850051976466350E-017
  4.599403769920667E-002  6.541709980388625E-017
  4.560895359630172E-002  5.582259183264960E-017
  4.537577741013139E-002  5.407813583787930E-017
  4.537410926044614E-002  5.843927582480505E-017
  4.560206924812322E-002  7.370326577904517E-017
  4.597781828301571E-002  9.420062371759620E-017
  4.636891242617260E-002  1.077201576770660E-016
  4.663897082224230E-002  1.085923856744512E-016
  4.669521881514448E-002  1.003062196992922E-016
  4.652033774087390E-002  8.460611574635955E-017
  4.617769496349657E-002  6.280041581173080E-017
  4.578841548463718E-002  4.797253985618325E-017
  4.548858035383283E-002  4.535585586402780E-017
  4.538167085108524E-002  4.884476785356840E-017
  4.550287260261023E-002  6.672544179996398E-017
  4.580754639778781E-002  9.027559772936302E-017
  4.618762443530407E-002  1.072840436783735E-016
  4.650992438477242E-002  1.116451836652992E-016
  4.666280355999319E-002  1.042312456875254E-016
  4.659481496949337E-002  8.722279973851500E-017
  4.633198640672496E-002  6.454487180650109E-017
  4.596793151448565E-002  4.884476785356840E-017
  4.563052589921546E-002  4.622808386141295E-017
  4.543700405326839E-002  5.233367984310900E-017
  4.545323984390564E-002  7.021435378950458E-017
  4.567134865255230E-002  9.027559772936302E-017
  4.601321756594342E-002  1.068479296796809E-016
  4.635845846548650E-002  1.129535256613769E-016
  4.658678839685367E-002  1.077201576770660E-016
  4.661992284420087E-002  9.158393972544075E-017
  4.644839571503828E-002  6.890601179342685E-017
  4.613412488697845E-002  5.146145184572385E-017
  4.578808754366059E-002  4.535585586402780E-017
  4.553114551200953E-002  5.058922384833870E-017
  4.545184418444886E-002  6.410875780780853E-017
  4.557591577319004E-002  7.893663376335608E-017
  4.585798446532968E-002  9.725342170844423E-017
  4.619812657499454E-002  1.081562716757586E-016
  4.647725362641799E-002  1.099007276705289E-016
  4.659879441585696E-002  9.856176370452194E-017
  4.652209129322622E-002  8.198943175420410E-017
  4.627596685399907E-002  6.716155579865656E-017
  4.594794655229615E-002  5.669481983003475E-017
  4.565314974130887E-002  5.058922384833870E-017
  4.549390045724774E-002  5.495036383526445E-017
  4.552422409787975E-002  6.192818781434565E-017
  4.573154382210364E-002  7.501160777512290E-017
  4.604176897174837E-002  9.332839572021105E-017
  4.634575458788400E-002  1.042312456875254E-016
  4.653768905106184E-002  1.072840436783735E-016
  4.655191269602203E-002  1.003062196992922E-016
  4.638536020408113E-002  8.460611574635955E-017
  4.609796292497421E-002  7.065046778819714E-017
  4.579110526715659E-002  5.843927582480505E-017
  4.557187203351796E-002  5.146145184572385E-017
  4.551569033773292E-002  5.451424983657187E-017
  4.564039493597386E-002  6.977823979081200E-017
  4.590062856301715E-002  8.417000174766697E-017
  4.620431148437183E-002  9.725342170844423E-017
  4.644520936448857E-002  1.007423336979848E-016
  4.654008499477472E-002  9.594507971236650E-017
  4.645744526180035E-002  8.286165975158926E-017
  4.622796016065794E-002  6.803378379604170E-017
  4.593311973569316E-002  6.105595981696049E-017
  4.567631103331741E-002  5.756704782741990E-017
  4.554657578583220E-002  6.105595981696049E-017
  4.558774977403021E-002  7.370326577904517E-017
  4.578367538452049E-002  8.547834374374470E-017
  4.606446696378765E-002  9.681730770975165E-017
  4.633142298115864E-002  1.020506756940625E-016
  4.649170992791916E-002  9.856176370452194E-017
  4.649063373173572E-002  8.722279973851500E-017
  4.633028423868987E-002  7.239492378296745E-017
  4.606820375761059E-002  6.018373181957535E-017
  4.579675573827127E-002  5.407813583787930E-017
  4.561058458644337E-002  5.843927582480505E-017
  4.557362689974010E-002  6.759766979734912E-017
  4.569716883457337E-002  7.806440576597092E-017
  4.593647478282012E-002  8.765891373720757E-017
  4.620696418822695E-002  9.420062371759620E-017
  4.641409435885084E-002  9.289228172151847E-017
  4.648639544886404E-002  8.591445774243728E-017
  4.640011806497971E-002  8.024497575943380E-017
  4.618699791999355E-002  7.239492378296745E-017
  4.592261256661597E-002  6.454487180650109E-017
  4.569959183543910E-002  6.018373181957535E-017
  4.559517373793263E-002  6.105595981696049E-017
  4.564446617286554E-002  7.065046778819714E-017
  4.582866670002241E-002  8.242554575289668E-017
  4.608218442652278E-002  9.463673771628878E-017
  4.631598254870942E-002  1.024867896927551E-016
  4.644883896164351E-002  1.024867896927551E-016
  4.643555274546935E-002  9.420062371759620E-017
  4.628230471008404E-002  7.850051976466350E-017
  4.604395848261956E-002  6.367264380911595E-017
  4.580443412224128E-002  5.320590784049415E-017
  4.564717003073205E-002  5.058922384833870E-017
  4.562606658885815E-002  5.843927582480505E-017
  4.574702669060976E-002  6.803378379604170E-017
  4.596640994629172E-002  8.068108975812637E-017
  4.620675917529793E-002  8.983948373067045E-017
  4.638413808225945E-002  9.463673771628878E-017
  4.643743502350706E-002  9.202005372413333E-017
  4.634940550345330E-002  8.460611574635955E-017
  4.615221213807125E-002  7.065046778819714E-017
  4.591569730261487E-002  6.105595981696049E-017
  4.572265662178088E-002  5.669481983003475E-017
  4.563986368266969E-002  5.931150382219020E-017
  4.569498318504976E-002  6.716155579865656E-017
  4.586735105848959E-002  7.588383577250805E-017
  4.609568542487092E-002  8.155331775551153E-017
  4.629986272761997E-002  8.024497575943380E-017
  4.640902493009983E-002  8.155331775551153E-017
  4.638616078974139E-002  8.024497575943380E-017
  4.624063706080851E-002  7.762829176727835E-017
  4.602444310694929E-002  7.501160777512290E-017
  4.581363003284267E-002  6.803378379604170E-017
  4.568156643039301E-002  6.454487180650109E-017
  4.567341270971010E-002  6.367264380911595E-017
  4.579069161853854E-002  6.498098580519367E-017
  4.599122170338023E-002  6.672544179996398E-017
  4.620427359239734E-002  7.326715178035260E-017
  4.635550838117689E-002  7.850051976466350E-017
  4.639290813948716E-002  8.940336973197787E-017
  4.630465643296362E-002  9.245616772282589E-017
  4.612282666272885E-002  9.245616772282589E-017
  4.591174443034695E-002  8.722279973851500E-017
  4.574524020315980E-002  7.850051976466350E-017
  4.568083323298232E-002  7.021435378950458E-017
  4.573987105279288E-002  6.149207381565307E-017
  4.590047863514830E-002  6.105595981696049E-017
  4.610563685486239E-002  6.498098580519367E-017
  4.628341572627603E-002  7.326715178035260E-017
  4.637218601059148E-002  7.980886176074122E-017
  4.634197510839149E-002  8.547834374374470E-017
  4.620456999176658E-002  8.547834374374470E-017
  4.600896794805134E-002  8.286165975158926E-017
  4.582391537566480E-002  7.937274776204865E-017
  4.571375358931527E-002  7.065046778819714E-017
  4.571605564908556E-002  6.105595981696049E-017
  4.582882423863407E-002  5.887538982349762E-017
  4.601160792824634E-002  5.800316182611247E-017
  4.619999908886780E-002  6.410875780780853E-017
  4.632832161725309E-002  7.501160777512290E-017
  4.635251931715138E-002  8.591445774243728E-017
  4.626527081135309E-002  9.245616772282589E-017
  4.609814910664608E-002  9.245616772282589E-017
  4.591021134278203E-002  8.286165975158926E-017
  4.576713713650229E-002  6.716155579865656E-017
  4.571828206797551E-002  5.451424983657187E-017
  4.577966070975627E-002  4.710031185879810E-017
  4.592872316021450E-002  4.710031185879810E-017
  4.611261905255801E-002  5.233367984310900E-017
  4.626692733545415E-002  6.672544179996398E-017
  4.633821702532386E-002  7.937274776204865E-017
  4.630254033057519E-002  8.896725573328530E-017
  4.617346025304702E-002  9.594507971236650E-017
  4.599692790379985E-002  9.420062371759620E-017
  4.583493353400612E-002  8.460611574635955E-017
  4.574374493106195E-002  6.803378379604170E-017
  4.575437024911921E-002  5.582259183264960E-017
  4.586202639994360E-002  5.233367984310900E-017
  4.602818542766097E-002  5.538647783395703E-017
  4.619435242416779E-002  6.541709980388625E-017
  4.630265145916177E-002  7.937274776204865E-017
  4.631597710947009E-002  9.071171172805560E-017
  4.623069745447295E-002  9.158393972544075E-017
  4.607756327323964E-002  8.460611574635955E-017
  4.591063212965807E-002  7.239492378296745E-017
  4.578819246371784E-002  6.280041581173080E-017
  4.575241683564655E-002  5.451424983657187E-017
  4.581484457862461E-002  4.753642585749068E-017
  4.595268827073776E-002  5.058922384833870E-017
  4.611713542866338E-002  6.236430181303822E-017
  4.625062645496302E-002  7.631994977120063E-017
  4.630699554297638E-002  9.071171172805560E-017
  4.626742905837684E-002  9.768953570713680E-017
  4.614672757139933E-002  9.158393972544075E-017
  4.598779354662683E-002  8.373388774897440E-017
  4.584638977220191E-002  7.413937977773775E-017
  4.577158056113036E-002  6.323652981042338E-017
  4.578871391651734E-002  5.669481983003475E-017
  4.589084494127956E-002  5.276979384180157E-017
  4.604149798362989E-002  5.189756584441643E-017
  4.618768494526976E-002  5.974761782088278E-017
  4.627853647844218E-002  7.152269578558230E-017
  4.628299719058678E-002  8.155331775551153E-017
  4.620043158950054E-002  9.071171172805560E-017
  4.606052208565152E-002  8.983948373067045E-017
  4.591260839401344E-002  8.198943175420410E-017
  4.580829363671808E-002  6.716155579865656E-017
  4.578344698701548E-002  5.538647783395703E-017
  4.584587772366597E-002  4.666419786010552E-017
  4.597291352352627E-002  4.753642585749068E-017
  4.611962119576279E-002  5.320590784049415E-017
  4.623469346654917E-002  6.541709980388625E-017
  4.627838698467197E-002  8.198943175420410E-017
  4.623624196206419E-002  9.158393972544075E-017
  4.612384975475781E-002  9.245616772282589E-017
  4.598110299535615E-002  8.547834374374470E-017
  4.585804274006674E-002  7.588383577250805E-017
  4.579732136681064E-002  6.280041581173080E-017
  4.581942534516898E-002  5.015310984964612E-017
  4.591577543227145E-002  4.971699585095355E-017
  4.605202375645127E-002  5.364202183918673E-017
  4.618029103423302E-002  6.323652981042338E-017
  4.625598668811457E-002  7.937274776204865E-017
  4.625330472828388E-002  9.158393972544075E-017
  4.617401227912202E-002  9.507285171498135E-017
  4.604654101231156E-002  8.983948373067045E-017
  4.591580101141575E-002  8.286165975158926E-017
  4.582736349819221E-002  7.326715178035260E-017
  4.581158141017017E-002  6.323652981042338E-017
  4.587317927149367E-002  5.669481983003475E-017
  4.598988005681696E-002  5.189756584441643E-017
  4.612045125378633E-002  5.538647783395703E-017
  4.621926757294359E-002  6.323652981042338E-017
  4.625224886614806E-002  7.588383577250805E-017
  4.620860748067682E-002  8.547834374374470E-017
  4.610435800372569E-002  9.507285171498135E-017
  4.597645451716308E-002  9.332839572021105E-017
  4.586969697078302E-002  8.111720375681895E-017
  4.582104402501275E-002  6.498098580519367E-017
  4.584682374592840E-002  5.189756584441643E-017
  4.593726584842176E-002  4.535585586402780E-017
  4.606018207770521E-002  4.884476785356840E-017
  4.617241561992203E-002  6.061984581826793E-017
  4.623498914909135E-002  8.068108975812637E-017
  4.622663615255859E-002  9.507285171498135E-017
  4.615101977700030E-002  1.081562716757586E-016
  4.603519197722173E-002  1.046673596862180E-016
  4.591992275265352E-002  9.420062371759620E-017
  4.584535419983293E-002  7.893663376335608E-017
  4.583702574846495E-002  6.585321380257883E-017
  4.589713402710160E-002  5.320590784049415E-017
  4.600401589553628E-002  5.146145184572385E-017
  4.611994729740063E-002  5.407813583787930E-017
  4.620445321266464E-002  6.759766979734912E-017
  4.622843429299830E-002  8.155331775551153E-017
  4.618418121128418E-002  9.768953570713680E-017
  4.608783245114848E-002  1.064118156809883E-016
  4.597349981187958E-002  1.029229036914477E-016
  4.588119627291698E-002  8.896725573328530E-017
  4.584283680234081E-002  6.890601179342685E-017
  4.587120849192181E-002  5.146145184572385E-017
  4.595572014425327E-002  4.099471587710205E-017
  4.606633966490912E-002  3.881414588363917E-017
  4.616426084147544E-002  4.884476785356840E-017
  4.621551275675009E-002  7.065046778819714E-017
  4.620274041803155E-002  9.376450971890362E-017
  4.613107286372298E-002  1.090284996731437E-016
  4.602609773900604E-002  1.160063236522249E-016
  4.592473169503099E-002  1.081562716757586E-016
  4.586224195094517E-002  8.896725573328530E-017
  4.585998030122755E-002  6.628932780127140E-017
  4.591809422429226E-002  4.666419786010552E-017
  4.601570090080372E-002  3.663357589017630E-017
  4.611838420662316E-002  3.881414588363917E-017
  4.619032565052686E-002  5.407813583787930E-017
  4.620679481235709E-002  7.457549377643032E-017
  4.616264505766413E-002  9.507285171498135E-017
  4.607389794360645E-002  1.072840436783735E-016
  4.597193793133985E-002  1.064118156809883E-016
  4.589241792524338E-002  9.507285171498135E-017
  4.586279604435439E-002  7.588383577250805E-017
  4.589285910059369E-002  5.407813583787930E-017
  4.597150169721843E-002  3.968637388102433E-017
  4.607081629093389E-002  3.358077789932828E-017
  4.615599194487234E-002  4.012248787971690E-017
  4.619751230841766E-002  6.018373181957535E-017
  4.618137984503987E-002  8.242554575289668E-017
  4.611382620279665E-002  1.020506756940625E-016
  4.601892671970487E-002  1.133896396600695E-016
  4.593002535190149E-002  1.099007276705289E-016
  4.587802250078087E-002  9.376450971890362E-017
  4.588063841796765E-002  6.803378379604170E-017
  4.593638136005795E-002  4.186694387448720E-017
  4.602527136896069E-002  2.791129591632480E-017
  4.611599577923056E-002  3.052797990848025E-017
  4.617693583474399E-002  4.797253985618325E-017
  4.618718271223162E-002  7.370326577904517E-017
  4.614370619814983E-002  9.943399170190710E-017
  4.606222007263969E-002  1.133896396600695E-016
  4.597150978747230E-002  1.142618676574547E-016
  4.590326759067577E-002  9.856176370452194E-017
  4.588102326245256E-002  7.108658178688972E-017
  4.591203548504042E-002  4.012248787971690E-017
  4.598493660226578E-002  2.267792793201390E-017
  4.607388994192003E-002  2.355015592939905E-017
  4.614774248785332E-002  3.663357589017630E-017
  4.618093194188582E-002  6.280041581173080E-017
  4.616233061284893E-002  8.853114173459273E-017
  4.609896774803336E-002  1.055395876836031E-016
  4.601338826209855E-002  1.160063236522249E-016
  4.593563545460918E-002  1.046673596862180E-016
  4.589270726755569E-002  8.896725573328530E-017
  4.589918530836961E-002  6.323652981042338E-017
  4.595228807149183E-002  4.666419786010552E-017
  4.603302428903618E-002  3.576134789279115E-017
  4.611297986056553E-002  3.706968988886887E-017
  4.616431460305978E-002  4.928088185226097E-017
  4.616945284874389E-002  6.890601179342685E-017
  4.612709592280304E-002  9.071171172805560E-017
  4.605250145860658E-002  1.081562716757586E-016
  4.597199320427227E-002  1.125174116626843E-016
  4.591367487280183E-002  1.003062196992922E-016
  4.589762273722544E-002  7.850051976466350E-017
  4.592897841713538E-002  5.320590784049415E-017
  4.599631680299918E-002  3.358077789932828E-017
  4.607580149749623E-002  2.616683992155450E-017
  4.613961892258173E-002  3.663357589017630E-017
  4.616570802537953E-002  5.800316182611247E-017
  4.614538296831011E-002  8.329777375028182E-017
  4.608621622668613E-002  1.029229036914477E-016
  4.600922829287547E-002  1.099007276705289E-016
  4.594142332551276E-002  1.046673596862180E-016
  4.590632003594753E-002  8.329777375028182E-017
  4.591579720041104E-002  5.843927582480505E-017
  4.596608002156434E-002  4.012248787971690E-017
  4.603922127034014E-002  3.009186590978768E-017
  4.610950292323419E-002  3.140020790586540E-017
  4.615247631247983E-002  4.404751386795008E-017
  4.615346407172871E-002  6.890601179342685E-017
  4.611256838173772E-002  9.071171172805560E-017
  4.604447828611364E-002  1.046673596862180E-016
  4.597319847053149E-002  1.055395876836031E-016
  4.592358944530389E-002  9.114782572674818E-017
  4.591269956652177E-002  6.672544179996398E-017
  4.594391015367352E-002  3.881414588363917E-017
  4.600590305037890E-002  1.613621795162527E-017
  4.607675896669954E-002  1.308341996077725E-017
  4.613170461980874E-002  2.965575191109510E-017
  4.615177157057314E-002  6.192818781434565E-017
  4.613034120437014E-002  9.463673771628878E-017
  4.607531871678102E-002  1.186230076443804E-016
  4.600622536808994E-002  1.247286036260764E-016
  4.594727578518255E-002  1.085923856744512E-016
  4.591889415299018E-002  7.762829176727835E-017
  4.593064078789140E-002  4.317528587056492E-017
  4.597799776674859E-002  2.006124393985845E-017
  4.604409215394006E-002  1.570010395293270E-017
  4.610570414599423E-002  2.834740991501738E-017
  4.614142195990090E-002  5.756704782741990E-017
  4.613908031034731E-002  8.809502773590015E-017
  4.609989927919984E-002  1.151340956548398E-016
  4.603791708680165E-002  1.212396916365359E-016
  4.597496435216795E-002  1.090284996731437E-016
  4.593297769089322E-002  8.155331775551153E-017
  4.592635809495342E-002  4.971699585095355E-017
  4.595703518438665E-002  2.791129591632480E-017
  4.601392768404235E-002  2.049735793855103E-017
  4.607694131222962E-002  2.703906791893965E-017
  4.612406339296331E-002  5.189756584441643E-017
  4.613905023224118E-002  8.068108975812637E-017
  4.611702345498113E-002  1.068479296796809E-016
  4.606604833212484E-002  1.186230076443804E-016
  4.600418707697450E-002  1.125174116626843E-016
  4.595310154115525E-002  8.983948373067045E-017
  4.593047015969518E-002  6.192818781434565E-017
  4.594387291658619E-002  3.314466390063570E-017
  4.598825858515347E-002  1.395564795816240E-017
  4.604783832324150E-002  1.439176195685498E-017
  4.610169903792714E-002  3.227243590325055E-017
  4.613114185421872E-002  6.280041581173080E-017
  4.612617137253081E-002  9.289228172151847E-017
  4.608888454177872E-002  1.138257536587621E-016
  4.603261176281115E-002  1.168785516496101E-016
  4.597715452512413E-002  1.020506756940625E-016
  4.594181979230867E-002  7.195880978427487E-017
  4.593870066917476E-002  3.925025988233175E-017
  4.596854106732210E-002  1.308341996077725E-017
  4.602059723468448E-002  2.180569993462875E-018
  4.607650189461674E-002  1.570010395293270E-017
  4.611674257553431E-002  4.317528587056492E-017
  4.612746995087830E-002  7.980886176074122E-017
  4.610526134605956E-002  1.099007276705289E-016
  4.605820202431698E-002  1.256008316234616E-016
  4.600294678018811E-002  1.168785516496101E-016
  4.595882800976379E-002  9.289228172151847E-017
  4.594109380250219E-002  5.800316182611247E-017
  4.595564046525723E-002  2.529461192416935E-017
  4.599705824864091E-002  9.594507971236649E-018
  4.605063572985983E-002  1.046673596862180E-017
  4.609758265080507E-002  2.703906791893965E-017
  4.612161789431911E-002  5.843927582480505E-017
  4.611461350508016E-002  8.722279973851500E-017
  4.607933898376799E-002  1.112090696666066E-016
  4.602838084237196E-002  1.173146656483027E-016
  4.597965439201972E-002  1.024867896927551E-016
  4.595010722342968E-002  7.457549377643032E-017
  4.594982667010476E-002  4.055860187840947E-017
  4.597859932284477E-002  1.482787595554755E-017
  4.602609484864666E-002  1.308341996077725E-017
  4.607557156662313E-002  2.660295392024707E-017
  4.610977570036418E-002  5.189756584441643E-017
  4.611695628807817E-002  7.937274776204865E-017
  4.609489953610012E-002  1.007423336979848E-016
  4.605159850765448E-002  1.072840436783735E-016
  4.600236065891502E-002  1.024867896927551E-016
  4.596439852651058E-002  8.460611574635955E-017
  4.595081437481258E-002  5.843927582480505E-017
  4.596608038394178E-002  3.532523389409857E-017
  4.600457272647578E-002  1.875290194378072E-017
  4.605263765152703E-002  1.570010395293270E-017
  4.609343241944976E-002  2.703906791893965E-017
  4.611282550169533E-002  5.189756584441643E-017
  4.610428975503877E-002  8.155331775551153E-017
  4.607109498810546E-002  1.029229036914477E-016
  4.602506495757559E-002  1.107729556679141E-016
  4.598236824801097E-002  1.020506756940625E-016
  4.595784059364270E-002  8.286165975158926E-017
  4.595983177937044E-002  5.756704782741990E-017
  4.598736636251623E-002  3.183632190455798E-017
  4.603058253801105E-002  1.570010395293270E-017
  4.607426144678118E-002  1.613621795162527E-017
  4.610318482502439E-002  3.009186590978768E-017
  4.610743549856179E-002  5.276979384180157E-017
  4.608579517476967E-002  8.024497575943380E-017
  4.604607630998964E-002  9.943399170190710E-017
  4.600230505181035E-002  1.059757016822957E-016
  4.596976990420570E-002  9.943399170190710E-017
  4.595968334444427E-002  7.980886176074122E-017
  4.597531985739171E-002  5.538647783395703E-017
  4.601095981147568E-002  3.183632190455798E-017
  4.605397719899657E-002  2.093347193724360E-017
  4.608931066685677E-002  2.267792793201390E-017
  4.610473525125690E-002  3.968637388102433E-017
  4.609509016744825E-002  6.410875780780853E-017
  4.606400121740778E-002  8.591445774243728E-017
  4.602252453341453E-002  9.987010570059967E-017
  4.598521676358065E-002  1.024867896927551E-016
  4.596502780329353E-002  9.376450971890362E-017
  4.596880744270383E-002  7.806440576597092E-017
  4.599498443341087E-002  6.018373181957535E-017
  4.603420326116926E-002  4.317528587056492E-017
  4.607266539945640E-002  3.445300589671342E-017
  4.609698254330228E-002  3.532523389409857E-017
  4.609883537744865E-002  4.622808386141295E-017
  4.607781730321276E-002  6.105595981696049E-017
  4.604149195030115E-002  7.893663376335608E-017
  4.600267405756229E-002  9.507285171498135E-017
  4.597491030163544E-002  1.024867896927551E-016
  4.596775322789740E-002  9.725342170844423E-017
  4.598347656631877E-002  7.980886176074122E-017
  4.601636066248097E-002  5.756704782741990E-017
  4.605476958885872E-002  3.837803188494660E-017
  4.608526680795347E-002  2.878352391370995E-017
  4.609731423917714E-002  3.227243590325055E-017
  4.608691184973004E-002  4.797253985618325E-017
  4.605792136629611E-002  6.672544179996398E-017
  4.602063767654071E-002  8.591445774243728E-017
  4.598813475423028E-002  9.507285171498135E-017
  4.597168247237202E-002  9.638119371105907E-017
  4.597684049788146E-002  8.155331775551153E-017
  4.600158256213070E-002  5.495036383526445E-017
  4.603708284010439E-002  3.488911989540600E-017
  4.607086224724424E-002  2.703906791893965E-017
  4.609117371898008E-002  3.358077789932828E-017
  4.609108591661207E-002  5.189756584441643E-017
  4.607084621580693E-002  7.065046778819714E-017
  4.603771824188972E-002  8.853114173459273E-017
  4.600337738175389E-002  1.007423336979848E-016
  4.597979736885612E-002  1.011784476966774E-016
  4.597507667687984E-002  8.765891373720757E-017
  4.599065902328928E-002  6.759766979734912E-017
  4.602090125932742E-002  4.971699585095355E-017
  4.605511419891107E-002  3.663357589017630E-017
  4.608133928308276E-002  3.445300589671342E-017
  4.609052722233582E-002  4.535585586402780E-017
  4.607965892864069E-002  6.585321380257883E-017
  4.605273296340524E-002  8.460611574635955E-017
  4.601929825184356E-002  9.725342170844423E-017
  4.599106920924384E-002  9.812564970582938E-017
  4.597782260852899E-002  8.722279973851500E-017
  4.598401293910820E-002  7.108658178688972E-017
  4.600727748594829E-002  5.625870583134217E-017
  4.603933172155578E-002  4.404751386795008E-017
  4.606891773990344E-002  4.273917187187235E-017
  4.608575697453213E-002  4.971699585095355E-017
  4.608411979971371E-002  6.323652981042338E-017
  4.606477279965732E-002  8.155331775551153E-017
  4.603464271864875E-002  9.332839572021105E-017
  4.600433840772569E-002  9.463673771628878E-017
  4.598441663832309E-002  8.853114173459273E-017
  4.598170574664726E-002  7.631994977120063E-017
  4.599696696376843E-002  6.410875780780853E-017
  4.602469376844191E-002  4.884476785356840E-017
  4.605509642229286E-002  4.012248787971690E-017
  4.607755724967167E-002  4.579196986272038E-017
  4.608433756002368E-002  5.669481983003475E-017
  4.607324242197015E-002  6.803378379604170E-017
  4.604832622911754E-002  7.850051976466350E-017
  4.601841413482807E-002  8.286165975158926E-017
  4.599397755381993E-002  8.329777375028182E-017
  4.598346948413742E-002  7.501160777512290E-017
  4.599040179357085E-002  5.931150382219020E-017
  4.601217456120629E-002  4.622808386141295E-017
  4.604104658988390E-002  4.055860187840947E-017
  4.606688630242069E-002  4.361139986925750E-017
  4.608072596408491E-002  5.582259183264960E-017
  4.607787276172007E-002  7.631994977120063E-017
  4.605949786514073E-002  8.983948373067045E-017
  4.603216618072538E-002  9.463673771628878E-017
  4.600549247222204E-002  9.071171172805560E-017
  4.598876013396440E-002  7.719217776858577E-017
  4.598769131939930E-002  5.887538982349762E-017
  4.600249177599550E-002  4.710031185879810E-017
  4.602783781875554E-002  4.012248787971690E-017
  4.605478933602587E-002  4.099471587710205E-017
  4.607394205805762E-002  5.320590784049415E-017
  4.607870798505587E-002  7.152269578558230E-017
  4.606758004383692E-002  8.853114173459273E-017
  4.604460299310269E-002  1.007423336979848E-016
  4.601790562783661E-002  1.016145616953700E-016
  4.599682612091419E-002  8.940336973197787E-017
  4.598864669540145E-002  7.065046778819714E-017
  4.599607908926468E-002  5.407813583787930E-017
  4.601636864139083E-002  4.361139986925750E-017
  4.604231183986556E-002  4.273917187187235E-017
  4.606481258321589E-002  5.276979384180157E-017
  4.607607045697486E-002  7.283103778166003E-017
  4.607228383533182E-002  9.071171172805560E-017
  4.605493147825576E-002  1.003062196992922E-016
  4.603020135503104E-002  1.029229036914477E-016
  4.600678532772804E-002  9.245616772282589E-017
  4.599282517299877E-002  7.326715178035260E-017
  4.599308265927801E-002  5.146145184572385E-017
  4.600731695613298E-002  3.358077789932828E-017
  4.603042168888997E-002  2.921963791240252E-017
  4.605425519894415E-002  3.925025988233175E-017
  4.607050853511412E-002  6.149207381565307E-017
  4.607360122826875E-002  8.504222974505213E-017
  4.606259595953283E-002  1.007423336979848E-016
  4.604147567412402E-002  1.046673596862180E-016
  4.601770402836958E-002  9.202005372413333E-017
  4.599958881108270E-002  7.457549377643032E-017
  4.599337937950735E-002  5.669481983003475E-017
  4.600111189617636E-002  4.535585586402780E-017
  4.601994491922624E-002  4.055860187840947E-017
  4.604320091786972E-002  4.361139986925750E-017
  4.606273282194703E-002  5.713093382872733E-017
  4.607177725547733E-002  7.152269578558230E-017
  4.606729550375993E-002  8.809502773590015E-017
  4.605099230334794E-002  9.332839572021105E-017
  4.602867166543661E-002  8.983948373067045E-017
  4.600817177454252E-002  7.806440576597092E-017
  4.599661333778477E-002  6.236430181303822E-017
  4.599792707846837E-002  5.102533784703127E-017
  4.601151857751883E-002  4.666419786010552E-017
  4.603252340756779E-002  5.102533784703127E-017
  4.605354679326530E-002  5.974761782088278E-017
  4.606726609713511E-002  6.890601179342685E-017
  4.606898051751483E-002  7.893663376335608E-017
  4.605822050333776E-002  8.198943175420410E-017
  4.603886632324412E-002  7.980886176074122E-017
  4.601775033808593E-002  7.370326577904517E-017
  4.600224592046647E-002  6.628932780127140E-017
  4.599769356852207E-002  5.887538982349762E-017
  4.600556242552605E-002  5.233367984310900E-017
  4.602297972875597E-002  5.582259183264960E-017
  4.604377753992624E-002  6.105595981696049E-017
  4.606067605487677E-002  6.759766979734912E-017
  4.606783096776199E-002  7.239492378296745E-017
  4.606285377662999E-002  7.370326577904517E-017
  4.604760696291817E-002  7.108658178688972E-017
  4.602751010705795E-002  7.195880978427487E-017
  4.600961444677001E-002  7.239492378296745E-017
  4.600012959727881E-002  7.719217776858577E-017
  4.600226969653515E-002  7.850051976466350E-017
  4.601516576490855E-002  7.850051976466350E-017
  4.603421176996682E-002  7.501160777512290E-017
  4.605270862328362E-002  6.672544179996398E-017
  4.606421971140930E-002  5.756704782741990E-017
  4.606480996970757E-002  5.102533784703127E-017
  4.605438987052347E-002  5.495036383526445E-017
  4.603670573048725E-002  6.018373181957535E-017
  4.601799410147809E-002  7.065046778819714E-017
  4.600478311879935E-002  7.719217776858577E-017
  4.600161566119560E-002  8.242554575289668E-017
  4.600948817407042E-002  8.460611574635955E-017
  4.602554130472152E-002  8.373388774897440E-017
  4.604409679513635E-002  7.806440576597092E-017
  4.605866517432546E-002  6.759766979734912E-017
  4.606421465483345E-002  5.669481983003475E-017
  4.605890820345079E-002  5.102533784703127E-017
  4.604470941964561E-002  4.971699585095355E-017
  4.602665821876976E-002  5.713093382872733E-017
  4.601108273753447E-002  6.977823979081200E-017
  4.600338155978242E-002  8.024497575943380E-017
  4.600615327747396E-002  9.027559772936302E-017
  4.601832116635855E-002  8.983948373067045E-017
  4.603554727331593E-002  8.678668573982242E-017
  4.605177798386716E-002  7.631994977120063E-017
  4.606137072403419E-002  6.105595981696049E-017
  4.606105489216833E-002  5.407813583787930E-017
  4.605104579285520E-002  5.276979384180157E-017
  4.603493259415457E-002  5.756704782741990E-017
  4.601839236369207E-002  6.410875780780853E-017
  4.600719056095561E-002  7.675606376989319E-017
  4.600517199603352E-002  8.896725573328530E-017
  4.601294210247722E-002  9.376450971890362E-017
  4.602769049766225E-002  9.332839572021105E-017
  4.604420614270912E-002  8.940336973197787E-017
  4.605671785736565E-002  7.762829176727835E-017
  4.606091036813191E-002  6.716155579865656E-017
  4.605541183701715E-002  6.236430181303822E-017
  4.604224038442756E-002  6.105595981696049E-017
  4.602606514794911E-002  6.759766979734912E-017
  4.601255184980910E-002  7.544772177381548E-017
  4.600637884058599E-002  8.024497575943380E-017
  4.600961813103508E-002  8.198943175420410E-017
  4.602104141691126E-002  8.591445774243728E-017
  4.603658297544824E-002  8.417000174766697E-017
  4.605078591063382E-002  7.980886176074122E-017
  4.605871756978108E-002  7.108658178688972E-017
  4.605768200747467E-002  5.974761782088278E-017
  4.604813520524929E-002  5.364202183918673E-017
  4.603349275131204E-002  5.407813583787930E-017
  4.601890873748718E-002  6.280041581173080E-017
  4.600946211708134E-002  7.413937977773775E-017
  4.600838851099518E-002  8.329777375028182E-017
  4.601597283853643E-002  9.332839572021105E-017
  4.602948144406947E-002  9.594507971236650E-017
  4.604414631066683E-002  9.289228172151847E-017
  4.605484737761677E-002  8.373388774897440E-017
  4.605789959257940E-002  7.108658178688972E-017
  4.605232115730021E-002  5.756704782741990E-017
  4.604014675312622E-002  4.753642585749068E-017
  4.602568680142272E-002  4.797253985618325E-017
  4.601400196031121E-002  5.931150382219020E-017
  4.600913252987336E-002  7.152269578558230E-017
  4.601270206672028E-002  8.198943175420410E-017
  4.602337758952588E-002  9.202005372413333E-017
  4.603736528031060E-002  9.507285171498135E-017
  4.604975802287719E-002  8.809502773590015E-017
  4.605625637822258E-002  7.544772177381548E-017
  4.605465961417882E-002  6.280041581173080E-017
  4.604560990982465E-002  5.625870583134217E-017
  4.603233846745037E-002  5.407813583787930E-017
  4.601951256987999E-002  5.800316182611247E-017
  4.601159470777288E-002  6.585321380257883E-017
  4.601129047695761E-002  7.544772177381548E-017
  4.601862489749608E-002  8.591445774243728E-017
  4.603096219166251E-002  8.983948373067045E-017
  4.604395210396014E-002  8.809502773590015E-017
  4.605306331277662E-002  7.544772177381548E-017
  4.605516360815023E-002  6.410875780780853E-017
  4.604959596478573E-002  5.974761782088278E-017
  4.603838107378808E-002  6.454487180650109E-017
