  0.999999989041702       0.000000000000000E+000
  0.850604597428202      -7.306495339784033E-017
  0.456873835083082      -1.461299067956807E-016
 -4.188658835275278E-002 -2.191948601935210E-016
 -0.471362623085529      -1.461299067956807E-016
 -0.683136771912855      -7.306495339784033E-017
 -0.605958303165319      -3.653247669892017E-017
 -0.269674949750486       7.306495339784033E-017
  0.206197138891898       1.461299067956807E-016
  0.654923415535363       1.461299067956807E-016
  0.920952152228513       7.306495339784033E-017
  0.913817158891682      -7.306495339784033E-017
  0.638869870116532      -1.461299067956807E-016
  0.194412029885200      -1.461299067956807E-016
 -0.263421491365047      -7.306495339784033E-017
 -0.575494591261748       3.653247669892017E-017
 -0.634966783462751       7.306495339784033E-017
 -0.423846450722924       3.653247669892017E-017
 -1.830353307661925E-002  0.000000000000000E+000
  0.438774421602271      -7.306495339784033E-017
  0.788107132308049      -7.306495339784033E-017
  0.909509499351709       0.000000000000000E+000
  0.763218191059843       7.306495339784033E-017
  0.402853991967949       7.306495339784033E-017
 -4.418303717791626E-002  7.306495339784033E-017
 -0.421734254944639       7.306495339784033E-017
 -0.599416462942359       3.653247669892017E-017
 -0.517630355880275       3.653247669892017E-017
 -0.207513031115349       3.653247669892017E-017
  0.220830785148656       0.000000000000000E+000
  0.617397696869990       0.000000000000000E+000
  0.844799348273171      -3.653247669892017E-017
  0.825842208304016       3.653247669892017E-017
  0.569701737487578       3.653247669892017E-017
  0.167826487552034       0.000000000000000E+000
 -0.238686701976259       3.653247669892017E-017
 -0.508615980455392       5.479871504838024E-017
 -0.549659719215082       5.479871504838024E-017
 -0.349976167543129       3.653247669892017E-017
  1.855132247680907E-002  0.000000000000000E+000
  0.426159739767113      -3.653247669892017E-017
  0.730880323426764      -7.306495339784033E-017
  0.827970386939269      -1.461299067956807E-016
  0.685896665613263      -7.306495339784033E-017
  0.356515398686503       0.000000000000000E+000
 -4.381451930564076E-002  7.306495339784033E-017
 -0.375320172468706       1.461299067956807E-016
 -0.523601887774892       1.461299067956807E-016
 -0.439095088253901       7.306495339784033E-017
 -0.153600508962785      -7.306495339784033E-017
  0.231616416008503      -1.461299067956807E-016
  0.581724744188527      -1.461299067956807E-016
  0.775505920438283      -1.095974300967605E-016
  0.747307544729476      -3.653247669892017E-017
  0.509258202744504       1.461299067956807E-016
  0.146236383223582       2.922598135913613E-016
 -0.214372409889043       3.287922902902815E-016
 -0.447362036852320       2.009286218440609E-016
 -0.473164695146661       5.479871504838024E-017
 -0.285002861036644      -1.461299067956807E-016
  4.952348503235062E-002 -2.922598135913613E-016
  0.412696365152035      -2.922598135913613E-016
  0.678088965785454      -1.643961451451407E-016
  0.754563180785926       1.826623834946008E-017
  0.617548694760938       2.557273368924411E-016
  0.316874851350815       4.383897203870419E-016
 -4.131766059972298E-002  4.383897203870419E-016
 -0.332030598496337       2.922598135913613E-016
 -0.455016458525484       3.653247669892017E-017
 -0.369332056816634      -2.191948601935210E-016
 -0.106932889254030      -3.653247669892016E-016
  0.239192107017711      -4.383897203870419E-016
  0.547956699613385      -3.287922902902815E-016
  0.712524377614972      -3.653247669892017E-017
  0.677260755141000       2.557273368924411E-016
  0.456515241825652       5.114546737848823E-016
  0.128900778954661       5.845196271827227E-016
 -0.190683792998726       5.114546737848823E-016
 -0.391338208591313       2.557273368924411E-016
 -0.404632398560447      -1.095974300967605E-016
 -0.227923823662806      -4.383897203870419E-016
  7.541759951816243E-002 -5.845196271827227E-016
  0.398711916604765      -5.114546737848823E-016
  0.629473303605429      -2.739935752419012E-016
  0.688535568942034       5.479871504838024E-017
  0.557194310471980       4.383897203870419E-016
  0.283065922291893       6.575845805805630E-016
 -3.714715294864068E-002  6.210521038816428E-016
 -0.291756404826033       4.018572436881218E-016
 -0.393032536945656       3.653247669892017E-017
 -0.307420008142150      -3.287922902902815E-016
 -6.661979181539572E-002 -5.845196271827227E-016
  0.244107022289005      -6.210521038816428E-016
  0.516112945547216      -4.383897203870419E-016
  0.655341740218870      -1.095974300967605E-016
  0.614838845015409       2.922598135913613E-016
  0.410561848511424       5.845196271827227E-016
  0.115176175012219       6.575845805805630E-016
 -0.167777531138129       5.114546737848823E-016
 -0.340166402505790       2.009286218440609E-016
 -0.343288223972784      -2.191948601935210E-016
 -0.177842438559664      -5.479871504838025E-016
  9.693831682792420E-002 -6.210521038816428E-016
  0.384475082316972      -5.114546737848823E-016
  0.584776049315149      -2.009286218440609E-016
  0.629197901500755       1.461299067956807E-016
  0.503954299440735       4.383897203870419E-016
  0.254325929004634       5.845196271827227E-016
 -3.168672832866570E-002  5.479871504838025E-016
 -0.254374305454905       4.018572436881218E-016
 -0.337069169145530       1.461299067956807E-016
 -0.252528084863881      -2.009286218440609E-016
 -3.187281477292152E-002 -5.114546737848823E-016
  0.246832577798224      -5.845196271827227E-016
  0.486186365254608      -4.383897203870419E-016
  0.603478712197817      -1.095974300967605E-016
  0.559260621494714       3.287922902902815E-016
  0.370588283971386       5.845196271827227E-016
  0.104504689666073       6.941170572794831E-016
 -0.145769649813200       5.479871504838025E-016
 -0.293486228010699       2.009286218440609E-016
 -0.288426612963387      -1.826623834946008E-016
 -0.133957711781786      -4.749221970859621E-016
  0.114701825403152      -5.845196271827227E-016
  0.370204141631165      -5.114546737848823E-016
  0.543744910528456      -2.374610985429811E-016
  0.575918851668242       1.643961451451407E-016
  0.457040521598742       4.749221970859621E-016
  0.229984273734878       6.575845805805630E-016
 -2.525878177254390E-002  6.210521038816428E-016
 -0.219751174849277       4.201234820375819E-016
 -0.286589708030457       5.479871504838024E-017
 -0.203907700840203      -3.105260519408214E-016
 -1.994596784452247E-003 -5.845196271827227E-016
  0.247772311920200      -6.575845805805630E-016
  0.458148677766766      -4.931884354354222E-016
  0.556488624050087      -1.278636684462206E-016
  0.509819628282282       3.105260519408214E-016
  0.335875470600927       6.210521038816428E-016
  9.640358364751814E-002  7.306495339784033E-016
 -0.124742276715258       6.027858655321827E-016
 -0.250955774953102       2.739935752419012E-016
 -0.239405693455646      -1.461299067956807E-016
 -9.555474641175274E-002 -5.114546737848823E-016
  0.129246143308963      -6.575845805805630E-016
  0.356074394217336      -5.845196271827227E-016
  0.506134560024187      -3.105260519408214E-016
  0.528121254001258       3.653247669892017E-017
  0.415747081285549       4.201234820375819E-016
  0.209452018392766       6.575845805805630E-016
 -1.813279915812257E-002  6.941170572794831E-016
 -0.187747615752568       4.931884354354222E-016
 -0.241099375968211       1.461299067956807E-016
 -0.160885050825823      -2.191948601935210E-016
  2.363102948062636E-002 -5.479871504838025E-016
  0.247270601602710      -6.575845805805630E-016
  0.431954966667800      -5.114546737848823E-016
  0.513956203974682      -1.278636684462206E-016
  0.465877605530180       3.105260519408214E-016
  0.305785427496129       6.210521038816428E-016
  9.045598499108519E-002  7.671820106773235E-016
 -0.104749448518575       6.575845805805630E-016
 -0.212252010582815       3.287922902902815E-016
 -0.195642224295915      -7.306495339784033E-017
 -6.199608599925662E-002 -4.383897203870419E-016
  0.141040293673011      -6.210521038816428E-016
  0.342224624545913      -5.845196271827227E-016
  0.471708135174720      -3.470585286397415E-016
  0.485278133158996       5.479871504838024E-017
  0.379442285450430       4.383897203870419E-016
  0.192212571838271       6.941170572794831E-016
 -1.053272873312289E-002  7.123832956289432E-016
 -0.158220884906247       4.931884354354222E-016
 -0.200142810093136       9.133119174730041E-017
 -0.122854218927199      -3.105260519408214E-016
  4.554789136941019E-002 -5.845196271827227E-016
  0.245620349144289      -6.210521038816428E-016
  0.407547508407728      -4.383897203870419E-016
  0.475496225149628      -7.306495339784033E-017
  0.426858447181817       3.287922902902815E-016
  0.279752653064274       6.210521038816428E-016
  8.630268455338326E-002  7.306495339784033E-016
 -8.582208918873471E-002  6.210521038816428E-016
 -0.177070868084938       3.105260519408214E-016
 -0.156606845837435      -9.133119174730041E-017
 -3.271385849092582E-002 -4.383897203870419E-016
  0.150492475549639      -6.393183422311029E-016
  0.328762715896738      -5.845196271827227E-016
  0.440238341878054      -3.196591711155514E-016
  0.446908931735700       8.219807257257037E-017
  0.347561327061409       4.566559587365020E-016
  0.177813377937124       7.123832956289432E-016
 -2.643420045748937E-003  7.489157723278634E-016
 -0.131027270892831       5.388540313090724E-016
 -0.163301624117583       1.552630259704107E-016
 -8.927084976510427E-002 -2.739935752419012E-016
  6.423542902630466E-002 -5.845196271827227E-016
  0.243069752209884      -6.575845805805630E-016
  0.384858993319186      -4.749221970859621E-016
  0.440752069210641      -1.278636684462206E-016
  0.392242627904509       2.922598135913613E-016
  0.257276367907027       6.210521038816428E-016
  8.363488570891213E-002  7.489157723278634E-016
 -6.797226657113166E-002  6.393183422311029E-016
 -0.145127088119894       3.287922902902815E-016
 -0.121819633160233      -5.479871504838024E-017
 -7.202655684998300E-003 -4.018572436881218E-016
  0.157957332200586      -6.027858655321827E-016
  0.315770515753215      -5.479871504838025E-016
  0.411508227980940      -2.557273368924411E-016
  0.412575941781750       1.461299067956807E-016
  0.319599635666741       4.749221970859621E-016
  0.165858503195238       6.575845805805630E-016
  5.383759713343908E-003  6.393183422311029E-016
 -0.106024005877680       4.109903628628518E-016
 -0.130192013335618       5.479871504838024E-017
 -5.964634648156648E-002 -2.922598135913613E-016
  8.011583099674177E-002 -5.297209121343424E-016
  0.239828258433449      -5.662533888332626E-016
  0.363815221367352      -3.835910053386617E-016
  0.409394239145597      -2.739935752419012E-017
  0.361562071796444       3.653247669892016E-016
  0.237913538255599       6.575845805805630E-016
  8.218780367328839E-002  7.306495339784033E-016
 -5.119682120493662E-002  5.845196271827227E-016
 -0.116153865319555       2.374610985429811E-016
 -9.084594539181694E-002 -1.552630259704107E-016
  1.498691281617225E-002 -4.749221970859621E-016
  0.163742409439776      -6.027858655321827E-016
  0.303308043240969      -5.114546737848823E-016
  0.385311682306061      -2.009286218440609E-016
  0.381880941373002       1.917955026693309E-016
  0.295106840751626       5.479871504838025E-016
  0.156002032311684       7.123832956289432E-016
  1.342603418833729E-002  6.393183422311029E-016
 -8.307078212627682E-002  3.470585286397415E-016
 -0.100462423476520      -2.739935752419012E-017
 -3.354256038259801E-002 -3.744578861639317E-016
  9.356042991784262E-002 -5.479871504838025E-016
  0.236071795658853      -5.114546737848823E-016
  0.344337344717208      -3.105260519408214E-016
  0.381118848906790       1.826623834946008E-017
  0.334395435409119       3.561916478144716E-016
  0.221272606897412       5.845196271827227E-016
  8.173502070819684E-002  6.393183422311029E-016
 -3.548044994036224E-002  4.931884354354222E-016
 -8.990234349811417E-002  1.917955026693309E-016
 -6.329256218147671E-002 -1.369967876209506E-016
  3.425404824945635E-002 -4.201234820375819E-016
  0.168113888052663      -5.114546737848823E-016
  0.291417119186951      -4.018572436881218E-016
  0.361453707591059      -1.461299067956807E-016
  0.354462034953243       1.735292643198708E-016
  0.273681297131714       4.749221970859621E-016
  0.147942188706559       6.027858655321827E-016
  2.138496433400364E-002  5.479871504838025E-016
 -6.203093462593495E-002  3.013929327660913E-016
 -7.379129902954687E-002 -9.133119174730042E-018
 -1.056693799621202E-002 -3.013929327660913E-016
  0.104895429142598      -4.749221970859621E-016
  0.231947359497290      -4.566559587365020E-016
  0.326343720346944      -2.557273368924411E-016
  0.355646111961412       6.393183422311028E-017
  0.310363778227291       3.561916478144716E-016
  0.207007864729697       5.479871504838025E-016
  8.208351322032072E-002  5.479871504838025E-016
 -2.079831686868571E-002  3.470585286397415E-016
 -6.614099628518831E-002  5.479871504838024E-017
 -3.880409659345133E-002 -2.283279793682510E-016
  5.095302715208654E-002 -4.018572436881218E-016
  0.171301666343067      -4.018572436881218E-016
  0.280124490307153      -2.374610985429811E-016
  0.339750508798002       1.826623834946008E-017
  0.329990694065816       3.196591711155514E-016
  0.254965125103186       5.114546737848823E-016
  0.141416105040039       5.662533888332626E-016
  2.918275585782626E-002  4.383897203870419E-016
 -4.277234278614705E-002  1.735292643198708E-016
 -4.988492247276403E-002 -1.278636684462206E-016
  9.631907439644757E-003 -3.653247669892016E-016
  0.114407025123909      -4.566559587365020E-016
  0.227577031367531      -3.835910053386617E-016
  0.309751428066841      -1.552630259704107E-016
  0.332718846650410       1.369967876209506E-016
  0.289126594540181       4.109903628628518E-016
  0.194814401826619       5.662533888332626E-016
  8.306927557158714E-002  5.297209121343424E-016
 -7.118255163960067E-003  3.379254094650115E-016
 -4.465492382871635E-002  6.393183422311028E-017
 -1.705967241110665E-002 -2.009286218440609E-016
  6.539795109470448E-002 -3.835910053386617E-016
  0.173503861550560      -4.018572436881218E-016
  0.269444510891946      -2.557273368924411E-016
  0.320029432255022       0.000000000000000E+000
  0.308168993430945       2.648604560671712E-016
  0.238639721410677       4.657890779112321E-016
  0.136195175999087       5.479871504838025E-016
  3.675905934110995E-002  4.475228395617720E-016
 -2.516809688860472E-002  2.191948601935210E-016
 -2.847535237323654E-002 -7.306495339784033E-017
  2.736823163348047E-002 -3.105260519408214E-016
  0.122345984762208      -4.201234820375819E-016
  0.223061492471639      -3.470585286397415E-016
  0.294477502322115      -1.187305492714905E-016
  0.312101012516697       1.735292643198708E-016
  0.270378181574405       4.201234820375819E-016
  0.184423582233692       5.479871504838025E-016
  8.455347335611384E-002  5.114546737848823E-016
  5.597384443956984E-003  3.105260519408214E-016
 -2.524509101726551E-002  2.739935752419012E-017
  2.230147007444069E-003 -2.465942177177111E-016
  7.786702750746258E-002 -4.018572436881218E-016
  0.174890792183970      -4.018572436881218E-016
  0.259381438065281      -2.191948601935210E-016
  0.302128785853235       3.653247669892017E-017
  0.288727036047688       3.105260519408214E-016
  0.224421700287599       4.931884354354222E-016
  0.132080932242328       5.114546737848823E-016
  4.406820255758299E-002  3.835910053386617E-016
 -9.096968581111555E-003  1.369967876209506E-016
 -9.318465476350284E-003 -1.278636684462206E-016
  4.292283208566326E-002 -3.287922902902815E-016
  0.128931731689352      -3.835910053386617E-016
  0.218483092182067      -2.831266944166313E-016
  0.280439919976787      -6.393183422311028E-017
  0.293576288614828       2.009286218440609E-016
  0.253844319802261       4.201234820375819E-016
  0.175598991628255       5.114546737848823E-016
  8.641906604926095E-002  4.475228395617720E-016
  1.739018980693086E-002  2.648604560671712E-016
 -7.727528222351512E-003  2.739935752419012E-017
  1.932619169064033E-002 -2.191948601935210E-016
  8.860642394412839E-002 -3.470585286397415E-016
  0.175608497194832      -3.287922902902815E-016
  0.249931390170572      -1.735292643198708E-016
  0.285897565956007       7.763151298520535E-017
  0.271420560044655       3.242257307029165E-016
  0.212059226860648       4.749221970859621E-016
  0.128901380411893       4.840553162606922E-016
  5.107680147025809E-002  3.561916478144716E-016
  5.556280851798341E-003  1.278636684462206E-016
  7.807894424020785E-003 -1.278636684462206E-016
  5.654638656606423E-002 -3.105260519408214E-016
  0.134355990611370      -3.653247669892016E-016
  0.213908523017011      -2.557273368924411E-016
  0.267558380811321      -3.196591711155514E-017
  0.276946702153763       2.146283006061560E-016
  0.239279242455968       4.201234820375819E-016
  0.168132811529400       4.931884354354222E-016
  8.856784536875448E-002  4.201234820375819E-016
  2.830440549372383E-002  2.191948601935210E-016
  8.067488237709402E-003 -2.283279793682510E-017
  3.446329343200955E-002 -2.237614197808860E-016
  9.783373482430688E-002 -3.105260519408214E-016
  0.175781842331104      -2.739935752419012E-016
  0.241084012009866      -1.004643109220304E-016
  0.271195112707310       1.050308705093955E-016
  0.256028719320111       3.059594923534564E-016
  0.201328708087183       4.292566012123119E-016
  0.126507759591281       4.292566012123119E-016
  5.776170259216804E-002  3.105260519408214E-016
  1.890072555293243E-002  1.095974300967605E-016
  2.310565992492598E-002 -1.141639896841255E-016
  6.846248403095223E-002 -2.648604560671712E-016
  0.138786034349317      -3.013929327660913E-016
  0.209391148703176      -2.100617410187909E-016
  0.255754912644624      -3.196591711155514E-017
  0.262031313588377       1.917955026693309E-016
  0.226462872442099       3.744578861639317E-016
  0.161842577927306       4.566559587365020E-016
  9.091784147355879E-002  4.109903628628518E-016
  3.838587572967564E-002  2.511607773050761E-016
  2.229626194660860E-002  1.826623834946008E-017
  4.785268319691234E-002 -1.826623834946008E-016
  0.105741096569225      -3.105260519408214E-016
  0.175517258928972      -3.105260519408214E-016
  0.232823885467450      -1.963620622566959E-016
  0.257890711981657       1.826623834946008E-017
  0.242352029555007       2.694270156545362E-016
  0.192031809108827       4.475228395617720E-016
  0.124771669554873       4.840553162606922E-016
  6.410821492195798E-002  3.744578861639317E-016
  3.103920881650055E-002  1.735292643198708E-016
  3.675817636054852E-002 -6.393183422311028E-017
  7.887037314469765E-002 -2.465942177177111E-016
  0.142367574084431      -3.196591711155514E-016
  0.204973026715488      -2.739935752419012E-016
  0.244954328742558      -1.187305492714905E-016
  0.248664962407207       1.050308705093955E-016
  0.215198306038333       3.105260519408214E-016
  0.156568286052270       4.566559587365020E-016
  9.340105432401101E-002  4.566559587365020E-016
  4.768117972324357E-002  3.333588498776465E-016
  3.510249733366372E-002  1.141639896841255E-016
  5.968419100434462E-002 -1.187305492714905E-016
  0.112497984106185      -2.739935752419012E-016
  0.174905155782478      -3.105260519408214E-016
  0.225131719422592      -2.100617410187909E-016
  0.245863159237762      -2.739935752419012E-017
  0.230210470913068       1.826623834946008E-016
  0.183992765457622       3.470585286397415E-016
  0.123582530659430       4.201234820375819E-016
  7.010859458159695E-002  3.607582074018366E-016
  4.206836445789056E-002  2.054951814314259E-016
  4.893173284277571E-002  4.566559587365021E-018
  8.794745194820985E-002 -1.643961451451407E-016
  0.145227329513082      -2.465942177177111E-016
  0.200686662091487      -2.054951814314259E-016
  0.235084561438454      -9.133119174730041E-017
  0.236697076313654       9.133119174730041E-017
  0.205309523948268       2.785601348292663E-016
  0.152169806539260       3.927241245133917E-016
  9.596147219248907E-002  4.109903628628518E-016
  5.623693116550828E-002  3.242257307029165E-016
  4.661810682068839E-002  1.415633472083156E-016
  7.012826143061436E-002 -6.393183422311028E-017
  0.118253718961393      -2.100617410187909E-016
  0.174022040541688      -2.557273368924411E-016
  0.217985348742240      -1.917955026693309E-016
  0.235000297965893      -3.653247669892017E-017
  0.219441738626753       1.598295855577757E-016
  0.177055963944440       3.196591711155514E-016
  0.122845339309348       4.018572436881218E-016
  7.576074965419148E-002  3.744578861639317E-016
  5.207870798973545E-002  2.420276581303461E-016
  5.977699070815701E-002  5.479871504838024E-017
  9.585152062802575E-002 -1.232971088588556E-016
  0.147475312129588      -2.328945389556160E-016
  0.196556525197625      -2.374610985429811E-016
  0.226076892609885      -1.324302280335856E-016
  0.225990545221333       5.023215546101522E-017
  0.196639311474510       2.328945389556160E-016
  0.148524581485669       3.561916478144716E-016
  9.855334349851780E-002  3.744578861639317E-016
  6.409921738550609E-002  2.876932540039963E-016
  5.696399724282068E-002  1.278636684462206E-016
  7.933779747812100E-002 -4.109903628628519E-017
  0.123139716588203      -1.735292643198708E-016
  0.172932383296302      -2.191948601935210E-016
  0.211360568491453      -1.575463057640932E-016
  0.225198543204970      -3.881575649260267E-017
  0.209899632677918       1.324302280335856E-016
  0.171083767296871       2.922598135913613E-016
  0.122478686621926       3.653247669892016E-016
  8.106713660234978E-002  3.424919690523765E-016
  6.115478251410478E-002  2.146283006061560E-016
  6.943031278524162E-002  2.283279793682510E-017
  0.102722817801012      -1.324302280335856E-016
  0.149206851661700      -2.054951814314259E-016
  0.192600362431823      -1.917955026693309E-016
  0.217866098779694      -8.448135236625288E-017
  0.216420660442793       7.078167360415782E-017
  0.189047370733698       2.374610985429811E-016
  0.145525571868175       3.379254094650115E-016
  0.101139671892219       3.561916478144716E-016
  7.131315689177722E-002  2.739935752419012E-016
  6.625083026255746E-002  1.232971088588556E-016
  8.744984507215277E-002 -5.023215546101522E-017
  0.127271498183565      -1.643961451451407E-016
  0.171690251570714      -2.009286218440609E-016
  0.205231826259726      -1.415633472083156E-016
  0.216362398705672      -1.369967876209506E-017
  0.201452577892647       1.278636684462206E-016
  0.165954559700016       2.602938964798062E-016
  0.122413011259634       3.333588498776465E-016
  8.603382309335736E-002  3.105260519408214E-016
  6.937534661724197E-002  2.054951814314259E-016
  7.801499741287522E-002  5.023215546101522E-017
  0.108685859249599      -9.589775133466543E-017
  0.150504392764986      -1.735292643198708E-016
  0.188830325541438      -1.735292643198708E-016
  0.210390526092126      -8.676463215993538E-017
  0.207874118610434       5.023215546101522E-017
  0.182408608970020       2.009286218440609E-016
  0.143079430498708       3.013929327660913E-016
  0.103690907867720       3.196591711155514E-016
  7.792255688031224E-002  2.465942177177111E-016
  7.457975287485771E-002  1.187305492714905E-016
  9.458712991370473E-002 -2.283279793682510E-017
  0.130750490023818      -1.278636684462206E-016
  0.170340742858202      -1.643961451451407E-016
  0.199572792632366      -1.141639896841255E-016
  0.208403974690560       6.849839381047530E-018
  0.193982265959964       1.506964663830457E-016
  0.161560992334171       2.648604560671712E-016
  0.122589060414593       3.105260519408214E-016
  9.066969511305235E-002  2.831266944166313E-016
  7.681359360387861E-002  1.803791037009183E-016
  8.564242150297173E-002  4.566559587365020E-017
  0.113851096628274      -7.763151298520535E-017
  0.151439086419650      -1.461299067956807E-016
  0.185253942281032      -1.347135078272681E-016
  0.203592108216038      -6.393183422311028E-017
  0.200248089199499       4.794887566733272E-017
  0.176611588119176       1.689627047325058E-016
  0.141104877178092       2.602938964798062E-016
  0.106183813192131       2.876932540039963E-016
  8.396965478702809E-002  2.328945389556160E-016
  8.204309524801938E-002  1.187305492714905E-016
  0.100859457844972      -1.141639896841255E-017
  0.133665631294823      -1.050308705093955E-016
  0.168921238027601      -1.278636684462206E-016
  0.194356827298521      -7.991479277888786E-017
  0.201242511776689       4.338231607996769E-017
  0.187382411136119       1.826623834946008E-016
  0.157808409804359       2.739935752419012E-016
  0.122956535654580       3.013929327660913E-016
  9.498578895752890E-002  2.511607773050761E-016
  8.353739317395548E-002  1.347135078272681E-016
  9.241309717764125E-002  4.566559587365021E-018
  0.118316412318232      -1.004643109220304E-016
  0.152072198047828      -1.415633472083156E-016
  0.181874948496139      -1.095974300967605E-016
  0.197416338309696      -1.598295855577757E-017
  0.193449343999527       1.164472694778080E-016
  0.171557121827041       2.420276581303461E-016
  0.139531254966510       2.968263731787263E-016
  0.108600477120956       2.785601348292663E-016
  8.949493014985808E-002  2.009286218440609E-016
  8.872503409326821E-002  7.306495339784033E-017
  0.106364989291191      -5.251543525469774E-017
  0.136094809493120      -1.232971088588556E-016
  0.167462496418819      -1.187305492714905E-016
  0.189557356046035      -4.566559587365020E-017
  0.194803915449364       7.078167360415782E-017
  0.181557611694736       1.872289430819658E-016
  0.154613440024590       2.694270156545362E-016
  0.123472902796433       2.876932540039963E-016
  9.899473108820404E-002  2.283279793682510E-016
  8.960954816180455E-002  1.187305492714905E-016
  9.841764664337699E-002 -9.133119174730042E-018
  0.122168465336369      -1.095974300967605E-016
  0.152456352163529      -1.461299067956807E-016
  0.178693999366373      -9.133119174730041E-017
  0.191812204512738       1.826623834946008E-017
  0.187393446480163       1.598295855577757E-016
  0.167157007132921       2.739935752419012E-016
  0.138297248549324       3.150926115281864E-016
  0.110927465769247       2.831266944166313E-016
  9.453697495784738E-002  1.712459845261883E-016
  9.470222053444421E-002  2.968263731787263E-017
  0.111191397739838      -9.589775133466543E-017
  0.138106140725992      -1.689627047325058E-016
  0.165989611179090      -1.575463057640932E-016
  0.185148171916085      -5.708199484206276E-017
  0.189020304480260       8.676463215993538E-017
  0.176422309515689       2.237614197808860E-016
  0.151902731661492       3.013929327660913E-016
  0.124102347185930       2.968263731787263E-016
  0.102710270955096       2.191948601935210E-016
  9.508806025841240E-002  9.133119174730041E-017
  0.103737700013861      -3.424919690523765E-017
  0.125483902008132      -1.095974300967605E-016
  0.152636631363957      -1.301469482399031E-016
  0.175709275445237      -7.763151298520535E-017
  0.186732096981124       3.653247669892017E-017
  0.182003998700164       1.575463057640932E-016
  0.163332878983566       2.420276581303461E-016
  0.137349747550668       2.785601348292663E-016
  0.113155088148182       2.328945389556160E-016
  9.913241233461781E-002  1.484131865893632E-016
  0.100044372082834       3.881575649260267E-017
  0.115416921615466      -6.849839381047531E-017
  0.139759110630515      -1.187305492714905E-016
  0.164522841356966      -1.027475907157130E-016
  0.181103672048679      -3.310755700839640E-017
  0.183829575845025       7.192331350099908E-017
  0.171899840561517       1.803791037009183E-016
  0.149611824664387       2.557273368924411E-016
  0.124814857755443       2.694270156545362E-016
  0.106146893765641       2.077784612251084E-016
  0.100026399749345       9.818103112834793E-017
  0.108446720774401      -1.598295855577757E-017
  0.128330443991232      -9.133119174730041E-017
  0.152651545653973      -1.118807098904430E-016
  0.172916997268960      -6.279019432626902E-017
  0.182131693224069       3.082427721471389E-017
  0.177211943197789       1.438466270019982E-016
  0.160015176649704       2.283279793682510E-016
  0.136642839350472       2.602938964798062E-016
  0.115276764285285       2.328945389556160E-016
  0.103315854859920       1.518381062798869E-016
  0.104814828832748       4.452395597680895E-017
  0.119111318313183      -6.164855442942778E-017
  0.141105590156299      -1.118807098904430E-016
  0.163078335444479      -9.589775133466543E-017
  0.177399040217617      -1.141639896841255E-018
  0.179174987993396       1.061725104062367E-016
  0.167921569360699       2.077784612251084E-016
  0.147684140719006       2.465942177177111E-016
  0.125585425022402       2.237614197808860E-016
  0.109319501829173       1.529797461767282E-016
  0.104473775248922       6.393183422311028E-017
  0.112610763509065      -2.968263731787263E-017
  0.130767865187581      -7.763151298520535E-017
  0.152533886449573      -6.621511401679279E-017
  0.170311860649000      -1.484131865893632E-017
  0.177969827414717       7.306495339784033E-017
  0.172954917162080       1.621128653514582E-016
  0.157142211971141       2.260446995745685E-016
  0.136136917506979       2.283279793682510E-016
  0.117288482546879       1.780958239072358E-016
  0.107119895101210       9.133119174730041E-017
  0.109071074399627       1.141639896841255E-017
  0.122336728571918      -5.023215546101522E-017
  0.142190739105115      -6.849839381047531E-017
  0.161668759420102      -2.739935752419012E-017
  0.174010383707146       4.224067618312644E-017
  0.175004763740251       1.335718679304268E-016
  0.164426100995007       2.054951814314259E-016
  0.146070081666798       2.351778187492986E-016
  0.126393339801630       2.054951814314259E-016
  0.112243154564606       1.301469482399031E-016
  0.108475400216947       4.338231607996769E-017
  0.116289168397988      -2.739935752419012E-017
  0.132848868102475      -5.936527463574527E-017
  0.152311478117330      -4.794887566733272E-017
  0.167887403291064       6.849839381047530E-018
  0.174208348407986       8.904791195361790E-017
  0.169176656105048       1.575463057640932E-016
  0.154659330159631       2.123450208124735E-016
  0.135797893289406       2.214781399872035E-016
  0.119188334794947       1.803791037009183E-016
  0.110575122029894       9.018955185045915E-017
  0.112865222440522      -2.283279793682510E-018
  0.125148458804633      -7.078167360415782E-017
  0.143053809084527      -8.676463215993538E-017
  0.160303840878174      -4.909051556417397E-017
  0.170914832001302       2.397443783366636E-017
  0.171271713562440       1.198721891683318E-016
  0.161358564467530       1.986453420503784E-016
  0.144726225037777       2.443109379240286E-016
  0.127221580850102       2.237614197808860E-016
  0.114932858542675       1.438466270019982E-016
  0.112072753726647       3.539083680207891E-017
  0.119535196847017      -4.452395597680895E-017
  0.134619869300484      -8.904791195361790E-017
  0.152007838561217      -8.448135236625288E-017
  0.165636312078247      -1.940787824630134E-017
  0.170811970391084       7.306495339784033E-017
  0.165826444223829       1.643961451451407E-016
  0.152518154641397       2.169115803998385E-016
  0.135596499096247       2.214781399872035E-016
  0.120976119356787       1.826623834946008E-016
  0.113710157954116       1.061725104062367E-016
  0.116244469840636       2.054951814314259E-017
  0.127595688459897      -3.539083680207891E-017
  0.143728856403996      -5.479871504838024E-017
  0.158990839517853      -2.511607773050761E-017
  0.168090603722041       4.109903628628519E-017
  0.167932879689402       1.290053083430618E-016
  0.158669961704033       1.963620622566959E-016
  0.143614606858883       2.283279793682510E-016
  0.128056280959372       2.054951814314259E-016
  0.117403400063773       1.335718679304268E-016
  0.115303833528224       4.338231607996769E-017
  0.122396612442950      -3.196591711155514E-017
  0.136121702764123      -7.420659329468158E-017
  0.151642759153827      -7.078167360415782E-017
  0.163550679199547      -1.598295855577757E-017
  0.167748119398452       7.420659329468158E-017
  0.162858608650137       1.575463057640932E-016
  0.150675908124655       2.146283006061560E-016
  0.135507673684986       2.169115803998385E-016
  0.122653002982077       1.780958239072358E-016
  0.116551711429453       9.818103112834793E-017
  0.119251517831390       1.027475907157130E-017
  0.129722108970109      -5.936527463574527E-017
  0.144245374412704      -8.790627205677664E-017
  0.157734953091366      -6.050691453258652E-017
  0.165517047347020       1.027475907157130E-017
  0.164949201053025       9.932267102518919E-017
  0.156316576809389       1.780958239072358E-016
  0.142702082828099       2.191948601935210E-016
  0.128886262173070       2.100617410187909E-016
  0.119669213765401       1.552630259704107E-016
  0.118203399935923       7.877315288204660E-017
  0.124916211242162       1.141639896841255E-018
  0.137390249181067      -6.050691453258652E-017
  0.151232813214018      -7.078167360415782E-017
  0.161622214281814      -3.253673705997577E-017
  0.164986778328807       3.938657644102330E-017
  0.160232054824008       1.187305492714905E-016
  0.149094802733119       1.712459845261883E-016
  0.135510020179221       1.895122228756484E-016
  0.124221234024061       1.598295855577757E-016
  0.119124642326433       1.004643109220304E-016
  0.121924962435434       3.539083680207891E-017
  0.131566500347695      -6.849839381047530E-018
  0.144628853841213      -2.169115803998385E-017
  0.156539666863615      -1.712459845261883E-017
  0.163174660447178       2.511607773050761E-017
  0.162285198902890       8.333971246941163E-017
  0.154259440559896       1.301469482399031E-016
  0.141959759793188       1.643961451451407E-016
  0.129702631847688       1.689627047325058E-016
  0.121744281624983       1.484131865893632E-016
  0.120803209470727       1.004643109220304E-016
  0.127132305203766       4.794887566733272E-017
  0.138456998465299       2.283279793682510E-018
  0.150791801246825      -1.484131865893632E-017
  0.159842418778748      -3.424919690523765E-018
  0.162500332594795       4.452395597680895E-017
  0.157909840293140       9.932267102518919E-017
  0.147741492656168       1.415633472083156E-016
  0.135585328758869       1.666794249388233E-016
  0.125683900023659       1.472715466925219E-016
  0.121452035853125       1.084557901999192E-016
  0.124299655721126       5.479871504838024E-017
  0.133163251022894       4.566559587365021E-018
  0.144901278856786      -2.625771762734887E-017
  0.155407053700577      -1.312885881367443E-017
  0.161045091494752       2.226197798840447E-017
  0.159908682687602       7.420659329468158E-017
  0.152463845459153       1.232971088588556E-016
  0.141362490248859       1.643961451451407E-016
  0.130498432206073       1.735292643198708E-016
  0.123642057488344       1.472715466925219E-016
  0.123132237526650       9.703939123150668E-017
  0.129079162375563       3.767411659576142E-017
  0.139349552153795      -3.424919690523765E-018
  0.150331140274111      -1.883705829788071E-017
  0.158202728072037       3.424919690523765E-018
  0.160263418104311       4.566559587365020E-017
  0.155858784322506       8.904791195361790E-017
  0.146586583331991       1.255803886525380E-016
  0.135718156787357       1.415633472083156E-016
  0.127044723710222       1.255803886525380E-016
  0.123555282864661       9.589775133466543E-017
  0.126407039400763       5.137379535785648E-017
  0.134542826075477       1.769541840103945E-017
  0.145081565768155       4.566559587365021E-018
  0.154338031070949       1.141639896841255E-017
  0.159111127692118       3.424919690523765E-017
  0.157790475643005       7.306495339784033E-017
  0.150898907018121       1.095974300967605E-016
  0.140888423272750       1.232971088588556E-016
  0.131268336865622       1.278636684462206E-016
  0.125375412923635       1.073141503030780E-016
  0.125216889605896       7.534823319152283E-017
  0.130787407235369       3.539083680207891E-017
  0.140092071709870       1.141639896841255E-017
  0.149860203786896       1.369967876209506E-017
  0.156694626035516       3.767411659576142E-017
  0.158252772906766       7.249413344941970E-017
  0.154049110796563       1.118807098904430E-016
  0.145604191703698       1.347135078272681E-016
  0.135895459894475       1.347135078272681E-016
  0.128307892171862       1.164472694778080E-016
  0.125454164250101       8.391053241783226E-017
  0.128275452329884       4.281149613154706E-017
  0.135732188598214       1.369967876209506E-017
  0.145185950613262       1.427049871051569E-017
  0.153332580503929       3.310755700839640E-017
  0.157356671750183       6.393183422311028E-017
  0.155904159406544       9.589775133466543E-017
  0.149537167237969       1.210138290651730E-016
  0.140518605964298       1.255803886525380E-016
  0.132008388566832       1.164472694778080E-016
  0.126956600786199       9.932267102518919E-017
  0.127081200895306       6.107773448100715E-017
  0.132284384385153       3.025345726629326E-017
  0.140705678203784       2.283279793682510E-017
  0.149386618134066       2.854099742103138E-017
  0.155309736192965       4.109903628628519E-017
  0.156447093528830       6.678593396521342E-017
  0.152454122004289       9.703939123150668E-017
  0.144771552572329       1.278636684462206E-016
  0.136106268222653       1.392800674146331E-016
  0.129477914602179       1.301469482399031E-016
  0.127166937580155       1.056016904578161E-016
  0.129930413464641       7.534823319152283E-017
  0.136755178541510       3.539083680207891E-017
  0.145228331227161       1.427049871051569E-017
  0.152389934386385       1.626836852998788E-017
  0.155766710092576       4.909051556417397E-017
  0.154225836887772       8.448135236625288E-017
  0.148354236576407       1.255803886525380E-016
  0.140236630036144       1.529797461767282E-016
  0.132715772991592       1.472715466925219E-016
  0.128397233391379       1.141639896841255E-016
  0.128747024140872       6.221937437784840E-017
  0.133594488592952       1.940787824630134E-017
  0.141208808327391      -1.255803886525381E-017
  0.148916520519685      -6.279019432626903E-018
  0.154039893054439       2.682853757576950E-017
  0.154826896764769       8.105643267572911E-017
  0.151049901012176       1.221554689620143E-016
  0.144068666517014       1.484131865893632E-016
  0.136341402664643       1.506964663830457E-016
  0.130559504608038       1.267220285493793E-016
  0.128710424535429       8.562299226309413E-017
  0.131394881815385       5.023215546101522E-017
  0.137632853025993       1.341426878788475E-017
  0.145220568811322      -1.712459845261883E-018
  0.151508734396537       1.484131865893632E-017
  0.154327274570178       5.479871504838024E-017
  0.152733912562512       1.050308705093955E-016
  0.147328470964147       1.381384275177919E-016
  0.140028318739862       1.461299067956807E-016
  0.133388624152451       1.290053083430618E-016
  0.129708272638527       9.703939123150668E-017
  0.130234205925072       5.993609458416590E-017
  0.134739463979847       2.797017747261075E-017
  0.141617531229328       1.427049871051569E-017
  0.148454783205285       2.283279793682510E-017
  0.152877196736524       5.479871504838024E-017
  0.153374387469609       9.646857128308605E-017
  0.149815040449451       1.278636684462206E-016
  0.143477985263507       1.438466270019982E-016
  0.136593226478378       1.392800674146331E-016
  0.131557483573117       1.130223497872843E-016
  0.130100097921325       6.279019432626902E-017
  0.132689494901105       1.826623834946008E-017
  0.138383791772105       2.283279793682510E-018
  0.145172753504765       1.369967876209506E-017
  0.150687165350997       4.166985623470581E-017
  0.153025399432091       8.448135236625288E-017
  0.151408889318020       1.290053083430618E-016
  0.146440680707664       1.461299067956807E-016
  0.139881449790966       1.518381062798869E-016
  0.134025857361436       1.244387487556968E-016
  0.130900029818065       8.904791195361790E-017
  0.131560751568821       5.651117489364213E-017
  0.135738674957671       2.026410816893228E-017
  0.141945830227428       3.710329664734079E-018
  0.148005207997900      -8.562299226309413E-019
  0.151814053551130       2.739935752419012E-017
  0.152073332723224       7.991479277888786E-017
  0.148730395650892       1.278636684462206E-016
  0.142984130760140       1.666794249388233E-016
  0.136855428165966       1.712459845261883E-016
  0.132476702021827       1.301469482399031E-016
  0.131350167319179       7.306495339784033E-017
  0.133832787164611       2.283279793682510E-017
  0.139024370981906      -4.851969561575334E-018
  0.145093437987077       1.855164832367040E-018
  0.149923067780575       3.068157222760873E-017
  0.151849075007502       8.219807257257037E-017
  0.150233180954611       1.278636684462206E-016
  0.145673868367704       1.586879456609345E-016
  0.139785510396202       1.689627047325058E-016
  0.134627026256411       1.438466270019982E-016
  0.131982173171384       9.361447154098292E-017
  0.132742978970880       3.938657644102330E-017
  0.136609351338715       1.712459845261883E-018
  0.142205853062707      -1.027475907157130E-017
  0.147570694643327      -2.568689767892824E-018
  0.150843204878677       2.340361788524573E-017
  0.150908942584735       6.735675391363405E-017
  0.147778860223888       1.153056295809668E-016
  0.142573644566982       1.495548264862044E-016
  0.137122831953754       1.541213860735694E-016
  0.133321976324469       1.347135078272681E-016
  0.132473662629244       9.247283164414167E-017
  0.134841389755059       4.766346569312240E-017
  0.139569008717529       2.026410816893228E-017
  0.144989842718883       8.990414187624884E-018
  0.149214032141532       3.125239217602936E-017
  0.150787199302037       6.564429406837217E-017
  0.149190939442254       1.050308705093955E-016
  0.145012992940202       1.358551477241094E-016
  0.139731480883064       1.552630259704107E-016
  0.135192200780464       1.392800674146331E-016
  0.132963741566707       1.061725104062367E-016
  0.133795661766586       5.137379535785648E-017
  0.137366809862318       7.991479277888785E-018
  0.142408134001707      -1.584025356867241E-017
  0.147153386331870      -8.134184264993942E-018
  0.149957746318752       2.397443783366636E-017
  0.149867757535005       7.648987308836409E-017
  0.146945162226386       1.278636684462206E-016
  0.142234764481806       1.609712254546170E-016
  0.137391232613959       1.621128653514582E-016
  0.134098038433243       1.290053083430618E-016
  0.133482514934871       7.934397283046723E-017
  0.135730213025095       2.169115803998385E-017
  0.140030384551630      -1.027475907157130E-017
  0.144868036042753      -1.512672863314663E-017
  0.148557477207129       9.703939123150668E-018
  0.149829528497115       6.050691453258652E-017
  0.148267896035713       1.210138290651730E-016
  0.144444757887822       1.689627047325058E-016
  0.139711643790660       1.815207435977596E-016
  0.135721863380815       1.609712254546170E-016
  0.133853162908243       1.084557901999192E-016
  0.134732162238485       4.766346569312240E-017
  0.138024654215299      -3.995739638944393E-018
  0.142561790768408      -3.139509716313451E-017
  0.146754795155693      -2.211927300129932E-017
  0.149151138829318       1.712459845261883E-017
  0.148937542606380       8.105643267572911E-017
  0.146215679259835       1.324302280335856E-016
  0.141957225617349       1.552630259704107E-016
  0.137657251730128       1.564046658672519E-016
  0.134809496645215       1.244387487556968E-016
  0.134387634263015       7.877315288204660E-017
  0.136512613026264       3.539083680207891E-017
  0.140419636016936      -6.992544368152687E-018
  0.144733092022924      -2.543716395149421E-017
  0.147950714864553      -7.706069303678473E-018
  0.148966627156839       3.710329664734079E-017
  0.147451215366511       9.818103112834793E-017
  0.143957420776799       1.621128653514582E-016
  0.139719415605823       1.906538627724896E-016
  0.136216821023122       1.826623834946008E-016
  0.134658276115795       1.330010479820062E-016
  0.135564554446842       6.450265417153091E-017
  0.138594955464077       6.279019432626903E-018
  0.142674698990915      -3.367837695681703E-017
  0.146375910028484      -3.353567196971187E-017
  0.148417213319378      -4.566559587365021E-018
  0.148107188119899       5.365707515153899E-017
  0.145578270895462       1.267220285493793E-016
  0.141732083410182       1.826623834946008E-016
  0.137918212832540       1.940787824630134E-016
  0.135460805657489       1.689627047325058E-016
  0.135198983937877       1.095974300967605E-016
  0.137200543220199       4.024280636365424E-017
  0.140746534153103      -1.298615382656928E-017
  0.144589228592200      -3.217997459221288E-017
  0.147391003259786      -1.227262889104349E-017
  0.148189818790095       4.281149613154706E-017
  0.146729361652128       1.061725104062367E-016
  0.143540622465559       1.575463057640932E-016
  0.139749198621721       1.860873031851246E-016
  0.136678130909196       1.826623834946008E-016
  0.135386355701729       1.381384275177919E-016
  0.136303738070757       6.849839381047531E-017
  0.139088414666193       1.013205408446614E-017
  0.142753646579250      -2.390308534011378E-017
  0.146017289285443      -1.826623834946008E-017
  0.147750169945611       1.198721891683318E-017
  0.147366616887898       6.964003370731656E-017
  0.145022126962273       1.232971088588556E-016
  0.141551556284235       1.609712254546170E-016
  0.138172033119489       1.598295855577757E-016
  0.136056244415785       1.381384275177919E-016
  0.135925651325500       8.961873190203852E-017
  0.137804692555676       3.225132708576545E-017
  0.141019640238694      -1.769541840103945E-017
  0.144439928295712      -3.410649191813250E-017
  0.146875589983818      -1.198721891683318E-017
  0.147491137282308       2.397443783366636E-017
  0.146091976190791       8.790627205677664E-017
  0.143185233969546       1.541213860735694E-016
  0.139796250660954       1.826623834946008E-016
  0.137107038045071       1.701043446293470E-016
  0.136044138135620       1.221554689620143E-016
  0.136959543462962       5.793822476469370E-017
  0.139514509287730      -6.279019432626903E-018
  0.142804470206681      -3.424919690523765E-017
  0.145679139920940      -2.511607773050761E-017
  0.147144573176959       1.369967876209506E-017
  0.146706697691773       7.477741324310220E-017
  0.144537630330801       1.484131865893632E-016
  0.141408885913217       1.917955026693309E-016
  0.138417129739407       2.054951814314259E-016
  0.136599900464273       1.746709042167120E-016
  0.136575914850345       1.118807098904430E-016
  0.138334610993927       3.282214703418608E-017
  0.141246445602793      -2.968263731787263E-017
  0.144288043670946      -5.579764995811635E-017
  0.146401746774009      -4.109903628628519E-017
  0.146863279598442       1.541213860735695E-017
  0.145529765342388       8.904791195361790E-017
  0.142883219291316       1.495548264862044E-016
  0.139856570643824       1.895122228756484E-016
  0.137504923035558       1.855164832367040E-016
  0.136637849327294       1.415633472083156E-016
  0.137540828425316       8.191266259836006E-017
  0.139881624920802       2.640042261445403E-017
  0.142832175845963      -1.626836852998788E-017
  0.145361385189279      -3.253673705997577E-017
  0.146595343529192      -5.708199484206276E-019
  0.146119164808272       5.080297540943585E-017
  0.144116232927301       1.095974300967605E-016
  0.141298213227721       1.564046658672519E-016
  0.138652338840184       1.666794249388233E-016
  0.137095659685264       1.524089262283075E-016
  0.137157307232859       1.061725104062367E-016
  0.138798823497616       4.766346569312240E-017
  0.141433496233565       7.135249355257844E-019
  0.144135889078913      -1.056016904578161E-017
  0.145966797011122       6.279019432626903E-018
  0.146299560063798       5.137379535785648E-017
  0.145034398231297       1.038892306125542E-016
  0.142627512657023       1.518381062798869E-016
  0.139926798197438       1.723876244230295E-016
  0.137873258684157       1.666794249388233E-016
  0.137173232679265       1.358551477241094E-016
  0.138055567209055       7.962938280467754E-017
  0.140197173671563       2.540148770471793E-017
  0.142841045111748      -5.708199484206276E-018
  0.145063722087907      -9.703939123150668E-018
  0.146097746731140       7.991479277888785E-018
  0.145596543331305       5.993609458416590E-017
  0.143750343808726       1.153056295809668E-016
  0.141214468496025       1.575463057640932E-016
  0.138876845798490       1.643961451451407E-016
  0.137547200475185       1.467007267441013E-016
  0.137676674952095       1.016059508188717E-016
  0.139204933433184       5.337166517732868E-017
  0.141586503738844       9.703939123150668E-018
  0.143985320599991      -5.708199484206276E-018
  0.145568137122619       1.198721891683318E-017
  0.145793866449364       4.566559587365020E-017
  0.144598413444147       9.418529148940355E-017
  0.142411908740674       1.358551477241094E-016
  0.140004125694850       1.506964663830457E-016
  0.138213574156319       1.461299067956807E-016
  0.137655577262386       1.175889093746493E-016
  0.138510932235588       7.763151298520535E-017
  0.140467700473951       3.710329664734079E-017
  0.142834728979441       6.564429406837217E-018
  0.144785670059356       5.708199484206276E-019
  0.145647380962851       2.169115803998385E-017
  0.145132080018082       6.849839381047531E-017
  0.143433228219177       1.175889093746493E-016
  0.141153273974129       1.484131865893632E-016
  0.139090125226023       1.472715466925219E-016
  0.137957991540928       1.187305492714905E-016
  0.138140233981416       6.849839381047531E-017
  0.139559716272335       2.026410816893228E-017
  0.141710444065486      -1.455590868472600E-017
  0.143837805427735      -2.226197798840447E-017
  0.145203252853586       9.133119174730042E-018
  0.145340618021918       5.993609458416590E-017
  0.144215134033981       1.164472694778080E-016
  0.142230964586537       1.575463057640932E-016
  0.140086221287392       1.643961451451407E-016
  0.138527425622177       1.472715466925219E-016
  0.138089745756119       9.989349097360982E-017
  0.138913369021037       4.994674548680491E-017
  0.140698978477156       7.706069303678473E-018
  0.142816330287271      -1.084557901999192E-017
  0.144526612085807       0.000000000000000E+000
  0.145240162701162       3.881575649260267E-017
  0.144719679377033       9.018955185045915E-017
  0.143158916633715       1.324302280335856E-016
  0.141110857771701       1.495548264862044E-016
  0.139291889513588       1.427049871051569E-016
  0.138331292620532       1.038892306125542E-016
  0.138553621879958       6.279019432626902E-017
  0.139869204416865       1.826623834946008E-017
  0.141809645248797       3.139509716313451E-018
  0.143694482032562      -2.854099742103138E-019
  0.144869731235811       2.397443783366636E-017
  0.144934725663915       6.393183422311028E-017
  0.143878590181224       1.073141503030780E-016
  0.142079912058733       1.427049871051569E-016
  0.140171161649708       1.467007267441013E-016
  0.138816372434269       1.358551477241094E-016
  0.138480201869135       9.646857128308605E-017
  0.139268664771956       4.595100584786052E-017
  0.140896094555401       1.369967876209506E-017
  0.142788476280760       1.141639896841255E-018
  0.144285829206286       2.112033809156322E-017
  0.144872311617905       6.221937437784840E-017
  0.144353844709277       1.107390699936017E-016
  0.142922122875327       1.427049871051569E-016
  0.141083977717617       1.598295855577757E-016
  0.139482044819909       1.398508873630538E-016
  0.138670157536334       9.589775133466543E-017
  0.138921946349254       5.137379535785648E-017
  0.140138763911828       1.427049871051569E-017
  0.141887865339845      -9.133119174730042E-018
  0.143556212222993       2.854099742103138E-018
  0.144565268970905       4.224067618312644E-017
  0.144571554122724       8.676463215993538E-017
  0.143583448900659       1.341426878788475E-016
  0.141954579755813       1.512672863314663E-016
  0.140257373297252       1.341426878788475E-016
  0.139081958018583       9.532693138624481E-017
  0.138831037018893       4.395313602838832E-017
  0.139582011101470       9.703939123150668E-018
  0.141063525896590       3.139509716313451E-018
  0.142753382325672       1.398508873630537E-017
  0.144062529359020       5.023215546101522E-017
  0.144540334898450       9.932267102518919E-017
  0.144029623814169       1.364259676725300E-016
  0.142718170465685       1.598295855577757E-016
  0.141069854132879       1.501256464346250E-016
  0.139660653541852       1.227262889104349E-016
  0.138977439079160       6.792757386205468E-017
  0.139249830384524       2.226197798840447E-017
  0.140373163755676      -1.712459845261883E-018
  0.141948361545971      -1.427049871051569E-018
  0.143423626103308       2.483066775629730E-017
  0.144287677843118       7.249413344941970E-017
  0.144246886411716       1.095974300967605E-016
  0.143324950222029       1.421341671567363E-016
  0.141851323427849       1.592587656093551E-016
  0.140343581461907       1.575463057640932E-016
  0.139325694765286       1.227262889104349E-016
  0.139145996101760       7.135249355257845E-017
  0.139858061295173       2.112033809156322E-017
  0.141205208541347       5.708199484206276E-019
  0.142712907795646       1.056016904578161E-017
  0.143855871338799       5.023215546101522E-017
  0.144241011281846       9.589775133466543E-017
  0.143742559071980       1.438466270019982E-016
  0.142542926440199       1.769541840103945E-016
  0.141066110531004       1.775250039588152E-016
  0.139827902418101       1.438466270019982E-016
  0.139255795300462       8.162725262414974E-017
  0.139541454164695       2.226197798840447E-017
  0.140576638462390      -1.541213860735695E-017
  0.141993951517491      -2.540148770471793E-017
  0.143297160811428       1.027475907157130E-017
  0.144034887689944       7.021085365573719E-017
  0.143956890355740       1.301469482399031E-016
  0.143098849309279       1.746709042167120E-016
  0.141766964024780       1.963620622566959E-016
  0.140428765624100       1.718168044746089E-016
  0.139549052300453       1.175889093746493E-016
  0.139428502229639       4.966133551259460E-017
  0.140100982535127      -2.854099742103138E-018
  0.141324598665575      -2.711394754997981E-017
  0.142668605032807      -1.141639896841255E-017
  0.143664984559555       3.367837695681703E-017
  0.143971375067055       9.761021117992731E-017
  0.143488641622126       1.569754858156726E-016
  0.142392741922873       1.975037021535371E-016
  0.141070721367465       1.969328822051165E-016
  0.139984075520680       1.558338459188313E-016
  0.139507696856997       9.133119174730041E-017
  0.139800593835119       2.968263731787263E-017
  0.140752944480011      -1.541213860735695E-017
  0.142027067620611      -2.911181736945201E-017
  0.143177093818333      -7.420659329468159E-018
  0.143804947382247       3.995739638944393E-017
  0.143698087249610       1.073141503030780E-016
  0.142901364019835       1.689627047325058E-016
  0.141698732588077       1.986453420503784E-016
  0.140512120900740       1.849456632882833E-016
  0.139753448603440       1.318594080851650E-016
  0.139681680346067       6.450265417153091E-017
  0.140314503468599      -5.137379535785648E-018
  0.141424727327484      -3.910116646681299E-017
  0.142621762182567      -3.367837695681703E-017
  0.143488985224455       1.541213860735695E-017
  0.143728700281458       7.991479277888786E-017
  0.143264269363015       1.484131865893632E-016
  0.142264398816902       2.037827215861640E-016
  0.141081966051444       2.077784612251084E-016
  0.140129531479518       1.683918847840851E-016
  0.139735435111076       1.073141503030780E-016
  0.140030657343134       4.166985623470581E-017
  0.140905411022233      -5.708199484206276E-019
  0.142049804952161      -1.255803886525381E-017
  0.143063571478958       2.854099742103138E-018
  0.143596024199161       4.623641582207083E-017
  0.143467322579483       9.076037179887978E-017
  0.142729127440287       1.295761282914824E-016
  0.141644221273891       1.438466270019982E-016
  0.140593024578629       1.444174469504188E-016
  0.139940243507622       1.312885881367443E-016
  0.139908379665402       9.247283164414167E-017
  0.140501957486279       5.822363473890401E-017
  0.141508249333736       3.539083680207891E-017
  0.142573440616685       2.854099742103138E-017
  0.143326989428281       3.710329664734079E-017
  0.143510485166750       6.564429406837217E-017
  0.143066208508922       1.073141503030780E-016
  0.142155062022939       1.358551477241094E-016
  0.141098388515863       1.461299067956807E-016
  0.140264684365688       1.318594080851650E-016
  0.139941130739712       1.016059508188717E-016
  0.140234717489546       6.279019432626902E-017
  0.141036985824907       3.025345726629326E-017
  0.142063963775235       1.883705829788071E-017
  0.142956633443193       2.625771762734887E-017
  0.143406401925215       4.452395597680895E-017
  0.143261738742545       6.849839381047531E-017
  0.142579144968370       9.133119174730041E-017
  0.141601339865136       1.135931697357049E-016
  0.140671007163674       1.198721891683318E-016
  0.140110734186152       1.193013692199112E-016
  0.140111194903903       1.038892306125542E-016
  0.140666322052792       8.105643267572911E-017
  0.141577486818466       5.822363473890401E-017
  0.142524507580372       4.224067618312644E-017
  0.143178123648562       3.881575649260267E-017
  0.143314437102685       5.137379535785648E-017
  0.142891558449967       5.993609458416590E-017
  0.142062236648744       8.505217231467350E-017
  0.141118761716215       1.073141503030780E-016
  0.140389987730162       1.267220285493793E-016
  0.140126742649132       1.295761282914824E-016
  0.140415542359655       1.118807098904430E-016
  0.141150276297423       8.391053241783226E-017
  0.142071086985533       6.450265417153091E-017
  0.142856233463305       5.023215546101522E-017
  0.143234477946991       4.794887566733272E-017
  0.143078749689675       5.708199484206276E-017
  0.142448755543024       7.420659329468158E-017
  0.141568277193090       9.190201169572104E-017
  0.140745727388330       1.135931697357049E-016
  0.140266152280351       1.295761282914824E-016
  0.140292486292062       1.232971088588556E-016
  0.140810254410776       9.304365159256229E-017
  0.141634468073211       6.221937437784840E-017
  0.142475664629015       3.539083680207891E-017
  0.143041533021849       1.598295855577757E-017
  0.143138458059912       9.133119174730042E-018
  0.142737719672759       2.625771762734887E-017
  0.141983729721752       5.879445468732464E-017
  0.141142056495860       1.050308705093955E-016
  0.140505921357876       1.415633472083156E-016
  0.140294077028127       1.546922060219901E-016
  0.140575623295813       1.375676075693712E-016
  0.141247586499718       1.033184106641336E-016
  0.142072493155439       6.564429406837217E-017
  0.142762257069847       3.196591711155514E-017
  0.143078759583171       1.769541840103945E-017
  0.142916017407957       2.169115803998385E-017
  0.142335596654623       3.995739638944393E-017
  0.141543466946470       6.964003370731656E-017
  0.140816950683990       9.761021117992731E-017
  0.140407662377141       1.130223497872843E-016
  0.140454398374114       1.272928484977999E-016
  0.140936123958657       1.324302280335856E-016
  0.141680962114730       1.118807098904430E-016
  0.142427472357229       7.477741324310220E-017
  0.142916387748735       3.995739638944393E-017
  0.142980630648702       1.312885881367443E-017
  0.142602364511350       1.541213860735695E-017
  0.141917615960161       4.052821633786456E-017
  0.141167414315854       8.219807257257037E-017
  0.140612980352528       1.232971088588556E-016
  0.140444796405276       1.484131865893632E-016
  0.140717200570366       1.558338459188313E-016
  0.141330950339277       1.238679288072762E-016
  0.142069305646230       8.219807257257037E-017
  0.142674536531090       3.367837695681703E-017
  0.142937859844297       1.369967876209506E-017
  0.142771430154736       1.312885881367443E-017
  0.142237572796032       3.653247669892017E-017
  0.141525557398097       7.820233293362597E-017
  0.140884530682366       1.198721891683318E-016
  0.140536361584537       1.421341671567363E-016
  0.140598877613840       1.506964663830457E-016
  0.141046041581866       1.421341671567363E-016
  0.141718509431115       1.135931697357049E-016
  0.142380371866605       7.534823319152283E-017
  0.142801887924857       3.653247669892017E-017
  0.142839204809973       1.027475907157130E-017
  0.142483410510597       1.141639896841255E-017
  0.141862207198683       3.253673705997577E-017
  0.141194123401722       7.021085365573719E-017
  0.140711666216614       1.130223497872843E-016
  0.140580428601945       1.524089262283075E-016
  0.140842286913408       1.672502448872439E-016
  0.141402161348613       1.409925272598950E-016
  0.142062478227563       9.247283164414167E-017
  0.142592863460444       4.909051556417397E-017
  0.142810492786170       1.141639896841255E-017
  0.142643082351761       3.424919690523765E-018
  0.142152827042059       2.625771762734887E-017
  0.141513384626517       7.078167360415782E-017
  0.140948393360964       1.284344883946412E-016
  0.140653279991217       1.575463057640932E-016
  0.140727688836124       1.672502448872439E-016
  0.141141886197507       1.404217073114744E-016
  0.141748449304027       9.190201169572104E-017
  0.142334703368178       4.281149613154706E-017
  0.142697267054514       1.141639896841255E-018
  0.142712585178185      -1.369967876209506E-017
  0.142378996196489       7.420659329468159E-018
  0.141816025102352       6.164855442942778E-017
  0.141221597908328       1.113098899420224E-016
  0.140802479634478       1.484131865893632E-016
  0.140702375495777       1.689627047325058E-016
  0.140952689044363       1.569754858156726E-016
  0.141462799372350       1.210138290651730E-016
  0.142052817597222       8.619381221151476E-017
  0.142516999391502       4.281149613154706E-017
  0.142695468592951       5.137379535785648E-018
  0.142529256046523       2.283279793682510E-018
  0.142079715470129       2.112033809156322E-017
  0.141505948852864       6.849839381047531E-017
  0.141008523493184       1.170180894262287E-016
  0.140759381828422       1.524089262283075E-016
  0.140842430541637       1.604004055061963E-016
  0.141225328753697       1.455590868472600E-016
  0.141771944066140       9.475611143782418E-017
  0.142290722270572       3.995739638944393E-017
  0.142601794467957       4.566559587365021E-018
  0.142599319131804       0.000000000000000E+000
  0.142287459060487       2.169115803998385E-017
  0.141777776835923       5.137379535785648E-017
  0.141249359747818       9.190201169572104E-017
  0.140885914704249       1.392800674146331E-016
  0.140811921528618       1.569754858156726E-016
  0.141050027350402       1.535505661251488E-016
  0.141514254464004       1.272928484977999E-016
  0.142041003152463       8.162725262414974E-017
  0.142446684600713       3.367837695681703E-017
  0.142591688502089       1.712459845261883E-018
  0.142428403847883      -2.283279793682510E-018
  0.142016784158606       1.712459845261883E-017
  0.141502393552052       5.479871504838024E-017
  0.141064953103989       1.124515298388636E-016
  0.140855567180360       1.506964663830457E-016
  0.140944549137915       1.615420454030376E-016
  0.141297853906807       1.655377850419820E-016
  0.141790000617573       1.335718679304268E-016
  0.142248613064637       8.733545210835601E-017
  0.142514776832328       3.424919690523765E-017
  0.142498085535758      -6.279019432626903E-018
  0.142207315577159      -1.484131865893632E-017
  0.141746333387706       1.141639896841255E-017
  0.141277022764827       5.194461530627711E-017
  0.140962454398060       1.158764495293874E-016
  0.140910241909058       1.621128653514582E-016
  0.141135753848083       1.723876244230295E-016
  0.141557748265800       1.512672863314663E-016
  0.142027604326782       1.021767707672923E-016
  0.142381645422591       3.767411659576142E-017
  0.142498139662732      -9.133119174730042E-018
  0.142339133244124      -3.025345726629326E-017
  0.141962748521222      -9.703939123150668E-018
  0.141501987032496       5.080297540943585E-017
  0.141117751667933       1.101682500451811E-016
  0.140942674113455       1.586879456609345E-016
  0.141035352134343       1.826623834946008E-016
  0.141360779582875       1.775250039588152E-016
  0.141803489493010       1.387092474662125E-016
  0.142208501279477       8.105643267572911E-017
  0.142435558919068       2.739935752419012E-017
  0.142407684171267      -1.940787824630134E-017
  0.142137243086349      -3.196591711155514E-017
  0.141720710275268      -3.995739638944393E-018
  0.141304278978349       5.479871504838024E-017
  0.141032567059388       1.227262889104349E-016
  0.140998410473302       1.877997630303865E-016
  0.141211168557792       2.129158407608941E-016
  0.141594353120140       2.020702617409022E-016
  0.142013095772218       1.358551477241094E-016
  0.142321600271395       5.308625520311836E-017
  0.142413890001770      -1.427049871051569E-017
  0.142260192213517      -4.166985623470581E-017
  0.141916474756560      -3.253673705997577E-017
  0.141504106210311       1.084557901999192E-017
  0.141167017818231       8.219807257257037E-017
  0.141021481115689       1.427049871051569E-016
  0.141116020351311       1.940787824630134E-016
  0.141415274613367       2.009286218440609E-016
  0.141813161742032       1.706751645777676E-016
  0.142170463752811       1.130223497872843E-016
  0.142363523766964       4.224067618312644E-017
  0.142327025841148      -1.312885881367443E-017
  0.142076063382699      -3.938657644102330E-017
  0.141700050386588      -7.991479277888785E-018
  0.141330886641107       4.623641582207083E-017
  0.141096703772174       1.038892306125542E-016
  0.141077407179360       1.564046658672519E-016
  0.141277434413505       1.883705829788071E-016
  0.141625009138669       1.895122228756484E-016
  0.141997870636950       1.524089262283075E-016
  0.142266264555886       8.961873190203852E-017
  0.142338083156818       3.310755700839640E-017
  0.142190456040114       5.708199484206276E-019
  0.141876963210568      -1.198721891683318E-017
  0.141508222332593       1.940787824630134E-017
  0.141212872363739       6.792757386205468E-017
  0.141092709755298       1.204430091167524E-016
  0.141187619195507       1.518381062798869E-016
  0.141462374620358       1.643961451451407E-016
  0.141819663858772       1.586879456609345E-016
  0.142134537430153       1.244387487556968E-016
  0.142298092359410       7.534823319152283E-017
  0.142255123133138       3.082427721471389E-017
  0.142022727866427       1.141639896841255E-018
  0.141683608734090       3.995739638944393E-018
  0.141356659895449       3.082427721471389E-017
  0.141155296459051       8.276889252099100E-017
  0.141148125218922       1.404217073114744E-016
  0.141335590823305       1.838040233914421E-016
  0.141650539433992       2.014994417924815E-016
  0.141982252160707       1.803791037009183E-016
  0.142215354649677       1.227262889104349E-016
  0.142269933522780       5.651117489364213E-017
  0.142128915250594      -2.854099742103138E-018
  0.141843333467709      -2.625771762734887E-017
  0.141513888430219      -1.484131865893632E-017
  0.141255452435760       3.995739638944393E-017
  0.141157027483580       1.010351308704511E-016
  0.141251109053986       1.586879456609345E-016
  0.141502996312043       1.992161619987990E-016
  0.141823550973016       2.072076412766878E-016
  0.142100726881920       1.592587656093551E-016
  0.142238722916581       9.247283164414167E-017
  0.142191081819394       2.226197798840447E-017
  0.141976304119953      -1.655377850419820E-017
  0.141670738920704      -2.625771762734887E-017
  0.141381459829929       5.137379535785648E-018
  0.141208756585807       6.221937437784840E-017
  0.141211377738877       1.330010479820062E-016
  0.141386565989090       1.786666438556564E-016
  0.141671663700007       1.798082837524977E-016
  0.141966503786092       1.484131865893632E-016
  0.142168591058436       1.004643109220304E-016
  0.142208721448042       3.938657644102330E-017
  0.142074664591523      -5.708199484206276E-019
  0.141814811002635      -5.708199484206276E-019
  0.141520728303928       2.739935752419012E-017
  0.141294906608706       8.448135236625288E-017
  0.141215050519867       1.364259676725300E-016
  0.141307354859621       1.683918847840851E-016
  0.141537950336223       1.798082837524977E-016
  0.141825298493160       1.598295855577757E-016
  0.142069010705090       1.215846490135937E-016
  0.142184909887670       6.735675391363405E-017
  0.142134092867225       1.484131865893632E-017
  0.141935963785028      -1.255803886525381E-017
  0.141660881136867       5.708199484206276E-018
  0.141405186763203       4.851969561575334E-017
  0.141257474366532       9.761021117992731E-017
  0.141267904170702       1.472715466925219E-016
  0.141431188086930       1.820915635461802E-016
  0.141689010309269       1.838040233914421E-016
  0.141950837961957       1.427049871051569E-016
  0.142125700906605       8.448135236625288E-017
  0.142153788607342       3.139509716313451E-017
  0.142026892970112       3.995739638944393E-018
  0.141790715239329      -2.854099742103138E-018
  0.141528426868370       2.854099742103138E-017
  0.141331390858206       8.219807257257037E-017
  0.141267346768104       1.278636684462206E-016
  0.141357134879832       1.535505661251488E-016
  0.141567952827060       1.518381062798869E-016
  0.141825312371827       1.364259676725300E-016
  0.142039346955995       9.361447154098292E-017
  0.142136182714952       4.109903628628519E-017
  0.142083425033763       1.198721891683318E-017
  0.141900971624654      -2.854099742103138E-018
  0.141653551525371       1.541213860735695E-017
  0.141427773601895       6.279019432626902E-017
  0.141301818379023       1.204430091167524E-016
  0.141318376170940       1.592587656093551E-016
  0.141470195402852       1.741000842682914E-016
  0.141703127079805       1.604004055061963E-016
  0.141935423795379       1.210138290651730E-016
  0.142086419849852       7.363577334626095E-017
  0.142104533570896       3.367837695681703E-017
  0.141984874285505       1.655377850419820E-017
  0.141770448878487       1.940787824630134E-017
  0.141536721697735       4.281149613154706E-017
  0.141365065237555       8.333971246941163E-017
  0.141314438724173       1.255803886525380E-016
  0.141401148779400       1.541213860735694E-016
  0.141593635768880       1.586879456609345E-016
  0.141823938147183       1.409925272598950E-016
  0.142011677743100       1.021767707672923E-016
  0.142092104429800       5.936527463574527E-017
  0.142038418015891       3.082427721471389E-017
  0.141870675663085       2.854099742103138E-017
  0.141648332767270       5.879445468732464E-017
  0.141449180136962       9.018955185045915E-017
  0.141342135513192       1.261512086009587E-016
  0.141363403179931       1.438466270019982E-016
  0.141504245512269       1.369967876209506E-016
  0.141714490849157       1.158764495293874E-016
  0.141920393691182       7.934397283046723E-017
  0.142050493505113       5.365707515153899E-017
  0.142060407583140       4.166985623470581E-017
  0.141947959081626       5.251543525469774E-017
  0.141753488366671       7.021085365573719E-017
  0.141545395633485       8.162725262414974E-017
  0.141396091168616       8.790627205677664E-017
  0.141356806341365       9.190201169572104E-017
  0.141440025006578       9.932267102518919E-017
  0.141615556290169       1.044600505609748E-016
  0.141821468896989       1.078849702514986E-016
  0.141985933092857       1.107390699936017E-016
  0.142052270130799       1.016059508188717E-016
  0.141998476125807       8.162725262414974E-017
  0.141844498305739       5.822363473890401E-017
  0.141644865756865       4.395313602838832E-017
  0.141469388158956       4.338231607996769E-017
  0.141378751186675       5.765281479048338E-017
  0.141403537609090       7.763151298520535E-017
  0.141533923585020       1.016059508188717E-016
  0.141723515980083       1.284344883946412E-016
  0.141905849102246       1.472715466925219E-016
  0.142017678477489       1.358551477241094E-016
  0.142020910559276       1.050308705093955E-016
  0.141915566956631       7.420659329468158E-017
  0.141739375392440       5.137379535785648E-017
  0.141554270329963       3.767411659576142E-017
  0.141424629256740       4.680723577049146E-017
  0.141394889828412       7.877315288204660E-017
  0.141474327549957       1.107390699936017E-016
  0.141634204990971       1.301469482399031E-016
  0.141818152227975       1.295761282914824E-016
  0.141962034187803       1.227262889104349E-016
  0.142016305385490       9.418529148940355E-017
  0.141963062462356       6.792757386205468E-017
  0.141821928348800       3.824493654418204E-017
  0.141642842247220       2.682853757576950E-017
  0.141488397286772       3.938657644102330E-017
  0.141411969771810       5.822363473890401E-017
  0.141439279669338       9.361447154098292E-017
  0.141559749892007       1.244387487556968E-016
  0.141730561910215       1.518381062798869E-016
  0.141891865499808       1.581171257125138E-016
  0.141987743052216       1.387092474662125E-016
  0.141985587303615       1.004643109220304E-016
  0.141887179668007       6.107773448100715E-017
  0.141727709305420       3.596165675049954E-017
  0.141563200627319       3.025345726629326E-017
  0.141450837551092       4.966133551259460E-017
  0.141429092360364       8.961873190203852E-017
  0.141504562111525       1.238679288072762E-016
  0.141650013397808       1.404217073114744E-016
  0.141814196410110       1.495548264862044E-016
  0.141939896063725       1.449882668988394E-016
  0.141983864589906       1.278636684462206E-016
  0.141931693548286       9.646857128308605E-017
  0.141802513795748       5.879445468732464E-017
  0.141641998359775       3.596165675049954E-017
  0.141506221416991       2.968263731787263E-017
  0.141442075186777       6.107773448100715E-017
  0.141471081855053       9.304365159256229E-017
  0.141582186583715       1.267220285493793E-016
  0.141735939846857       1.489840065377838E-016
  0.141878496660407       1.552630259704107E-016
  0.141960467610294       1.392800674146331E-016
  0.141954023950295       1.153056295809668E-016
  0.141862334876266       7.763151298520535E-017
  0.141718140364048       4.909051556417397E-017
  0.141572069653422       3.424919690523765E-017
  0.141474870182169       3.539083680207891E-017
  0.141459782687583       5.479871504838024E-017
  0.141531181739202       8.105643267572911E-017
  0.141663360631784       1.153056295809668E-016
  0.141809775753611       1.381384275177919E-016
  0.141919429841791       1.501256464346250E-016
  0.141954629313747       1.455590868472600E-016
  0.141903934404061       1.181597293230699E-016
  0.141785855405001       7.991479277888786E-017
  0.141642108862648       4.851969561575334E-017
  0.141522885712139       3.539083680207891E-017
  0.141469331611146       4.395313602838832E-017
  0.141499353099120       6.621511401679279E-017
  0.141601643805498       1.101682500451811E-016
  0.141739918698118       1.444174469504188E-016
  0.141865778354972       1.592587656093551E-016
  0.141935644817966       1.586879456609345E-016
  0.141925844624176       1.358551477241094E-016
  0.141840620474008       9.018955185045915E-017
  0.141710363726745       5.822363473890401E-017
  0.141580784567421       3.596165675049954E-017
  0.141496876317435       3.881575649260267E-017
  0.141487297632275       6.107773448100715E-017
  0.141554591959924       1.004643109220304E-016
  0.141674579367789       1.415633472083156E-016
  0.141805035316008       1.609712254546170E-016
  0.141900544561963       1.621128653514582E-016
  0.141928306653661       1.295761282914824E-016
  0.141879394029516       8.048561272730849E-017
  0.141771600899309       3.824493654418204E-017
  0.141642982132104       1.027475907157130E-017
  0.141538424056072       1.712459845261883E-018
  0.141493984292569       2.625771762734887E-017
  0.141524462615434       7.648987308836409E-017
  0.141618485209471       1.232971088588556E-016
  0.141742730322367       1.575463057640932E-016
  0.141853731515556       1.683918847840851E-016
  0.141913079632887       1.461299067956807E-016
  0.141900708317565       1.107390699936017E-016
  0.141821669450801       7.135249355257845E-017
  0.141704114109443       3.482001685365828E-017
  0.141589272867416       1.427049871051569E-017
  0.141516999384005       2.454525778208698E-017
  0.141511944465390       5.822363473890401E-017
  0.141575155452055       1.095974300967605E-016
  0.141683961155566       1.478423666409425E-016
  0.141800095017094       1.632545052482995E-016
  0.141883148675458       1.455590868472600E-016
  0.141904627612515       1.130223497872843E-016
  0.141857721265560       7.420659329468158E-017
  0.141759439773529       3.424919690523765E-017
  0.141644455720653       2.112033809156322E-017
  0.141552876913468       3.082427721471389E-017
  0.141516260416865       6.735675391363405E-017
  0.141546743445680       1.090266101483399E-016
  0.141633032918012       1.501256464346250E-016
  0.141744574169793       1.621128653514582E-016
  0.141842364946379       1.524089262283075E-016
  0.141892589163472       1.130223497872843E-016
  0.141878305976732       5.822363473890401E-017
  0.141805155247853       2.454525778208698E-017
  0.141699161039871       1.141639896841255E-017
  0.141597479193496       1.655377850419820E-017
  0.141535376514338       4.109903628628519E-017
  0.141534003159611       8.790627205677664E-017
  0.141593196293647       1.341426878788475E-016
  0.141691761166861       1.678210648356645E-016
  0.141795053231091       1.723876244230295E-016
  0.141867151246580       1.461299067956807E-016
  0.141883345518682       1.135931697357049E-016
  0.141838601009155       7.021085365573719E-017
  0.141749098642977       2.797017747261075E-017
  0.141646392463299       1.312885881367443E-017
  0.141566289538214       2.511607773050761E-017
  0.141536370018567       7.420659329468158E-017
  0.141566495727325       1.170180894262287E-016
  0.141645571989443       1.455590868472600E-016
  0.141745621382281       1.449882668988394E-016
  0.141831677637922       1.335718679304268E-016
  0.141874002412356       9.989349097360982E-017
  0.141858357790894       6.393183422311028E-017
  0.141790787559830       3.824493654418204E-017
  0.141695304645815       1.997869819472196E-017
  0.141605362565220       2.682853757576950E-017
  0.141552138177026       4.338231607996769E-017
  0.141553728516436       8.904791195361790E-017
  0.141609003820811       1.364259676725300E-016
  0.141698202426875       1.735292643198708E-016
  0.141789989917727       1.843748433398627E-016
  0.141852462907636       1.581171257125138E-016
  0.141864234496071       1.090266101483399E-016
  0.141821750755959       5.194461530627711E-017
  0.141740337079638       1.940787824630134E-017
  0.141648677060763       2.054951814314259E-017
  0.141578710482323       4.623641582207083E-017
  0.141554506913058       8.676463215993538E-017
  0.141583989699726       1.181597293230699E-016
  0.141656354432265       1.381384275177919E-016
  0.141746018411070       1.392800674146331E-016
  0.141821660735828       1.307177681883237E-016
  0.141857159930125       1.107390699936017E-016
  0.141840610675398       9.133119174730041E-017
  0.141778308544403       6.792757386205468E-017
  0.141692371920774       5.708199484206276E-017
  0.141612893999645       5.993609458416590E-017
  0.141567407960149       7.648987308836409E-017
  0.141571352167273       9.703939123150668E-017
  0.141622836128217       1.078849702514986E-016
  0.141703479582710       1.215846490135937E-016
  0.141784969347078       1.250095687041174E-016
  0.141838996604859       1.067433303546574E-016
  0.141847087992923       8.790627205677664E-017
  0.141806917446254       7.820233293362597E-017
  0.141732943888293       6.792757386205468E-017
  0.141651213085028       6.621511401679279E-017
  0.141590190363122       7.249413344941970E-017
  0.141570849634962       9.018955185045915E-017
  0.141599468464942       1.084557901999192E-016
  0.141665602810411       1.181597293230699E-016
  0.141745890205493       1.330010479820062E-016
  0.141812299210106       1.261512086009587E-016
  0.141841913401299       9.932267102518919E-017
  0.141824835940202       7.420659329468158E-017
  0.141767489403092       4.566559587365020E-017
  0.141690213416030       3.824493654418204E-017
  0.141620054462223       5.936527463574527E-017
  0.141581302479335       9.361447154098292E-017
  0.141587084449961       1.175889093746493E-016
  0.141634923241655       1.484131865893632E-016
  0.141707762256521       1.643961451451407E-016
  0.141780042466908       1.495548264862044E-016
  0.141826668168180       1.193013692199112E-016
  0.141831717375067       7.763151298520535E-017
  0.141793874591038       3.139509716313451E-017
  0.141726733778947       1.084557901999192E-017
  0.141653920358471       2.169115803998385E-017
  0.141600780851812       5.993609458416590E-017
  0.141585562370424       1.056016904578161E-016
  0.141613150519482       1.455590868472600E-016
  0.141673513478364       1.763833640619739E-016
  0.141745343020551       1.895122228756484E-016
  0.141803573264641       1.586879456609345E-016
  0.141828125180998       1.147348096325461E-016
  0.141810827134312       6.792757386205468E-017
  0.141758127299892       2.340361788524573E-017
  0.141688700313306       1.712459845261883E-018
  0.141626833108466       1.997869819472196E-017
  0.141593931386752       5.822363473890401E-017
  0.141601116163335       1.044600505609748E-016
  0.141645469990436       1.387092474662125E-016
  0.141711198026443       1.564046658672519E-016
  0.141775248955749       1.512672863314663E-016
  0.141815396733225       1.272928484977999E-016
  0.141817950587460       8.676463215993538E-017
  0.141782419656455       5.708199484206276E-017
  0.141721544395939       3.710329664734079E-017
  0.141656732663122       3.995739638944393E-017
  0.141610533851239       5.765281479048338E-017
  0.141598795873444       8.961873190203852E-017
  0.141625232072662       1.135931697357049E-016
  0.141680259481635       1.335718679304268E-016
  0.141744466886089       1.352843277756887E-016
  0.141795459522096       1.295761282914824E-016
  0.141815667797594       9.932267102518919E-017
  0.141798398056628       7.477741324310220E-017
  0.141750042586809       5.422789509995961E-017
  0.141687721836779       5.080297540943585E-017
  0.141633225779229       5.365707515153899E-017
  0.141605397460787       8.333971246941163E-017
  0.141613620203356       1.153056295809668E-016
  0.141654658605487       1.381384275177919E-016
  0.141713915074230       1.398508873630538E-016
  0.141770619000073       1.307177681883237E-016
  0.141805105040007       1.084557901999192E-016
  0.141805630886228       8.562299226309413E-017
  0.141772371686034       6.735675391363405E-017
  0.141717233667807       5.536953499680087E-017
  0.141659595741365       4.966133551259460E-017
  0.141619500834873       6.050691453258652E-017
  0.141610688358608       8.448135236625288E-017
  0.141635889166667       1.050308705093955E-016
  0.141685993154961       1.158764495293874E-016
  0.141743337775775       1.124515298388636E-016
  0.141787932014947       9.418529148940355E-017
  0.141804423434035       7.763151298520535E-017
  0.141787380923578       7.135249355257845E-017
  0.141743076307983       7.306495339784033E-017
  0.141687182967445       8.619381221151476E-017
  0.141639233716847       9.418529148940355E-017
  0.141615796759276       9.875185107676856E-017
  0.141624753085066       1.135931697357049E-016
  0.141662651067046       1.204430091167524E-016
  0.141716024534680       1.204430091167524E-016
  0.141766174829513       1.204430091167524E-016
  0.141795719629358       1.050308705093955E-016
  0.141794615642192       8.619381221151476E-017
  0.141763569141484       7.249413344941970E-017
  0.141713677445344       6.107773448100715E-017
  0.141662465553639       5.765281479048338E-017
  0.141627732322703       7.021085365573719E-017
  0.141621366364329       9.703939123150668E-017
  0.141645279612744       1.210138290651730E-016
  0.141690848447739       1.272928484977999E-016
  0.141742019510087       1.198721891683318E-016
  0.141780963009591       1.010351308704511E-016
  0.141794283398237       7.078167360415782E-017
  0.141777624683970       3.995739638944393E-017
  0.141737087956393       3.025345726629326E-017
  0.141687002426608       4.680723577049146E-017
  0.141644862473315       7.820233293362597E-017
  0.141625218821779       9.646857128308605E-017
  0.141634656355083       1.090266101483399E-016
  0.141669591224092       1.141639896841255E-016
  0.141717622578503       1.147348096325461E-016
  0.141761932040209       1.113098899420224E-016
  0.141787170955168       1.016059508188717E-016
  0.141784775215782       8.790627205677664E-017
  0.141755867944031       7.249413344941970E-017
  0.141710767398340       5.536953499680087E-017
  0.141665306762530       5.822363473890401E-017
  0.141635277472919       7.591905313994346E-017
  0.141630945582269       8.505217231467350E-017
  0.141653544757258       9.703939123150668E-017
  0.141694943003520       1.118807098904430E-016
  0.141740565423775       1.056016904578161E-016
  0.141774523687029       9.133119174730041E-017
  0.141785147590992       7.877315288204660E-017
  0.141768993471685       6.164855442942778E-017
  0.141731953459369       5.251543525469774E-017
  0.141687110898722       5.651117489364213E-017
  0.141650120985129       7.249413344941970E-017
  0.141633746908739       9.532693138624481E-017
  0.141643457899742       1.215846490135937E-016
  0.141675606705912       1.364259676725300E-016
  0.141718792257100       1.272928484977999E-016
  0.141757900732835       9.875185107676856E-017
  0.141779393427898       6.964003370731656E-017
  0.141775991902436       4.851969561575334E-017
  0.141749139699515       2.911181736945201E-017
  0.141708409144358       3.596165675049954E-017
  0.141668091416072       5.594035494522150E-017
  0.141642183771170       9.989349097360982E-017
  0.141639531649842       1.369967876209506E-016
  0.141660811090616       1.524089262283075E-016
  0.141698380017996       1.341426878788475E-016
  0.141739019825030       1.027475907157130E-016
  0.141768584700681       7.021085365573719E-017
  0.141776923978196       3.995739638944393E-017
  0.141761365187032       2.397443783366636E-017
  0.141727563371134       4.395313602838832E-017
  0.141687449466909       7.078167360415782E-017
  0.141655020792527       1.010351308704511E-016
  0.141641458267330       1.232971088588556E-016
  0.141651273154200       1.375676075693712E-016
  0.141680810644620       1.381384275177919E-016
  0.141719605134888       1.158764495293874E-016
  0.141754086488798       8.790627205677664E-017
  0.141772325402537       4.966133551259460E-017
  0.141768158946919       1.940787824630134E-017
  0.141743270091634       1.826623834946008E-017
  0.141706520585424       3.767411659576142E-017
  0.141670797806120       7.135249355257845E-017
  0.141648496801579       1.113098899420224E-016
  0.141647220903797       1.546922060219901E-016
  0.141667191711329       1.701043446293470E-016
  0.141701249897627       1.569754858156726E-016
  0.141737419270611       1.135931697357049E-016
  0.141763116629213       5.365707515153899E-017
  0.141769528072784       2.854099742103138E-018
  0.141754630197934      -1.997869819472196E-017
  0.141723821252507      -1.141639896841255E-018
  0.141687968237262       3.995739638944393E-017
  0.141659575383575       1.095974300967605E-016
  0.141648424415519       1.735292643198708E-016
  0.141658206217922       2.072076412766878E-016
  0.141685303225913       1.895122228756484E-016
  0.141720122732183       1.438466270019982E-016
  0.141750491205305       8.048561272730849E-017
  0.141765909122248       1.541213860735695E-017
  0.141761179624498      -2.283279793682510E-017
  0.141738157428816      -1.883705829788071E-017
  0.141705030430887       1.883705829788071E-017
  0.141673409480423       7.763151298520535E-017
  0.141654260085962       1.381384275177919E-016
  0.141654101093688       1.877997630303865E-016
  0.141672787656770       2.026410816893228E-016
  0.141703631739011       1.786666438556564E-016
  0.141735793678511       1.301469482399031E-016
  0.141758090339952       5.993609458416590E-017
  0.141762882430571       8.562299226309413E-018
  0.141748690152414      -2.169115803998385E-017
  0.141720642219642      -1.141639896841255E-017
  0.141688625130604       2.739935752419012E-017
  0.141663799645976       9.761021117992731E-017
  0.141654711437352       1.632545052482995E-016
  0.141664350882006       2.026410816893228E-016
  0.141689173083951       2.003578018956403E-016
  0.141720397799347       1.541213860735694E-016
  0.141747113807547       8.847709200519727E-017
  0.141760090627186       2.968263731787263E-017
  0.141754966386521      -1.484131865893632E-017
  0.141733711331325      -2.226197798840447E-017
  0.141703876886809       1.198721891683318E-017
  0.141675914389429       6.164855442942778E-017
  0.141659514979526       1.227262889104349E-016
  0.141660252054802       1.746709042167120E-016
  0.141677689111432       2.003578018956403E-016
  0.141705594647237       1.780958239072358E-016
  0.141734167297394       1.284344883946412E-016
  0.141753477276416       7.135249355257845E-017
  0.141756916163204       1.598295855577757E-017
  0.141743456894272      -1.541213860735695E-017
  0.141717951645274      -2.169115803998385E-017
  0.141689384822606       9.703939123150668E-018
  0.141667709411616       6.507347411995154E-017
  0.141660380283732       1.204430091167524E-016
  0.141669791573757       1.604004055061963E-016
  0.141692498554919       1.672502448872439E-016
  0.141720475440742       1.381384275177919E-016
  0.141743950854084       9.646857128308605E-017
  0.141754819636524       4.338231607996769E-017
  0.141749440067679       1.027475907157130E-017
  0.141729851546173       5.708199484206276E-018
  0.141703006494217       2.625771762734887E-017
  0.141678304151078       6.050691453258652E-017
  0.141664300613035       9.133119174730041E-017
  0.141665746340642       1.312885881367443E-016
  0.141681976502805       1.541213860735694E-016
  0.141707198909697       1.586879456609345E-016
  0.141732559549873       1.347135078272681E-016
  0.141749249681681       8.048561272730849E-017
  0.141751564470578       2.911181736945201E-017
  0.141738851474208      -5.137379535785648E-018
  0.141715683997468      -7.420659329468159E-018
  0.141690217815239       1.598295855577757E-017
  0.141671321080747       5.708199484206276E-017
  0.141665487074007       1.095974300967605E-016
  0.141674604223834       1.552630259704107E-016
  0.141695348802607       1.643961451451407E-016
  0.141720394105122       1.501256464346250E-016
  0.141740997049530       1.095974300967605E-016
  0.141750049410428       6.964003370731656E-017
  0.141744529152045       2.911181736945201E-017
  0.141726506878384       1.312885881367443E-017
  0.141702373100278       3.025345726629326E-017
  0.141680573418762       5.422789509995961E-017
  0.141668653872860       9.018955185045915E-017
  0.141670649815546       1.232971088588556E-016
  0.141685721494308       1.427049871051569E-016
  0.141708497040275       1.381384275177919E-016
  0.141730985764794       1.107390699936017E-016
  0.141745380767737       7.820233293362597E-017
  0.141746768194370       4.452395597680895E-017
  0.141734803249073       1.769541840103945E-017
  0.141713781802180       1.369967876209506E-017
  0.141691099624378       3.824493654418204E-017
  0.141674651314378       7.706069303678472E-017
  0.141670083394674       1.284344883946412E-016
  0.141678857061110       1.592587656093551E-016
  0.141697784828183       1.758125441135533E-016
  0.141720186457382       1.592587656093551E-016
  0.141738245676977       1.204430091167524E-016
  0.141745736597602       7.420659329468158E-017
  0.141740169094862       4.109903628628519E-017
  0.141723614228092       1.883705829788071E-017
  0.141701936948095       3.196591711155514E-017
  0.141682719339359       5.708199484206276E-017
  0.141672609411591       9.018955185045915E-017
  0.141675022208371       1.204430091167524E-016
  0.141688987884033       1.404217073114744E-016
  0.141709534707400       1.347135078272681E-016
  0.141729457811993       1.221554689620143E-016
  0.141741844839591       1.010351308704511E-016
  0.141742473393782       6.621511401679279E-017
  0.141731249062358       4.680723577049146E-017
  0.141712194717249       3.482001685365828E-017
  0.141692010070010       5.651117489364213E-017
  0.141677716784918       8.619381221151476E-017
  0.141674216592191       1.147348096325461E-016
  0.141682611340278       1.409925272598950E-016
  0.141699860375305       1.495548264862044E-016
  0.141719880144971       1.347135078272681E-016
  0.141735688961023       1.078849702514986E-016
  0.141741841073105       7.192331350099908E-017
  0.141736301696987       4.338231607996769E-017
  0.141721117723744       2.854099742103138E-017
  0.141701663872239       2.625771762734887E-017
  0.141684741089801       6.221937437784840E-017
  0.141676199682994       1.010351308704511E-016
  0.141678917628442       1.489840065377838E-016
  0.141691832417439       1.735292643198708E-016
  0.141710351558132       1.695335246809264E-016
  0.141727984651451       1.369967876209506E-016
  0.141738617381685       9.247283164414167E-017
  0.141738630944070       5.194461530627711E-017
  0.141728132499400       3.082427721471389E-017
  0.141710878706566       2.682853757576950E-017
  0.141692932656993       4.566559587365020E-017
  0.141680533976408       7.477741324310220E-017
  0.141677930057641       1.124515298388636E-016
  0.141685922006967       1.484131865893632E-016
  0.141701622740711       1.683918847840851E-016
  0.141719498470924       1.626836852998789E-016
  0.141733318370946       1.312885881367443E-016
  0.141738325770286       8.676463215993538E-017
  0.141732874528923       3.767411659576142E-017
  0.141718967942541       1.655377850419820E-017
  0.141701524588461       2.226197798840447E-017
  0.141686639482016       4.452395597680895E-017
  0.141679454996044       9.018955185045915E-017
  0.141682385045182       1.312885881367443E-016
  0.141694305521533       1.609712254546170E-016
  0.141710981949230       1.683918847840851E-016
  0.141726572807406       1.575463057640932E-016
  0.141735675113100       1.295761282914824E-016
  0.141735196158088       9.761021117992731E-017
  0.141725403211266       6.107773448100715E-017
  0.141709795304215       2.625771762734887E-017
  0.141693854035654       2.397443783366636E-017
  0.141683119026821       4.281149613154706E-017
  0.141681263501478       6.849839381047531E-017
  0.141688838304972       1.090266101483399E-016
  0.141703113499544       1.381384275177919E-016
  0.141719060984140       1.524089262283075E-016
  0.141731124872377       1.518381062798869E-016
  0.141735156510001       1.392800674146331E-016
  0.141729840401348       1.027475907157130E-016
  0.141717121209932       6.507347411995154E-017
  0.141701494067231       5.080297540943585E-017
  0.141688416627276       4.395313602838832E-017
  0.141682403583592       5.765281479048338E-017
  0.141685468732992       9.133119174730041E-017
  0.141696451967491       1.307177681883237E-016
  0.141711455595114       1.512672863314663E-016
  0.141725226776783       1.552630259704107E-016
  0.141732996017136       1.255803886525380E-016
  0.141732128430734       8.048561272730849E-017
  0.141723016301593       5.137379535785648E-017
  0.141708910959375       3.710329664734079E-017
  0.141694763532687       4.623641582207083E-017
  0.141685487605907       7.706069303678472E-017
  0.141684253217083       1.084557901999192E-016
  0.141691404329927       1.307177681883237E-016
  0.141704369153802       1.335718679304268E-016
  0.141718583996419       1.221554689620143E-016
  0.141729099134744       9.361447154098292E-017
  0.141732301829695       6.507347411995154E-017
  0.141727156879159       4.794887566733272E-017
  0.141715538970711       4.224067618312644E-017
  0.141701550981793       6.279019432626902E-017
  0.141690075652082       9.133119174730041E-017
  0.141685071681925       1.250095687041174E-016
  0.141688208683023       1.489840065377838E-016
  0.141698311468146       1.518381062798869E-016
  0.141711798141611       1.215846490135937E-016
  0.141723949380184       7.591905313994346E-017
  0.141730559350009       4.052821633786456E-017
  0.141729390905936       2.340361788524573E-017
  0.141720931771118       2.511607773050761E-017
  0.141708196453633       5.536953499680087E-017
  0.141695652743889       1.050308705093955E-016
  0.141687654822946       1.444174469504188E-016
  0.141686932332251       1.769541840103945E-016
  0.141693659533564       1.706751645777676E-016
  0.141705421711593       1.467007267441013E-016
  0.141718081034752       1.158764495293874E-016
  0.141727231700864       6.735675391363405E-017
