  0.999999973968547       0.000000000000000E+000
  0.813859115693033       4.176723993159355E-017
  0.354020818471531       8.353447986318711E-017
 -0.144107486088175       0.000000000000000E+000
 -0.431082614012419      -1.253017197947807E-016
 -0.370561770010545      -2.506034395895613E-016
 -5.300392570422681E-003 -2.506034395895613E-016
  0.470184692460562      -1.670689597263742E-016
  0.813260978521391      -2.088361996579678E-017
  0.857322736217620       2.088361996579678E-017
  0.592189305022020       0.000000000000000E+000
  0.161703373432621      -8.353447986318711E-017
 -0.216245035351670      -1.461853397605774E-016
 -0.362575467880109      -1.879525796921710E-016
 -0.223686519660395      -2.088361996579678E-016
  0.110282670095862      -1.670689597263742E-016
  0.460276431572800      -8.353447986318711E-017
  0.653401929551310       0.000000000000000E+000
  0.607384795409526      -2.088361996579678E-017
  0.362903314005921      -8.353447986318711E-017
  5.219642548468611E-002 -1.670689597263742E-016
 -0.174368837273039      -2.088361996579678E-016
 -0.222918648112405      -2.088361996579678E-016
 -9.463098985106146E-002 -1.461853397605774E-016
  0.126721213484897      -8.353447986318711E-017
  0.325700037082746      -6.265085989739033E-017
  0.414248521443223      -8.353447986318711E-017
  0.368535092894023      -1.357435297776790E-016
  0.228944532187691      -1.879525796921710E-016
  6.954605906651323E-002 -2.088361996579678E-016
 -4.221088772500175E-002 -1.879525796921710E-016
 -7.371661506291662E-002 -1.253017197947807E-016
 -3.219292445129743E-002 -6.265085989739033E-017
  5.002696553879715E-002 -4.176723993159355E-017
  0.136748781027689      -8.353447986318711E-017
  0.202528954352925      -1.592376022392004E-016
  0.235359065473994      -2.088361996579678E-016
  0.231486900060274      -2.010048421707940E-016
  0.190815636565793      -1.409644347691282E-016
  0.118383056993927      -7.309266988028871E-017
  3.013737982824768E-002 -1.044180998289839E-017
 -4.446082994060942E-002 -1.044180998289839E-017
 -6.988441596521364E-002 -6.265085989739033E-017
 -2.190894463158035E-002 -1.461853397605774E-016
  9.394273932977616E-002 -1.983943896750694E-016
  0.235747298207297      -1.879525796921710E-016
  0.338670784039880      -1.148599098118823E-016
  0.345554753688154      -4.176723993159355E-017
  0.239830805798521       2.088361996579678E-017
  6.160210055166249E-002  4.176723993159355E-017
 -0.105434309049433      -2.088361996579678E-017
 -0.173190158844779      -1.461853397605774E-016
 -9.586780962805656E-002 -2.506034395895613E-016
  0.101090780190104      -2.714870595553581E-016
  0.327716746471887      -1.879525796921710E-016
  0.471598328513096      -6.265085989739033E-017
  0.455395149116320       4.176723993159355E-017
  0.279794234862097       8.353447986318711E-017
  2.779186412517888E-002  4.176723993159355E-017
 -0.174298737057035      -1.044180998289839E-016
 -0.220592332032312      -2.506034395895613E-016
 -8.141531390519251E-002 -3.132542994869517E-016
  0.178699561681788      -2.923706795211549E-016
  0.431585972834092      -1.253017197947807E-016
  0.549925965743964       2.088361996579678E-017
  0.472682066321818       8.353447986318711E-017
  0.237339653651868       0.000000000000000E+000
 -3.829358156829744E-002 -1.253017197947807E-016
 -0.215769029195021      -2.714870595553581E-016
 -0.206477621290887      -3.132542994869517E-016
 -1.654127695701519E-002 -2.506034395895613E-016
  0.256931531941910      -1.253017197947807E-016
  0.475951880671441       0.000000000000000E+000
  0.531908094477046       0.000000000000000E+000
  0.399729486201393      -6.265085989739033E-017
  0.148619101699852      -1.670689597263742E-016
 -9.511115326737776E-002 -2.297198196237645E-016
 -0.212931489937011      -2.506034395895613E-016
 -0.152961412842025      -1.670689597263742E-016
  4.675012878783183E-002 -1.253017197947807E-016
  0.280896652326757      -8.353447986318711E-017
  0.432152200069312      -4.176723993159355E-017
  0.429700349709680      -6.265085989739033E-017
  0.281562863223676      -1.670689597263742E-016
  6.603398889294609E-002 -2.297198196237645E-016
 -0.111043175932594      -2.506034395895613E-016
 -0.169699932688244      -1.879525796921710E-016
 -9.273762970932871E-002 -8.353447986318711E-017
  7.089279042012921E-002 -4.176723993159355E-017
  0.235187794092530      -4.176723993159355E-017
  0.321572609538297      -1.253017197947807E-016
  0.295585666075459      -2.088361996579678E-016
  0.178669887281209      -2.506034395895613E-016
  3.200371309906739E-002 -2.401616296066630E-016
 -7.662484460254229E-002 -1.670689597263742E-016
 -0.104909588380602      -7.309266988028871E-017
 -5.190249886804132E-002 -1.044180998289839E-017
  4.753022556073490E-002  0.000000000000000E+000
  0.143740563585752      -6.265085989739033E-017
  0.196400352946835      -1.461853397605774E-016
  0.189994372948679      -2.088361996579678E-016
  0.135410676382757      -2.036152946665186E-016
  6.005997228821699E-002 -1.357435297776790E-016
 -6.243237942764389E-003 -4.176723993159355E-017
 -4.241770535912870E-002  2.610452495724597E-017
 -4.072667668598894E-002  3.654633494014436E-017
 -5.666227056509996E-003 -2.610452495724597E-017
  4.977090938802529E-002 -1.200808148033315E-016
  0.107924139815860      -1.931734846836202E-016
  0.149977701878782      -1.931734846836202E-016
  0.160221009568224      -1.200808148033315E-016
  0.131548313798275      -1.566271497434758E-017
  7.052050310003304E-002  6.265085989739033E-017
 -1.504222008857806E-003  7.309266988028871E-017
 -5.413704851927496E-002  0.000000000000000E+000
 -6.026372282077858E-002 -1.044180998289839E-016
 -1.007544350026519E-002 -1.827316747007218E-016
  8.065176463704939E-002 -1.879525796921710E-016
  0.174076095887702      -1.200808148033315E-016
  0.226118657282998      -1.566271497434758E-017
  0.208128668531911       6.265085989739033E-017
  0.123491887784636       8.353447986318711E-017
  9.476108091826462E-003  2.088361996579678E-017
 -7.850999787521330E-002 -7.309266988028871E-017
 -9.375024909399936E-002 -1.670689597263742E-016
 -2.292995079334045E-002 -1.983943896750694E-016
  0.104581385395596      -1.461853397605774E-016
  0.228985547168563      -3.132542994869517E-017
  0.288890160021507       8.353447986318711E-017
  0.252607815660090       1.148599098118823E-016
  0.135676285972740       4.176723993159355E-017
 -5.199259253508713E-003 -6.265085989739033E-017
 -9.961262798021488E-002 -1.357435297776790E-016
 -9.884996975987395E-002 -1.566271497434758E-016
 -1.137410216595149E-003 -1.253017197947807E-016
  0.146544053855410      -6.265085989739033E-017
  0.271486472278620       0.000000000000000E+000
  0.311684346734027       3.132542994869517E-017
  0.247144709951933       1.044180998289839E-017
  0.110034908287560      -8.353447986318711E-017
 -3.155977793983954E-002 -1.461853397605774E-016
 -0.107955050269111      -1.670689597263742E-016
 -8.272781737211578E-002 -1.253017197947807E-016
  2.955376562526383E-002 -2.088361996579678E-017
  0.171460510326364       4.176723993159355E-017
  0.272135097413368       5.220904991449194E-017
  0.282753871858806       2.088361996579678E-017
  0.200055080816147      -7.309266988028871E-017
  6.649409570612809E-002 -1.461853397605774E-016
 -5.227718831923785E-002 -1.879525796921710E-016
 -0.100537389503873      -1.670689597263742E-016
 -5.931937684070528E-002 -8.353447986318711E-017
  4.608827477040727E-002  0.000000000000000E+000
  0.160719326494521       5.220904991449194E-017
  0.228215703885165       3.132542994869517E-017
  0.218121353283274      -5.220904991449194E-017
  0.138872792598700      -1.461853397605774E-016
  3.110520299312370E-002 -1.879525796921710E-016
 -5.404982948812076E-002 -1.566271497434758E-016
 -8.000170605424597E-002 -8.353447986318711E-017
 -4.072275616142854E-002  0.000000000000000E+000
  3.913657292512817E-002  4.176723993159355E-017
  0.118589179482041       3.132542994869517E-017
  0.160842240885687      -3.132542994869517E-017
  0.149671849695436      -9.919719483753469E-017
  9.446397210088953E-002 -1.409644347691282E-016
  2.299016946236858E-002 -1.305226247862299E-016
 -3.313487032571967E-002 -7.831357487173792E-017
 -5.267339419796385E-002 -1.566271497434758E-017
 -3.235473733740085E-002  2.610452495724597E-017
  1.439912388482526E-002  2.610452495724597E-017
  6.547411686079070E-002 -1.044180998289839E-017
  0.100134317707896      -6.265085989739033E-017
  0.106654209040541      -1.070285523247085E-016
  8.512239805583573E-002 -1.018076473332593E-016
  4.558618389180471E-002 -5.742995490594113E-017
  3.364469937269557E-003 -5.220904991449194E-018
 -2.635076339592464E-002  3.132542994869517E-017
 -3.310881177464478E-002  2.610452495724597E-017
 -1.425939519555018E-002 -7.831357487173792E-018
  2.400473620457933E-002 -5.220904991449194E-017
  6.807384461012704E-002 -7.831357487173792E-017
  0.101028064446908      -6.526131239311493E-017
  0.108774523800524      -2.349407246152137E-017
  8.628815964171137E-002  5.220904991449194E-018
  4.114934847894303E-002  1.566271497434758E-017
 -8.017457351909715E-003  0.000000000000000E+000
 -3.861505181231579E-002 -3.132542994869517E-017
 -3.423475246675140E-002 -5.742995490594113E-017
  6.691636800243364E-003 -6.265085989739033E-017
  6.842241169768219E-002 -3.654633494014436E-017
  0.123787065012591       7.831357487173792E-018
  0.146476312152356       3.915678743586896E-017
  0.124153516960448       3.654633494014436E-017
  6.571311878426436E-002  1.044180998289839E-017
 -1.605771195912683E-003 -4.176723993159355E-017
 -4.462035880244231E-002 -8.353447986318711E-017
 -4.045874964001517E-002 -9.919719483753469E-017
  1.142503772515312E-002 -6.787176488883952E-017
  8.789839082086003E-002 -1.044180998289839E-017
  0.152724142072366       3.654633494014436E-017
  0.174213543712850       5.742995490594113E-017
  0.141231224884582       2.088361996579678E-017
  6.932920352983378E-002 -4.176723993159355E-017
 -6.414457103343180E-003 -1.044180998289839E-016
 -4.855012916939665E-002 -1.253017197947807E-016
 -3.590503248366221E-002 -7.831357487173792E-017
  2.569765307690307E-002 -2.088361996579678E-017
  0.106162096973841       2.088361996579678E-017
  0.166010499480407       3.654633494014436E-017
  0.175978609028602       1.566271497434758E-017
  0.131458611768913      -4.176723993159355E-017
  5.456518436808400E-002 -9.397628984608550E-017
 -1.710351613286909E-002 -1.305226247862299E-016
 -4.922663040808640E-002 -1.200808148033315E-016
 -2.756345919733467E-002 -7.831357487173792E-017
  3.552516294987372E-002 -2.088361996579678E-017
  0.107831290513423       3.132542994869517E-017
  0.153619216303293       3.132542994869517E-017
  0.151146324195191       0.000000000000000E+000
  0.102707123526208      -6.265085989739033E-017
  3.255319837920961E-002 -1.148599098118823E-016
 -2.577388118780310E-002 -1.226912672990561E-016
 -4.601275760848223E-002 -8.092402736746251E-017
 -2.138600310980752E-002 -2.610452495724597E-017
  3.324830816765637E-002  2.088361996579678E-017
  8.974538974132802E-002  3.654633494014436E-017
  0.120835924400208       5.220904991449194E-018
  0.112913333617955      -4.698814492304275E-017
  7.143937728086722E-002 -8.353447986318711E-017
  1.697006414869368E-002 -9.919719483753469E-017
 -2.554858259635477E-002 -7.570312237601331E-017
 -3.859930760775213E-002 -3.393588244441976E-017
 -1.941173834189045E-002  5.220904991449194E-018
  2.016131255563857E-002  2.088361996579678E-017
  6.037087671607890E-002  1.044180998289839E-017
  8.311066056751021E-002 -2.610452495724597E-017
  7.965173013334959E-002 -6.526131239311493E-017
  5.337118087126633E-002 -8.092402736746251E-017
  1.694785265390620E-002 -6.265085989739033E-017
 -1.399754404569307E-002 -2.610452495724597E-017
 -2.762475280902929E-002  5.220904991449194E-018
 -2.015374525233162E-002  1.566271497434758E-017
  3.601408749923700E-003  0.000000000000000E+000
  3.302750077638027E-002 -2.610452495724597E-017
  5.625674422978091E-002 -4.698814492304275E-017
  6.459466963267400E-002 -4.176723993159355E-017
  5.539224683124720E-002 -2.610452495724597E-017
  3.266591453901612E-002  0.000000000000000E+000
  5.484453020186391E-003  1.305226247862299E-017
 -1.530696522152559E-002  1.044180998289839E-017
 -2.104949067014138E-002 -1.044180998289839E-017
 -8.674982982614715E-003 -3.654633494014436E-017
  1.771423250555237E-002 -4.959859741876735E-017
  4.794985926514038E-002 -4.176723993159355E-017
  6.954846299392062E-002 -1.696794122220988E-017
  7.290964710778679E-002  1.435748872648528E-017
  5.585318368459479E-002  3.132542994869517E-017
  2.529907235860953E-002  2.088361996579678E-017
 -5.101821564804947E-003 -1.044180998289839E-017
 -2.077237405260568E-002 -4.176723993159355E-017
 -1.303585250833679E-002 -6.004040740166574E-017
  1.627491141190455E-002 -4.437769242731815E-017
  5.492795454250367E-002 -7.831357487173792E-018
  8.550230081533655E-002  2.349407246152137E-017
  9.352830058611984E-002  3.393588244441976E-017
  7.471259446693497E-002  1.566271497434758E-017
  3.756641019670774E-002 -2.088361996579678E-017
 -1.670647676987599E-004 -5.742995490594113E-017
 -1.984101014752144E-002 -7.048221738456412E-017
 -1.104721992633252E-002 -6.004040740166574E-017
  2.297963548457796E-002 -2.088361996579678E-017
  6.655297426428175E-002  1.566271497434758E-017
  9.894718913433492E-002  3.132542994869517E-017
  0.104498924931613       2.088361996579678E-017
  8.040513311973001E-002 -1.044180998289839E-017
  3.827158664291863E-002 -5.220904991449194E-017
 -1.459758055723897E-003 -8.353447986318711E-017
 -1.950589967493890E-002 -8.092402736746251E-017
 -7.212783672721088E-003 -4.698814492304275E-017
  2.921394646715591E-002 -5.220904991449194E-018
  7.181790099427397E-002  3.132542994869517E-017
  9.976882340333239E-002  3.132542994869517E-017
  9.956732306862380E-002  5.220904991449194E-018
  7.151866345824004E-002 -3.132542994869517E-017
  2.933797921204882E-002 -7.309266988028871E-017
 -6.791414090037573E-003 -8.353447986318711E-017
 -2.015213154747242E-002 -6.787176488883952E-017
 -5.473870850045850E-003 -2.610452495724597E-017
  2.888356943208626E-002  5.220904991449194E-018
  6.542034564401761E-002  2.088361996579678E-017
  8.623391908334541E-002  1.305226247862299E-017
  8.159725248808940E-002 -2.088361996579678E-017
  5.423762330765756E-002 -6.004040740166574E-017
  1.745704587906216E-002 -7.570312237601331E-017
 -1.168976600583554E-002 -6.526131239311493E-017
 -2.062639292847692E-002 -3.393588244441976E-017
 -6.891193414897917E-003 -5.220904991449194E-018
  2.133156470318180E-002  1.044180998289839E-017
  4.969668997419073E-002  5.220904991449194E-018
  6.473885009619580E-002 -1.305226247862299E-017
  5.999115619098036E-002 -3.654633494014436E-017
  3.841680017242659E-002 -4.698814492304275E-017
  1.034250288605146E-002 -4.698814492304275E-017
 -1.176489876618741E-002 -3.002020370083287E-017
 -1.901926397681053E-002 -9.136583735036089E-018
 -9.718209296336716E-003  5.220904991449194E-018
  1.055436370162025E-002  5.220904991449194E-018
  3.199792734918019E-002 -1.044180998289839E-017
  4.515794532316963E-002 -3.132542994869517E-017
  4.486771525447179E-002 -3.915678743586896E-017
  3.199424335634692E-002 -3.263065619655746E-017
  1.253728612487910E-002 -1.305226247862299E-017
 -5.234917779448089E-003  5.220904991449194E-018
 -1.425458882883870E-002  1.305226247862299E-017
 -1.133323709067272E-002  5.220904991449194E-018
  1.858965667693837E-003 -1.305226247862299E-017
  1.970155172832400E-002 -3.002020370083287E-017
  3.494219717604640E-002 -3.524110869228206E-017
  4.152519549534774E-002 -2.479929870938367E-017
  3.691913143741057E-002 -6.526131239311493E-018
  2.312068359148585E-002  1.044180998289839E-017
  5.942856749248319E-003  1.566271497434758E-017
 -7.222226485234877E-003  1.044180998289839E-017
 -1.039415215823899E-002 -6.526131239311493E-018
 -1.600161980819096E-003 -2.349407246152137E-017
  1.604620377465785E-002 -3.263065619655746E-017
  3.539544463285881E-002 -2.871497745297057E-017
  4.818539748761838E-002 -1.044180998289839E-017
  4.869672730233389E-002  1.044180998289839E-017
  3.652522692152112E-002  1.827316747007218E-017
  1.709390225154465E-002  7.831357487173792E-018
 -5.327720445031469E-004 -1.305226247862299E-017
 -7.707376260283872E-003 -3.524110869228206E-017
 -3.191223016983798E-004 -4.046201368373126E-017
  1.901654661989495E-002 -3.132542994869517E-017
  4.188944875784618E-002 -1.174703623076069E-017
  5.787833456923878E-002  7.831357487173792E-018
  5.948793791062246E-002  1.827316747007218E-017
  4.587158012882968E-002  7.831357487173792E-018
  2.345386463742179E-002 -1.566271497434758E-017
  3.023542435562462E-003 -3.915678743586896E-017
 -5.394363140695923E-003 -4.698814492304275E-017
  2.573818761141717E-003 -3.915678743586896E-017
  2.342062455520548E-002 -1.827316747007218E-017
  4.734484954949299E-002  5.220904991449194E-018
  6.294327075866525E-002  1.566271497434758E-017
  6.273895995983671E-002  5.220904991449194E-018
  4.683207674186467E-002 -1.566271497434758E-017
  2.286346683446631E-002 -3.654633494014436E-017
  2.296802409982620E-003 -4.698814492304275E-017
 -5.154090813382717E-003 -4.698814492304275E-017
  3.787203279763552E-003 -3.132542994869517E-017
  2.444647772221662E-002 -1.044180998289839E-017
  4.656638258676326E-002  5.220904991449194E-018
  5.934499195324348E-002  7.831357487173792E-018
  5.664455712634828E-002 -3.915678743586896E-018
  3.983420288576572E-002 -2.610452495724597E-017
  1.694356979820105E-002 -4.437769242731815E-017
 -1.363035011675991E-003 -4.698814492304275E-017
 -6.951437844627780E-003 -3.785156118800665E-017
  2.004461324062922E-003 -1.827316747007218E-017
  2.039491525460242E-002 -5.220904991449194E-018
  3.887077654640223E-002  0.000000000000000E+000
  4.843269823361519E-002 -7.831357487173792E-018
  4.464181640195772E-002 -1.957839371793448E-017
  2.947572761643423E-002 -3.002020370083287E-017
  1.007988484700635E-002 -3.524110869228206E-017
 -4.822273577422604E-003 -3.132542994869517E-017
 -9.040511929497199E-003 -2.088361996579678E-017
 -1.604437212109865E-003 -1.044180998289839E-017
  1.312156259324313E-002 -5.220904991449194E-018
  2.776617472947944E-002 -7.831357487173792E-018
  3.547746587913313E-002 -1.566271497434758E-017
  3.295565758213507E-002 -2.479929870938367E-017
  2.166779724524806E-002 -2.871497745297057E-017
  6.855175558316440E-003 -2.610452495724597E-017
 -5.036216249277726E-003 -1.957839371793448E-017
 -9.237548753330351E-003 -1.044180998289839E-017
 -4.576954087069741E-003 -5.220904991449194E-018
  6.292365649242933E-003 -3.915678743586896E-018
  1.829180726146522E-002 -9.136583735036089E-018
  2.620935182131718E-002 -1.566271497434758E-017
  2.686243410634474E-002 -1.827316747007218E-017
  2.027159756587174E-002 -1.696794122220988E-017
  9.464283744116864E-003 -1.044180998289839E-017
 -9.052040552543358E-004 -3.915678743586896E-018
 -6.501871702122799E-003 -6.526131239311493E-019
 -5.042545936448458E-003 -6.526131239311493E-019
  2.836345224778307E-003 -4.568291867518045E-018
  1.387996868025683E-002 -9.789196858967240E-018
  2.355207210347948E-002 -1.305226247862299E-017
  2.788995775459142E-002 -1.370487560255413E-017
  2.515449400140931E-002 -1.044180998289839E-017
  1.660576160840101E-002 -5.220904991449194E-018
  6.049280536575419E-003 -1.305226247862299E-018
 -1.720081919552481E-003 -1.305226247862299E-018
 -2.974938892979233E-003 -5.873518115380344E-018
  3.252446980697618E-003 -1.044180998289839E-017
  1.461704199679809E-002 -1.305226247862299E-017
  2.637139581311844E-002 -1.174703623076069E-017
  3.342007000723736E-002 -7.831357487173792E-018
  3.264307416139955E-002 -2.610452495724597E-018
  2.442167718370341E-002 -2.610452495724597E-018
  1.260201003116903E-002 -7.831357487173792E-018
  2.826149294439130E-003 -1.305226247862299E-017
 -6.038296580766399E-005 -1.696794122220988E-017
  5.670741435516213E-003 -1.827316747007218E-017
  1.770925067708094E-002 -1.435748872648528E-017
  3.068637551151999E-002 -9.136583735036089E-018
  3.865445716262296E-002 -5.220904991449194E-018
  3.791588722353888E-002 -2.610452495724597E-018
  2.883934420656829E-002 -5.220904991449194E-018
  1.575406952007695E-002 -1.174703623076069E-017
  4.929446321351737E-003 -1.827316747007218E-017
  1.585667780391778E-003 -2.088361996579678E-017
  7.374829571516409E-003 -1.957839371793448E-017
  1.956419963136017E-002 -1.566271497434758E-017
  3.233461219000611E-002 -1.044180998289839E-017
  3.957481097946545E-002 -6.526131239311493E-018
  3.781733581898421E-002 -6.526131239311493E-018
  2.788994964393662E-002 -1.044180998289839E-017
  1.448619997600271E-002 -1.435748872648528E-017
  3.877663923478111E-003 -1.957839371793448E-017
  8.938315039958484E-004 -1.957839371793448E-017
  6.638889110603568E-003 -1.827316747007218E-017
  1.803527166160638E-002 -1.435748872648528E-017
  2.937892494105308E-002 -1.044180998289839E-017
  3.511412646588036E-002 -9.136583735036089E-018
  3.246610792568751E-002 -9.136583735036089E-018
  2.267537190065386E-002 -1.174703623076069E-017
  1.028764249806592E-002 -1.501010185041643E-017
  9.034543201888536E-004 -1.762055434614103E-017
 -1.487360491996755E-003 -1.631532809827873E-017
  3.691962443241720E-003 -1.305226247862299E-017
  1.347943644758445E-002 -1.044180998289839E-017
  2.290802308996572E-002 -9.136583735036089E-018
  2.740004936963414E-002 -1.044180998289839E-017
  2.486140456260068E-002 -1.174703623076069E-017
  1.651933692185723E-002 -1.305226247862299E-017
  6.188216514330386E-003 -1.435748872648528E-017
 -1.605322252652922E-003 -1.435748872648528E-017
 -3.709486628490168E-003 -1.174703623076069E-017
  3.156989378443627E-004 -9.136583735036089E-018
  8.164725965452991E-003 -7.831357487173792E-018
  1.598044248543211E-002 -7.831357487173792E-018
  2.015573831881125E-002 -9.789196858967240E-018
  1.890253393761429E-002 -1.109442310682954E-017
  1.291837007577364E-002 -1.044180998289839E-017
  4.929959060076993E-003 -7.831357487173792E-018
 -1.603933941206459E-003 -5.547211553414769E-018
 -4.013582349500932E-003 -5.547211553414769E-018
 -1.505113466327059E-003 -6.526131239311493E-018
  4.608575403968551E-003 -7.831357487173792E-018
  1.156759847703364E-002 -9.789196858967240E-018
  1.638583998520539E-002 -1.076811654486396E-017
  1.710230527338527E-002 -8.810277173070515E-018
  1.355647004175000E-002 -7.178744363242641E-018
  7.398656722470496E-003 -5.220904991449194E-018
  1.360452205758250E-003 -4.568291867518045E-018
 -1.901399612239216E-003 -4.568291867518045E-018
 -9.149346001195713E-004 -6.852437801277067E-018
  3.992140645583603E-003 -8.157664049139366E-018
  1.082495030069749E-002 -8.157664049139366E-018
  1.675571342134036E-002 -6.526131239311493E-018
  1.932567100093825E-002 -5.220904991449194E-018
  1.751610021531125E-002 -2.610452495724597E-018
  1.222440348665072E-002 -2.610452495724597E-018
  5.915279475639586E-003 -5.220904991449194E-018
  1.565924057734048E-003 -7.831357487173792E-018
  1.344064993729367E-003 -8.483970611104940E-018
  5.602230902270790E-003 -8.810277173070515E-018
  1.266026761777908E-002 -7.831357487173792E-018
  1.951160174447478E-002 -7.178744363242641E-018
  2.316741251521926E-002 -5.873518115380344E-018
  2.203994557519270E-002 -6.526131239311493E-018
  1.671854412980418E-002 -9.136583735036089E-018
  9.749661423711375E-003 -1.044180998289839E-017
  4.489088763802962E-003 -1.174703623076069E-017
  3.540357680253856E-003 -1.044180998289839E-017
  7.510333242102946E-003 -7.831357487173792E-018
  1.468496213860978E-002 -5.220904991449194E-018
  2.180317093263740E-002 -5.220904991449194E-018
  2.558199175830625E-002 -7.178744363242641E-018
  2.427509343055767E-002 -1.109442310682954E-017
  1.851639903411786E-002 -1.435748872648528E-017
  1.103382484546563E-002 -1.501010185041643E-017
  5.359416580524022E-003 -1.305226247862299E-017
  4.149254032904835E-003 -9.789196858967240E-018
  7.919760161378181E-003 -6.526131239311493E-018
  1.480884329833852E-002 -5.220904991449194E-018
  2.147529293051581E-002 -5.873518115380344E-018
  2.469954941334092E-002 -9.789196858967240E-018
  2.291252622206270E-002 -1.174703623076069E-017
  1.692004746594949E-002 -1.239964935469184E-017
  9.485949285550613E-003 -1.305226247862299E-017
  3.990578025485154E-003 -1.207334279272626E-017
  2.821864330065610E-003 -9.462890297001664E-018
  6.271505453633191E-003 -6.526131239311493E-018
  1.244976408018413E-002 -5.220904991449194E-018
  1.823300574374442E-002 -5.873518115380344E-018
  2.076563839094773E-002 -8.483970611104940E-018
  1.878935155692675E-002 -1.044180998289839E-017
  1.317884598972278E-002 -1.142072966879511E-017
  6.460906613618249E-003 -1.142072966879511E-017
  1.581507592279934E-003 -9.789196858967240E-018
  5.277856291450585E-004 -7.178744363242641E-018
  3.452641907420566E-003 -5.873518115380344E-018
  8.684803636180979E-003 -6.526131239311493E-018
  1.357689919216378E-002 -9.136583735036089E-018
  1.575910276255717E-002 -1.109442310682954E-017
  1.420299602672468E-002 -1.207334279272626E-017
  9.621347596396820E-003 -1.142072966879511E-017
  4.060299464207999E-003 -8.810277173070515E-018
 -8.493372697088266E-005 -6.199824677345918E-018
 -1.155061966662933E-003 -4.568291867518045E-018
  1.077071325563368E-003 -5.220904991449194E-018
  5.382880451909257E-003 -6.526131239311493E-018
  9.694829344026257E-003 -7.831357487173792E-018
  1.205355349767191E-002 -7.831357487173792E-018
  1.145369473025475E-002 -7.831357487173792E-018
  8.230719255339847E-003 -7.178744363242641E-018
  3.851706031483867E-003 -5.873518115380344E-018
  2.345644323052358E-004 -5.220904991449194E-018
 -1.090240282880676E-003 -5.220904991449194E-018
  3.844455803686239E-004 -5.220904991449194E-018
  3.964143145429411E-003 -5.547211553414769E-018
  8.085536101336386E-003 -6.199824677345918E-018
  1.100250047899452E-002 -6.852437801277067E-018
  1.152991968329333E-002 -6.852437801277067E-018
  9.535937543384594E-003 -6.526131239311493E-018
  5.983332547530089E-003 -5.873518115380344E-018
  2.508226561784884E-003 -5.220904991449194E-018
  7.147612765356035E-004 -4.894598429483620E-018
  1.482409832737725E-003 -4.894598429483620E-018
  4.580128153588082E-003 -5.384058272431981E-018
  8.756747883833812E-003 -6.199824677345918E-018
  1.227736417495120E-002 -7.505050925208217E-018
  1.368190009029008E-002 -7.178744363242641E-018
  1.243779781893829E-002 -6.526131239311493E-018
  9.194077115352977E-003 -6.526131239311493E-018
  5.511026277490654E-003 -5.873518115380344E-018
  3.171179121642975E-003 -5.547211553414769E-018
  3.371574971238472E-003 -5.547211553414769E-018
  6.163229958800866E-003 -6.199824677345918E-018
  1.040357845597789E-002 -7.178744363242641E-018
  1.425932911888214E-002 -8.320817330122153E-018
  1.604166169115866E-002 -7.668204206191004E-018
  1.499262586600826E-002 -7.831357487173792E-018
  1.165271388001094E-002 -6.526131239311493E-018
  7.626797166852003E-003 -5.873518115380344E-018
  4.845927263880571E-003 -6.199824677345918E-018
  4.664386767822223E-003 -7.178744363242641E-018
  7.217076279990118E-003 -8.483970611104940E-018
  1.134609348482645E-002 -9.136583735036089E-018
  1.513842037549465E-002 -8.483970611104940E-018
  1.682496434982068E-002 -7.505050925208217E-018
  1.561560684298752E-002 -6.526131239311493E-018
  1.207216991528909E-002 -6.526131239311493E-018
  7.840416947199712E-003 -7.505050925208217E-018
  4.868714357566687E-003 -8.810277173070515E-018
  4.486762615399562E-003 -9.462890297001664E-018
  6.783744482151519E-003 -9.136583735036089E-018
  1.057964303969786E-002 -7.831357487173792E-018
  1.399762112744949E-002 -6.852437801277067E-018
  1.535827779126391E-002 -6.526131239311493E-018
  1.396677665021776E-002 -6.852437801277067E-018
  1.042163481474893E-002 -7.831357487173792E-018
  6.308248332236523E-003 -8.973430454053302E-018
  3.435197243646832E-003 -9.299737016018876E-018
  2.984359428488265E-003 -9.462890297001664E-018
  4.977041872857114E-003 -8.483970611104940E-018
  8.297831930511309E-003 -6.526131239311493E-018
  1.124788560495579E-002 -4.568291867518045E-018
  1.235170142725141E-002 -4.568291867518045E-018
  1.103252231345973E-002 -6.526131239311493E-018
  7.847395591921619E-003 -9.136583735036089E-018
  4.190241171356354E-003 -9.789196858967240E-018
  1.621897192847111E-003 -8.810277173070515E-018
  1.151416234457755E-003 -6.526131239311493E-018
  2.800209409390437E-003 -3.915678743586896E-018
  5.634842627599897E-003 -2.610452495724597E-018
  8.230991641088136E-003 -2.936759057690172E-018
  9.337142985958552E-003 -5.547211553414769E-018
  8.428815665155853E-003 -8.483970611104940E-018
  5.910463740461829E-003 -9.462890297001664E-018
  2.893595452143031E-003 -8.483970611104940E-018
  6.722744529092667E-004 -5.873518115380344E-018
  1.439084419937869E-004 -3.426218900638533E-018
  1.432692371618789E-003 -1.957839371793448E-018
  3.869398731113298E-003 -1.957839371793448E-018
  6.317526992544663E-003 -3.915678743586896E-018
  7.686964582941747E-003 -6.852437801277067E-018
  7.404808527793202E-003 -8.973430454053302E-018
  5.643715895208980E-003 -9.136583735036089E-018
  3.221250861606371E-003 -7.178744363242641E-018
  1.226740175997204E-003 -4.241985305552470E-018
  5.442242592767158E-004 -1.794686090810660E-018
  1.476958814745354E-003 -1.794686090810660E-018
  3.629309714018631E-003 -3.915678743586896E-018
  6.089690807467628E-003 -7.423474284716824E-018
  7.831162509193374E-003 -9.870773499458633E-018
  8.156429181693084E-003 -1.011550342093281E-017
  6.997204592345452E-003 -7.505050925208217E-018
  4.940493233138541E-003 -4.241985305552470E-018
  2.970453034800584E-003 -1.631532809827873E-018
  2.036259419568027E-003 -1.631532809827873E-018
  2.632634381581077E-003 -3.752525462604109E-018
  4.576960026424356E-003 -6.689284520294280E-018
  7.084125787749143E-003 -8.891853813561908E-018
  9.110914827920640E-003 -8.728700532579121E-018
  9.821125110997317E-003 -6.852437801277067E-018
  8.964772765565414E-003 -3.915678743586896E-018
  6.998128200476059E-003 -2.284145933759022E-018
  4.884490280544345E-003 -2.610452495724597E-018
  3.659934979769699E-003 -5.220904991449194E-018
  3.958496231925939E-003 -7.505050925208217E-018
  5.714925703056878E-003 -9.136583735036089E-018
  8.186124105175750E-003 -8.810277173070515E-018
  1.028717459333654E-002 -6.852437801277067E-018
  1.109077576339442E-002 -4.405138586535257E-018
  1.025924737415383E-002 -2.610452495724597E-018
  8.205792932343074E-003 -2.610452495724597E-018
  5.905971168594639E-003 -5.547211553414769E-018
  4.444327512881879E-003 -8.810277173070515E-018
  4.507374230993229E-003 -1.093126982584675E-017
  6.061590450887297E-003 -1.076811654486396E-017
  8.369264675418587E-003 -9.136583735036089E-018
  1.033561782734291E-002 -6.526131239311493E-018
  1.102344781045338E-002 -4.405138586535257E-018
  1.009189277974667E-002 -3.589372181621321E-018
  7.952266057482536E-003 -5.057751710466407E-018
  5.568931269710708E-003 -7.505050925208217E-018
  4.001982274740495E-003 -9.952350139950027E-018
  3.910089475660890E-003 -1.060496326388118E-017
  5.248439222388961E-003 -9.462890297001664E-018
  7.301352766759782E-003 -7.505050925208217E-018
  9.028851686157923E-003 -5.220904991449194E-018
  9.558567482992945E-003 -4.241985305552470E-018
  8.589156788310444E-003 -4.731445148500832E-018
  6.518111791789612E-003 -6.526131239311493E-018
  4.240820048562296E-003 -8.157664049139366E-018
  2.723281846297869E-003 -9.626043577984452E-018
  2.553937754129813E-003 -9.462890297001664E-018
  3.683612886552779E-003 -8.157664049139366E-018
  5.468235745223290E-003 -5.873518115380344E-018
  6.984419930049893E-003 -4.241985305552470E-018
  7.462678842106655E-003 -4.241985305552470E-018
  6.634610695641894E-003 -5.547211553414769E-018
  4.838096418834086E-003 -7.423474284716824E-018
  2.842051174570358E-003 -8.239240689630760E-018
  1.482145768429624E-003 -7.749780846682398E-018
  1.280938958414298E-003 -6.852437801277067E-018
  2.224964993888359E-003 -5.547211553414769E-018
  3.792264281039867E-003 -4.894598429483620E-018
  5.206661378824402E-003 -5.057751710466407E-018
  5.794692924538896E-003 -5.710364834397556E-018
  5.281486483561094E-003 -6.689284520294280E-018
  3.897184937626896E-003 -6.689284520294280E-018
  2.255642263202846E-003 -6.036671396363131E-018
  1.069148005312284E-003 -4.976175069975013E-018
  8.315375735336813E-004 -3.997255384078289E-018
  1.609396431221003E-003 -3.589372181621321E-018
  3.027596419580840E-003 -4.241985305552470E-018
  4.447551111349341E-003 -5.302481631940588E-018
  5.253722071071112E-003 -6.036671396363131E-018
  5.120919142621808E-003 -6.526131239311493E-018
  4.147961957546215E-003 -5.873518115380344E-018
  2.804253404779125E-003 -4.568291867518045E-018
  1.717230052286785E-003 -3.589372181621321E-018
  1.395741361640161E-003 -3.752525462604109E-018
  2.009612383740251E-003 -4.731445148500832E-018
  3.319486380146890E-003 -6.118248036854525E-018
  4.785432732944322E-003 -6.995196922137006E-018
  5.805774676891287E-003 -6.689284520294280E-018
  5.981696511045844E-003 -5.057751710466407E-018
  5.292131969537166E-003 -3.263065619655746E-018
  4.102171672288802E-003 -1.957839371793448E-018
  3.000607522537986E-003 -1.957839371793448E-018
  2.537369746934162E-003 -2.936759057690172E-018
  2.976717724501299E-003 -4.813021788992226E-018
  4.176595857794100E-003 -6.526131239311493E-018
  5.649768419689736E-003 -7.382685964471126E-018
  6.781456177534561E-003 -6.934014441768461E-018
  7.106975040207479E-003 -4.894598429483620E-018
  6.523911496290391E-003 -2.610452495724597E-018
  5.341054241806512E-003 -2.284145933759022E-018
  4.139465268691194E-003 -2.773605776707384E-018
  3.507148591112533E-003 -4.568291867518045E-018
  3.768170030329895E-003 -6.526131239311493E-018
  4.831490022564842E-003 -7.668204206191004E-018
  6.230883270638986E-003 -7.341897644225429E-018
  7.339176252319116E-003 -5.832729795134647E-018
  7.658422983908900E-003 -4.119620344815380E-018
  7.051136732486985E-003 -2.447299214741810E-018
  5.804221780831171E-003 -2.447299214741810E-018
  4.495076212558230E-003 -3.915678743586896E-018
  3.722153589524171E-003 -6.362977958328705E-018
  3.826195526769338E-003 -8.157664049139366E-018
  4.732862594640954E-003 -8.320817330122153E-018
  5.990217658041847E-003 -7.015591082259854E-018
  6.982551973172249E-003 -4.731445148500832E-018
  7.219092541573444E-003 -3.099912338672959E-018
  6.561556037478021E-003 -2.610452495724597E-018
  5.284476426757560E-003 -3.344642260147140E-018
  3.942021953170303E-003 -4.813021788992226E-018
  3.106306793034055E-003 -6.118248036854525E-018
  3.101607620197908E-003 -6.526131239311493E-018
  3.858767406005026E-003 -5.873518115380344E-018
  4.955467027637474E-003 -4.568291867518045E-018
  5.819738925614654E-003 -3.426218900638533E-018
  5.998327490893725E-003 -3.018335698181565E-018
  5.363614572341301E-003 -3.426218900638533E-018
  4.164690599326225E-003 -4.731445148500832E-018
  2.903176026379027E-003 -6.097853876731676E-018
  2.096225477836086E-003 -6.689284520294280E-018
  2.039404629892329E-003 -5.873518115380344E-018
  2.678516233277709E-003 -4.241985305552470E-018
  3.645579111581648E-003 -2.773605776707384E-018
  4.436845612450436E-003 -2.284145933759022E-018
  4.646547914594648E-003 -3.099912338672959E-018
  4.147937394751240E-003 -4.405138586535257E-018
  3.141437225952924E-003 -5.424846592677678E-018
  2.053228664067973E-003 -5.343269952186285E-018
  1.335865806423230E-003 -4.038043704323986E-018
  1.264450839225211E-003 -2.202569293267629E-018
  1.819891867110737E-003 -9.789196858967240E-019
  2.707885379334348E-003 -1.142072966879511E-018
  3.499707429610392E-003 -2.284145933759022E-018
  3.827450005758475E-003 -3.915678743586896E-018
  3.545167286271838E-003 -4.813021788992226E-018
  2.786175563716256E-003 -4.568291867518045E-018
  1.895246537109250E-003 -3.344642260147140E-018
  1.270041367077950E-003 -1.549956169336480E-018
  1.184387311729921E-003 -4.894598429483620E-019
  1.671187452809106E-003 -6.934014441768461E-019
  2.514119337461466E-003 -1.957839371793448E-018
  3.348519002389275E-003 -3.630160501867017E-018
  3.824592257654421E-003 -4.282773625798167E-018
  3.760445573266237E-003 -3.507795541129927E-018
  3.218616829774898E-003 -1.794686090810660E-018
  2.474288602465465E-003 -3.263065619655746E-019
  1.890825069065293E-003  1.631532809827873E-019
  1.758209068415602E-003 -4.894598429483620E-019
  2.165417474373548E-003 -1.835474411056357E-018
  2.962382709072562E-003 -3.140700658918656E-018
  3.827742170556918E-003 -3.630160501867017E-018
  4.412156242589752E-003 -3.099912338672959E-018
  4.493721374220789E-003 -1.794686090810660E-018
  4.076513277383623E-003 -8.157664049139366E-019
  3.388225301952943E-003 -6.526131239311493E-019
  2.777558733032137E-003 -1.305226247862299E-018
  2.556890472331904E-003 -2.284145933759022E-018
  2.860740864438790E-003 -3.426218900638533E-018
  3.584122077956242E-003 -4.078832024569683E-018
  4.429319495758364E-003 -3.905481663525471E-018
  5.040650142163594E-003 -2.753211616584536E-018
  5.166369230605498E-003 -1.142072966879511E-018
  4.773819970817978E-003  0.000000000000000E+000
  4.064643933329142E-003 -1.631532809827873E-019
  3.382392056579826E-003 -1.468379528845086E-018
  3.054500141634247E-003 -3.018335698181565E-018
  3.241311474083369E-003 -4.160408665061077E-018
  3.862068328165259E-003 -4.241985305552470E-018
  4.632435226633656E-003 -3.589372181621321E-018
  5.196364472803968E-003 -2.569664175478900E-018
  5.291087787517725E-003 -1.713109450319267E-018
  4.868446468215868E-003 -1.468379528845086E-018
  4.116132014654991E-003 -1.794686090810660E-018
  3.369248979902071E-003 -2.569664175478900E-018
  2.953921637101924E-003 -3.467007220884231E-018
  3.036273445522254E-003 -4.241985305552470E-018
  3.547162388294646E-003 -4.568291867518045E-018
  4.217087146588993E-003 -4.405138586535257E-018
  4.703837300700861E-003 -3.589372181621321E-018
  4.752291222244929E-003 -2.528875855233203E-018
  4.311502769607072E-003 -2.039416012284842E-018
  3.555222872142261E-003 -2.222963453390477E-018
  2.797906266653463E-003 -3.120306498795807E-018
  2.347104241051105E-003 -4.038043704323986E-018
  2.361977883264756E-003 -4.731445148500832E-018
  2.783376594465768E-003 -4.731445148500832E-018
  3.366241508030778E-003 -3.915678743586896E-018
  3.796926348959880E-003 -3.018335698181565E-018
  3.839170861214618E-003 -2.120992652776235E-018
  3.440733251176387E-003 -1.753897770564964E-018
  2.752742700731829E-003 -2.080204332530538E-018
  2.055404988736108E-003 -2.997941538058717E-018
  1.626880777912489E-003 -3.956467063832593E-018
  1.617003541434778E-003 -4.649868508009438E-018
  1.983247508331116E-003 -4.894598429483620E-018
  2.516023030689338E-003 -4.405138586535257E-018
  2.938823454167423E-003 -3.263065619655746E-018
  3.035339021177623E-003 -2.120992652776235E-018
  2.745219834429195E-003 -1.876262731302054E-018
  2.186472337558911E-003 -2.528875855233203E-018
  1.597028163839247E-003 -3.467007220884231E-018
  1.224526288835083E-003 -4.241985305552470E-018
  1.215384241588201E-003 -4.364350266289561E-018
  1.552616203889278E-003 -3.834102103095502E-018
  2.068342760765656E-003 -3.099912338672959E-018
  2.522886917361980E-003 -2.406510894496113E-018
  2.713225639090410E-003 -2.161780973021932E-018
  2.561946537841740E-003 -2.488087534987507E-018
  2.148105954815631E-003 -3.099912338672959E-018
  1.668152058848489E-003 -3.670948822112714E-018
  1.346086984720891E-003 -3.956467063832593E-018
  1.333684925666694E-003 -3.793313782849805E-018
  1.644805521519113E-003 -3.344642260147140E-018
  2.151830908562347E-003 -2.773605776707384E-018
  2.644477499395189E-003 -2.284145933759022E-018
  2.923984061196660E-003 -2.080204332530538E-018
  2.890710667472636E-003 -2.039416012284842E-018
  2.586731407482149E-003 -2.120992652776235E-018
  2.175238999839379E-003 -2.365722574250416E-018
  1.866518288294190E-003 -2.528875855233203E-018
  1.823669451381419E-003 -2.855182417198778E-018
  2.089981493894664E-003 -3.181488979164353E-018
  2.570100318886234E-003 -3.263065619655746E-018
  3.073195148092873E-003 -2.916364897567323E-018
  3.398732932624217E-003 -2.324934254004719E-018
  3.426432834259952E-003 -1.549956169336480E-018
  3.170018178489221E-003 -8.973430454053302E-019
  2.770520523707335E-003 -1.223649607370905E-018
  2.432041524434055E-003 -2.202569293267629E-018
  2.328914222829821E-003 -3.467007220884231E-018
  2.526328046799301E-003 -4.486715227026651E-018
  2.950582725623677E-003 -4.445926906780954E-018
  3.422690944658761E-003 -3.242671459532898E-018
  3.740146103327540E-003 -1.488773688967934E-018
  3.769511799085001E-003  1.631532809827873E-019
  3.507348375563477E-003  3.263065619655746E-019
  3.081406172525069E-003 -7.341897644225430E-019
  2.691483007225032E-003 -2.447299214741810E-018
  2.517223330456054E-003 -3.956467063832593E-018
  2.635473621402928E-003 -4.568291867518045E-018
  2.985396775156890E-003 -4.160408665061077E-018
  3.397366463464004E-003 -3.181488979164353E-018
  3.672019216153718E-003 -2.202569293267629E-018
  3.672578881110716E-003 -1.794686090810660E-018
  3.387558778520266E-003 -1.774291930687812E-018
  2.934966638506869E-003 -2.059810172407690E-018
  2.506551204394395E-003 -2.549270015356052E-018
  2.278534176623804E-003 -2.957153217813020E-018
  2.330602322298578E-003 -2.936759057690172E-018
  2.610626672235400E-003 -2.773605776707384E-018
  2.960847867707914E-003 -2.855182417198778E-018
  3.192488586675998E-003 -2.855182417198778E-018
  3.173469580948937E-003 -2.365722574250416E-018
  2.888419088779908E-003 -1.651926969950722E-018
  2.443748018920828E-003 -9.993138460195724E-019
  2.016529301141037E-003 -7.341897644225430E-019
  1.771934184081052E-003 -1.060496326388118E-018
  1.787952051123317E-003 -1.549956169336480E-018
  2.021854320680038E-003 -1.957839371793448E-018
  2.332791147600214E-003 -1.957839371793448E-018
  2.548732247878302E-003 -1.549956169336480E-018
  2.545930421239616E-003 -6.934014441768461E-019
  2.304241732796205E-003  8.157664049139366E-020
  1.913738346742368E-003  5.098540030712104E-019
  1.531008548335668E-003  4.384744426412409E-019
  1.306494926253794E-003 -8.157664049139366E-020
  1.316705673804210E-003 -8.157664049139366E-019
  1.531836078330883E-003 -1.305226247862299E-018
  1.832324032398983E-003 -1.305226247862299E-018
  2.065336916393759E-003 -6.526131239311493E-019
  2.114514699160202E-003  2.855182417198778E-019
  1.951238684794139E-003  1.101284646633814E-018
  1.645040460698599E-003  1.549956169336480E-018
  1.329780262580070E-003  1.488773688967934E-018
  1.142062251085270E-003  9.381313656510272E-019
  1.160168779256288E-003  1.835474411056357E-019
  1.370653696810132E-003 -4.078832024569683E-019
  1.676620335644116E-003 -4.690656828255136E-019
  1.942835953782759E-003 -8.157664049139366E-020
  2.056701983158010E-003  5.506423233169072E-019
  1.977694902378946E-003  8.157664049139366E-019
  1.753708865764511E-003  6.526131239311493E-019
  1.497854432965603E-003  8.157664049139366E-020
  1.336828204166048E-003 -4.078832024569683E-019
  1.354237321650616E-003 -5.710364834397556E-019
  1.554013734581527E-003 -4.894598429483620E-019
  1.859747867523089E-003 -1.325620407985147E-019
  2.149682832163029E-003  1.223649607370905E-019
  2.311381757456247E-003  2.855182417198778E-019
  2.291591034971690E-003  2.447299214741810E-019
  2.119210926974973E-003  0.000000000000000E+000
  1.891404382063379E-003 -1.631532809827873E-019
  1.729320981190039E-003 -2.447299214741810E-019
  1.723401060862122E-003 -3.263065619655746E-019
  1.892786413320701E-003 -5.710364834397556E-019
  2.176977471595375E-003 -7.545839245453914E-019
  2.463380849900321E-003 -5.914306435626040E-019
  2.638253182267371E-003 -1.631532809827873E-019
  2.638006703262837E-003  2.447299214741810E-019
  2.477671045074067E-003  4.078832024569683E-019
  2.243633853590140E-003  1.631532809827873E-019
  2.053986053897095E-003 -5.302481631940588E-019
  2.004542417229099E-003 -1.244043767493753E-018
  2.125162257389818E-003 -1.631532809827873E-018
  2.366314676327835E-003 -1.509167849090783E-018
  2.622001773526235E-003 -9.279342855896030E-019
  2.778480357338883E-003 -6.118248036854525E-020
  2.766372102700721E-003  4.282773625798167E-019
  2.592208728696933E-003  4.078832024569683E-019
  2.334965681060070E-003  0.000000000000000E+000
  2.109316540125471E-003 -3.874890423341199E-019
  2.012699095734122E-003 -4.690656828255136E-019
  2.080696690180467E-003 -2.039416012284841E-019
  2.271273070754530E-003 -4.078832024569683E-020
  2.484927990320056E-003  1.223649607370905E-019
  2.611165731078760E-003  4.078832024569683E-020
  2.579564491830107E-003  2.039416012284841E-020
  2.391804359816069E-003 -4.078832024569683E-020
  2.120073107989895E-003 -1.733503610442115E-019
  1.873002540774373E-003 -3.161094819041504E-019
  1.745301093313506E-003 -4.894598429483620E-019
  1.774566696657160E-003 -4.486715227026651E-019
  1.925090036732630E-003 -2.039416012284841E-019
  2.105664354391634E-003  2.039416012284841E-019
  2.212593188634071E-003  3.263065619655746E-019
  2.177625589273185E-003  1.019708006142421E-019
  1.998675818886379E-003 -5.098540030712104E-019
  1.739570372997507E-003 -9.381313656510272E-019
  1.499608524881112E-003 -9.177372055281786E-019
  1.367568427783590E-003 -7.137956042996945E-019
  1.381575870642095E-003 -4.078832024569683E-019
  1.513037149147122E-003 -2.039416012284841E-019
  1.681366717873977E-003 -2.447299214741810E-019
  1.792003445034926E-003 -4.486715227026651E-019
  1.779800009296235E-003 -5.302481631940588E-019
  1.637926031360258E-003 -3.059124018427262E-019
  1.419571341488711E-003  8.667518052210576E-020
  1.212435246115609E-003  3.721934222419836E-019
  1.098301217003187E-003  4.282773625798167E-019
  1.116364889412467E-003  1.019708006142421E-019
  1.246730300439200E-003 -4.282773625798167E-019
  1.420920537874564E-003 -9.177372055281786E-019
  1.553911830045903E-003 -8.565547251596334E-019
  1.582718231390169E-003 -3.059124018427262E-019
  1.494070148235292E-003  4.486715227026651E-019
  1.329116076056256E-003  9.585255257738756E-019
  1.163673391291277E-003  1.019708006142421E-018
  1.073483583501271E-003  6.934014441768461E-019
  1.100334381380732E-003  1.835474411056357E-019
  1.234101594260089E-003 -3.517992621191351E-019
  1.418311687108936E-003 -8.578293601673115E-019
  1.576210807550349E-003 -9.585255257738756E-019
  1.645311356634392E-003 -6.118248036854525E-019
  1.604900350706421E-003  4.078832024569683E-020
  1.484434799071356E-003  5.710364834397556E-019
  1.349448684892979E-003  7.341897644225430E-019
  1.271618599687704E-003  3.670948822112715E-019
  1.296545580306374E-003 -3.263065619655746E-019
  1.423618636430338E-003 -7.545839245453914E-019
  1.606765522553946E-003 -6.730072840539977E-019
  1.775504862581138E-003 -3.263065619655746E-019
  1.866684621885565E-003  1.631532809827873E-019
  1.852620301191831E-003  6.118248036854525E-019
  1.753072255154156E-003  8.565547251596334E-019
  1.625819590363739E-003  9.381313656510272E-019
  1.540210892375470E-003  5.302481631940588E-019
  1.545691972622671E-003 -1.631532809827873E-019
  1.649517870419860E-003 -7.545839245453914E-019
  1.813664323777450E-003 -9.534269857431634E-019
  1.972251585892631E-003 -6.322189638083009E-019
  2.061507684081206E-003  2.039416012284841E-019
  2.048631723492584E-003  9.585255257738756E-019
  1.946446912995318E-003  1.019708006142421E-018
  1.807226610155943E-003  2.855182417198778E-019
  1.698584053426235E-003 -8.157664049139366E-019
  1.672498720096667E-003 -1.866065651240630E-018
  1.741662496200700E-003 -2.335131334066143E-018
  1.873936560872572E-003 -2.161780973021932E-018
  2.007371111098470E-003 -1.182861287125208E-018
  2.078792352602527E-003 -8.667518052210576E-020
  2.052758060616446E-003  1.580547409520752E-019
  1.937580069571876E-003 -4.486715227026651E-019
  1.781141100845837E-003 -1.631532809827873E-018
  1.648586575880700E-003 -2.630846655847445E-018
  1.592308709221921E-003 -2.824591177014505E-018
  1.628107803293281E-003 -2.284145933759022E-018
  1.728440849843149E-003 -1.101284646633814E-018
  1.835677548196064E-003 -1.631532809827873E-019
  1.889023939681846E-003  0.000000000000000E+000
  1.852546011518516E-003 -7.443868444839672E-019
  1.731380432431226E-003 -2.105697032684099E-018
  1.568844134919343E-003 -3.161094819041504E-018
  1.426064344898848E-003 -3.140700658918656E-018
  1.353775328912136E-003 -2.243357613513326E-018
  1.369371504589831E-003 -1.019708006142421E-018
  1.449656304441187E-003 -2.039416012284841E-019
  1.542317260015863E-003 -3.263065619655746E-019
  1.590499525152357E-003 -1.284832087739450E-018
  1.558956801874380E-003 -2.651240815970294E-018
  1.449782095036938E-003 -3.599569261682745E-018
  1.300756756150297E-003 -3.548583861375624E-018
  1.167462878698670E-003 -2.610452495724597E-018
  1.097690612926538E-003 -1.325620407985147E-018
  1.109977279480301E-003 -4.078832024569683E-019
  1.185937564365613E-003 -3.874890423341199E-019
  1.279526164209927E-003 -1.325620407985147E-018
  1.338604560744510E-003 -2.793999936830233E-018
  1.328728376491955E-003 -3.834102103095502E-018
  1.248337522766673E-003 -3.854496263218350E-018
  1.128710391714705E-003 -2.753211616584536E-018
  1.019100007895984E-003 -1.213452527309481E-018
  9.641351609482552E-004 -1.223649607370905E-019
  9.838554227516348E-004 -9.177372055281787E-020
  1.065282717868086E-003 -1.131875886818087E-018
  1.169015674522018E-003 -2.839886797106642E-018
  1.247509605515323E-003 -4.267478005706031E-018
  1.266564874170128E-003 -4.568291867518045E-018
  1.220332472310721E-003 -3.670948822112714E-018
  1.133285278318657E-003 -2.019021852161993E-018
  1.048578287278522E-003 -6.118248036854525E-019
  1.008300462286253E-003 -6.118248036854525E-020
  1.034605120349971E-003 -5.710364834397556E-019
  1.120116044669371E-003 -1.881361271332766E-018
  1.231701802454230E-003 -3.222277299410049E-018
  1.325681165664279E-003 -3.915678743586896E-018
  1.367473587388524E-003 -3.548583861375624E-018
  1.346855438801442E-003 -2.569664175478900E-018
  1.282086535766817E-003 -1.549956169336480E-018
  1.211233379726013E-003 -1.101284646633814E-018
  1.174746175619938E-003 -1.325620407985147E-018
  1.197194391168175E-003 -1.998627692039145E-018
  1.276344988440616E-003 -2.630846655847445E-018
  1.384393777717369E-003 -2.722620376400263E-018
  1.480671783815835E-003 -2.273948853697598E-018
  1.530011628954639E-003 -1.611138649705025E-018
  1.518467091183274E-003 -1.182861287125208E-018
  1.459331756941321E-003 -1.305226247862299E-018
  1.386818632218160E-003 -1.753897770564964E-018
  1.340342824491095E-003 -2.182175133144780E-018
  1.346576013248103E-003 -2.518678775171779E-018
  1.407410542444847E-003 -2.477890454926082E-018
  1.499252373716603E-003 -2.120992652776235E-018
  1.583895787561051E-003 -1.728405070411403E-018
  1.625969164524678E-003 -1.600941569643601E-018
  1.608975005467545E-003 -1.702912370257843E-018
  1.542626054465658E-003 -1.753897770564964E-018
  1.458186037481877E-003 -1.702912370257843E-018
  1.394019104873724E-003 -1.692715290196418E-018
  1.378016743035517E-003 -1.621335729766449E-018
  1.414960923715068E-003 -1.335817488046571E-018
  1.484570178625111E-003 -1.101284646633814E-018
  1.551038431569441E-003 -1.080890486510966E-018
  1.579597707184200E-003 -1.422492668568677E-018
  1.552446970872887E-003 -2.013923312131281E-018
  1.476746339611526E-003 -2.549270015356052E-018
  1.381089404725031E-003 -2.732817456461687E-018
  1.302197745237501E-003 -2.528875855233203E-018
  1.268057635144263E-003 -2.059810172407690E-018
  1.285282821864487E-003 -1.590744489582176E-018
  1.336448541236392E-003 -1.427591208599389E-018
  1.388483071338612E-003 -1.713109450319267E-018
  1.408106209061282E-003 -2.182175133144780E-018
  1.377125535961921E-003 -2.539072935294627E-018
  1.300578460149422E-003 -2.630846655847445E-018
  1.204106820365838E-003 -2.411609434526825E-018
  1.121952754986297E-003 -2.039416012284842E-018
  1.081239663913084E-003 -1.692715290196418E-018
  1.089798148359942E-003 -1.447985368722237E-018
  1.133032734270488E-003 -1.509167849090783E-018
  1.181079118506271E-003 -1.978233531916296E-018
  1.202773142765357E-003 -2.569664175478900E-018
  1.179917835732509E-003 -2.773605776707384E-018
  1.115342995912932E-003 -2.574762715509612E-018
  1.031227121215600E-003 -2.059810172407690E-018
  9.586642774551950E-004 -1.493872228998646E-018
  9.234143575217183E-004 -1.305226247862299E-018
  9.343888638409719E-004 -1.621335729766449E-018
  9.800241655892425E-004 -2.273948853697598E-018
  1.033995390678380E-003 -2.753211616584536E-018
  1.067463665159819E-003 -2.686930596185279E-018
  1.062168839835191E-003 -2.324934254004719E-018
  1.018441490504569E-003 -1.937445211670600E-018
  9.546462883133789E-004 -1.611138649705025E-018
  8.985125739081588E-004 -1.458182448783662E-018
  8.744436247945714E-004 -1.498970769029359E-018
  8.926009380451101E-004 -1.687616750165706E-018
  9.446224176978776E-004 -1.866065651240630E-018
  1.007743800599485E-003 -1.845671491117782E-018
  1.055288237162828E-003 -1.779390470718524E-018
  1.068686306316760E-003 -1.774291930687812E-018
  1.045612638151423E-003 -1.733503610442115E-018
  1.000678395445534E-003 -1.713109450319267E-018
  9.585191570585243E-004 -1.855868571179206E-018
  9.425173249687147E-004 -2.182175133144780E-018
  9.642848339943724E-004 -2.559467095417476E-018
  1.018597539741737E-003 -2.753211616584536E-018
  1.085955250526338E-003 -2.681832056154567E-018
  1.141498546605296E-003 -2.294343013820447E-018
  1.166192875911157E-003 -1.794686090810660E-018
  1.155237720007115E-003 -1.386802888353692E-018
  1.119970882198067E-003 -1.223649607370905E-018
  1.082499508428930E-003 -1.509167849090783E-018
  1.065558201669276E-003 -2.243357613513326E-018
  1.082206632478329E-003 -3.069321098488686E-018
  1.130001445844118E-003 -3.609766341744169E-018
  1.192219410932192E-003 -3.528189701252776E-018
  1.245511278838467E-003 -2.946956137751596E-018
  1.270473891877290E-003 -2.365722574250416E-018
  1.260340909301723E-003 -2.141386812899084E-018
  1.223880182871170E-003 -2.508481695110355E-018
  1.181235223936792E-003 -3.161094819041504E-018
  1.154652185112198E-003 -3.548583861375624E-018
  1.158338678350201E-003 -3.365036420269988E-018
  1.192065397299715E-003 -2.574762715509612E-018
  1.241389108106644E-003 -1.498970769029359E-018
  1.284343636818505E-003 -7.303658593995089E-019
  1.301501051289005E-003 -7.367390344378990E-019
  1.284790910874246E-003 -1.249142307524465E-018
  1.241065779673168E-003 -1.743700690503540E-018
  1.188830705573380E-003 -1.937445211670600E-018
  1.149690956021742E-003 -1.840572951087070E-018
  1.138474847521790E-003 -1.498970769029359E-018
  1.156560244585274E-003 -1.101284646633814E-018
  1.191424826636148E-003 -9.483284457124514E-019
  1.222560034818602E-003 -1.142072966879511E-018
  1.230971158527071E-003 -1.509167849090783E-018
  1.207872364763492E-003 -1.784489010749236E-018
  1.158604724362233E-003 -1.812530980918153E-018
  1.100043363267850E-003 -1.521914199167563E-018
  1.052767101784743E-003 -1.244043767493753E-018
  1.031648175021499E-003 -1.172664207063784E-018
  1.039192576846970E-003 -1.182861287125208E-018
  1.064637306496333E-003 -1.386802888353692E-018
  1.089126959654835E-003 -1.743700690503540E-018
  1.094502590483961E-003 -1.988430611977720E-018
  1.071623265580097E-003 -1.947642291732024E-018
  1.024425308722172E-003 -1.570350329459328E-018
  9.679416116152546E-004 -1.040102166265269E-018
  9.212967205575369E-004 -8.004707848218003E-019
  8.989684053072112E-004 -9.993138460195724E-019
  9.043324796631161E-004 -1.407197048476541E-018
  9.283850405093696E-004 -1.835474411056357E-018
  9.541173840997053E-004 -2.284145933759022E-018
  9.644358409939629E-004 -2.579861255540324E-018
  9.499525001099376E-004 -2.625748115816733E-018
  9.131126248539068E-004 -2.381018194342552E-018
  8.668664839967056E-004 -1.978233531916296E-018
  8.286076566724804E-004 -1.507893214083105E-018
  8.122273651039410E-004 -1.264437927616602E-018
  8.219209785935583E-004 -1.519364929152207E-018
  8.505062803030683E-004 -2.182175133144780E-018
  8.829113764897711E-004 -2.725169646415619E-018
  9.031426334100608E-004 -2.763408696645960E-018
  9.015139158410810E-004 -2.019021852161993E-018
  8.788752616740080E-004 -1.029905086203845E-018
  8.460039852845107E-004 -2.651240815970294E-019
  8.185375756116200E-004 -1.019708006142421E-019
  8.098218530582001E-004 -7.035985242382703E-019
  8.249313630998528E-004 -1.901755431455615E-018
  8.585227329243494E-004 -3.048926938365838E-018
  8.974069068437440E-004 -3.609766341744169E-018
  9.265930521455441E-004 -3.150897738980080E-018
  9.360265569611078E-004 -1.917051051547751E-018
  9.249866373704464E-004 -4.792627628869378E-019
  9.022142443739395E-004  3.874890423341199E-019
  8.817880574347127E-004  1.529562009213631E-019
  8.766703647285047E-004 -1.029905086203845E-018
  8.928563077801586E-004 -2.600255415663173E-018
  9.267427108056812E-004 -3.579175101559897E-018
  9.668495837968941E-004 -3.548583861375624E-018
  9.990588759911970E-004 -2.426905054618961E-018
  1.012968391490749E-003 -9.585255257738756E-019
  1.006489748481672E-003 -9.177372055281787E-020
  9.866442859820346E-004 -2.447299214741810E-019
  9.662449646670409E-004 -1.325620407985147E-018
  9.580074249127993E-004 -2.651240815970294E-018
  9.687747261402759E-004 -3.324248100024291E-018
  9.964612215636348E-004 -3.028532778242989E-018
  1.031067916518507E-003 -2.024120392192705E-018
  1.059269330505470E-003 -1.024806546173133E-018
  1.070461365944582E-003 -6.424160438697251E-019
  1.061517260491050E-003 -1.050299246326693E-018
  1.038108243671949E-003 -1.825277330994933E-018
  1.012022118660559E-003 -2.437102134680385E-018
  9.957346870880421E-004 -2.406510894496113E-018
  9.967264694861907E-004 -1.674870400088926E-018
  1.014131577838312E-003 -9.049908554513984E-019
  1.039221598441111E-003 -3.964114873878660E-019
  1.059467134738758E-003 -4.327385851066898E-019
  1.064291093629400E-003 -1.003775068546445E-018
  1.049873566201620E-003 -1.941269116693633E-018
  1.020826231018451E-003 -2.674184246108498E-018
  9.880053362862672E-004 -2.737915996492399E-018
  9.635039904967182E-004 -2.090401412591962E-018
  9.551426063903321E-004 -1.121678806756663E-018
  9.629800553824175E-004 -3.365036420269988E-019
  9.794147999965669E-004 -1.580547409520752E-019
  9.927842540159916E-004 -4.435729826719530E-019
  9.927714241361105E-004 -1.106383186664527E-018
  9.751231489772380E-004 -1.616237189735737E-018
  9.435331075243594E-004 -1.514266389121495E-018
  9.078700652874264E-004 -8.973430454053302E-019
  8.796154271647664E-004 -2.855182417198778E-019
  8.666370778041797E-004  3.568978021498472E-020
  8.696963050364796E-004 -3.467007220884230E-019
  8.822534722402602E-004 -1.335817488046571E-018
  8.936048614818832E-004 -2.243357613513326E-018
  8.938616194747556E-004 -2.661437896031718E-018
  8.784677938651510E-004 -2.396313814434689E-018
  8.502070565017952E-004 -1.580547409520752E-018
  8.178310877535577E-004 -7.596824645761035E-019
  7.919982076804924E-004 -4.767134928715817E-019
  7.804216016926595E-004 -9.228357455588908E-019
  7.844477888543817E-004 -1.917051051547751E-018
  7.985904438090819E-004 -2.941857597720884E-018
  8.131707814582581E-004 -3.604667801713457E-018
  8.188028165427446E-004 -3.410923280546397E-018
  8.106522386202493E-004 -2.406510894496113E-018
  7.905448143212826E-004 -1.142072966879511E-018
  7.660154218086857E-004 -3.543485321344912E-019
  7.467923963538183E-004 -5.786842934858238E-019
  7.403601515136884E-004 -1.567801059443972E-018
  7.486233929117240E-004 -2.846897289648871E-018
  7.671550769427994E-004 -3.816257212988010E-018
  7.873131204729724E-004 -4.119620344815380E-018
  8.002121622061188E-004 -3.655653202020578E-018
  8.007230889639007E-004 -2.477890454926082E-018
  7.896991937364419E-004 -1.325620407985147E-018
  7.734629761254518E-004 -8.463576450982092E-019
  7.608388431051117E-004 -1.264437927616602E-018
  7.591139413592921E-004 -2.426905054618961E-018
  7.707635455742054E-004 -3.635259041897730E-018
  7.923987134186097E-004 -4.094127644661819E-018
  8.163688375565210E-004 -3.619963421805593E-018
  8.342520534842302E-004 -2.437102134680385E-018
  8.406326793067869E-004 -1.254240847555178E-018
  8.354635694262408E-004 -6.424160438697251E-019
  8.239748990370457E-004 -9.483284457124514E-019
  8.142093378502475E-004 -2.110795572714811E-018
  8.133284707299027E-004 -3.579175101559897E-018
  8.243703245174072E-004 -4.568291867518045E-018
  8.449109158303991E-004 -4.405138586535257E-018
  8.682063091545736E-004 -3.125405038826519E-018
  8.862677905259467E-004 -1.269536467647314E-018
  8.934593631961540E-004  9.177372055281787E-020
  8.889888528982443E-004  9.177372055281787E-020
  8.771821526798604E-004 -1.091087566572390E-018
  8.654431743660325E-004 -2.793999936830233E-018
  8.608481600199181E-004 -4.241985305552470E-018
  8.669298338473170E-004 -4.609080187763741E-018
  8.821045536751523E-004 -3.719384952404479E-018
  9.004369173655914E-004 -2.266301043651530E-018
  9.143703907400499E-004 -1.121678806756663E-018
  9.181649779082276E-004 -7.749780846682398E-019
  9.104746983614671E-004 -1.468379528845086E-018
  8.949036973023462E-004 -2.748113076553824E-018
  8.783097084114602E-004 -4.043142244354698E-018
  8.676500429304915E-004 -4.616727997809810E-018
  8.668203134730725E-004 -4.154035490022687E-018
  8.749245700470116E-004 -3.080792813557788E-018
  8.867485782083170E-004 -2.105697032684099E-018
  8.951957767229011E-004 -1.811256345910475E-018
  8.945532374118620E-004 -2.416707974557537E-018
  8.830890078753078E-004 -3.575988514040701E-018
  8.638044567536493E-004 -4.683487006336947E-018
  8.430211676475015E-004 -5.042456090374270E-018
  8.274743463891393E-004 -4.550446977410552E-018
  8.212581463038128E-004 -3.408374010531041E-018
  8.240184691695883E-004 -2.197470753236917E-018
  8.312004210573235E-004 -1.621335729766449E-018
  8.362081473775172E-004 -2.034317472254130E-018
  8.334635325849857E-004 -3.214629489363981E-018
  8.209547577442000E-004 -4.430631286688818E-018
  8.011199732552494E-004 -4.988921420051794E-018
  7.796892597153151E-004 -4.422983476642750E-018
  7.630457168374336E-004 -3.122855768811163E-018
  7.553327482647910E-004 -1.937445211670600E-018
  7.566295453642216E-004 -1.580547409520752E-018
  7.630069458795843E-004 -2.273948853697598E-018
  7.684047551091762E-004 -3.543485321344912E-018
  7.674432888861698E-004 -4.733994418516188E-018
  7.578731812502978E-004 -5.038632185351237E-018
  7.415565248498580E-004 -4.415335666596681E-018
  7.235613258729873E-004 -3.247132682059771E-018
  7.098165584935197E-004 -2.240489684746050E-018
  7.044197906965325E-004 -1.984606706954687E-018
  7.078251597153487E-004 -2.639769100901192E-018
  7.167155111068476E-004 -3.769095717703922E-018
  7.255830283231659E-004 -4.750564673616003E-018
  7.292685656669695E-004 -5.177567401188141E-018
  7.252915270652160E-004 -4.764585658700461E-018
  7.149209826984985E-004 -3.701540062296987E-018
  7.025292696931892E-004 -2.559467095417476E-018
  6.935545010258377E-004 -2.029218932223417E-018
  6.920196058747369E-004 -2.590058335601749E-018
  6.987362134087041E-004 -4.045691514370055E-018
  7.109900259724485E-004 -5.590549143675822E-018
  7.238206945653601E-004 -6.276302777806600E-018
  7.322887494979229E-004 -5.659379434090435E-018
  7.336896466839444E-004 -3.879988963371911E-018
  7.287189092022601E-004 -1.917051051547751E-018
  7.210832527544588E-004 -9.024415854360424E-019
  7.157610959474596E-004 -1.453083908752950E-018
  7.167196206998639E-004 -3.176390439133641E-018
  7.251255328693129E-004 -5.083244410619967E-018
  7.388465628006618E-004 -6.057065556485979E-018
  7.534467309602559E-004 -5.531915933322633E-018
  7.642032280285432E-004 -3.686244442204851E-018
  7.682208343357596E-004 -1.687616750165706E-018
  7.656903887321026E-004 -5.914306435626040E-019
  7.597375104322139E-004 -8.565547251596334E-019
  7.549505713645687E-004 -2.258653233605462E-018
  7.552704219586151E-004 -3.895284583464047E-018
  7.622024305144127E-004 -4.945583829790741E-018
  7.741531446601467E-004 -4.843613029176498E-018
  7.871761781332357E-004 -3.517992621191352E-018
  7.967724144240542E-004 -1.702912370257843E-018
  7.999180155018633E-004 -3.976861223955441E-019
  7.964008261613762E-004 -4.129817424876804E-019
  7.888692859912026E-004 -1.677419670104282E-018
  7.815872324893571E-004 -3.446613060761382E-018
  7.784737605060390E-004 -4.721248068439408E-018
  7.813245527475998E-004 -4.797726168900089E-018
  7.890188465497030E-004 -3.599569261682745E-018
  7.980603405773675E-004 -1.913227146524717E-018
  8.041912364403346E-004 -6.347682338236569E-019
  8.043342642213206E-004 -3.365036420269988E-019
  7.979767673157415E-004 -1.149720776925579E-018
  7.873743337842647E-004 -2.592607605617105E-018
  7.764952119111963E-004 -3.747426922573396E-018
  7.692004993096993E-004 -3.891460678441013E-018
  7.674972186284970E-004 -2.820767271991471E-018
  7.706584050191543E-004 -1.117854901733629E-018
  7.755999554765906E-004  2.511030965125711E-019
  7.783266438359938E-004  5.034808280328203E-019
  7.757747785789113E-004 -4.614178727794454E-019
  7.672067304950360E-004 -1.957202054289609E-018
  7.545278641051597E-004 -2.996985561802958E-018
  7.413961435841006E-004 -3.126679673834198E-018
  7.315469765955306E-004 -2.365722574250416E-018
  7.271077639425769E-004 -1.187959827155920E-018
  7.276701550502329E-004 -2.804197016891657E-019
  7.305311898073004E-004 -2.523777315202491E-019
  7.319753984393115E-004 -1.024806546173133E-018
  7.289974340028116E-004 -1.932346671639887E-018
  7.206735899223431E-004 -2.452397754772522E-018
  7.085633856827702E-004 -2.353613541677475E-018
  6.959744556085743E-004 -1.704187005265521E-018
  6.864443694461313E-004 -7.928229747757321E-019
  6.821433260849720E-004 -2.702226216277415E-019
  6.829252767003568E-004 -5.060300980481763E-019
  6.864471160913390E-004 -1.510442484098461E-018
  6.892824343825491E-004 -2.767232601668994E-018
  6.885058001811461E-004 -3.596382674163550E-018
  6.830196776748419E-004 -3.626973914347823E-018
  6.740266903278105E-004 -2.893421467429119E-018
  6.644491021042790E-004 -1.978233531916296E-018
  6.575785700312505E-004 -1.416119493530287E-018
  6.555825488768376E-004 -1.505343944067749E-018
  6.585464209747661E-004 -2.095499952622675E-018
  6.644745962320084E-004 -2.763408696645960E-018
  6.702316390100279E-004 -3.013237158150853E-018
  6.729797837870350E-004 -2.720071106384907E-018
  6.714535877302210E-004 -2.141386812899084E-018
  6.664989879963737E-004 -1.534660549244343E-018
  6.606473813247101E-004 -1.193058367186632E-018
  6.569353409530100E-004 -1.177762747094496E-018
  6.575168686305227E-004 -1.621335729766449E-018
  6.626982031668282E-004 -2.409060164511469E-018
  6.708228022349461E-004 -3.107560148719027E-018
  6.790429596260919E-004 -3.120306498795807E-018
  6.846143420814114E-004 -2.488087534987507E-018
  6.861207531146967E-004 -1.544857629305767E-018
  6.840784328922947E-004 -5.302481631940588E-019
  6.806583013500497E-004 -1.019708006142421E-019
  6.786662964486555E-004 -6.118248036854525E-019
  6.802537303104838E-004 -1.825277330994933E-018
  6.859434072172368E-004 -3.018335698181565E-018
  6.944055769250161E-004 -3.502697001099215E-018
  7.030731549770594E-004 -2.972448837905156E-018
  7.093060961656229E-004 -1.657025509981434E-018
  7.115716604510122E-004 -3.212080219348625E-019
  7.101079702051940E-004  2.804197016891657E-019
  7.067789155507765E-004 -2.498284615048931E-019
  7.041973695937644E-004 -1.769193390657100E-018
  7.045228459761736E-004 -3.446613060761382E-018
  7.084812759594043E-004 -4.257280925644606E-018
  7.150470457091251E-004 -3.798412322880517E-018
  7.219224552762394E-004 -2.363173304235060E-018
  7.265874796015867E-004 -5.786842934858238E-019
  7.274375374566276E-004  6.067262636547404E-019
  7.244930618619208E-004  4.588686027640893E-019
  7.193648407636515E-004 -8.743996152671258E-019
  7.145000898937180E-004 -2.613001765739953E-018
  7.120599615375322E-004 -3.737229842511972E-018
  7.129421595925411E-004 -3.718110317396802E-018
  7.163903680176603E-004 -2.601530050670851E-018
  7.203605403924360E-004 -1.079615851503288E-018
  7.224683211245813E-004 -7.647810046068156E-020
  7.210799351927888E-004 -2.562016365432832E-019
  7.160489669749112E-004 -1.501520039044715E-018
  7.087685412841439E-004 -3.155996279010792E-018
  7.015238889224402E-004 -4.192911857756866E-018
  6.964487691816770E-004 -4.134915964907516E-018
  6.945656295472408E-004 -2.936121740186333E-018
  6.953450411707461E-004 -1.071330723953381E-018
  6.969777823857994E-004  4.403863951527580E-019
  6.972258369489025E-004  6.602609339772174E-019
  6.944567656001383E-004 -4.257280925644606E-019
  6.883879189008461E-004 -2.184724403160136E-018
  6.802058567059781E-004 -3.760173272650176E-018
  6.720157591339232E-004 -4.391436260202719E-018
  6.658814162882593E-004 -3.709187872343055E-018
  6.628988796596313E-004 -2.250368106055555E-018
  6.627246912861185E-004 -7.686049096298497E-019
  6.637660386929312E-004 -5.608394033783314E-020
  6.639355806824499E-004 -5.009315580174642E-019
  6.616183252485527E-004 -1.879449318821249E-018
  6.564073338370643E-004 -3.266252207174942E-018
  6.492776562693339E-004 -3.869473224558567E-018
  6.421289917057046E-004 -3.451711600792094E-018
  6.369157032970949E-004 -2.195240141973480E-018
  6.347664427720811E-004 -7.486887376348804E-019
  6.354931777630742E-004 -5.560595220995388E-020
  6.377054135569724E-004 -7.157075568112116E-019
  6.394668348652327E-004 -2.259927868613140E-018
  6.391867157880085E-004 -3.628885866859340E-018
  6.363377208386117E-004 -4.031670529285596E-018
  6.316780372751373E-004 -3.296206129855375E-018
  6.268863730885528E-004 -2.118443382760879E-018
  6.237859426451641E-004 -1.259339387585890E-018
  6.235162693726023E-004 -1.200706177232700E-018
  6.260284660727494E-004 -1.942543751701312E-018
  6.301262762271277E-004 -2.969899567889800E-018
  6.340242646308789E-004 -3.459359410838162E-018
  6.361614039181547E-004 -3.178939709148997E-018
  6.358978431226698E-004 -2.365722574250416E-018
  6.337823252006534E-004 -1.427591208599389E-018
  6.312773168443345E-004 -8.871459653439060E-019
  6.300757211197550E-004 -1.055397786357405E-018
  6.313248958838368E-004 -1.687616750165706E-018
  6.351098604333991E-004 -2.442200674711097E-018
  6.404244477062112E-004 -3.069321098488686E-018
  6.456351219513403E-004 -3.191686059225777E-018
  6.492199494671629E-004 -2.559467095417476E-018
  6.504448316846993E-004 -1.483675148937222E-018
  6.496730318092909E-004 -4.282773625798167E-019
  6.481743583894639E-004  8.157664049139366E-020
  6.475281443395124E-004 -4.027846624262562E-019
  6.488958642710552E-004 -1.672321130073570E-018
  6.524937513891996E-004 -3.120306498795807E-018
  6.575005144597899E-004 -3.803510862911229E-018
  6.624354050777336E-004 -3.370134960300701E-018
  6.658290710304132E-004 -2.095499952622675E-018
  6.668799975783743E-004 -7.698795446375277E-019
  6.658001890530539E-004 -1.937445211670599E-019
  6.636982527222980E-004 -6.628102039925735E-019
  6.620591832506669E-004 -1.924698861593819E-018
  6.620616746942844E-004 -3.260516349640390E-018
  6.640440636079331E-004 -3.992156844047577E-018
  6.673586680979417E-004 -3.665850282082002E-018
  6.706753637552011E-004 -2.526326585217847E-018
  6.725910203322436E-004 -1.279733547708738E-018
  6.722646862722392E-004 -7.239926843611187E-019
  6.697902871776263E-004 -1.269536467647314E-018
  6.661412482401788E-004 -2.564565635448188E-018
  6.627176922746016E-004 -3.778018162757669E-018
  6.607067969737374E-004 -4.243259940560148E-018
  6.605490342425456E-004 -3.721934222419836E-018
  6.617512189610914E-004 -2.519953410179457E-018
  6.631266941034283E-004 -1.266987197631958E-018
  6.633478768602305E-004 -7.061477942536264E-019
  6.615559153055279E-004 -1.190509097171276E-018
  6.577495802843416E-004 -2.248456153544038E-018
  6.527795692003969E-004 -3.208256314325591E-018
  6.479561709585815E-004 -3.650554661989866E-018
  6.444539897614311E-004 -3.205707044310235E-018
  6.427872092756713E-004 -1.998627692039145E-018
  6.425929583424797E-004 -8.073219479880696E-019
  6.428167831298508E-004 -3.295130656567647E-019
  6.422099168064808E-004 -7.998334673179613E-019
  6.399074960009071E-004 -1.924061544089980E-018
  6.358234859286167E-004 -3.077606226038594E-018
  6.306854693949430E-004 -3.858320168241384E-018
  6.256990087444940E-004 -3.862781390768258E-018
  6.219999430724781E-004 -3.049882914621597E-018
  6.201469135550711E-004 -2.021252463425430E-018
  6.198840519473186E-004 -1.275272325181865E-018
  6.202771889115143E-004 -1.171708230808025E-018
  6.201554597699204E-004 -1.672958447577409E-018
  6.186525629654050E-004 -2.289881791293574E-018
  6.156001618133944E-004 -2.619374940778343E-018
  6.115973315765648E-004 -2.700951581269737E-018
  6.077300962026070E-004 -2.521228045187135E-018
  6.050743667786133E-004 -2.122267287783913E-018
  6.042115070624791E-004 -1.683792845142672E-018
  6.049759369552136E-004 -1.394450698399760E-018
  6.065450445241363E-004 -1.437788288660813E-018
  6.078245481544444E-004 -1.720757260365335E-018
  6.079494502594840E-004 -2.036866742269486E-018
  6.066716543962785E-004 -2.245906883528682E-018
  6.044608136018552E-004 -2.307089363897227E-018
  6.022779379858698E-004 -2.332582064050787E-018
  6.011300868309757E-004 -2.386116734373265E-018
  6.016115098759587E-004 -2.409060164511469E-018
  6.036389958063553E-004 -2.368271844265772E-018
  6.064976390366417E-004 -2.200020023252273E-018
  6.091708688824454E-004 -1.968036451854872E-018
  6.108006365634668E-004 -1.705461640273199E-018
  6.110676166050159E-004 -1.529562009213631E-018
  6.103211166953925E-004 -1.682518210134994E-018
  6.094043828401301E-004 -2.118443382760879E-018
  6.092594402473408E-004 -2.646142275939582E-018
  6.104936827656393E-004 -3.031082048258345E-018
  6.131046000851869E-004 -3.041279128319770E-018
  6.164843725052153E-004 -2.689479866200635E-018
  6.196977424581654E-004 -2.294343013820447E-018
  6.219033427122293E-004 -2.166879513052644E-018
  6.227259981660857E-004 -2.432003594649673E-018
  6.224126951655066E-004 -2.926561977628747E-018
  6.217051808869630E-004 -3.293656859840019E-018
  6.214911243704388E-004 -3.469556490899587E-018
  6.223948263947086E-004 -3.288558319809307E-018
  6.244933648896802E-004 -2.814394096953081E-018
  6.272846604368951E-004 -2.248456153544038E-018
  6.299182751459350E-004 -1.812530980918153E-018
  6.315808477334255E-004 -1.588195219566820E-018
  6.318596759770663E-004 -1.628983539812517E-018
  6.309202971423125E-004 -1.968036451854872E-018
  6.294203211716332E-004 -2.416707974557537E-018
  6.282021826571952E-004 -2.605353955693885E-018
  6.279069755502607E-004 -2.503383155079643E-018
  6.286853584008093E-004 -2.115894112745523E-018
  6.301351955906714E-004 -1.450534638737594E-018
  6.314911341569492E-004 -8.845966953285500E-019
  6.319767814254931E-004 -6.959507141922022E-019
  6.311575963330942E-004 -9.865674959427920E-019
  6.291344143866632E-004 -1.657025509981434E-018
  6.264919394353296E-004 -2.370821114281128E-018
  6.240288677453934E-004 -2.741739901515434E-018
  6.223950798855324E-004 -2.652515450977972E-018
  6.218018552097139E-004 -2.012648677123603E-018
  6.219356666981738E-004 -8.616532651903456E-019
  6.221118647525682E-004  1.542308359290411E-019
  6.215950667135464E-004  4.461222526873091E-019
  6.199383196529664E-004 -1.465830258829730E-019
  6.171866292709120E-004 -1.156093951963970E-018
  6.138542708568960E-004 -1.959114006801126E-018
  6.106894216677556E-004 -2.035592107261807E-018
  6.083361438401712E-004 -1.259976705089729E-018
  6.070488072206845E-004 -1.376605808292268E-019
  6.065879068809730E-004  9.018042679322033E-019
  6.063418316921122E-004  1.361310188200132E-018
  6.056157458103886E-004  9.228357455588908E-019
  6.039536851216037E-004 -7.074224292613043E-020
  6.013469602466359E-004 -1.023531911165455E-018
  5.982359482096813E-004 -1.390626793376726E-018
  5.953077285811956E-004 -9.610747957892316E-019
  5.931847394216124E-004  1.338366758061927E-019
  5.921475804246209E-004  1.238945227463041E-018
  5.920172189232271E-004  1.850770031148494E-018
  5.922473849131288E-004  1.720757260365335E-018
  5.921816689934464E-004  9.113640304897886E-019
  5.913558631028634E-004 -2.243357613513325E-019
  5.897076084177948E-004 -1.200706177232700E-018
  5.875998491525583E-004 -1.395725333407438E-018
  5.856506582123552E-004 -6.628102039925735E-019
  5.844499175456781E-004  4.741642228562257E-019
  5.842932053006257E-004  1.340916028077283E-018
  5.850531482119539E-004  1.468379528845086E-018
  5.862441050095026E-004  1.009510926080997E-018
  5.872475117826816E-004  2.855182417198778E-019
  5.875930708454417E-004 -4.104324724723243E-019
  5.871675558973418E-004 -7.239926843611187E-019
  5.862580361960326E-004 -4.767134928715817E-019
  5.854128770411191E-004  1.911952511517039E-019
  5.851865799195314E-004  8.514561851289213E-019
  5.858858864693152E-004  1.162467127002360E-018
  5.874319445660038E-004  9.355820956356710E-019
  5.893988814317981E-004  1.937445211670599E-019
  5.912083699765702E-004 -6.577116639618614E-019
  5.923896458399855E-004 -1.157368586971648E-018
  5.927864089221413E-004 -1.134425156833443E-018
  5.926180412758184E-004 -7.035985242382703E-019
  5.923699274397028E-004 -2.421806514588249E-019
  5.925652708148420E-004 -4.333759026105288E-020
  5.935234642383452E-004 -3.416021820577109E-019
  5.952144419553606E-004 -1.009510926080997E-018
  5.972733326943941E-004 -1.600941569643601E-018
  5.991663051225728E-004 -1.623884999781805E-018
  6.004303389014186E-004 -1.073242676464898E-018
  6.008774499007654E-004 -4.078832024569683E-019
  6.006716310788920E-004 -1.427591208599389E-019
  6.002456758919478E-004 -5.506423233169072E-019
  6.000979108787906E-004 -1.323071137969791E-018
  6.005625613814396E-004 -1.725855800396047E-018
  6.016580261064974E-004 -1.358760918184776E-018
  6.030805914068581E-004 -2.931660517659459E-019
  6.043443538749876E-004  8.285127549907169E-019
  6.050019486419737E-004  1.244043767493753E-018
  6.048450244697009E-004  6.500638539157932E-019
  6.039939831538837E-004 -5.429945132708391E-019
  6.028378980571682E-004 -1.521914199167563E-018
  6.018539256816403E-004 -1.595843029612889E-018
  6.013897180207648E-004 -7.800766246989519E-019
  6.015079651156708E-004  4.665164128101575E-019
  6.019626748721888E-004  1.432689748630101E-018
  6.023161097916356E-004  1.553780074359514E-018
  6.021413814384315E-004  8.004707848218003E-019
  6.012175943028469E-004 -1.950191561747380E-019
  5.996290856033059E-004 -9.445045406894172E-019
  5.977250481526648E-004 -1.288655992762484E-018
  5.959598024407681E-004 -1.032454356219201E-018
  5.946878873364461E-004 -3.428768170653890E-019
  5.940076155736555E-004  3.798412322880517E-019
  5.937234086155705E-004  7.737034496605618E-019
  5.934422751579108E-004  7.635063695991376E-019
  5.927586415097532E-004  3.352290070193208E-019
  5.914422663119988E-004 -3.925875823648320E-019
  5.895438150319705E-004 -1.079615851503288E-018
  5.873713385679321E-004 -1.367683363238522E-018
  5.853502497862582E-004 -9.980392110118944E-019
  5.838321333502905E-004 -1.274635007678026E-019
  5.829399769876901E-004  6.959507141922022E-019
  5.825195203596893E-004  1.165016397017716E-018
  5.822171300518353E-004  1.162467127002360E-018
  5.816468182542405E-004  7.303658593995089E-019
  5.805691294938044E-004  1.402098508445828E-019
  5.790004691119202E-004 -5.175018131172785E-019
  5.772043486503141E-004 -8.998923154206864E-019
  5.755704248898370E-004 -7.902737047603761E-019
  5.744380460168377E-004 -2.867928767275558E-019
  5.739452638277907E-004  3.275811969732526E-019
  5.739713653162829E-004  6.984999842075582E-019
  5.741974100253839E-004  8.093932298755465E-019
  5.742553269120391E-004  6.385921388466910E-019
  5.738964721905038E-004  3.696441522266275E-019
  5.731029125281160E-004  8.412591050674971E-020
  5.720919780070349E-004 -1.631532809827873E-019
  5.712138467004206E-004 -2.702226216277415E-019
  5.707903878025904E-004 -9.432299056817392E-020
  5.709692618062500E-004  2.523777315202491E-019
  5.716590866323553E-004  6.577116639618614E-019
  5.725736400894254E-004  8.693010752364138E-019
  5.733632354192930E-004  7.367390344378990E-019
  5.737723402249567E-004  1.758996310595676E-019
  5.737516907076950E-004 -3.594470721652033E-019
  5.734749749065026E-004 -4.996569230097862E-019
  5.732541775550449E-004 -3.084616718580823E-019
  5.733936063572193E-004  1.784489010749236E-020
  5.740496643043179E-004  4.333759026105288E-019
  5.751597021073001E-004  7.953722447910882E-019
  5.764709952250864E-004  9.916660359735042E-019
  5.776551169318768E-004  9.712718758506558E-019
  5.784546270203407E-004  7.902737047603761E-019
  5.787952627390896E-004  5.506423233169072E-019
  5.788134973435957E-004  4.027846624262562E-019
  5.787883890178409E-004  3.543485321344912E-019
  5.790100751228424E-004  3.900383123494759E-019
  5.796453874850713E-004  3.008138618120141E-019
  5.806614159372618E-004  1.249142307524465E-019
  5.818407069217537E-004  1.045200706295981E-019
  5.828798388071372E-004  6.883029041461340E-020
  5.835255435826803E-004  2.294343013820447E-020
  5.836862573440534E-004  8.922445053746181E-020
  5.834690221430084E-004  1.784489010749236E-020
  5.831261680466883E-004 -1.606040109674313E-019
  5.829372470379183E-004 -3.772919622726957E-019
  5.830806144621398E-004 -5.429945132708391E-019
  5.835529491563618E-004 -6.449653138850811E-019
  5.841724625536632E-004 -5.124032730865664E-019
  5.846631427065633E-004 -1.784489010749236E-019
  5.847807176124095E-004  2.141386812899083E-019
  5.844226799049762E-004  4.308266325951728E-019
  5.836727473664150E-004  3.314051019962867E-019
  5.827605401373555E-004 -9.687226058352997E-020
  5.819559508656563E-004 -7.469361144993232E-019
  5.814470149308782E-004 -1.515541024129173E-018
  5.812568828029610E-004 -2.005000867077535E-018
  5.812369807108155E-004 -1.892832986401869E-018
  5.811383636498103E-004 -1.156093951963970E-018
  5.807277609350102E-004 -2.358074764204348E-019
  5.798950078322605E-004  3.556231671421692E-019
  5.787032219517383E-004  2.740465266507756E-019
  5.773597631590849E-004 -3.823905023034078E-019
  5.761222888098178E-004 -1.270811102654992E-018
  5.751834738418671E-004 -1.973134991885584E-018
  5.745870176352398E-004 -2.140112177891405E-018
  5.742125827659629E-004 -1.700363100242487E-018
  5.738354549447694E-004 -9.648987008122656E-019
  5.732326971611504E-004 -4.537700627333772E-019
  5.722868814437763E-004 -5.378959732401270E-019
  5.710403214301312E-004 -1.171389572056106E-018
  5.696759241872769E-004 -1.827826601010289E-018
  5.684344678267643E-004 -2.307089363897227E-018
  5.675068260361762E-004 -2.432003594649673E-018
  5.669504336910249E-004 -2.188548308183171E-018
  5.666675063392678E-004 -1.820178790964221E-018
  5.664538986580901E-004 -1.546132264313445E-018
  5.660952836995520E-004 -1.669771860058214E-018
  5.654662368938850E-004 -1.947642291732024E-018
  5.645872143508667E-004 -2.117168747753201E-018
  5.636142568209805E-004 -2.070007252469114E-018
  5.627671846094277E-004 -1.741151420488184E-018
  5.622298526003353E-004 -1.555054709367192E-018
  5.620681471081065E-004 -1.695264560211775E-018
  5.622025993365800E-004 -2.031768202238773E-018
  5.624471138986164E-004 -2.240808343497970E-018
  5.625951536560558E-004 -2.021571122177349E-018
  5.625135353213470E-004 -1.583096679536108E-018
  5.622012197269880E-004 -1.103833916649170E-018
  5.617870626575440E-004 -7.545839245453914E-019
  5.614685802581884E-004 -7.418375744686111E-019
  5.614204582613362E-004 -1.080890486510966E-018
  5.617147446494091E-004 -1.761545580611032E-018
  5.622886655671745E-004 -2.398863084450045E-018
  5.629738428387826E-004 -2.533974395263915E-018
  5.635726749334559E-004 -2.098049222638031E-018
  5.639465460297332E-004 -1.414844858522609E-018
  5.640757724044129E-004 -8.361605650367850E-019
  5.640646519473294E-004 -6.704580140386417E-019
  5.640902564261704E-004 -1.022257276157777E-018
  5.643190712157584E-004 -1.634082079843229E-018
  5.648297295684807E-004 -2.240808343497970E-018
  5.655767055304299E-004 -2.533974395263915E-018
  5.664107412851584E-004 -2.432003594649673E-018
  5.671458762920391E-004 -2.092950682607319E-018
  5.676420368716969E-004 -1.710560180303911E-018
  5.678656038485021E-004 -1.524463469182919E-018
  5.679009280965847E-004 -1.766644120641744E-018
  5.679083689141211E-004 -2.360624034219704E-018
  5.680486818802220E-004 -3.038729858304414E-018
  5.684084939277165E-004 -3.441514520730670E-018
  5.689605774836310E-004 -3.308952479932155E-018
  5.695763798809402E-004 -2.623198845801377E-018
  5.700843591748696E-004 -1.718207990349979E-018
  5.703470478824268E-004 -1.108932456679883E-018
  5.703216939387236E-004 -1.221100337355549E-018
  5.700772801391635E-004 -2.013923312131281E-018
  5.697608677181204E-004 -2.944406867736240E-018
  5.695292537188260E-004 -3.296206129855375E-018
  5.694774032212103E-004 -2.842436067121998E-018
  5.695961201812608E-004 -1.937445211670600E-018
  5.697777062116786E-004 -1.165016397017716E-018
  5.698663449274113E-004 -9.738211458660118E-019
  5.697297293019419E-004 -1.435239018645457E-018
  5.693191579603601E-004 -2.263751773636174E-018
  5.686910214317410E-004 -2.870478037290914E-018
  5.679804895911976E-004 -2.837337527091285E-018
  5.673400145143458E-004 -2.141386812899084E-018
  5.668710362374084E-004 -1.201980812240378E-018
  5.665799524755504E-004 -3.161094819041504E-019
  5.663779584818245E-004  8.157664049139366E-020
  5.661241768240067E-004 -2.511030965125711E-019
  5.656918634810436E-004 -1.096186106603102E-018
  5.650272996134530E-004 -1.994803787016111E-018
  5.641747420481842E-004 -2.522502680194813E-018
  5.632566005741863E-004 -2.397588449442367E-018
  5.624184908132212E-004 -1.706736275280877E-018
  5.617646098374371E-004 -7.864497997373420E-019
  5.613128928704697E-004 -5.735857534551116E-020
  5.609899866174105E-004  1.159917856987004E-019
  5.606676979073541E-004 -3.288558319809307E-019
  5.602237256735245E-004 -1.221100337355549E-018
  5.595987273590684E-004 -2.067457982453758E-018
  5.588238681635790E-004 -2.310913268920261E-018
  5.580068018732585E-004 -1.843122221102426E-018
  5.572830866730746E-004 -9.954899409965382E-019
  5.567556145821454E-004 -3.008138618120141E-019
  5.564497135466991E-004 -5.863321035318920E-020
  5.563040286017728E-004 -2.969899567889800E-019
  5.562007344094731E-004 -9.980392110118944E-019
  5.560207343462413E-004 -1.621335729766449E-018
  5.556984035983135E-004 -1.710560180303911E-018
  5.552510580446990E-004 -1.152270046940935E-018
  5.547701996754959E-004 -1.962937911824160E-019
  5.543791329598065E-004  6.424160438697251E-019
  5.541767152636732E-004  9.508777157278074E-019
  5.541929615506934E-004  5.404452432554830E-019
  5.543764246090310E-004 -2.498284615048931E-019
  5.546185439050566E-004 -1.032454356219201E-018
  5.548033233963208E-004 -1.384253618338336E-018
  5.548594220454046E-004 -1.080890486510966E-018
  5.547910328784715E-004 -3.874890423341199E-019
  5.546739276493027E-004  2.727718916430975E-019
  5.546190441224068E-004  6.271204237775888E-019
  5.547206470857776E-004  6.551623939465053E-019
  5.550127931907907E-004  3.721934222419836E-019
  5.554536772211030E-004 -4.588686027640894E-020
  5.559444957870014E-004 -3.517992621191351E-019
  5.563737364783711E-004 -4.537700627333772E-019
  5.566664471605561E-004 -2.574762715509612E-019
  5.568161230835491E-004  2.880675117352338E-019
  5.568850787561554E-004  8.769488852824818E-019
  5.569736579670667E-004  1.144622236894867E-018
  5.571727256357963E-004  8.871459653439060E-019
  5.575212148265877E-004  1.631532809827873E-019
  5.579878669027512E-004 -5.251496231633467E-019
  5.584850545026671E-004 -8.845966953285500E-019
  5.589079393096255E-004 -8.438083750828532E-019
  5.591808617170180E-004 -4.206295525337485E-019
  5.592898701223748E-004  2.268850313666886E-019
  5.592868948546490E-004  6.449653138850811E-019
  5.592641236403752E-004  5.582901333629754E-019
  5.593106398639486E-004  9.687226058352997E-020
  5.594712265644538E-004 -5.098540030712104E-019
  5.597259565408352E-004 -9.100893954821106E-019
  5.599994994818108E-004 -8.208649449446487E-019
  5.601954904847715E-004 -4.920091129637180E-019
  5.602400270849683E-004 -1.198156907217344E-019
  5.601144643296442E-004  1.733503610442115E-019
  5.598628158731378E-004  2.676733516123854E-019
  5.595707853599984E-004  9.942153059888602E-020
  5.593263453786528E-004 -3.849397723187638E-019
  5.591799943603292E-004 -8.743996152671258E-019
  5.591227017077939E-004 -1.103833916649170E-018
  5.590912722214011E-004 -9.406806356663832E-019
  5.589982913727999E-004 -4.129817424876804E-019
  5.587727117001077E-004  2.982645917966581E-019
  5.583925190625826E-004  7.596824645761035E-019
  5.578947783890875E-004  7.800766246989519E-019
  5.573588295968854E-004  6.220218837468767E-019
  5.568706417145189E-004  3.008138618120141E-019
  5.564847606612200E-004 -7.647810046068156E-021
  5.562011354119448E-004 -2.370821114281128E-019
  5.559671027902957E-004 -3.199333869271845E-019
  5.557032453944546E-004 -2.957153217813020E-019
  5.553410253274693E-004 -2.982645917966581E-019
  5.548549342068857E-004 -3.377782770346769E-019
  5.542746469047378E-004 -4.537700627333772E-019
  5.536719583217540E-004 -6.436906788774031E-019
  5.531288037733579E-004 -8.769488852824818E-019
  5.527011510157617E-004 -1.093636836587746E-018
  5.523951988884487E-004 -1.295029167800874E-018
  5.521664807411022E-004 -1.181586652117530E-018
  5.519419145627327E-004 -7.953722447910882E-019
  5.516544304371468E-004 -4.244534575567826E-019
  5.512742627356443E-004 -3.237572919502186E-019
  5.508227587223319E-004 -5.888813735472480E-019
  5.503627109582262E-004 -8.998923154206864E-019
  5.499699656301358E-004 -1.208353987278769E-018
  5.496994761076581E-004 -1.203255447248057E-018
  5.495612794214198E-004 -9.610747957892316E-019
  5.495171247042261E-004 -6.526131239311493E-019
  5.494989456353107E-004 -5.175018131172785E-019
  5.494404469891147E-004 -5.914306435626040E-019
  5.493072738511820E-004 -9.253850155742468E-019
  5.491121131748685E-004 -1.389352158369048E-018
  5.489081309674835E-004 -1.702912370257843E-018
  5.487640749411304E-004 -1.733503610442115E-018
  5.487326256730706E-004 -1.565251789428616E-018
  5.488264476579840E-004 -1.287381357754806E-018
  5.490126657888454E-004 -9.534269857431634E-019
  5.492279708911217E-004 -7.979215148064443E-019
  5.494071798046235E-004 -9.432299056817392E-019
  5.495121020949840E-004 -1.330718948015859E-018
  5.495476442039192E-004 -1.657025509981434E-018
  5.495580757543693E-004 -1.766644120641744E-018
  5.496054798996901E-004 -1.623884999781805E-018
  5.497404410928908E-004 -1.409746318491897E-018
  5.499783726969521E-004 -1.295029167800874E-018
  5.502921157203934E-004 -1.287381357754806E-018
  5.506239035515775E-004 -1.346014568107995E-018
  5.509109738349255E-004 -1.463280988814374E-018
  5.511130256525051E-004 -1.562702519413260E-018
  5.512290750886078E-004 -1.608589379689669E-018
  5.512962586581153E-004 -1.595843029612889E-018
  5.513714209688560E-004 -1.514266389121495E-018
  5.515040992630582E-004 -1.422492668568677E-018
  5.517132739107871E-004 -1.312874057908367E-018
  5.519783550630477E-004 -1.246593037509109E-018
  5.522482694924820E-004 -1.203255447248057E-018
  5.524642601776802E-004 -1.351113108138708E-018
  5.525858728488423E-004 -1.697813830227131E-018
  5.526083229553422E-004 -2.103147762668743E-018
  5.525635182673682E-004 -2.235709803467258E-018
  5.525045278275075E-004 -1.945093021716668E-018
  5.524807841184230E-004 -1.361310188200132E-018
  5.525153897546379E-004 -8.540054551442774E-019
  5.525947751288589E-004 -5.990784536086722E-019
  5.526752061967514E-004 -7.851751647296640E-019
  5.527029426979395E-004 -1.292479897785518E-018
  5.526387116144198E-004 -1.738602150472828E-018
  5.524753441665252E-004 -1.917051051547751E-018
  5.522406865135170E-004 -1.868614921255986E-018
  5.519846825827462E-004 -1.588195219566820E-018
  5.517567150411194E-004 -1.244043767493753E-018
  5.515836145807226E-004 -1.068144136434186E-018
  5.514582904222709E-004 -1.091087566572390E-018
  5.513439731066028E-004 -1.203255447248057E-018
  5.511919091164427E-004 -1.353662378154064E-018
  5.509642798892892E-004 -1.613687919720381E-018
  5.506518705071851E-004 -1.886459811363478E-018
  5.502785490985866E-004 -2.080204332530538E-018
  5.498907167023187E-004 -2.251005423559394E-018
  5.495367304889740E-004 -2.138837542883728E-018
  5.492457756814103E-004 -1.736052880457471E-018
  5.490157693622020E-004 -1.198156907217344E-018
  5.488156384377645E-004 -7.673302746221716E-019
  5.486007133023421E-004 -6.143740737008085E-019
  5.483340484922117E-004 -7.035985242382703E-019
  5.480039025752774E-004 -9.330328256203150E-019
  5.476295012439377E-004 -1.340916028077283E-018
  5.472526436839373E-004 -1.700363100242487E-018
  5.469191718869799E-004 -1.835474411056357E-018
  5.466588588518147E-004 -1.720757260365335E-018
  5.464728560199894E-004 -1.266987197631958E-018
  5.463342691268734E-004 -6.526131239311493E-019
  5.462013901714448E-004 -1.580547409520752E-019
  5.460373811644599E-004 -2.115894112745523E-019
  5.458273781406359E-004 -9.814689559120800E-019
  5.455852978761977E-004 -1.896656891424903E-018
  5.453474226873834E-004 -2.432003594649673E-018
  5.451558809830935E-004 -2.480439724941438E-018
  5.450396726451397E-004 -2.031768202238773E-018
  5.450018785674927E-004 -1.488773688967934E-018
  5.450187514076155E-004 -1.297578437816230E-018
  5.450509077934805E-004 -1.585645949551464E-018
  5.450613549015054E-004 -1.996078422023789E-018
  5.450320736249961E-004 -2.281596663743666E-018
  5.449716700747331E-004 -2.470242644880014E-018
  5.449107764913396E-004 -2.429454324634317E-018
  5.448874870649001E-004 -2.222963453390477E-018
  5.449295911571614E-004 -2.141386812899084E-018
  5.450417068470401E-004 -2.141386812899084E-018
  5.452030664026361E-004 -2.141386812899084E-018
  5.453767880270431E-004 -2.087852142576606E-018
  5.455262538725546E-004 -1.990979881993076E-018
  5.456310684775444E-004 -1.906853971486327E-018
  5.456953844430050E-004 -1.825277330994933E-018
  5.457449549212680E-004 -1.802333900856729E-018
  5.458144347881412E-004 -1.960388641808804E-018
  5.459308418782732E-004 -2.256103963590106E-018
  5.461007325330113E-004 -2.569664175478900E-018
  5.463068431434788E-004 -2.539072935294627E-018
  5.465155728057301E-004 -2.235709803467258E-018
  5.466917534637959E-004 -1.738602150472828E-018
  5.468139119897394E-004 -1.144622236894867E-018
  5.468831134587819E-004 -8.183156749292927E-019
  5.469214888313016E-004 -9.814689559120800E-019
  5.469612801207932E-004 -1.639180619873941E-018
  5.470295147264937E-004 -2.378468924327196E-018
  5.471353189668305E-004 -2.771056506692028E-018
  5.472655770185004E-004 -2.679282786139210E-018
  5.473907751127170E-004 -2.192372213206205E-018
  5.474782312574684E-004 -1.455633178768306E-018
  5.475066096655165E-004 -9.279342855896030E-019
  5.474751302120081E-004 -8.947937753899742E-019
  5.474033851734479E-004 -1.356211648169420E-018
  5.473219903083168E-004 -2.070007252469114E-018
  5.472584441607996E-004 -2.656339356001006E-018
  5.472246731383196E-004 -2.638494465893513E-018
  5.472118783472772E-004 -1.835474411056357E-018
  5.471949077908844E-004 -6.551623939465053E-019
  5.471440285598672E-004  2.982645917966581E-019
  5.470386523790093E-004  6.551623939465053E-019
  5.468767638216634E-004  2.064908712438402E-019
  5.466758407859897E-004 -6.577116639618614E-019
  5.464649748676607E-004 -1.560153249397904E-018
  5.462718916564716E-004 -2.016472582146637E-018
  5.461108270426697E-004 -1.725855800396047E-018
  5.459767382874611E-004 -9.279342855896030E-019
  5.458483746709498E-004  7.647810046068156E-020
  5.456986779138203E-004  8.055693248525124E-019
  5.455076820891958E-004  8.769488852824818E-019
  5.452720218788649E-004  1.376605808292268E-019
  5.450067845625563E-004 -9.253850155742468E-019
  5.447389772662926E-004 -1.802333900856729E-018
  5.444956942952516E-004 -1.955290101778092E-018
  5.442924260253263E-004 -1.325620407985147E-018
  5.441268038075150E-004 -4.053339324416122E-019
  5.439805292358802E-004  2.447299214741810E-019
  5.438284823804674E-004  2.804197016891657E-019
  5.436507634364624E-004 -2.829689717045217E-019
  5.434421576452970E-004 -1.057947056372762E-018
  5.432147675292119E-004 -1.730954340426759E-018
  5.429927215524175E-004 -1.850770031148494E-018
  5.428014788758880E-004 -1.542308359290411E-018
  5.426566612337751E-004 -1.080890486510966E-018
  5.425574802086638E-004 -7.469361144993232E-019
  5.424876648953490E-004 -5.149525431019225E-019
  5.424233486112092E-004 -5.124032730865664E-019
  5.423442271961252E-004 -6.730072840539977E-019
  5.422428773819869E-004 -1.057947056372762E-018
  5.421280398248885E-004 -1.295029167800874E-018
  5.420204747272828E-004 -1.292479897785518E-018
  5.419433872389845E-004 -1.075791946480254E-018
  5.419118491904569E-004 -7.928229747757321E-019
  5.419260276183095E-004 -7.214434143457627E-019
  5.419712282391921E-004 -1.019708006142421E-018
  5.420246258494445E-004 -1.631532809827873E-018
  5.420655263835276E-004 -2.100598492653387E-018
  5.420844568260824E-004 -2.120992652776235E-018
  5.420869866861517E-004 -1.659574779996790E-018
  5.420906378425209E-004 -1.142072966879511E-018
  5.421163969614066E-004 -9.865674959427920E-019
  5.421787648926538E-004 -1.343465298092639E-018
  5.422788765330601E-004 -2.103147762668743E-018
  5.424037610885301E-004 -2.791450666814877E-018
  5.425319827892196E-004 -2.995392268043361E-018
  5.426430093712992E-004 -2.587509065586393E-018
  5.427260106237682E-004 -1.929797401624531E-018
  5.427841164277852E-004 -1.511717119106139E-018
  5.428322829929390E-004 -1.539759089275055E-018
  5.428898392385900E-004 -1.873713461286698E-018
