  0.999999981315918       0.000000000000000E+000
  0.820790378484212       2.538836259840658E-016
  0.361913684740101       4.231393766401097E-016
 -0.180985387263604       4.231393766401097E-016
 -0.579712303784205       2.961975636480768E-016
 -0.669962957913761       0.000000000000000E+000
 -0.419415642179553      -2.538836259840658E-016
  6.081606766642497E-002 -4.231393766401097E-016
  0.565277836227279      -4.231393766401097E-016
  0.882088596049362      -2.961975636480768E-016
  0.881943073837997       0.000000000000000E+000
  0.570710058823130       3.385115013120877E-016
  8.421012781237705E-002  4.231393766401097E-016
 -0.371440703705715       3.808254389760987E-016
 -0.607674913581723       1.692557506560439E-016
 -0.531965550120912      -1.692557506560439E-016
 -0.184219040664859      -4.231393766401097E-016
  0.283193866199988      -5.077672519681316E-016
  0.671983858005128      -4.231393766401097E-016
  0.821955596917213      -1.692557506560439E-016
  0.676807183098252       1.692557506560439E-016
  0.304655582935911       4.231393766401097E-016
 -0.134011916465946       5.077672519681316E-016
 -0.455996072292200       3.385115013120877E-016
 -0.532371190052053      -4.231393766401096E-017
 -0.340382110081264      -4.231393766401097E-016
  3.062053736989041E-002 -5.923951272961535E-016
  0.420152482730237      -5.500811896321426E-016
  0.665761473505846      -3.385115013120877E-016
  0.670533754889829       0.000000000000000E+000
  0.440853565622682       3.385115013120877E-016
  7.979365549862290E-002  4.654533143041206E-016
 -0.259401101980461       4.231393766401097E-016
 -0.438792345454002       1.904127194880494E-016
 -0.392175062802119      -1.057848441600274E-016
 -0.149369768518446      -3.385115013120877E-016
  0.180330822415865      -5.077672519681316E-016
  0.456878033606457      -4.231393766401097E-016
  0.568663702623120      -1.692557506560439E-016
  0.477153412228141       1.480987818240384E-016
  0.229156142972804       3.808254389760987E-016
 -6.675181846000958E-002  4.231393766401097E-016
 -0.288066877217972       2.538836259840658E-016
 -0.349403962546410      -2.115696883200548E-017
 -0.235475681638013      -2.961975636480768E-016
 -3.382773919599764E-003 -4.231393766401097E-016
  0.244981427801298      -4.019824078081042E-016
  0.407279615934879      -1.692557506560439E-016
  0.422546244374438       8.462787532802193E-017
  0.293412286005940       3.173545324800822E-016
  8.085369696157207E-002  3.808254389760987E-016
 -0.124560812506239       2.538836259840658E-016
 -0.241514249371881       4.231393766401096E-017
 -0.230235123876494      -1.904127194880494E-016
 -0.105486655145352      -3.385115013120877E-016
  7.361082938129083E-002 -3.173545324800822E-016
  0.230958746475055      -1.692557506560439E-016
  0.305494117573529       7.404939091201919E-017
  0.274397488419225       2.750405948160713E-016
  0.158810541767147       3.596684701440932E-016
  1.131824728961550E-002  2.750405948160713E-016
 -0.108009216822162       8.462787532802193E-017
 -0.156185002638255      -1.269418129920329E-016
 -0.122483580229778      -2.750405948160713E-016
 -2.910483932248717E-002 -3.067760480640795E-016
  8.131558948258485E-002 -2.115696883200548E-016
  0.164779140109726      -3.173545324800823E-017
  0.193114719908530       1.692557506560439E-016
  0.162658331559136       2.803298370240727E-016
  9.214363492668765E-002  2.750405948160713E-016
  1.223771902523145E-002  1.586772662400411E-016
 -4.781234545903462E-002 -2.115696883200548E-017
 -7.066299647608948E-002 -1.904127194880494E-016
 -5.489639366417219E-002 -2.856190792320740E-016
 -1.230040222540299E-002 -2.591728681920672E-016
  3.905568554237928E-002 -1.322310552000343E-016
  8.224748723152597E-002  4.760317987201234E-017
  0.106431522097124       1.957019616960507E-016
  0.108186506498876       2.485943837760644E-016
  9.007534034040171E-002  1.983465828000514E-016
  5.822754084811756E-002  6.611552760001714E-017
  2.047216849141847E-002 -8.462787532802193E-017
 -1.455664823511159E-002 -1.930573405920500E-016
 -3.802435901744070E-002 -2.168589305280562E-016
 -4.224352727579923E-002 -1.480987818240384E-016
 -2.316437708761299E-002 -2.380158993600617E-017
  1.678712660444754E-002  1.004956019520261E-016
  6.726030410333030E-002  1.851234772800480E-016
  0.111610248770634       1.904127194880494E-016
  0.132067338064979       1.242971918880322E-016
  0.116998766638331       1.057848441600274E-017
  6.722924062071531E-002 -8.462787532802193E-017
 -1.902132081637457E-003 -1.375202974080356E-016
 -6.465704835404304E-002 -1.269418129920329E-016
 -9.442340505810039E-002 -5.818166428801508E-017
 -7.513733072086706E-002  3.173545324800823E-017
 -9.630301291146446E-003  1.057848441600274E-016
  7.933605034272875E-002  1.375202974080356E-016
  0.156737798790696       1.163633285760302E-016
  0.189207631498877       5.289242208001371E-017
  0.159628799901755      -2.115696883200548E-017
  7.595899510862314E-002 -6.347090649601645E-017
 -3.015959381476159E-002 -8.462787532802193E-017
 -0.115248322402773      -6.347090649601645E-017
 -0.141889353855638      -1.057848441600274E-017
 -9.524018852708444E-002  4.231393766401096E-017
  9.174453796973459E-003  9.520635974402468E-017
  0.130359523606907       1.057848441600274E-016
  0.218053815284454       7.933863312002056E-017
  0.233811958449116       3.702469545600960E-017
  0.168050468166243       0.000000000000000E+000
  4.545890049153566E-002  0.000000000000000E+000
 -8.410550255111213E-002 -2.115696883200548E-017
 -0.165926924284490      -4.231393766401096E-017
 -0.163622145106558      -1.057848441600274E-017
 -7.531561707799560E-002  2.115696883200548E-017
  6.442277269126201E-002  4.231393766401096E-017
  0.198186862360797       6.347090649601645E-017
  0.269525052545131       6.347090649601645E-017
  0.246992883753673       6.347090649601645E-017
  0.138155547668333       6.347090649601645E-017
 -1.271639475246998E-002  2.115696883200548E-017
 -0.142657021149329      -2.115696883200548E-017
 -0.196361149172242      -6.347090649601645E-017
 -0.149791520867995      -7.404939091201919E-017
 -2.090457161325348E-002 -6.347090649601645E-017
  0.137303484799388      -2.115696883200548E-017
  0.258744095435001       5.289242208001371E-017
  0.292042515855847       1.057848441600274E-016
  0.222441757180937       1.269418129920329E-016
  7.841791540849891E-002  1.057848441600274E-016
 -7.996366767255861E-002  4.231393766401096E-017
 -0.186171553217857      -4.231393766401096E-017
 -0.195251977907886      -1.163633285760302E-016
 -0.102915602728653      -1.269418129920329E-016
  5.247473727920799E-002 -8.462787532802193E-017
  0.205933238831867       0.000000000000000E+000
  0.293169683024270       8.462787532802193E-017
  0.277661615983826       1.480987818240384E-016
  0.166029765685456       1.480987818240384E-016
  5.215690164763470E-003  8.462787532802193E-017
 -0.137330210435457       0.000000000000000E+000
 -0.202053401565152      -9.520635974402468E-017
 -0.162281490747837      -1.692557506560439E-016
 -3.526682642004889E-002 -1.692557506560439E-016
  0.125302778490699      -8.462787532802193E-017
  0.252063776350461       4.231393766401096E-017
  0.292321518529844       1.586772662400411E-016
  0.230008089400714       2.009912039040521E-016
  9.207101674188514E-002  1.480987818240384E-016
 -6.324688736393601E-002  4.231393766401096E-017
 -0.171125207626524      -5.289242208001371E-017
 -0.187354397326635      -1.692557506560439E-016
 -0.106551925645116      -1.904127194880494E-016
  3.612075306226112E-002 -1.269418129920329E-016
  0.180232516960503       0.000000000000000E+000
  0.265696581145868       9.520635974402468E-017
  0.257832980244946       1.692557506560439E-016
  0.161394582706975       1.692557506560439E-016
  1.787746266035531E-002  1.057848441600274E-016
 -0.112456111433501       0.000000000000000E+000
 -0.176035991480647      -8.462787532802193E-017
 -0.148137457244681      -1.375202974080356E-016
 -4.254622344588336E-002 -1.480987818240384E-016
  9.502931457731673E-002 -8.462787532802193E-017
  0.206685064360342       1.057848441600274E-017
  0.246655393876790       1.057848441600274E-016
  0.200002124275111       1.798342350720466E-016
  8.801622196823861E-002  1.692557506560439E-016
 -4.157079655567475E-002  9.520635974402468E-017
 -0.135084764939086      -1.057848441600274E-017
 -0.155295532130935      -1.163633285760302E-016
 -9.633559978167915E-002 -1.586772662400411E-016
  1.482336954025358E-002 -1.269418129920329E-016
  0.130537770700284      -4.231393766401096E-017
  0.202826000719640       8.462787532802193E-017
  0.203175026550720       1.692557506560439E-016
  0.133632519450547       1.904127194880494E-016
  2.489317460381371E-002  1.375202974080356E-016
 -7.736772669493930E-002  2.115696883200548E-017
 -0.131834930910976      -1.057848441600274E-016
 -0.118365500466908      -1.692557506560439E-016
 -4.543054175767573E-002 -1.586772662400411E-016
  5.451110306549205E-002 -8.462787532802193E-017
  0.139308010075611       2.115696883200548E-017
  0.174787786507119       1.269418129920329E-016
  0.148388484141325       1.904127194880494E-016
  7.332499029196179E-002  1.692557506560439E-016
 -1.798991652488438E-002  8.462787532802193E-017
 -8.806757404116912E-002 -3.702469545600960E-017
 -0.109856841260521      -1.269418129920329E-016
 -7.722731609699231E-002 -1.586772662400411E-016
 -6.389508501758527E-003 -1.269418129920329E-016
  7.185516533806274E-002 -3.173545324800823E-017
  0.125379393667297       7.404939091201919E-017
  0.133798526714144       1.428095396160370E-016
  9.603381087741725E-002  1.586772662400411E-016
  2.961721413880434E-002  1.163633285760302E-016
 -3.748354060729828E-002  3.173545324800823E-017
 -7.874348297192152E-002 -5.818166428801508E-017
 -7.961985099419747E-002 -1.216525707840315E-016
 -4.258315346469686E-002 -1.322310552000343E-016
  1.501574920819854E-002 -8.462787532802193E-017
  6.888418847122504E-002  5.289242208001371E-018
  9.792616629265927E-002  8.991711753602331E-017
  9.235573780136058E-002  1.375202974080356E-016
  5.669886383553883E-002  1.375202974080356E-016
  6.893614203351338E-003  8.462787532802193E-017
 -3.687380806967122E-002  5.289242208001371E-018
 -5.839668072663684E-002 -7.140476980801851E-017
 -5.139788707311947E-002 -1.084294652640281E-016
 -2.107185652160320E-002 -1.004956019520261E-016
  1.896597545436322E-002 -4.231393766401096E-017
  5.267948724487558E-002  3.173545324800823E-017
  6.793302462955295E-002  9.520635974402468E-017
  6.066408779960099E-002  1.242971918880322E-016
  3.555179967906000E-002  1.110740863680288E-016
  3.337552000797906E-003  5.553704318401439E-017
 -2.378398758325322E-002 -1.586772662400411E-017
 -3.673946915212533E-002 -7.404939091201919E-017
 -3.243848290439222E-002 -8.991711753602331E-017
 -1.412630920604867E-002 -6.611552760001714E-017
  1.052525730866404E-002 -7.933863312002056E-018
  3.256848330812072E-002  5.553704318401439E-017
  4.489365211900846E-002  1.031402230560267E-016
  4.428209909034739E-002  1.097517758160284E-016
  3.193296689478074E-002  7.933863312002056E-017
  1.258344745715890E-002  2.380158993600617E-017
 -7.264087747343268E-003 -3.438007435200891E-017
 -2.137122359918883E-002 -7.008245925601817E-017
 -2.550359122869933E-002 -7.008245925601817E-017
 -1.852281525444661E-002 -3.438007435200891E-017
 -2.650937060789801E-003  2.247927938400583E-017
  1.713059276044490E-002  7.669401201601988E-017
  3.445150511624839E-002  1.057848441600274E-016
  4.343033949792828E-002  9.785098084802536E-017
  4.060408343193221E-002  5.553704318401439E-017
  2.631372387553106E-002  0.000000000000000E+000
  4.974124049380891E-003 -4.760317987201234E-017
 -1.607521613671739E-002 -6.876014870401782E-017
 -2.895936338191769E-002 -5.685935373601474E-017
 -2.817983711944926E-002 -1.454541607200377E-017
 -1.297688479974058E-002  4.231393766401096E-017
  1.189151027192552E-002  8.991711753602331E-017
  3.748903678262624E-002  1.057848441600274E-016
  5.387695592939119E-002  8.595018588002228E-017
  5.402624292911969E-002  4.099162711201063E-017
  3.691503624590883E-002 -7.933863312002056E-018
  8.430046447541703E-003 -4.760317987201234E-017
 -2.051763747338635E-002 -5.818166428801508E-017
 -3.811851522129574E-002 -3.966931656001028E-017
 -3.647945724168273E-002  0.000000000000000E+000
 -1.514698292886794E-002  4.495855876801166E-017
  1.824629740443650E-002  8.198325422402125E-017
  5.068446094452440E-002  9.256173864002399E-017
  6.889290226143790E-002  7.140476980801851E-017
  6.486135241677951E-002  2.909083214400754E-017
  3.944773766776467E-002 -1.057848441600274E-017
  2.432142087345571E-003 -3.702469545600960E-017
 -3.118199981848182E-002 -4.231393766401096E-017
 -4.723107569933326E-002 -2.115696883200548E-017
 -3.835589336411650E-002  1.851234772800480E-017
 -7.336683146418169E-003  5.818166428801508E-017
  3.371846507241564E-002  7.933863312002056E-017
  6.814287148447883E-002  7.404939091201919E-017
  8.155808454662615E-002  5.289242208001371E-017
  6.796908725007086E-002  1.586772662400411E-017
  3.250604947082163E-002 -2.115696883200548E-017
 -1.044387158265916E-002 -3.702469545600960E-017
 -4.304954216883911E-002 -2.380158993600617E-017
 -5.143662802432553E-002  7.933863312002056E-018
 -3.158698292041664E-002  4.495855876801166E-017
  8.787514875247029E-003  7.404939091201919E-017
  5.326940263210744E-002  7.933863312002056E-017
  8.347404799701375E-002  6.082628539201577E-017
  8.672395237356355E-002  2.909083214400754E-017
  6.143801084275306E-002  0.000000000000000E+000
  1.793123124273702E-002 -2.644621104000686E-017
 -2.577232926242591E-002 -3.173545324800823E-017
 -5.140918431428028E-002 -1.851234772800480E-017
 -4.811894485124854E-002  1.322310552000343E-017
 -1.704550727569828E-002  4.231393766401096E-017
  2.906323999172173E-002  5.818166428801508E-017
  7.112389517611568E-002  5.818166428801508E-017
  9.166858479788630E-002  3.702469545600960E-017
  8.215115103024842E-002  1.057848441600274E-017
  4.653812776051462E-002 -1.057848441600274E-017
 -3.324540424123078E-004 -2.644621104000686E-017
 -3.894402198578147E-002 -2.115696883200548E-017
 -5.325138491137603E-002 -2.644621104000685E-018
 -3.737017202134937E-002  1.851234772800480E-017
  1.995203155176267E-003  3.173545324800823E-017
  4.839171980247119E-002  3.702469545600960E-017
  8.251918746036645E-002  3.438007435200891E-017
  9.028720375632919E-002  1.586772662400411E-017
  6.865123719047281E-002 -5.289242208001371E-018
  2.680126853830175E-002 -2.115696883200548E-017
 -1.776095659364201E-002 -2.644621104000686E-017
 -4.657658802226376E-002 -1.586772662400411E-017
 -4.791475007776223E-002  5.289242208001371E-018
 -2.157718218387983E-002  1.586772662400411E-017
  2.115148935333969E-002  3.173545324800823E-017
  6.233143289251829E-002  3.702469545600960E-017
  8.490211303383159E-002  2.644621104000686E-017
  7.974895460272571E-002  5.289242208001371E-018
  4.936608128032034E-002 -1.057848441600274E-017
  6.641318248615661E-003 -2.115696883200548E-017
 -3.065436744629210E-002 -2.115696883200548E-017
 -4.731050193139075E-002 -1.057848441600274E-017
 -3.692663996925329E-002  5.289242208001371E-018
 -4.393675425859438E-003  2.115696883200548E-017
  3.635126411321164E-002  3.173545324800823E-017
  6.827052201416649E-002  3.438007435200891E-017
  7.832953144132343E-002  2.380158993600617E-017
  6.278893266560551E-002  1.057848441600274E-017
  2.853359556890191E-002  0.000000000000000E+000
 -1.001927335438321E-002 -1.057848441600274E-017
 -3.704670845725691E-002 -1.586772662400411E-017
 -4.187175232735918E-002 -7.933863312002056E-018
 -2.322170583515017E-002  0.000000000000000E+000
  1.050447905626270E-002  1.586772662400411E-017
  4.495969940932788E-002  2.644621104000686E-017
  6.591335818263980E-002  3.173545324800823E-017
  6.508843005784351E-002  2.644621104000686E-017
  4.337346493033273E-002  1.586772662400411E-017
  1.016941001769898E-002  0.000000000000000E+000
 -2.073577157195776E-002 -1.057848441600274E-017
 -3.695421588113567E-002 -1.851234772800480E-017
 -3.251377215653616E-002 -1.586772662400411E-017
 -1.007097568976922E-002  0.000000000000000E+000
  2.048509859937117E-002  1.586772662400411E-017
  4.633272105499319E-002  3.173545324800823E-017
  5.705097424452817E-002  4.231393766401096E-017
  4.876563408731734E-002  4.231393766401096E-017
  2.546143543594931E-002  2.644621104000686E-017
 -2.958273345702366E-003  5.289242208001371E-018
 -2.493618708138681E-002 -1.719003717600446E-017
 -3.201268605303834E-002 -2.776852159200719E-017
 -2.211008551363199E-002 -2.380158993600617E-017
 -8.216150377749445E-005 -5.289242208001371E-018
  2.456601668454735E-002  2.115696883200548E-017
  4.172807700217859E-002  3.966931656001028E-017
  4.479006498747181E-002  4.231393766401096E-017
  3.311149774348116E-002  3.570238490400926E-017
  1.197638872488299E-002  1.586772662400411E-017
 -9.831373622898041E-003 -2.644621104000685E-018
 -2.372353976250364E-002 -1.851234772800480E-017
 -2.471927714643265E-002 -2.380158993600617E-017
 -1.322263710824980E-002 -1.586772662400411E-017
  5.448482138196067E-003  2.644621104000685E-018
  2.345767104229633E-002  2.644621104000686E-017
  3.369643620531386E-002  4.231393766401096E-017
  3.253826266823617E-002  4.363624821601131E-017
  2.104191533662603E-002  3.173545324800823E-017
  4.233283307316735E-003  1.057848441600274E-017
 -1.111845616028637E-002 -1.057848441600274E-017
 -1.925053527035082E-002 -2.115696883200548E-017
 -1.756841759495523E-002 -1.983465828000514E-017
 -7.421688163632366E-003 -5.289242208001371E-018
  6.700076702535931E-003  1.586772662400411E-017
  1.911560704846774E-002  3.305776380000857E-017
  2.520236804923433E-002  4.099162711201063E-017
  2.306347862073477E-002  3.702469545600960E-017
  1.402768166327598E-002  2.115696883200548E-017
  1.896446703906360E-003  1.322310552000343E-018
 -8.666140733959816E-003 -1.190079496800309E-017
 -1.392209721912836E-002 -1.520657134800394E-017
 -1.234991039857172E-002 -7.933863312002056E-018
 -5.013074047971373E-003  7.933863312002056E-018
  5.035703488570281E-003  2.512390048800651E-017
  1.400500354318280E-002  3.702469545600960E-017
  1.876185499839375E-002  3.834700600800994E-017
  1.787355520555475E-002  3.041314269600789E-017
  1.197215011551354E-002  1.388426079600360E-017
  3.385932785122737E-003 -2.644621104000685E-018
 -4.768045355039018E-003 -1.190079496800309E-017
 -9.683098692664109E-003 -1.057848441600274E-017
 -9.782832949171571E-003 -6.611552760001713E-019
 -5.183998027353203E-003  1.520657134800394E-017
  2.411494457478026E-003  2.975198742000771E-017
  1.032989370173186E-002  3.636354018000942E-017
  1.583352986906668E-002  3.438007435200891E-017
  1.703432425342477E-002  2.247927938400583E-017
  1.352728777769392E-002  6.611552760001714E-018
  6.540981608019614E-003 -6.611552760001714E-018
 -1.455107594365941E-003 -1.190079496800309E-017
 -7.577302757062940E-003 -7.272708036001885E-018
 -9.531099652177402E-003  3.966931656001028E-018
 -6.455003105849179E-003  1.785119245200463E-017
  7.037935050949939E-004  3.041314269600789E-017
  9.450664488668688E-003  3.371891907600874E-017
  1.659294358840262E-002  2.909083214400754E-017
  1.940441052851916E-002  1.652888190000429E-017
  1.668688260586967E-002  1.322310552000343E-018
  9.312890697946621E-003 -7.933863312002056E-018
 -2.532730697557159E-007 -9.256173864002399E-018
 -7.652157325753725E-003 -1.322310552000343E-018
 -1.052789715076691E-002  1.190079496800309E-017
 -7.255242377024988E-003  2.512390048800651E-017
  1.161424999414444E-003  3.173545324800823E-017
  1.162570527943361E-002  2.909083214400754E-017
  2.009251221501080E-002  1.983465828000514E-017
  2.315446907988516E-002  6.611552760001714E-018
  1.944788369205332E-002 -3.966931656001028E-018
  1.029275823912882E-002 -7.933863312002056E-018
 -7.345840915793500E-004 -3.966931656001028E-018
 -9.171435440087305E-003  3.966931656001028E-018
 -1.145907902059368E-002  1.322310552000343E-017
 -6.432090469299408E-003  2.247927938400583E-017
  4.122017782661542E-003  2.644621104000686E-017
  1.610088982362413E-002  2.247927938400583E-017
  2.470275831349123E-002  1.256195024400326E-017
  2.638279770246632E-002  3.305776380000857E-018
  2.034891015576072E-002 -3.966931656001028E-018
  8.960716152589726E-003 -5.289242208001371E-018
 -3.166529431001355E-003  0.000000000000000E+000
 -1.101610014447799E-002  7.933863312002056E-018
 -1.123505852235738E-002  1.586772662400411E-017
 -3.555617687530307E-003  1.983465828000514E-017
  9.034328914012214E-003  1.851234772800480E-017
  2.146940910429375E-002  1.190079496800309E-017
  2.866964702164516E-002  6.611552760001714E-018
  2.764461107122777E-002  1.322310552000343E-018
  1.876241434549426E-002 -3.966931656001028E-018
  5.641263553567409E-003 -2.644621104000685E-018
 -6.311370917778289E-003  1.322310552000343E-018
 -1.212105853241538E-002  7.933863312002056E-018
 -9.313059326399592E-003  1.454541607200377E-017
  1.039808303332566E-003  1.586772662400411E-017
  1.473478939247170E-002  1.454541607200377E-017
  2.616095500008613E-002  9.256173864002399E-018
  3.061753990067249E-002  2.644621104000685E-018
  2.626687978906889E-002 -2.644621104000685E-018
  1.490651353880026E-002 -3.966931656001028E-018
  1.233755121167233E-003 -1.322310552000343E-018
 -9.096100748456713E-003  2.644621104000685E-018
 -1.181245514261423E-002  9.256173864002399E-018
 -5.798554248171241E-003  1.454541607200377E-017
  6.449200228108027E-003  1.586772662400411E-017
  1.986210753688122E-002  1.190079496800309E-017
  2.890512519000024E-002  5.289242208001371E-018
  2.986986534240608E-002  1.322310552000343E-018
  2.240104352320823E-002  0.000000000000000E+000
  9.625417294095840E-003  2.644621104000685E-018
 -3.163211216407048E-003  7.933863312002056E-018
 -1.070831748051246E-002  1.123963969200291E-017
 -9.963301307313927E-003  1.256195024400326E-017
 -1.331249443330787E-003  1.190079496800309E-017
  1.153441878964125E-002  9.256173864002399E-018
  2.327226532686992E-002  6.611552760001714E-018
  2.904518126256649E-002  5.289242208001371E-018
  2.653032793051376E-002  5.289242208001371E-018
  1.684548692982217E-002  6.611552760001714E-018
  4.041855055435279E-003  9.256173864002399E-018
 -6.607505691517736E-003  1.057848441600274E-017
 -1.079846878207948E-002  1.057848441600274E-017
 -6.952985171718908E-003  7.933863312002056E-018
  3.176591432111727E-003  3.966931656001028E-018
  1.528631853883777E-002  1.322310552000343E-018
  2.433689322578118E-002  3.305776380000857E-018
  2.663891921541531E-002  8.595018588002228E-018
  2.134212951340270E-002  1.322310552000343E-017
  1.072661585286303E-002  1.454541607200377E-017
 -7.990987766519020E-004  1.190079496800309E-017
 -8.552819374002481E-003  7.272708036001885E-018
 -9.504042214009197E-003  1.983465828000514E-018
 -3.476503295751432E-003  1.322310552000343E-018
  6.849034755668506E-003  2.644621104000685E-018
  1.710323187868805E-002  5.289242208001371E-018
  2.305832446527978E-002  1.057848441600274E-017
  2.235181424182769E-002  1.454541607200377E-017
  1.540001502226972E-002  1.586772662400411E-017
  5.149935876994055E-003  1.322310552000343E-017
 -4.195427865421169E-003  9.256173864002399E-018
 -8.926534400456675E-003  3.966931656001028E-018
 -7.321965690227762E-003  0.000000000000000E+000
 -2.859372135306073E-004  0.000000000000000E+000
  9.103834385502788E-003  2.644621104000685E-018
  1.691748446222834E-002  7.933863312002056E-018
  1.999580176536773E-002  1.322310552000343E-017
  1.720357094497333E-002  1.785119245200463E-017
  9.817133697835262E-003  1.785119245200463E-017
  9.205449558444956E-004  1.322310552000343E-017
 -5.907373290756230E-003  6.280975122001628E-018
 -8.055616179327181E-003 -3.305776380000857E-019
 -4.895212315777987E-003 -1.983465828000514E-018
  2.046877200556333E-003  0.000000000000000E+000
  9.789572389935488E-003  6.611552760001714E-018
  1.515496469911715E-002  1.322310552000343E-017
  1.605051678735254E-002  1.851234772800480E-017
  1.225932106973218E-002  1.851234772800480E-017
  5.443398991292205E-003  1.454541607200377E-017
 -1.604648778157146E-003  7.933863312002056E-018
 -6.126228380341298E-003  6.611552760001713E-019
 -6.491822523184396E-003 -3.305776380000857E-018
 -2.793089268917215E-003 -3.305776380000857E-018
  3.278199111223290E-003  2.644621104000685E-018
  9.179150127708331E-003  9.917329140002570E-018
  1.256221831136418E-002  1.619830426200420E-017
  1.218884691933044E-002  1.950408064200506E-017
  8.356929000102518E-003  1.785119245200463E-017
  2.701291541853401E-003  1.256195024400326E-017
 -2.518135956204620E-003  4.628086932001199E-018
 -5.331353384469463E-003 -1.652888190000428E-018
 -4.806871233664150E-003 -2.975198742000771E-018
 -1.352587864970408E-003 -6.611552760001713E-019
  3.519762972052308E-003  5.289242208001371E-018
  7.841271228020976E-003  1.190079496800309E-017
  9.967761850000076E-003  1.719003717600446E-017
  9.187950724743555E-003  1.785119245200463E-017
  5.937097143401932E-003  1.487599371000386E-017
  1.561740054033885E-003  8.595018588002228E-018
 -2.244412255182931E-003  2.314043466000600E-018
 -4.097948180470361E-003 -1.652888190000428E-018
 -3.423614330019353E-003 -1.652888190000428E-018
 -6.183962048675037E-004  1.983465828000514E-018
  3.155129301922407E-003  7.272708036001885E-018
  6.443584452105028E-003  1.289252788200334E-017
  8.052935331011358E-003  1.619830426200420E-017
  7.468776047522800E-003  1.520657134800394E-017
  5.004191874066529E-003  1.057848441600274E-017
  1.640929602624190E-003  5.289242208001371E-018
 -1.359096500713909E-003  9.917329140002570E-019
 -2.919847811231398E-003 -3.305776380000857E-019
 -2.526353517383596E-003  1.157021733000300E-018
 -3.833910290352912E-004  5.289242208001371E-018
  2.685789886875335E-003  1.057848441600274E-017
  5.553022895438174E-003  1.471070489100381E-017
  7.193909069018407E-003  1.537186016700398E-017
  7.047651275511313E-003  1.223137260600317E-017
  5.205923581167837E-003  7.603285674001971E-018
  2.369828064711728E-003  2.644621104000685E-018
 -4.064695229711297E-004 -6.611552760001713E-019
 -2.094740546098753E-003 -8.264440950002142E-019
 -2.062085510772365E-003  1.818177009000471E-018
 -3.010639548147601E-004  6.446263941001671E-018
  2.562446122610907E-003  1.090906205400283E-017
  5.490324162702159E-003  1.322310552000343E-017
  7.407736264229048E-003  1.272723906300330E-017
  7.600690959525190E-003  9.256173864002399E-018
  5.990265802204067E-003  3.966931656001028E-018
  3.177593486058625E-003 -6.611552760001713E-019
  2.343528667002917E-004 -2.975198742000771E-018
 -1.691978303515979E-003 -1.652888190000428E-018
 -1.815271540582632E-003  2.644621104000685E-018
 -2.435508484116851E-005  8.595018588002228E-018
  3.053196837765311E-003  1.355368315800351E-017
  6.272304204182669E-003  1.504128252900390E-017
  8.401936319025987E-003  1.256195024400326E-017
  8.605882185762106E-003  7.933863312002056E-018
  6.784680560910169E-003  2.644621104000685E-018
  3.637417015316391E-003 -1.322310552000343E-018
  4.078798521350283E-004 -1.322310552000343E-018
 -1.595253624045290E-003  1.322310552000343E-018
 -1.519807009228063E-003  6.280975122001628E-018
  6.754636805508872E-004  1.140492851100296E-017
  4.182269038356864E-003  1.421483843400368E-017
  7.646065830745262E-003  1.338839433900347E-017
  9.698986862781214E-003  9.090885045002356E-018
  9.512704900612607E-003  3.966931656001028E-018
  7.146594679247650E-003  0.000000000000000E+000
  3.543437447619144E-003 -1.983465828000514E-018
  1.650737614598270E-004 -1.322310552000343E-018
 -1.592002789271934E-003  2.975198742000771E-018
 -9.669770640020971E-004  8.925596226002314E-018
  1.843244189263217E-003  1.421483843400368E-017
  5.747807256657011E-003  1.619830426200420E-017
  9.193120126438810E-003  1.471070489100381E-017
  1.079120249455271E-002  9.752040321002528E-018
  9.890173585411636E-003  3.636354018000943E-018
  6.851047308747309E-003 -6.611552760001713E-019
  2.912245714835358E-003 -1.322310552000343E-018
 -3.082953952478995E-004  1.983465828000514E-018
 -1.473002453829029E-003  7.603285674001971E-018
 -7.636704129833168E-005  1.289252788200334E-017
  3.340336982252822E-003  1.619830426200420E-017
  7.403351278842671E-003  1.586772662400411E-017
  1.046522047618697E-002  1.256195024400326E-017
  1.128020102703153E-002  6.611552760001714E-018
  9.518273670515168E-003  1.983465828000514E-018
  5.904525405799528E-003 -6.611552760001713E-019
  1.924392852712074E-003  6.611552760001713E-019
 -7.853667413814405E-004  5.289242208001371E-018
 -1.109525880804653E-003  1.057848441600274E-017
  1.086637867258946E-003  1.454541607200377E-017
  4.902091625477904E-003  1.553714898600403E-017
  8.771590840733522E-003  1.289252788200334E-017
  1.111051557151451E-002  8.595018588002228E-018
  1.096649542423353E-002  3.966931656001028E-018
  8.408841709442142E-003  1.652888190000428E-018
  4.495803337760239E-003  1.983465828000514E-018
  8.346955954929365E-004  5.950397484001543E-018
 -1.081808238424309E-003  1.024790677800266E-017
 -4.882801983712681E-004  1.421483843400368E-017
  2.344276075336100E-003  1.487599371000386E-017
  6.228034547151005E-003  1.256195024400326E-017
  9.554155048959428E-003  8.595018588002228E-018
  1.095729977980843E-002  4.628086932001199E-018
  9.873555703053163E-003  1.983465828000514E-018
  6.763072083254850E-003  2.314043466000600E-018
  2.909379232010111E-003  5.619819846001457E-018
 -1.171257317535356E-004  9.917329140002570E-018
 -1.106664633810372E-003  1.388426079600360E-017
  2.991934649132775E-004  1.520657134800394E-017
  3.473125617068472E-003  1.454541607200377E-017
  7.074002750524592E-003  1.090906205400283E-017
  9.607255377520446E-003  6.942130398001799E-018
  1.003894400199984E-002  3.966931656001028E-018
  8.210618003394949E-003  2.644621104000685E-018
  4.888284272447476E-003  3.966931656001028E-018
  1.432106102545744E-003  6.942130398001799E-018
 -7.705843509774070E-004  1.024790677800266E-017
 -8.720410633964090E-004  1.190079496800309E-017
  1.101386076257586E-003  1.157021733000300E-017
  4.278914296449571E-003  9.256173864002399E-018
  7.319021196912631E-003  6.611552760001714E-018
  8.966623001200788E-003  4.297509294001114E-018
  8.561859839700170E-003  2.975198742000771E-018
  6.293987692530306E-003  3.305776380000857E-018
  3.103177730972445E-003  4.297509294001114E-018
  2.793082475171074E-004  5.619819846001457E-018
 -1.070799575620500E-003  7.437996855001928E-018
 -4.672576347343336E-004  7.603285674001971E-018
  1.765960698203875E-003  7.603285674001971E-018
  4.655279052778098E-003  7.272708036001885E-018
  6.990549481731729E-003  6.280975122001628E-018
  7.821430539445002E-003  5.619819846001457E-018
  6.833284058191985E-003  5.619819846001457E-018
  4.454162114037953E-003  4.958664570001285E-018
  1.658349199714342E-003  4.628086932001199E-018
 -4.439908306151517E-004  4.628086932001199E-018
 -1.058022119187301E-003  4.793375751001243E-018
 -1.282236916334672E-005  5.619819846001457E-018
  2.191928238331736E-003  6.611552760001714E-018
  4.610383728664387E-003  7.272708036001885E-018
  6.245723022689628E-003  7.933863312002056E-018
  6.450862291774582E-003  7.768574493002013E-018
  5.173739795590518E-003  7.107419217001842E-018
  2.955094630185282E-003  6.611552760001714E-018
  6.896731989685633E-004  6.280975122001628E-018
 -7.439491810325076E-004  6.280975122001628E-018
 -8.317267858626035E-004  6.776841579001756E-018
  3.871156866755722E-004  7.272708036001885E-018
  2.359002584092751E-003  7.933863312002056E-018
  4.256962198172601E-003  8.264440950002143E-018
  5.318944854796494E-003  7.768574493002013E-018
  5.145185481973361E-003  7.437996855001928E-018
  3.839159106871064E-003  6.776841579001756E-018
  1.944098670642716E-003  6.446263941001671E-018
  2.099936325863252E-004  6.446263941001671E-018
 -7.091435936070756E-004  6.776841579001756E-018
 -5.057648840298484E-004  7.603285674001971E-018
  6.780994531648242E-004  8.264440950002143E-018
  2.327635131439670E-003  8.264440950002143E-018
  3.772697827783002E-003  8.099152131002100E-018
  4.454244207726414E-003  7.437996855001928E-018
  4.134213858802444E-003  6.446263941001671E-018
  2.971103945632759E-003  5.454531027001414E-018
  1.439558068680754E-003  5.123953389001328E-018
  1.333152538936091E-004  5.371886617501392E-018
 -4.668840198567619E-004  6.363619531501649E-018
 -1.702848661127542E-004  7.685930083501992E-018
  8.659594497064636E-004  8.595018588002228E-018
  2.213165408551866E-003  8.925596226002314E-018
  3.345646395809437E-003  8.760307407002271E-018
  3.842631067784816E-003  7.933863312002056E-018
  3.540761273507396E-003  6.942130398001799E-018
  2.583169266978752E-003  5.619819846001457E-018
  1.352445027570608E-003  5.123953389001328E-018
  3.182239040923788E-004  5.123953389001328E-018
 -1.403124527412415E-004  5.454531027001414E-018
  1.291767696690724E-004  5.950397484001543E-018
  1.004754336999293E-003  6.694197169501735E-018
  2.145009655069893E-003  7.437996855001928E-018
  3.121925130207596E-003  7.851218902502035E-018
  3.580649506518024E-003  7.768574493002013E-018
  3.367478815150898E-003  7.355352445501906E-018
  2.580910365035366E-003  6.776841579001756E-018
  1.529620847652381E-003  6.446263941001671E-018
  6.149137898936495E-004  6.446263941001671E-018
  1.817045974142127E-004  6.859485988501778E-018
  3.924475635846122E-004  7.355352445501906E-018
  1.169324721491350E-003  7.851218902502035E-018
  2.224994308097192E-003  8.264440950002143E-018
  3.170156186804095E-003  8.305763154752152E-018
  3.658435625463939E-003  7.644607878751981E-018
  3.515456228767267E-003  6.611552760001714E-018
  2.804445458088271E-003  5.454531027001414E-018
  1.803583679540846E-003  5.123953389001328E-018
  9.026028507880344E-004  5.454531027001414E-018
  4.562761235960772E-004  6.198330712501607E-018
  6.492542182924215E-004  7.190063626501864E-018
  1.423561635158885E-003  8.057829926252088E-018
  2.497510413038747E-003  8.264440950002143E-018
  3.470684050583642E-003  7.727252288252003E-018
  3.976557660549111E-003  6.652874964751724E-018
  3.824966237303841E-003  5.619819846001457E-018
  3.078983998359183E-003  4.958664570001285E-018
  2.034733256788056E-003  4.958664570001285E-018
  1.109661371156778E-003  5.454531027001414E-018
  6.808722027299425E-004  6.280975122001628E-018
  9.359272707055895E-004  7.190063626501864E-018
  1.795340276963850E-003  7.933863312002056E-018
  2.939188668910023E-003  8.181796540502120E-018
  3.929728367062295E-003  7.603285674001971E-018
  4.383386273123768E-003  6.694197169501735E-018
  4.124552357847557E-003  5.454531027001414E-018
  3.259197224110295E-003  4.297509294001114E-018
  2.137058171618151E-003  3.801642837000986E-018
  1.215283358400120E-003  3.801642837000986E-018
  8.764825485162097E-004  4.628086932001199E-018
  1.273718744271985E-003  5.867753074501521E-018
  2.265581215380047E-003  6.942130398001799E-018
  3.469210368645971E-003  7.437996855001928E-018
  4.411776038464359E-003  7.066097012251832E-018
  4.720525443849309E-003  6.198330712501607E-018
  4.274787094349770E-003  4.793375751001243E-018
  3.257575024286366E-003  3.801642837000986E-018
  2.084434862899652E-003  3.636354018000943E-018
  1.236966626158803E-003  4.297509294001114E-018
  1.067772904235477E-003  5.371886617501392E-018
  1.656098580422877E-003  6.694197169501735E-018
  2.773607901172718E-003  7.520641264501949E-018
  3.975294499723589E-003  7.355352445501906E-018
  4.779417194726259E-003  6.363619531501649E-018
  4.863556650389011E-003  5.123953389001328E-018
  4.196699103043890E-003  3.966931656001028E-018
  3.052918791582043E-003  3.471065199000899E-018
  1.900459579143867E-003  4.297509294001114E-018
  1.211106675330822E-003  5.785108665001499E-018
  1.267653221737946E-003  7.603285674001971E-018
  2.048331800132880E-003  8.677662997502250E-018
  3.235705125791157E-003  8.595018588002228E-018
  4.346502667495090E-003  7.520641264501949E-018
  4.929222562060446E-003  6.115686303001585E-018
  4.748472225503985E-003  4.958664570001285E-018
  3.880504357670865E-003  4.462798113001157E-018
  2.680968880821450E-003  4.297509294001114E-018
  1.638456324168111E-003  4.793375751001243E-018
  1.174268065088966E-003  5.537175436501435E-018
  1.470711070389264E-003  6.198330712501607E-018
  2.398144280029804E-003  6.776841579001756E-018
  3.570104104136383E-003  7.272708036001885E-018
  4.503091894876511E-003  7.355352445501906E-018
  4.814807876198411E-003  6.942130398001799E-018
  4.379328091083414E-003  6.776841579001756E-018
  3.376045420431242E-003  6.280975122001628E-018
  2.213327580516727E-003  5.785108665001499E-018
  1.359401086433085E-003  5.619819846001457E-018
  1.150669466799997E-003  5.702464255501478E-018
  1.656150216829071E-003  5.702464255501478E-018
  2.652799784594881E-003  6.115686303001585E-018
  3.720395384478574E-003  6.776841579001756E-018
  4.415573777106000E-003  7.355352445501906E-018
  4.452784901028510E-003  7.603285674001971E-018
  3.818138931822835E-003  7.355352445501906E-018
  2.770701290544336E-003  6.611552760001714E-018
  1.732532416634962E-003  5.950397484001543E-018
  1.114216763099186E-003  5.785108665001499E-018
  1.148169636799669E-003  6.033041893501563E-018
  1.797532789638862E-003  6.942130398001799E-018
  2.776351076402421E-003  7.768574493002013E-018
  3.670634718224610E-003  8.099152131002100E-018
  4.108986225419707E-003  7.933863312002056E-018
  3.912338169530197E-003  6.942130398001799E-018
  3.162367032328106E-003  5.537175436501435E-018
  2.162589651085956E-003  4.462798113001157E-018
  1.310400618732737E-003  4.214864884501092E-018
  9.340884004097048E-004  4.793375751001243E-018
  1.161790052543344E-003  5.785108665001499E-018
  1.874710002731901E-003  6.942130398001799E-018
  2.761399095328219E-003  7.933863312002056E-018
  3.448471446865897E-003  8.264440950002143E-018
  3.652829061583198E-003  7.851218902502035E-018
  3.293274285149298E-003  6.942130398001799E-018
  2.517579552608762E-003  6.033041893501563E-018
  1.636532719488203E-003  5.454531027001414E-018
  9.942990289630777E-004  5.289242208001371E-018
  8.292466633271846E-004  5.867753074501521E-018
  1.181543764883433E-003  6.528908350501692E-018
  1.883206139268624E-003  7.107419217001842E-018
  2.631938750509433E-003  7.520641264501949E-018
  3.116386187821848E-003  7.768574493002013E-018
  3.140860660921503E-003  7.603285674001971E-018
  2.699620829781602E-003  6.818163783751767E-018
  1.972748518151506E-003  6.198330712501607E-018
  1.248051563775815E-003  6.033041893501563E-018
  8.028268031800014E-004  6.446263941001671E-018
  7.940781771461839E-004  7.272708036001885E-018
  1.200566837644703E-003  8.264440950002143E-018
  1.837755583093581E-003  8.925596226002314E-018
  2.436899933592152E-003  9.008240635502335E-018
  2.754422722258797E-003  8.718985202252260E-018
  2.667082984907255E-003  8.016507721502077E-018
  2.215911001915511E-003  6.900808193251788E-018
  1.583678435184912E-003  5.743786460251489E-018
  1.017537289951907E-003  5.123953389001328E-018
  7.295478003692767E-004  4.999986774751296E-018
  8.150724265160656E-004  5.619819846001457E-018
  1.220231660227828E-003  6.611552760001714E-018
  1.769009547438722E-003  7.603285674001971E-018
  2.236811593320239E-003  8.223118745252132E-018
  2.439773397196688E-003  8.140474335752111E-018
  2.304413756390947E-003  7.355352445501906E-018
  1.891509527487588E-003  6.074364098251575E-018
  1.367025892308143E-003  4.710731341501221E-018
  9.337272206756620E-004  4.132220475001071E-018
  7.515959012651761E-004  4.462798113001157E-018
  8.781437392104465E-004  5.495853231751424E-018
  1.250585622975678E-003  6.859485988501778E-018
  1.714786788059856E-003  7.933863312002056E-018
  2.087824758201808E-003  8.450390871377190E-018
  2.228851613060718E-003  8.119813233377105E-018
  2.090993925026074E-003  7.066097012251832E-018
  1.735479388448949E-003  5.867753074501521E-018
  1.304298196359150E-003  4.793375751001243E-018
  9.634712039182441E-004  4.380153703501135E-018
  8.394792092929226E-004  4.896681262876269E-018
  9.729739950642385E-004  5.929736381626537E-018
  1.306408940393365E-003  7.148741421751853E-018
  1.708907891757271E-003  8.264440950002143E-018
  2.027725598146106E-003  8.884274021252303E-018
  2.146204921637379E-003  8.884274021252303E-018
  2.026468483957905E-003  8.016507721502077E-018
  1.721477230597935E-003  6.776841579001756E-018
  1.352892512528870E-003  5.867753074501521E-018
  1.063893524535977E-003  5.537175436501435E-018
  9.650751696103574E-004  6.157008507751596E-018
  1.093641541766350E-003  7.376013547876912E-018
  1.400752231216716E-003  8.646671343939741E-018
  1.771201768608977E-003  9.566090399627480E-018
  2.067607775592836E-003  9.710718116252517E-018
  2.182339691758203E-003  9.008240635502335E-018
  2.077751977674373E-003  7.768574493002013E-018
  1.799801049016795E-003  6.859485988501778E-018
  1.460119463949457E-003  6.446263941001671E-018
  1.193402119652448E-003  6.776841579001756E-018
  1.106182482229734E-003  7.355352445501906E-018
  1.236320799211534E-003  7.954524414377062E-018
  1.538551742350290E-003  8.285102052377147E-018
  1.901671513801375E-003  8.236031934236510E-018
  2.190987814065210E-003  7.913202209627051E-018
  2.299989871158016E-003  7.272708036001885E-018
  2.191514838106693E-003  6.776841579001756E-018
  1.912489733405562E-003  6.446263941001671E-018
  1.576293655594960E-003  6.198330712501607E-018
  1.319202896500815E-003  6.198330712501607E-018
  1.247511055244757E-003  6.446263941001671E-018
  1.395786739530497E-003  6.818163783751767E-018
  1.712704923721436E-003  6.983452602751810E-018
  2.080365470387846E-003  6.935673803509610E-018
  2.359974066798694E-003  6.756180476626751E-018
  2.446277087263126E-003  6.611552760001714E-018
  2.309403206894457E-003  6.694197169501735E-018
  2.007396737800905E-003  6.776841579001756E-018
  1.664073249252645E-003  6.859485988501778E-018
  1.420516607000494E-003  6.776841579001756E-018
  1.379158714440988E-003  6.611552760001714E-018
  1.562631628449382E-003  6.342958429126644E-018
  1.904009830775404E-003  6.229322366064114E-018
  2.272735472756054E-003  6.182834885720353E-018
  2.526271651673849E-003  6.095025200626579E-018
  2.567062044086173E-003  5.991719688751553E-018
  2.381976317410207E-003  5.702464255501478E-018
  2.048191081232470E-003  5.371886617501392E-018
  1.702800570386938E-003  5.041308979501307E-018
  1.488062917427654E-003  4.917342365251275E-018
  1.494159853978226E-003  5.082631184251318E-018
  1.722570394371323E-003  5.413208822251403E-018
  2.085026069968258E-003  5.764447562626494E-018
  2.438724280833872E-003  5.909075279251531E-018
  2.643776454231181E-003  5.909075279251531E-018
  2.619742092956696E-003  5.785108665001499E-018
  2.378319778264976E-003  5.537175436501435E-018
  2.018821587034010E-003  5.371886617501392E-018
  1.688121028958544E-003  5.495853231751424E-018
  1.521224691449428E-003  6.115686303001585E-018
  1.586564497550666E-003  6.776841579001756E-018
  1.858259111522393E-003  7.272708036001885E-018
  2.226660710400243E-003  7.561963469251960E-018
  2.542923031102872E-003  7.706591185876998E-018
  2.679456697001482E-003  7.355352445501906E-018
  2.581656068536051E-003  6.735519374251746E-018
  2.289850934546270E-003  5.950397484001543E-018
  1.922602399367601E-003  5.206597798501350E-018
  1.628245178862188E-003  5.123953389001328E-018
  1.524514820470953E-003  5.475192129376419E-018
  1.650897075248791E-003  5.991719688751553E-018
  1.953052212752108E-003  6.363619531501649E-018
  2.305493618979083E-003  6.198330712501607E-018
  2.563060239729228E-003  5.599158743626451E-018
  2.620029675727711E-003  5.041308979501307E-018
  2.452738573841478E-003  4.834697955751253E-018
  2.128477413895660E-003  4.958664570001285E-018
  1.777318168643668E-003  5.330564412751382E-018
  1.538679911978407E-003  5.702464255501478E-018
  1.504632160801687E-003  6.033041893501563E-018
  1.683051579329264E-003  6.280975122001628E-018
  1.995413970558974E-003  6.363619531501649E-018
  2.309723538865610E-003  6.074364098251575E-018
  2.494757177148290E-003  5.578497641251446E-018
  2.473287820125935E-003  5.082631184251318E-018
  2.252655615566037E-003  4.999986774751296E-018
  1.920572567962338E-003  5.247920003251360E-018
  1.608370170004466E-003  5.826430869751510E-018
  1.437115065179241E-003  6.611552760001714E-018
  1.468748621649723E-003  7.252046933626879E-018
  1.682007411910366E-003  7.437996855001928E-018
  1.982478821232543E-003  7.231385831251874E-018
  2.242114211742677E-003  6.652874964751724E-018
  2.351641602900621E-003  5.991719688751553E-018
  2.264389877310425E-003  5.413208822251403E-018
  2.013933136494031E-003  5.082631184251318E-018
  1.698929887392969E-003  5.165275593751339E-018
  1.441965666421594E-003  5.795439216189002E-018
  1.339598156906290E-003  6.683866618314233E-018
  1.423995189339773E-003  7.851218902502035E-018
  1.651411428503441E-003  8.760307407002271E-018
  1.921545826517097E-003  9.008240635502335E-018
  2.119243798199929E-003  8.347085359502164E-018
  2.161185840547832E-003  7.107419217001842E-018
  2.028618221552302E-003  6.053702995876569E-018
  1.773290190702015E-003  5.599158743626451E-018
  1.494895646964286E-003  5.909075279251531E-018
  1.299842320868188E-003  6.632213862376719E-018
  1.258423499449967E-003  7.499980162126944E-018
  1.377639100161524E-003  8.264440950002143E-018
  1.600137249905174E-003  8.553696383252216E-018
  1.828956660161006E-003  8.223118745252132E-018
  1.967406952501558E-003  7.314030240751896E-018
  1.957674296940569E-003  6.115686303001585E-018
  1.802750419361506E-003  5.082631184251318E-018
  1.563434012725678E-003  4.256187089251103E-018
  1.332378829639504E-003  4.276848191626108E-018
  1.196265121753072E-003  5.082631184251318E-018
  1.201546394558595E-003  6.239652917251617E-018
  1.337284918504375E-003  7.231385831251874E-018
  1.541331146673722E-003  7.644607878751981E-018
  1.726607036618687E-003  7.334691343126902E-018
  1.816383338509532E-003  6.549569452876698E-018
  1.774266651083115E-003  5.516514334126430E-018
  1.617219179924178E-003  4.834697955751253E-018
  1.407069564328501E-003  4.710731341501221E-018
  1.224636482032946E-003  5.299572759188873E-018
  1.137291946347477E-003  6.539238901689195E-018
  1.172967756256933E-003  7.882210556064543E-018
  1.310579738746777E-003  8.677662997502250E-018
  1.490013781244077E-003  8.471051973752196E-018
  1.637025708389362E-003  7.324360791939398E-018
  1.692750590990195E-003  5.857422523314018E-018
  1.636121575339765E-003  4.917342365251275E-018
  1.490728694987354E-003  5.103292286626323E-018
  1.314046288634104E-003  5.991719688751553E-018
  1.173895753026128E-003  7.190063626501864E-018
  1.121768804107910E-003  8.316093705939656E-018
  1.173464955148090E-003  8.894604572439805E-018
  1.304247164690156E-003  8.657001895127244E-018
  1.459825816662845E-003  7.923532760814554E-018
  1.578330799783438E-003  7.159071972939355E-018
  1.614400303880537E-003  6.797502681376762E-018
  1.556056072780099E-003  7.066097012251832E-018
  1.428167149540308E-003  7.789235595377019E-018
  1.281674869757578E-003  8.925596226002314E-018
  1.173218011734583E-003  9.896668037627564E-018
  1.143276911040949E-003  1.015493181731513E-017
  1.201213540290298E-003  9.493776541314961E-018
  1.322657886651872E-003  8.135309060158359E-018
  1.459815016581513E-003  6.838824886126772E-018
  1.560357300427870E-003  6.239652917251617E-018
  1.587469844322208E-003  6.487586145751682E-018
  1.533427339867012E-003  7.355352445501906E-018
  1.421761531925517E-003  8.264440950002143E-018
  1.297525955159309E-003  8.801629611752282E-018
  1.209657534147671E-003  9.111546147377361E-018
  1.192295536470082E-003  9.214851659252389E-018
  1.252130788989905E-003  9.152868352127372E-018
  1.366418746065224E-003  8.853282367689795E-018
  1.492177644632824E-003  8.481382524939699E-018
  1.582879214900448E-003  8.295432603564650E-018
  1.606194819400163E-003  8.181796540502120E-018
  1.556076488695613E-003  8.347085359502164E-018
  1.454691116086063E-003  8.553696383252216E-018
  1.343612069766230E-003  8.636340792752239E-018
  1.267732120581939E-003  8.615679690377233E-018
  1.258074630692638E-003  8.512374178502207E-018
  1.320042385516622E-003  8.512374178502207E-018
  1.431535931610697E-003  8.481382524939699E-018
  1.551601258589751E-003  8.398738115439677E-018
  1.636257954437608E-003  8.099152131002100E-018
  1.655429721826926E-003  7.747913390627008E-018
  1.604484918223553E-003  7.272708036001885E-018
  1.505958159236147E-003  6.818163783751767E-018
  1.400787360823823E-003  6.611552760001714E-018
  1.332433245982516E-003  7.024774807501821E-018
  1.330005125163092E-003  8.119813233377105E-018
  1.396927508588210E-003  9.400801580627436E-018
  1.509568430748248E-003  1.024790677800266E-017
  1.626406621437603E-003  1.011360961256512E-017
  1.704215098977240E-003  8.884274021252303E-018
  1.714976078433360E-003  7.024774807501821E-018
  1.656909361110180E-003  5.495853231751424E-018
  1.555252041873774E-003  4.793375751001243E-018
  1.452417557826630E-003  4.958664570001285E-018
  1.391338939553410E-003  5.764447562626494E-018
  1.398520758773064E-003  6.632213862376719E-018
  1.473494539826895E-003  7.252046933626879E-018
  1.588894650566044E-003  7.148741421751853E-018
  1.701196458813270E-003  6.404941736251660E-018
  1.767924669594604E-003  5.309903310376376E-018
  1.764532114811652E-003  4.297509294001114E-018
  1.694226476713000E-003  3.884287246501007E-018
  1.586783677054714E-003  4.090898270251060E-018
  1.486756363373663E-003  4.917342365251275E-018
  1.435730224042034E-003  5.909075279251531E-018
  1.455695832712814E-003  6.797502681376762E-018
  1.540201871414260E-003  7.417335752626923E-018
  1.656873001692691E-003  7.437996855001928E-018
  1.760330460336070E-003  6.890477642064286E-018
  1.810365688245163E-003  6.053702995876569E-018
  1.788078985301361E-003  5.144614491376334E-018
  1.703483878794697E-003  4.669409136751211E-018
  1.591493468629038E-003  4.669409136751211E-018
  1.497881313152004E-003  5.041308979501307E-018
  1.460860462998539E-003  5.909075279251531E-018
  1.495706638671211E-003  6.735519374251746E-018
  1.588634044118834E-003  7.102253941408092E-018
  1.702398488274852E-003  6.921469295626794E-018
  1.791360079098278E-003  6.167339058939098E-018
  1.819909252293104E-003  5.206597798501350E-018
  1.776801036570741E-003  4.400814805876141E-018
  1.679607268615140E-003  4.152881577376076E-018
  1.567509251531390E-003  4.524781420126173E-018
  1.485382312901394E-003  5.330564412751382E-018
  1.465645698101520E-003  6.342958429126644E-018
  1.515236136441315E-003  7.004113705126815E-018
  1.612957378497304E-003  7.055766461064329E-018
  1.718226389033557E-003  6.355871618111022E-018
  1.787608705627851E-003  5.237589452063857E-018
  1.792395408555747E-003  4.028914963126044E-018
  1.730092732895947E-003  3.305776380000857E-018
  1.625212868166837E-003  3.181809765750825E-018
  1.519129026521713E-003  3.595031813250932E-018
  1.453196990369853E-003  4.318170396376119E-018
  1.452042290580102E-003  5.113622837813825E-018
  1.513783298421067E-003  5.661142050751467E-018
  1.611082267607552E-003  5.733455909063986E-018
  1.702484679751508E-003  5.542340712095186E-018
  1.749339870428005E-003  5.237589452063857E-018
  1.731385019468899E-003  5.030978428313804E-018
  1.654697846621785E-003  4.958664570001285E-018
  1.548894704359261E-003  5.144614491376334E-018
  1.454850214495375E-003  5.495853231751424E-018
  1.408038641875930E-003  6.022711342314061E-018
  1.424299838179101E-003  6.539238901689195E-018
  1.493751762229661E-003  6.652874964751724E-018
  1.585186549145757E-003  6.239652917251617E-018
  1.659006753434666E-003  5.366721341907641E-018
  1.683333754023064E-003  4.313005120782368E-018
  1.646726706120092E-003  3.636354018000943E-018
  1.562434272493033E-003  3.522717954938413E-018
  1.462614487505094E-003  3.822303939375991E-018
  1.385040448963104E-003  4.297509294001114E-018
  1.357797086544918E-003  4.628086932001199E-018
  1.388178542994724E-003  4.524781420126173E-018
  1.460176834243202E-003  3.894617797688509E-018
  1.541397349958746E-003  2.985529293188274E-018
  1.596418824371957E-003  2.138424095813054E-018
  1.601082844266817E-003  1.869829764937984E-018
  1.551945109304842E-003  2.479332285000643E-018
  1.467198046171047E-003  3.626023466813440E-018
  1.378890152562885E-003  4.793375751001243E-018
  1.319770338023531E-003  5.433869924626408E-018
  1.310164797860104E-003  5.103292286626323E-018
  1.350147936283191E-003  4.003088585157288E-018
  1.420012781489161E-003  2.758257167063215E-018
  1.488641861118171E-003  2.102267166656795E-018
  1.526224605614795E-003  2.350200395156859E-018
  1.516121615309744E-003  3.403916616282132E-018
  1.461158022760059E-003  4.721061892688724E-018
  1.381984808754698E-003  5.609489294813954E-018
  1.308381016392980E-003  5.754117011438992E-018
  1.267161957939369E-003  5.046474255095058E-018
  1.271605821300587E-003  3.765485907844726E-018
  1.316562093390126E-003  2.701439135531950E-018
  1.381019980712693E-003  2.396687875500621E-018
  1.436895170867980E-003  2.977781379797647E-018
  1.460361261924349E-003  4.165794766360455E-018
  1.441156366046844E-003  5.340894963938885E-018
  1.386241574345958E-003  5.981389137564050E-018
  1.316539746395543E-003  5.599158743626451E-018
  1.258261120895789E-003  3.997923309563537E-018
  1.232412164345541E-003  1.952474174438006E-018
  1.246683070920520E-003  5.578497641251446E-019
  1.292832642978980E-003  4.364657876719881E-019
  1.350420494505774E-003  1.753611064078579E-018
  1.395211693396691E-003  4.176125317547958E-018
  1.408800537289240E-003  6.627048586782968E-018
  1.385639823254984E-003  7.799566146564522E-018
  1.334809402609006E-003  7.097088665814340E-018
  1.276008168878739E-003  4.741722995063729E-018
  1.231528723127230E-003  1.673549292375434E-018
  1.217480566766118E-003 -7.747913390627008E-019
  1.237706911289051E-003 -1.559913229312904E-018
  1.282671962295790E-003 -4.080567719063558E-019
  1.333584552432796E-003  2.029953308344276E-018
  1.369982471886962E-003  4.772714648626237E-018
  1.377722059816098E-003  6.611552760001714E-018
  1.354266153362585E-003  6.694197169501735E-018
  1.309314290440015E-003  4.958664570001285E-018
  1.260683568263731E-003  2.148754647000557E-018
  1.227182484187264E-003 -5.475192129376419E-019
  1.221319581371199E-003 -1.973135276813011E-018
  1.244658515867831E-003 -1.415285512687867E-018
  1.287523441274330E-003  1.151856457406549E-018
  1.333035417653270E-003  4.669409136751211E-018
  1.363801731572914E-003  7.499980162126944E-018
  1.368616232490420E-003  8.522704729689709E-018
  1.346603941257179E-003  7.128080319376847E-018
  1.307294644416810E-003  4.049576065501050E-018
  1.266707187984713E-003  7.231385831251874E-019
  1.241045517094785E-003 -1.260327244875327E-018
  1.240475213308731E-003 -1.033055118750268E-018
  1.265355304980506E-003  1.115699528250289E-018
  1.306306671900612E-003  4.318170396376119E-018
  1.348005242279799E-003  7.128080319376847E-018
  1.375172864978591E-003  8.481382524939699E-018
  1.378434703560747E-003  7.851218902502035E-018
  1.357809610358405E-003  5.557836538876440E-018
  1.322543331648728E-003  2.561976694500664E-018
  1.287410127488848E-003  1.446277166250375E-019
  1.266952108199798E-003 -5.785108665001499E-019
  1.269889631425200E-003  5.371886617501392E-019
  1.295839656790608E-003  2.995859844375777E-018
  1.335570293288242E-003  5.568167090063943E-018
  1.374653770301951E-003  7.055766461064329E-018
  1.399080920067133E-003  6.797502681376762E-018
  1.400661940836503E-003  5.082631184251318E-018
  1.380137810316016E-003  2.582637796875669E-018
  1.346820757267661E-003  4.338831498751124E-019
  1.314924554883841E-003 -5.165275593751339E-019
  1.298019913032063E-003  1.033055118750268E-019
  1.303767839722961E-003  1.818177009000471E-018
  1.330969495172871E-003  3.677676222750953E-018
  1.370069461579494E-003  4.896681262876269E-018
  1.406908483309585E-003  5.061970081876312E-018
  1.428259917613405E-003  4.214864884501092E-018
  1.426990695475913E-003  2.582637796875669E-018
  1.404833334512727E-003  1.012394016375262E-018
  1.371686396203500E-003  3.925609451251018E-019
  1.341716627835469E-003  1.095038425875284E-018
  1.327788860119268E-003  2.809909923000729E-018
  1.336408597838828E-003  4.710731341501221E-018
  1.365165792257117E-003  5.929736381626537E-018
  1.403689260187929E-003  5.816100318564008E-018
  1.437740747735372E-003  4.586764727251189E-018
  1.454837807564123E-003  2.871893230125745E-018
  1.449185929189819E-003  1.735532599500450E-018
  1.423967122801212E-003  1.590904882875412E-018
  1.390073696941431E-003  2.376026773125616E-018
  1.361783402686712E-003  3.718998427500964E-018
  1.351088261705622E-003  5.144614491376334E-018
  1.362929375541125E-003  6.115686303001585E-018
  1.393235202142633E-003  6.229322366064114E-018
  1.430548234962062E-003  5.723125357876483E-018
  1.460595390774387E-003  4.793375751001243E-018
  1.471980785936842E-003  3.739659529875969E-018
  1.460727862887248E-003  3.161148663375819E-018
  1.431854748438665E-003  3.512387403750911E-018
  1.397352263041363E-003  4.566103624876183E-018
  1.371374689776465E-003  5.950397484001543E-018
  1.364571340006944E-003  6.921469295626794E-018
  1.379832031514172E-003  6.942130398001799E-018
  1.411151541122910E-003  6.095025200626579E-018
  1.446064190051320E-003  4.638417483188702E-018
  1.470664266426956E-003  3.264454175250846E-018
  1.475189355599077E-003  2.706604411125702E-018
  1.457920674384341E-003  3.264454175250846E-018
  1.425836855644663E-003  4.710731341501221E-018
  1.391769150526999E-003  6.363619531501649E-018
  1.369216312259260E-003  7.417335752626923E-018
  1.366916648035020E-003  7.407005201439419E-018
  1.385364443872693E-003  6.580561106439205E-018
  1.416664312352936E-003  5.418374097845154E-018
  1.447763821619529E-003  4.473128664188660E-018
  1.465741457011788E-003  4.028914963126044E-018
  1.463005075203418E-003  4.142551026188573E-018
  1.440305433741767E-003  4.586764727251189E-018
  1.406365417396771E-003  5.175606144938841E-018
  1.374300581820227E-003  5.557836538876440E-018
  1.356300955868594E-003  5.619819846001457E-018
  1.358734304258288E-003  5.196267247313847E-018
  1.379642338004729E-003  4.318170396376119E-018
  1.409617110078819E-003  3.579535986469678E-018
  1.435670303231292E-003  3.372924962719624E-018
  1.446503301213355E-003  3.626023466813440E-018
  1.437036941244518E-003  4.194203782126087E-018
  1.410382275477466E-003  4.783045199813740E-018
  1.376487750189400E-003  5.020647877126301E-018
  1.348049175544713E-003  4.793375751001243E-018
  1.335366548527026E-003  4.261352364844854E-018
  1.342235164055350E-003  3.465899923407148E-018
  1.364513156389600E-003  2.497410749578772E-018
  1.391904993943849E-003  1.655470827797304E-018
  1.412195421110165E-003  1.182848110969057E-018
  1.416191390514240E-003  1.420450788281618E-018
  1.401370670994105E-003  2.128093544625552E-018
  1.372788658658087E-003  2.830571025375734E-018
  1.340923300383090E-003  3.202470868125830E-018
  1.317376891520382E-003  3.047512600313290E-018
  1.310200853091640E-003  2.561976694500664E-018
  1.320730267965814E-003  2.001544292578644E-018
  1.343173247602809E-003  1.931813072063001E-018
  1.367068867502538E-003  2.288217088031843E-018
  1.381571702477168E-003  2.778918269438220E-018
  1.379807032622951E-003  3.011355671157031E-018
  1.361547347527596E-003  2.592968348063172E-018
  1.333170559877555E-003  1.652888190000428E-018
  1.304973126896571E-003  8.057829926252088E-019
  1.286970980444502E-003  2.789248820625723E-019
  1.284903012693637E-003  3.099165356250803E-019
  1.298032762407931E-003  1.146691181812797E-018
  1.319587659401264E-003  2.476749647203767E-018
  1.339599964963680E-003  3.605362364438434E-018
  1.348958114010935E-003  4.008253860751039E-018
  1.343021516135983E-003  3.626023466813440E-018
  1.323366190688543E-003  2.665282206375691E-018
  1.297010332073046E-003  1.683879843562936E-018
  1.273490911944531E-003  1.033055118750268E-018
  1.261010041374375E-003  9.349148824689922E-019
  1.263209138387167E-003  1.275823071656581E-018
  1.277838194281667E-003  1.792350631031715E-018
  1.297799695730251E-003  1.942143623250503E-018
  1.314089622209943E-003  1.575409056094158E-018
  1.319417172534798E-003  7.541302366876954E-019
  1.311048964038598E-003 -1.033055118750268E-019
  1.291771594990522E-003 -5.475192129376419E-019
  1.268643389494464E-003 -4.028914963126044E-019
  1.250090998215045E-003  1.549582678125402E-019
  1.242545415336127E-003  7.954524414377061E-019
  1.247959382276990E-003  1.270657796062829E-018
  1.263160790017027E-003  1.255161969281575E-018
  1.281244114546789E-003  7.954524414377061E-019
  1.294392546629368E-003  1.962804725625509E-019
  1.296978224681919E-003 -2.066110237500536E-019
  1.287713249770792E-003 -1.652888190000428E-019
  1.270034358927486E-003  3.409081891875884E-019
  1.250622492454755E-003  1.064046772312776E-018
  1.236693072647812E-003  1.849168662562979E-018
  1.233155053095178E-003  2.169415749375562E-018
  1.240754523456524E-003  1.869829764937984E-018
  1.255899440982808E-003  1.095038425875284E-018
  1.272184001275829E-003  2.995859844375777E-019
  1.282967357897802E-003 -6.198330712501606E-020
  1.283970135575224E-003  1.342971654375348E-019
  1.274876866496751E-003  7.334691343126901E-019
  1.259349929421963E-003  1.590904882875412E-018
  1.243495864060288E-003  2.314043466000600E-018
  1.233424555901484E-003  2.551646143313161E-018
  1.232874547648933E-003  2.241729607688081E-018
  1.241823381091701E-003  1.415285512687867E-018
  1.256593695587278E-003  4.235525986876098E-019
  1.271372532725392E-003 -2.789248820625723E-019
  1.280517511610657E-003 -2.272721261250589E-019
  1.280737269402683E-003  7.644607878751981E-019
  1.272307245616699E-003  2.293382363625594E-018
  1.258876528086216E-003  3.718998427500964E-018
  1.245976116850354E-003  4.493789766563665E-018
  1.238836120929434E-003  4.369823152313633E-018
  1.240369965136478E-003  3.181809765750825E-018
  1.250098274594436E-003  1.239666142500321E-018
  1.264405283008343E-003 -5.578497641251446E-019
  1.277999316401249E-003 -1.332641103187845E-018
  1.285989132872437E-003 -5.061970081876312E-019
  1.285764083838053E-003  1.446277166250375E-018
  1.277958409466486E-003  3.543379057313418E-018
  1.266146244921472E-003  4.855359058126259E-018
  1.255408302975566E-003  4.917342365251275E-018
  1.250342101261283E-003  3.595031813250932E-018
  1.253291416565127E-003  1.487599371000386E-018
  1.263473464657898E-003 -3.822303939375991E-019
  1.277326383285804E-003 -9.917329140002570E-019
  1.289925298429959E-003 -1.033055118750268E-020
  1.296906027811197E-003  1.983465828000514E-018
  1.296147309785660E-003  4.059906616688553E-018
  1.288564731902799E-003  5.557836538876440E-018
  1.277719614124454E-003  6.095025200626579E-018
  1.268406787950227E-003  5.526844885313933E-018
  1.264778191452711E-003  4.049576065501050E-018
  1.268733703224593E-003  2.334704568375605E-018
  1.279201084340708E-003  1.311980000812840E-018
  1.292577555884263E-003  1.466938268625380E-018
  1.304152919934864E-003  2.685943308750696E-018
  1.309953981217228E-003  4.380153703501135E-018
  1.308289358227531E-003  5.971058586376547E-018
  1.300394095872840E-003  6.570230555251703E-018
  1.289927133614885E-003  5.909075279251531E-018
  1.281523386222308E-003  4.297509294001114E-018
  1.278970867912112E-003  2.407018426688124E-018
  1.283728155421260E-003  1.260327244875327E-018
  1.294362164754733E-003  1.239666142500321E-018
  1.307123877546339E-003  2.179746300563065E-018
  1.317432406328561E-003  3.564040159688424E-018
  1.321681191805276E-003  4.369823152313633E-018
  1.318654361958318E-003  4.266517640438606E-018
  1.309995952408298E-003  3.481395750188402E-018
  1.299549009457295E-003  2.520654489750653E-018
  1.291828032857329E-003  1.652888190000428E-018
  1.290230448518807E-003  1.291318898437835E-018
  1.295695366932639E-003  1.570243780500407E-018
  1.306339943002079E-003  2.252060158875584E-018
  1.318215498831083E-003  3.016520946750782E-018
  1.326881076035487E-003  3.615692915625937E-018
  1.329167803273321E-003  3.729328978688467E-018
  1.324432445321646E-003  3.388420789500878E-018
  1.314802739298034E-003  2.851232127750739E-018
  1.304319346066151E-003  2.345035119563108E-018
  1.297319079950220E-003  2.076440788688038E-018
  1.296705971789017E-003  2.045449135125530E-018
  1.302800110745358E-003  2.272721261250589E-018
  1.313221882974083E-003  2.623960001625680E-018
  1.323854335109679E-003  2.933876537250761E-018
  1.330495220728445E-003  2.933876537250761E-018
  1.330535580019245E-003  2.551646143313161E-018
  1.323993306273883E-003  2.066110237500536E-018
  1.313490903197731E-003  1.787185355437963E-018
  1.303191273237814E-003  1.942143623250503E-018
  1.297122977631127E-003  2.386357324313118E-018
  1.297569260364482E-003  2.954537639625766E-018
  1.304166241820218E-003  3.471065199000899E-018
  1.314067709515769E-003  3.956601104813525E-018
  1.323103759861016E-003  4.163212128563579E-018
  1.327461882361973E-003  3.894617797688509E-018
  1.325212196303436E-003  3.295445828813354E-018
  1.317065689956192E-003  2.355365670750610E-018
  1.306066848700249E-003  1.601235434062915E-018
  1.296352597117813E-003  1.384293859125359E-018
  1.291483813974490E-003  1.745863150687952E-018
  1.293023397018145E-003  2.458671182625637E-018
  1.299929929045395E-003  3.212801419313333E-018
  1.309002876022272E-003  3.884287246501007E-018
  1.316190098767192E-003  4.142551026188573E-018
  1.318223450405466E-003  4.090898270251060E-018
  1.313921684797632E-003  3.863626144126002E-018
  1.304640707452969E-003  3.533048506125916E-018
  1.293699892372108E-003  3.078504253875798E-018
  1.285027015000214E-003  2.737596064688210E-018
  1.281575795467382E-003  2.758257167063215E-018
  1.284154756976745E-003  3.078504253875798E-018
  1.291132644195271E-003  3.657015120375948E-018
  1.299127106426220E-003  4.183873230938585E-018
  1.304386563983598E-003  4.452467561813654E-018
  1.304300501662108E-003  4.132220475001071E-018
  1.298429837010534E-003  3.429742994250889E-018
  1.288650783172473E-003  2.592968348063172E-018
  1.278367944943990E-003  1.880160316125487E-018
  1.271126984863005E-003  1.787185355437963E-018
  1.269193120820343E-003  2.376026773125616E-018
  1.272666246046610E-003  3.388420789500878E-018
  1.279478555853789E-003  4.359492601126130E-018
  1.286260515373635E-003  4.917342365251275E-018
  1.289712878619702E-003  4.741722995063729E-018
  1.287925964546194E-003  3.904948348876012E-018
  1.281118713956897E-003  2.685943308750696E-018
  1.271512400740995E-003  1.353302205562851E-018
  1.262405970501383E-003  5.268581105626365E-019
  1.256838416827586E-003  5.991719688751553E-019
  1.256381317370861E-003  1.570243780500407E-018
  1.260541648870911E-003  2.716934962313204E-018
  1.267001073974300E-003  3.502056852563408E-018
  1.272578763562664E-003  3.491726301375905E-018
  1.274518084290258E-003  2.634290552813183E-018
  1.271576740201275E-003  1.291318898437835E-018
  1.264489818060042E-003  1.446277166250375E-019
  1.255634975371390E-003 -4.132220475001071E-020
  1.248051040727684E-003  6.404941736251660E-019
  1.244215537757622E-003  1.973135276813011E-018
  1.245073251389543E-003  3.460734647813397E-018
  1.249696422868609E-003  4.535111971313676E-018
  1.255696774323136E-003  4.783045199813740E-018
  1.260207715239811E-003  3.997923309563537E-018
  1.261032950890666E-003  2.376026773125616E-018
  1.257501619406852E-003  4.855359058126258E-019
  1.250698049195146E-003 -6.611552760001713E-019
  1.242990631815360E-003 -4.338831498751124E-019
  1.237064001860224E-003  9.607412604377490E-019
  1.234850163723541E-003  2.902884883688253E-018
  1.236783916740713E-003  4.793375751001243E-018
  1.241668538313335E-003  5.785108665001499E-018
  1.247188978536925E-003  5.506183782938927E-018
  1.250853142299673E-003  4.287178742813611E-018
  1.250978792003247E-003  2.675612757563194E-018
  1.247335909056172E-003  1.363632756750353E-018
  1.241200643308029E-003  1.022724567562765E-018
  1.234815238539667E-003  1.869829764937984E-018
  1.230482132689825E-003  3.491726301375905E-018
  1.229657970747376E-003  5.165275593751339E-018
  1.232403274139441E-003  6.198330712501607E-018
  1.237394179337478E-003  6.022711342314061E-018
  1.242476603658687E-003  4.638417483188702E-018
  1.245531226875362E-003  2.789248820625723E-018
  1.245302365821476E-003  1.446277166250375E-018
  1.241867454392604E-003  9.194190556877382E-019
  1.236573148933531E-003  1.663218741187931E-018
  1.231477122835989E-003  3.440073545438392E-018
  1.228526452379910E-003  5.464861578188917E-018
  1.228799979029517E-003  6.704527720689237E-018
  1.232108327356309E-003  6.694197169501735E-018
  1.237098182306386E-003  5.454531027001414E-018
  1.241807355924703E-003  3.316106931188359E-018
  1.244443288865774E-003  1.095038425875284E-018
  1.244076685603412E-003 -1.652888190000428E-019
  1.240982810644784E-003  1.033055118750268E-019
  1.236506456718555E-003  1.766524253062958E-018
  1.232514436958663E-003  4.059906616688553E-018
  1.230657804588921E-003  6.064033547064072E-018
  1.231734397981443E-003  6.900808193251788E-018
  1.235396600445802E-003  6.249983468439120E-018
  1.240309887835962E-003  4.597095278438692E-018
  1.244690876417953E-003  2.902884883688253E-018
  1.247008319401530E-003  1.993796379188017E-018
  1.246572134269042E-003  2.324374017188102E-018
  1.243784619933449E-003  3.667345671563451E-018
  1.239963266474240E-003  5.299572759188873E-018
  1.236812008904885E-003  6.301636224376633E-018
  1.235752231619627E-003  5.991719688751553E-018
  1.237375129290692E-003  4.659078585563708E-018
  1.241225397960218E-003  2.923545986063258E-018
  1.245994442831745E-003  1.435946615062872E-018
  1.250041565389763E-003  9.504107092502464E-019
  1.252035992100223E-003  1.466938268625380E-018
  1.251469024934885E-003  2.820240474188231E-018
  1.248839585904710E-003  4.628086932001199E-018
  1.245445725536432E-003  6.012380791126559E-018
  1.242868287445148E-003  6.301636224376633E-018
  1.242351182748584E-003  5.382217168688895E-018
  1.244320336765647E-003  3.822303939375991E-018
  1.248226713923548E-003  2.376026773125616E-018
  1.252770877301773E-003  1.673549292375434E-018
  1.256417614761961E-003  1.849168662562979E-018
  1.257997228087629E-003  2.654951655188188E-018
  1.257158256823669E-003  3.605362364438434E-018
  1.254496390809559E-003  4.245856538063601E-018
  1.251312073041733E-003  4.545442522501178E-018
  1.249094586888040E-003  4.442137010626151E-018
  1.248936523506481E-003  3.987592758376034E-018
  1.251108291349737E-003  3.450404096625894E-018
  1.254958158964220E-003  2.882223781313247E-018
  1.259174774404103E-003  2.520654489750653E-018
  1.262306794160559E-003  2.551646143313161E-018
  1.263333986502758E-003  2.768587718250718E-018
  1.262065087359597E-003  3.254123624063343E-018
  1.259206955833364E-003  3.956601104813525E-018
  1.256079662050380E-003  4.783045199813740E-018
  1.254091669462965E-003  5.216928349688853E-018
  1.254183281483116E-003  4.876020160501264E-018
  1.256458097888653E-003  4.152881577376076E-018
  1.260147043125314E-003  3.326437482375862E-018
  1.263917517205712E-003  2.727265513500707E-018
  1.266403711386835E-003  2.675612757563194E-018
  1.266747140185014E-003  3.316106931188359E-018
  1.264933281624742E-003  4.545442522501178E-018
  1.261791918837525E-003  5.805769767376505E-018
  1.258662705996756E-003  6.580561106439205E-018
  1.256860334169787E-003  6.694197169501735E-018
  1.257152673887600E-003  6.342958429126644E-018
  1.259459169279719E-003  5.878083625689024E-018
  1.262888237522986E-003  5.382217168688895E-018
  1.266096989236408E-003  5.123953389001328E-018
  1.267828343002252E-003  5.299572759188873E-018
  1.267410659281007E-003  5.650811499563965E-018
  1.265021054139128E-003  6.064033547064072E-018
  1.261608839367101E-003  6.415272287439163E-018
  1.258511697182100E-003  6.766511027814253E-018
  1.256919654180263E-003  6.973122051564308E-018
  1.257401780118331E-003  6.797502681376762E-018
  1.259684162428386E-003  6.353288980314147E-018
  1.262766087916711E-003  5.754117011438992E-018
  1.265325578724285E-003  5.237589452063857E-018
  1.266250047001012E-003  4.886350711688766E-018
  1.265078951684974E-003  4.783045199813740E-018
  1.262182133968556E-003  4.834697955751253E-018
  1.258604665488987E-003  5.092961735438820E-018
  1.255643115254142E-003  5.382217168688895E-018
  1.254325162215960E-003  5.661142050751467E-018
  1.255001721323141E-003  5.764447562626494E-018
  1.257213818228582E-003  5.588828192438949E-018
  1.259884868138352E-003  5.185936696126344E-018
  1.261758128015888E-003  4.772714648626237E-018
  1.261901614593158E-003  4.504120317751167E-018
  1.260077540302294E-003  4.452467561813654E-018
  1.256829754705293E-003  4.710731341501221E-018
  1.253257311516808E-003  5.196267247313847E-018
  1.250568472693588E-003  5.888414176876527E-018
  1.249596408025402E-003  6.735519374251746E-018
  1.250471067457104E-003  7.148741421751853E-018
  1.252576730406007E-003  6.973122051564308E-018
  1.254808590525155E-003  6.363619531501649E-018
  1.256021683153058E-003  5.444200475813911E-018
  1.255489763241905E-003  4.617756380813697E-018
  1.253190214638873E-003  4.183873230938585E-018
  1.249803341066330E-003  4.586764727251189E-018
  1.246430430990999E-003  5.351225515126387E-018
  1.244147608160719E-003  6.053702995876569E-018
  1.243576528992240E-003  6.435933389814168E-018
  1.244643487414618E-003  6.384280633876655E-018
  1.246620367486747E-003  6.012380791126559E-018
  1.248426547717752E-003  5.537175436501435E-018
  1.249066736784956E-003  5.051639530688809E-018
  1.248027386777192E-003  4.535111971313676E-018
  1.245473898708123E-003  4.080567719063557E-018
  1.242173237975906E-003  3.894617797688509E-018
  1.239177710119418E-003  4.059906616688553E-018
  1.237400493638051E-003  4.535111971313676E-018
  1.237254411568574E-003  4.834697955751253E-018
  1.238496982874155E-003  4.814036853376247E-018
  1.240339713405695E-003  4.390484254688638E-018
  1.241772977004681E-003  3.564040159688424E-018
  1.241972739140962E-003  2.758257167063215E-018
  1.240625365791120E-003  2.334704568375605E-018
  1.238042711886685E-003  2.644621104000685E-018
  1.235025886655384E-003  3.440073545438392E-018
  1.232537096040447E-003  4.245856538063601E-018
  1.231314161406981E-003  4.669409136751211E-018
  1.231582281763758E-003  4.390484254688638E-018
  1.232975591946865E-003  3.450404096625894E-018
  1.234695178463778E-003  2.190076851750568E-018
  1.235835625497568E-003  1.446277166250375E-018
  1.235746709624105E-003  1.714871497125444E-018
  1.234285902061564E-003  2.768587718250718E-018
  1.231863959212575E-003  4.111559372626066E-018
  1.229270211160793E-003  5.175606144938841E-018
  1.227351818995734E-003  5.330564412751382E-018
  1.226677406060936E-003  4.493789766563665E-018
  1.227318583751964E-003  2.954537639625766E-018
  1.228833054331671E-003  1.322310552000343E-018
  1.230451226686394E-003  1.136360630625295E-019
  1.231387772188013E-003 -1.033055118750268E-019
  1.231152085561998E-003  6.921469295626794E-019
  1.229735121656204E-003  2.314043466000600E-018
  1.227601870448916E-003  3.997923309563537E-018
  1.225497131395561E-003  5.113622837813825E-018
  1.224145648040561E-003  5.134283940188831E-018
  1.223967265103915E-003  3.966931656001028E-018
  1.224918854363971E-003  2.066110237500536E-018
  1.226522096873379E-003  3.202470868125830E-019
  1.228061661446129E-003 -7.954524414377061E-019
  1.228871754355997E-003 -7.644607878751981E-019
  1.228596365097525E-003  5.991719688751553E-019
  1.227321720588428E-003  2.995859844375777E-018
  1.225532110034955E-003  5.309903310376376E-018
  1.223910686845843E-003  6.725188823064243E-018
  1.223067039930337E-003  6.559900004064201E-018
  1.223299969730345E-003  4.938003467626280E-018
  1.224487458857838E-003  2.675612757563194E-018
  1.226143837477418E-003  6.508247248126687E-019
  1.227617830466343E-003 -1.756193701875455E-019
  1.228350784856366E-003  6.404941736251660E-019
  1.228092821573774E-003  2.882223781313247E-018
  1.226993507142277E-003  5.681803153126473E-018
  1.225534543246068E-003  7.613616225189473E-018
  1.224334312477578E-003  8.068160477439592E-018
  1.223903359062431E-003  6.838824886126772E-018
  1.224447190870576E-003  4.524781420126173E-018
  1.225792199000880E-003  2.179746300563065E-018
  1.227460896552797E-003  8.264440950002142E-019
  1.228864012991995E-003  1.229335591312819E-018
  1.229532226964018E-003  3.347098584750868E-018
  1.229296535306781E-003  6.198330712501607E-018
  1.228348107248716E-003  8.512374178502207E-018
  1.227156718203430E-003  9.214851659252389E-018
  1.226282233121938E-003  7.964854965564564E-018
  1.226154498993567E-003  5.568167090063943E-018
  1.226907849568823E-003  3.285115277625851E-018
  1.228333607224866E-003  2.303712914813097E-018
  1.229966972172413E-003  2.902884883688253E-018
  1.231272180562735E-003  4.824367404563750E-018
  1.231852243349325E-003  7.221055280064372E-018
  1.231601251732763E-003  9.049562840252346E-018
  1.230740888430866E-003  9.555759848439978E-018
  1.229728723217914E-003  8.811960162939784E-018
  1.229075925717984E-003  7.252046933626879E-018
  1.229146713581026E-003  5.609489294813954E-018
  1.230017930899386E-003  4.752053546251231E-018
  1.231452661994998E-003  5.041308979501307E-018
  1.232996655506843E-003  6.280975122001628E-018
  1.234158370584560E-003  8.233449296439634E-018
  1.234601347018375E-003  1.008261795900261E-017
  1.234273648840557E-003  1.096071480994034E-017
  1.233424554298149E-003  1.037187339225269E-017
  1.232503240719814E-003  8.780968509377276E-018
  1.231980366107538E-003  7.066097012251832E-018
  1.232163162534501E-003  6.053702995876569E-018
  1.233076488488541E-003  6.394611185064157E-018
  1.234455776252477E-003  7.768574493002013E-018
  1.235853565515936E-003  9.318157171127416E-018
  1.236816790695551E-003  1.047517890412771E-017
  1.237064618901166E-003  1.065079827431526E-017
  1.236597010300120E-003  9.700387565065014E-018
  1.235691942803000E-003  7.995846619127073E-018
  1.234793319361353E-003  5.960728035189045E-018
  1.234334539991321E-003  4.431806459438649E-018
  1.234567694422308E-003  4.152881577376076E-018
  1.235465606148854E-003  5.289242208001371E-018
  1.236734776655686E-003  7.458657957376934E-018
  1.237933292240493E-003  9.721048667440019E-018
  1.238646391182007E-003  1.109501197537788E-017
  1.238649950087877E-003  1.112600362894038E-017
  1.237997388733687E-003  9.731379218627523E-018
  1.236996190115886E-003  7.530971815689453E-018
  1.236084111421720E-003  5.599158743626451E-018
  1.235654790099629E-003  4.865689609313761E-018
  1.235902160047391E-003  5.712794806688981E-018
  1.236745183921283E-003  7.758243941814511E-018
  1.237862163243304E-003  1.006195685662761E-017
  1.238820231858601E-003  1.163220063712802E-017
  1.239247961938512E-003  1.159087843237800E-017
  1.238982246030121E-003  9.721048667440019E-018
  1.238131308202043E-003  6.859485988501778E-018
  1.237029433734764E-003  4.225195435688595E-018
  1.236102233261761E-003  3.088834805063301E-018
  1.235696711178397E-003  3.997923309563537E-018
  1.235944018601881E-003  6.570230555251703E-018
  1.236709253496167E-003  9.493776541314961E-018
  1.237647588666315E-003  1.144625071575297E-017
  1.238343495099975E-003  1.173550614900304E-017
  1.238476893788689E-003  1.025823732919016E-017
  1.237949789031609E-003  7.685930083501992E-018
  1.236923249336822E-003  5.030978428313804E-018
  1.235750794374298E-003  3.615692915625937E-018
  1.234835706590154E-003  4.142551026188573E-018
  1.234469905216964E-003  6.188000161314104E-018
  1.234718853317135E-003  8.667332446314746E-018
  1.235397980751039E-003  1.054749276244023E-017
  1.236149116029675E-003  1.101236756587785E-017
  1.236585384788868E-003  9.741709769815025E-018
  1.236445996267410E-003  7.159071972939355E-018
  1.235698995142098E-003  4.235525986876098E-018
  1.234551509568561E-003  2.210737954125573E-018
  1.233364440060488E-003  1.756193701875455E-018
  1.232506766059007E-003  2.923545986063258E-018
  1.232208384236955E-003  5.206597798501350E-018
  1.232470291342349E-003  7.706591185876998E-018
  1.233067294756834E-003  8.894604572439805E-018
  1.233641009838736E-003  8.150804886939613E-018
  1.233844832963143E-003  5.816100318564008E-018
  1.233482288415783E-003  2.933876537250761E-018
  1.232583562204944E-003  9.090885045002356E-019
  1.231390484723931E-003  6.301636224376633E-019
  1.230257228711940E-003  2.396687875500621E-018
  1.229507579726880E-003  5.485522680563922E-018
  1.229306414366704E-003  8.512374178502207E-018
  1.229596508359145E-003  1.034088173869018E-017
  1.230124934631130E-003  1.025823732919016E-017
  1.230547149135798E-003  8.274771501189645E-018
  1.230566007787493E-003  5.144614491376334E-018
  1.230049672552382E-003  2.231399056500578E-018
  1.229081686950022E-003  7.644607878751981E-019
  1.227924342003851E-003  1.363632756750353E-018
  1.226911380732296E-003  3.646684569188445E-018
  1.226314024273933E-003  6.394611185064157E-018
  1.226234200521402E-003  8.429729769002184E-018
  1.226567072605756E-003  8.987579533127329E-018
  1.227046585642594E-003  7.913202209627051E-018
  1.227354402905284E-003  5.661142050751467E-018
  1.227247688572222E-003  3.264454175250846E-018
  1.226654500546815E-003  1.704540945937942E-018
  1.225699413632557E-003  1.611565985250418E-018
  1.224650484876621E-003  3.130157009813311E-018
  1.223810159158824E-003  5.351225515126387E-018
  1.223394587839523E-003  7.365682996689409E-018
  1.223449572462629E-003  8.574357485627222E-018
  1.223835823810218E-003  8.522704729689709E-018
  1.224288013799390E-003  7.407005201439419E-018
  1.224522680529696E-003  5.743786460251489E-018
  1.224351150259610E-003  4.266517640438606E-018
  1.223752554994425E-003  3.677676222750953E-018
  1.222878802539041E-003  4.359492601126130E-018
  1.221990948545804E-003  5.929736381626537E-018
  1.221353637502650E-003  7.758243941814511E-018
  1.221130329590692E-003  8.997910084314833E-018
  1.221320794634822E-003  9.018571186689838E-018
  1.221764709507646E-003  7.830557800127030E-018
  1.222208502892361E-003  5.816100318564008E-018
  1.222407627876861E-003  3.822303939375991E-018
  1.222223049826162E-003  2.716934962313204E-018
  1.221673945869328E-003  2.964868190813269E-018
  1.220926768925843E-003  4.369823152313633E-018
  1.220226409242072E-003  6.301636224376633E-018
  1.219797912387520E-003  7.809896697752024E-018
  1.219758180930960E-003  8.347085359502164E-018
  1.220072248951979E-003  7.706591185876998E-018
  1.220570357807766E-003  6.373950082689152E-018
  1.221017736495353E-003  4.917342365251275E-018
  1.221208423861528E-003  4.080567719063557E-018
  1.221045668215332E-003  4.452467561813654E-018
  1.220577582815803E-003  5.805769767376505E-018
  1.219975048800789E-003  7.520641264501949E-018
  1.219461851447855E-003  8.873943470064801E-018
  1.219225567799823E-003  9.338818273502421E-018
  1.219344626304723E-003  8.522704729689709E-018
  1.219759802760097E-003  6.652874964751724E-018
  1.220300343410299E-003  4.545442522501178E-018
  1.220753258332092E-003  3.088834805063301E-018
  1.220947670159133E-003  2.902884883688253E-018
  1.220820838353584E-003  3.935940002438521E-018
  1.220440400215476E-003  5.785108665001499E-018
  1.219975071069336E-003  7.758243941814511E-018
  1.219626381271321E-003  9.018571186689838E-018
  1.219548990514688E-003  9.090885045002356E-018
  1.219790988763079E-003  8.130143784564607E-018
  1.220277107992525E-003  6.415272287439163E-018
  1.220840517130985E-003  4.473128664188660E-018
  1.221289777925600E-003  3.295445828813354E-018
  1.221484088645645E-003  3.502056852563408E-018
  1.221387257818018E-003  5.010317325938799E-018
  1.221079749228453E-003  7.107419217001842E-018
  1.220724912363328E-003  8.677662997502250E-018
  1.220503463253736E-003  9.028901737877340E-018
  1.220542394207098E-003  8.140474335752111E-018
  1.220866166373350E-003  6.477255594564179E-018
  1.221388828156311E-003  4.721061892688724E-018
  1.221949399682730E-003  3.595031813250932E-018
  1.222375948397701E-003  3.491726301375905E-018
  1.222552849075205E-003  4.462798113001157E-018
  1.222464920849634E-003  5.991719688751553E-018
  1.222201597926963E-003  7.448327406189430E-018
  1.221920158907320E-003  7.923532760814554E-018
  1.221783026741905E-003  7.231385831251874E-018
  1.221894030007835E-003  5.898744728064029E-018
  1.222258536136276E-003  4.721061892688724E-018
  1.222782673228959E-003  4.235525986876098E-018
  1.223311372461674E-003  4.493789766563665E-018
  1.223689807518220E-003  5.423539373438905E-018
  1.223823884888773E-003  6.497916696939184E-018
  1.223716142919189E-003  7.448327406189430E-018
  1.223463344617229E-003  7.830557800127030E-018
  1.223217205197440E-003  7.386344099064415E-018
  1.223124096728380E-003  6.301636224376633E-018
  1.223267602857847E-003  5.216928349688853E-018
  1.223636393597155E-003  4.876020160501264E-018
  1.224129710484348E-003  5.371886617501392E-018
  1.224597876000906E-003  6.508247248126687E-018
  1.224901541058837E-003  7.613616225189473E-018
  1.224966213231786E-003  8.119813233377105E-018
  1.224810709425965E-003  7.675599532314489E-018
  1.224538634507669E-003  6.425602838626666E-018
  1.224296619548631E-003  4.968995121188788E-018
  1.224216077906483E-003  3.915278900063515E-018
  1.224361554058145E-003  3.626023466813440E-018
  1.224705926432484E-003  4.328500947563622E-018
  1.225141966948554E-003  5.723125357876483E-018
  1.225525356546499E-003  7.221055280064372E-018
  1.225731907912630E-003  8.016507721502077E-018
  1.225706300837771E-003  7.964854965564564E-018
  1.225483183201409E-003  7.262377484814383E-018
  1.225172561519314E-003  6.136347405376591E-018
  1.224915572371939E-003  5.051639530688809E-018
  1.224828372573863E-003  4.741722995063729E-018
  1.224956430030105E-003  5.144614491376334E-018
  1.225257196457557E-003  5.971058586376547E-018
  1.225617764895679E-003  6.787172130189259E-018
  1.225900214512159E-003  7.210724728876868E-018
  1.225996444701501E-003  6.962791500376804E-018
  1.225870695177372E-003  6.002050239939056E-018
  1.225573012709215E-003  4.690070239126215E-018
  1.225218585119258E-003  3.677676222750953E-018
  1.224941443699170E-003  3.471065199000899E-018
  1.224841131881702E-003  4.121889923813569E-018
  1.224943568810185E-003  5.320233861563879E-018
  1.225191514637600E-003  6.466925043376676E-018
  1.225468150253379E-003  7.004113705126815E-018
  1.225644094777687E-003  6.869816539689281E-018
  1.225628955494018E-003  6.177669610126601E-018
  1.225406875783285E-003  5.206597798501350E-018
  1.225042101633712E-003  4.504120317751167E-018
  1.224652646853492E-003  4.328500947563622E-018
  1.224362850694264E-003  4.741722995063729E-018
  1.224253918810642E-003  5.413208822251403E-018
  1.224332153044727E-003  5.867753074501521E-018
  1.224527333339525E-003  6.033041893501563E-018
  1.224721577396471E-003  5.733455909063986E-018
  1.224796857678243E-003  5.092961735438820E-018
  1.224682045600193E-003  4.287178742813611E-018
  1.224380746908263E-003  3.605362364438434E-018
  1.223969054205515E-003  3.491726301375905E-018
  1.223564456824664E-003  4.090898270251060E-018
  1.223278634196041E-003  5.154945042563836E-018
  1.223173138392932E-003  6.260314019626623E-018
  1.223235595676861E-003  7.035105358689323E-018
  1.223385662036022E-003  7.314030240751896E-018
  1.223507987504128E-003  6.983452602751810E-018
  1.223498705006958E-003  6.260314019626623E-018
  1.223306735189369E-003  5.723125357876483E-018
  1.222953507364262E-003  5.805769767376505E-018
  1.222523521397457E-003  6.828494334939270E-018
  1.222129907865424E-003  8.202457642877126E-018
  1.221869060463839E-003  9.266504415189902E-018
  1.221782579407210E-003  9.452454336564950E-018
  1.221841592698014E-003  8.450390871377190E-018
  1.221959382170156E-003  6.962791500376804E-018
  1.222026867113069E-003  5.537175436501435E-018
  1.221956463476135E-003  4.855359058126259E-018
  1.221716713696770E-003  5.092961735438820E-018
  1.221344029416056E-003  6.022711342314061E-018
  1.220927223880161E-003  7.179733075314361E-018
  1.220571424272899E-003  8.119813233377105E-018
  1.220356067184373E-003  8.481382524939699E-018
  1.220303800978447E-003  8.078491028627094E-018
  1.220372498363752E-003  7.128080319376847E-018
  1.220473174721281E-003  6.136347405376591E-018
  1.220506243842581E-003  5.382217168688895E-018
  1.220401370315846E-003  5.082631184251318E-018
  1.220145000386311E-003  5.454531027001414E-018
  1.219784835083374E-003  6.198330712501607E-018
  1.219409873855436E-003  6.983452602751810E-018
  1.219114399460115E-003  7.427666303814425E-018
  1.218960509731152E-003  7.148741421751853E-018
  1.218954112114127E-003  6.157008507751596E-018
  1.219043669591057E-003  4.741722995063729E-018
  1.219141772300124E-003  3.419412443063386E-018
  1.219160540402719E-003  2.768587718250718E-018
  1.219046542776138E-003  3.026851497938285E-018
  1.218801384239775E-003  4.039245514313547E-018
  1.218480071086094E-003  5.309903310376376E-018
  1.218168235711095E-003  6.136347405376591E-018
  1.217947664320660E-003  6.157008507751596E-018
  1.217864020745734E-003  5.278911656813869E-018
  1.217909509749682E-003  3.935940002438521E-018
  1.218027046374444E-003  2.654951655188188E-018
  1.218133846733218E-003  2.014457481563022E-018
  1.218154709618759E-003  2.221068505313076E-018
  1.218051624127538E-003  3.057843151500793E-018
  1.217838069436615E-003  4.214864884501092E-018
  1.217572669094575E-003  4.989656223563793E-018
  1.217335135068638E-003  4.958664570001285E-018
  1.217194372848438E-003  4.132220475001071E-018
  1.217181506294843E-003  2.995859844375777E-018
  1.217278367658026E-003  2.345035119563108E-018
  1.217425670107732E-003  2.479332285000643E-018
  1.217547225235456E-003  3.192140316938327E-018
  1.217580318547101E-003  4.173542679751082E-018
  1.217500140482862E-003  5.041308979501307E-018
  1.217328772554541E-003  5.413208822251403E-018
  1.217125515604881E-003  5.051639530688809E-018
  1.216962762212537E-003  3.904948348876012E-018
  1.216897214365317E-003  2.665282206375691E-018
  1.216947868426082E-003  2.076440788688038E-018
  1.217089283272498E-003  2.283051812438092E-018
  1.217262457237372E-003  3.274784726438349E-018
  1.217398670095624E-003  4.566103624876183E-018
  1.217446652145520E-003  5.795439216189002E-018
  1.217392340350559E-003  6.332627877939141E-018
  1.217263618389676E-003  5.929736381626537E-018
  1.217118490015213E-003  4.648748034376205E-018
  1.217021666593324E-003  3.161148663375819E-018
  1.217018989709213E-003  2.159085198188060E-018
  1.217119763709088E-003  2.231399056500578E-018
  1.217293765928145E-003  3.233462521688338E-018
  1.217483813174164E-003  4.607425829626195E-018
  1.217628651357901E-003  5.619819846001457E-018
  1.217686997128419E-003  5.940066932814040E-018
  1.217653291490930E-003  5.454531027001414E-018
  1.217559155598501E-003  4.380153703501135E-018
  1.217460252017984E-003  3.367759687125873E-018
  1.217413971730293E-003  3.099165356250803E-018
  1.217456853534878E-003  3.553709608500921E-018
  1.217590579688623E-003  4.566103624876183E-018
  1.217781872567332E-003  5.702464255501478E-018
  1.217976082339962E-003  6.311966775564136E-018
  1.218118904765848E-003  6.291305673189131E-018
  1.218177587730790E-003  5.650811499563965E-018
  1.218153336836242E-003  4.834697955751253E-018
  1.218080215568276E-003  4.204534333313590E-018
  1.218011197397896E-003  3.977262207188531E-018
  1.217997040996540E-003  4.194203782126087E-018
  1.218066373348597E-003  4.690070239126215E-018
  1.218214757274156E-003  5.247920003251360E-018
  1.218406881473339E-003  5.795439216189002E-018
  1.218590812436981E-003  6.053702995876569E-018
  1.218718544077624E-003  5.929736381626537E-018
  1.218764703143948E-003  5.506183782938927E-018
  1.218736110851919E-003  5.041308979501307E-018
  1.218668587088984E-003  4.886350711688766E-018
  1.218612430859326E-003  5.227258900876355E-018
  1.218612426048400E-003  5.847091972126515E-018
  1.218690286300582E-003  6.508247248126687E-018
  1.218836390391675E-003  6.931799846814297E-018
  1.219013926968874E-003  6.828494334939270E-018
  1.219173660955104E-003  6.239652917251617E-018
  1.219273390193745E-003  5.444200475813911E-018
  1.219294394566701E-003  4.772714648626237E-018
  1.219248454729175E-003  4.607425829626195E-018
  1.219172797922718E-003  4.865689609313761E-018
  1.219115101905329E-003  5.495853231751424E-018
  1.219114569895060E-003  6.280975122001628E-018
  1.219186565047877E-003  6.683866618314233E-018
  1.219316808787436E-003  6.456594492189173E-018
  1.219467318173288E-003  5.681803153126473E-018
  1.219591613669437E-003  4.493789766563665E-018
  1.219653105412612E-003  3.388420789500878E-018
  1.219639379083538E-003  2.892554332500750E-018
  1.219566794848461E-003  3.140487561000814E-018
  1.219473689554009E-003  4.152881577376076E-018
  1.219404984316107E-003  5.640480948376462E-018
  1.219394361658551E-003  6.931799846814297E-018
  1.219451073074038E-003  7.479319059751938E-018
  1.219556538578238E-003  7.148741421751853E-018
  1.219671980517279E-003  5.940066932814040E-018
  1.219753961498673E-003  4.411145357063643E-018
  1.219771602971869E-003  3.037182049125787E-018
  1.219718657959605E-003  2.448340631438135E-018
  1.219615714466836E-003  2.851232127750739E-018
  1.219501758272728E-003  3.935940002438521E-018
  1.219418543719307E-003  5.185936696126344E-018
  1.219394035108865E-003  6.022711342314061E-018
  1.219431487440788E-003  6.043372444689066E-018
  1.219508435189795E-003  5.402878271063901E-018
  1.219585887635939E-003  4.473128664188660E-018
  1.219623979082028E-003  3.708667876313461E-018
  1.219597799835889E-003  3.512387403750911E-018
  1.219507125851225E-003  3.894617797688509E-018
  1.219376250688677E-003  4.555773073688681E-018
  1.219244091840904E-003  5.175606144938841E-018
  1.219148603587513E-003  5.371886617501392E-018
  1.219111747529514E-003  4.979325672376291E-018
  1.219130984042885E-003  4.225195435688595E-018
  1.219180592714270E-003  3.481395750188402E-018
  1.219222187382514E-003  3.026851497938285E-018
  1.219220143209234E-003  2.944207088438263E-018
  1.219155747682757E-003  3.429742994250889E-018
  1.219034464467757E-003  4.028914963126044E-018
  1.218883502191452E-003  4.338831498751125E-018
  1.218740769363181E-003  4.101228821438563E-018
  1.218639711110008E-003  3.233462521688338E-018
  1.218596108873275E-003  2.169415749375562E-018
  1.218602070089084E-003  1.332641103187845E-018
  1.218629509715173E-003  8.574357485627222E-019
  1.218641619008336E-003  8.264440950002142E-019
  1.218607656311462E-003  1.115699528250289E-018
  1.218515131267277E-003  1.394624410312861E-018
  1.218374567775506E-003  1.466938268625380E-018
  1.218215048380135E-003  1.167352284187803E-018
  1.218072436831046E-003  5.371886617501392E-019
  1.217975065342343E-003 -6.198330712501606E-020
  1.217932617492049E-003 -3.718998427500964E-019
  1.217932586436973E-003 -1.652888190000428E-019
  1.217945610901699E-003  6.095025200626580E-019
  1.217937438428196E-003  1.756193701875455E-018
  1.217882659216655E-003  2.840901576563237E-018
  1.217774719606181E-003  3.429742994250889E-018
  1.217628286083478E-003  3.419412443063386E-018
  1.217473134159509E-003  2.830571025375734E-018
  1.217342122134331E-003  1.828507560187974E-018
  1.217258124657782E-003  8.367746461877169E-019
  1.217225139389611E-003  3.718998427500964E-019
  1.217227037866069E-003  2.892554332500750E-019
  1.217234335424336E-003  6.198330712501606E-019
  1.217216159168166E-003  1.353302205562851E-018
  1.217152571414943E-003  2.324374017188102E-018
  1.217042344309500E-003  3.233462521688338E-018
  1.216903171425626E-003  3.698337325125959E-018
  1.216764359352604E-003  3.502056852563408E-018
  1.216655030417829E-003  2.644621104000685E-018
  1.216592599465702E-003  1.404954961500364E-018
  1.216576096159515E-003  4.958664570001285E-019
  1.216586899508571E-003  2.685943308750696E-019
  1.216596462326560E-003  6.921469295626794E-019
  1.216577835569433E-003  1.673549292375434E-018
  1.216516351577988E-003  2.944207088438263E-018
  1.216415243332820E-003  3.842965041750996E-018
  1.216294063339295E-003  3.956601104813525E-018
  1.216180661265828E-003  3.171479214563322E-018
  1.216100019610296E-003  1.952474174438006E-018
  1.216064430423889E-003  1.012394016375262E-018
  1.216068879950986E-003  4.442137010626151E-019
  1.216093371014327E-003  5.061970081876312E-019
  1.216111131753739E-003  1.188013386562808E-018
  1.216099348612450E-003  2.200407402938070E-018
  1.216048127311685E-003  3.295445828813354E-018
  1.215964170546202E-003  4.049576065501050E-018
  1.215867820169660E-003  4.152881577376076E-018
  1.215784762710645E-003  3.543379057313418E-018
  1.215735781479236E-003  2.458671182625637E-018
  1.215728643501194E-003  1.539252126937899E-018
  1.215755284503562E-003  1.332641103187845E-018
  1.215795299107843E-003  2.035118583938028E-018
  1.215824233304869E-003  3.336768033563365E-018
  1.215823310711323E-003  4.607425829626195E-018
  1.215786726143234E-003  5.278911656813869E-018
  1.215723677813460E-003  5.196267247313847E-018
  1.215654441669533E-003  4.679739687938713E-018
  1.215602154456523E-003  3.894617797688509E-018
  1.215583629718359E-003  3.274784726438349E-018
  1.215602844684863E-003  3.088834805063301E-018
  1.215649610304521E-003  3.254123624063343E-018
  1.215703844876210E-003  3.718998427500964E-018
  1.215743657353371E-003  4.214864884501092E-018
  1.215753983337288E-003  4.586764727251189E-018
  1.215732364917032E-003  4.793375751001243E-018
  1.215689657343157E-003  4.524781420126173E-018
  1.215645484703760E-003  3.780981734625980E-018
