   1.00000001978184       0.000000000000000E+000
  0.813513105894534       0.000000000000000E+000
  0.353635897119109       1.670404328517465E-016
 -0.142321296983789       2.505606492776197E-016
 -0.424154197500322       3.758409739164296E-016
 -0.357326884922655       3.758409739164296E-016
  1.155007775862482E-002  2.505606492776197E-016
  0.484444529059118       1.252803246388099E-016
  0.818291959848646       4.176010821293662E-017
  0.850259877522451       4.176010821293662E-017
  0.576568212522262       1.252803246388099E-016
  0.146472095522375       2.088005410646831E-016
 -0.221245415099964       3.340808657034929E-016
 -0.352276484452108       4.176010821293662E-016
 -0.201232322154184       4.176010821293662E-016
  0.134624644575603       3.340808657034929E-016
  0.474445067227281       2.088005410646831E-016
  0.650234902191545       1.044002705323415E-016
  0.588818209252159       2.088005410646831E-017
  0.339132245535471       8.352021642587323E-017
  3.613910286834964E-002  2.505606492776197E-016
 -0.174192703195023       3.758409739164296E-016
 -0.207011095140238       3.340808657034929E-016
 -7.199385037244253E-002  2.714407033840880E-016
  0.143887064994129       1.670404328517465E-016
  0.328918055438759       6.264016231940493E-017
  0.403263913383406       2.088005410646831E-017
  0.350869094490152       0.000000000000000E+000
  0.214996147376815       6.264016231940493E-017
  6.637349469670717E-002  1.461603787452781E-016
 -3.462670973426389E-002  1.879204869582148E-016
 -6.160366623581356E-002  1.774804599049806E-016
 -2.334036143815667E-002  1.461603787452781E-016
  5.151796324995005E-002  7.308018937263907E-017
  0.132861765600514       1.044002705323415E-017
  0.199383724847172      -2.088005410646831E-017
  0.238353211147162      -1.566004057985123E-017
  0.240951629244045       1.305003381654269E-017
  0.201331189976269       3.654009468631954E-017
  0.122472208217746       6.264016231940493E-017
  2.401638516886307E-002  5.220013526617077E-017
 -5.703974440831864E-002  3.132008115970246E-017
 -7.872407829990258E-002  2.610006763308538E-017
 -1.632951373029431E-002  3.654009468631954E-017
  0.117685495111707       5.220013526617077E-017
  0.270426436759582       5.220013526617077E-017
  0.368652891540168       4.176010821293662E-017
  0.355275198874364       4.176010821293662E-017
  0.223585407339567       4.176010821293662E-017
  2.864656002061839E-002  2.088005410646831E-017
 -0.134273952048957       4.176010821293662E-017
 -0.176383438323207       4.176010821293662E-017
 -6.382763210385765E-002  8.352021642587323E-017
  0.158952136774105       8.352021642587323E-017
  0.386291674733787       8.352021642587323E-017
  0.502830029591985       1.044002705323415E-016
  0.443921649962755       1.252803246388099E-016
  0.232711675941881       8.352021642587323E-017
 -2.752659747915188E-002  4.176010821293662E-017
 -0.203973670348183       4.176010821293662E-017
 -0.202604951436461       4.176010821293662E-017
 -1.853049483830764E-002  8.352021642587323E-017
  0.259002314663821       1.670404328517465E-016
  0.490826047140107       1.879204869582148E-016
  0.559036367392712       1.670404328517465E-016
  0.428147360835939       1.044002705323415E-016
  0.164016713706753       4.176010821293662E-017
 -9.967522668421057E-002  4.176010821293662E-017
 -0.230061091598900       6.264016231940493E-017
 -0.163074094536726       1.252803246388099E-016
  6.449471593951324E-002  2.088005410646831E-016
  0.335109146360230       2.505606492776197E-016
  0.511647157559246       2.505606492776197E-016
  0.507347715160907       2.296805951711514E-016
  0.328396662842787       1.670404328517465E-016
  6.803882701965409E-002  8.352021642587323E-017
 -0.143288768061296       6.264016231940493E-017
 -0.204825443586671       1.252803246388099E-016
 -9.465164935382718E-002  1.879204869582148E-016
  0.123053057462270       2.505606492776197E-016
  0.334339924492991       2.505606492776197E-016
  0.434780191168056       2.505606492776197E-016
  0.380531525035789       1.670404328517465E-016
  0.206022145665962       1.252803246388099E-016
  1.609441197488721E-003  8.352021642587323E-017
 -0.134754819872591       5.220013526617077E-017
 -0.145772699988533       9.396024347910739E-017
 -3.901785961823220E-002  1.670404328517465E-016
  0.122715651247006       1.879204869582148E-016
  0.256938597790645       1.983605140114489E-016
  0.302776389205926       1.670404328517465E-016
  0.247247606494834       1.252803246388099E-016
  0.125526019151196       7.308018937263907E-017
 -1.609747245824838E-003  4.176010821293662E-017
 -7.915604790610690E-002  4.176010821293662E-017
 -8.181291023173638E-002  8.352021642587323E-017
 -2.036718953800465E-002  1.252803246388099E-016
  6.933005256905056E-002  1.461603787452781E-016
  0.146286553384803       1.409403652186611E-016
  0.182187988946823       1.200603111121928E-016
  0.169662275063790       8.874022995249031E-017
  0.120011276313670       5.742014879278785E-017
  5.468457118350240E-002  2.610006763308538E-017
 -3.790891915801248E-003  1.566004057985123E-017
 -3.786690702158611E-002  1.305003381654269E-017
 -3.781399789942951E-002  2.349006086977685E-017
 -3.049769971148486E-003  4.698012173955370E-017
  5.694956303095413E-002  7.830020289925616E-017
  0.123097794387043       9.918025700572446E-017
  0.170671125337395       9.135023671579885E-017
  0.177765437426109       7.047018260933054E-017
  0.135938651299636       3.132008115970246E-017
  5.766589814903345E-002  0.000000000000000E+000
 -2.501387841025010E-002 -1.044002705323415E-017
 -7.261518549241613E-002  1.044002705323415E-017
 -5.697072489913227E-002  4.176010821293662E-017
  2.245674937490744E-002  8.352021642587323E-017
  0.134274802179441       1.357203516920440E-016
  0.227244138589620       1.566004057985123E-016
  0.254507038367606       1.148402975855757E-016
  0.198326334719578       2.088005410646831E-017
  8.199381368811133E-002 -4.176010821293662E-017
 -3.881009719503780E-002 -4.176010821293662E-017
 -0.102425285626635       1.044002705323415E-017
 -7.271153087974780E-002  6.264016231940493E-017
  4.075503215619111E-002  1.357203516920440E-016
  0.185205602531021       1.879204869582148E-016
  0.289851078394485       1.879204869582148E-016
  0.301549367364036       1.357203516920440E-016
  0.212686113836097       4.176010821293662E-017
  6.639328750598404E-002  0.000000000000000E+000
 -6.430829271525638E-002  2.088005410646831E-017
 -0.113236459656378       9.396024347910739E-017
 -5.488832639509415E-002  1.461603787452781E-016
  8.217967012538542E-002  1.879204869582148E-016
  0.229557541840581       1.879204869582148E-016
  0.313608167660111       1.461603787452781E-016
  0.292732013300882       9.396024347910739E-017
  0.178140889658023       6.264016231940493E-017
  2.762556844429087E-002  6.264016231940493E-017
 -8.419143576309382E-002  9.396024347910739E-017
 -0.103595302455381       1.044002705323415E-016
 -2.416942490966632E-002  1.461603787452781E-016
  0.111277338444493       1.670404328517465E-016
  0.233542661660941       1.670404328517465E-016
  0.282312165417227       1.670404328517465E-016
  0.235684619831590       1.357203516920440E-016
  0.119350713288274       1.252803246388099E-016
 -8.266714015972416E-003  1.044002705323415E-016
 -8.632296294434035E-002  1.044002705323415E-016
 -8.140750569026790E-002  1.044002705323415E-016
 -2.161694213735162E-003  1.044002705323415E-016
  0.107617083458006       1.044002705323415E-016
  0.192539106178703       1.044002705323415E-016
  0.213083667860182       1.252803246388099E-016
  0.163236227759471       1.461603787452781E-016
  7.054269668876979E-002  1.461603787452781E-016
 -1.987239526618574E-002  1.252803246388099E-016
 -6.809507116940114E-002  8.352021642587323E-017
 -5.741891812342413E-002  4.698012173955370E-017
  4.717448747626820E-004  3.132008115970246E-017
  7.406392387500831E-002  4.176010821293662E-017
  0.128584581886874       7.830020289925616E-017
  0.141830007060339       1.200603111121928E-016
  0.112140083921314       1.409403652186611E-016
  5.617370602917110E-002  1.096202840589586E-016
 -7.896330818085454E-004  5.742014879278785E-017
 -3.645232948894554E-002  1.044002705323415E-017
 -3.975770215865125E-002 -2.349006086977685E-017
 -1.320222804721686E-002 -2.088005410646831E-017
  3.027475227286320E-002  1.566004057985123E-017
  7.332421094052732E-002  6.264016231940493E-017
  0.100402913899269       1.017902637690330E-016
  0.102387989107896       9.918025700572446E-017
  7.893401273592106E-002  6.786017584602200E-017
  3.849671137020607E-002  1.566004057985123E-017
 -3.991735710739959E-003 -3.654009468631954E-017
 -3.169877730006129E-002 -5.481014202947931E-017
 -3.195896894510287E-002 -3.393008792301100E-017
 -1.974168448018159E-003  1.044002705323415E-017
  4.847354802588994E-002  6.264016231940493E-017
  9.943488624067306E-002  8.874022995249031E-017
  0.128455403710147       7.569019613594762E-017
  0.120810803816452       4.698012173955370E-017
  7.759473280579124E-002  1.044002705323415E-017
  1.710567500742103E-002 -1.044002705323415E-017
 -3.224203906562944E-002 -1.566004057985123E-017
 -4.498733894893142E-002  5.220013526617077E-018
 -1.161724661146772E-002  4.698012173955370E-017
  5.528932878982371E-002  7.308018937263907E-017
  0.125656774502707       8.874022995249031E-017
  0.165823143705499       7.830020289925616E-017
  0.155286494567938       6.264016231940493E-017
  9.779883095152796E-002  4.176010821293662E-017
  2.069563135098092E-002  2.088005410646831E-017
 -3.785955530964487E-002  1.566004057985123E-017
 -4.772918095548857E-002  3.654009468631954E-017
 -2.295996491032115E-003  6.264016231940493E-017
  7.750727714477632E-002  8.352021642587323E-017
  0.153073036299038       9.918025700572446E-017
  0.187206098786997       8.352021642587323E-017
  0.162849766151987       6.786017584602200E-017
  9.187281196967056E-002  5.220013526617077E-017
  9.311722220239181E-003  4.176010821293662E-017
 -4.411448185688774E-002  5.220013526617077E-017
 -4.237242830173986E-002  6.264016231940493E-017
  1.296634537163164E-002  7.308018937263907E-017
  9.375724533565113E-002  7.308018937263907E-017
  0.159619463942783       7.830020289925616E-017
  0.178180161659669       9.918025700572446E-017
  0.140946683187097       9.918025700572446E-017
  6.693574214153265E-002  9.396024347910739E-017
 -7.452709447579928E-003  7.308018937263907E-017
 -4.686630757193810E-002  4.698012173955370E-017
 -3.428741236329670E-002  4.698012173955370E-017
  2.136520909574256E-002  6.264016231940493E-017
  9.068940173426475E-002  7.308018937263907E-017
  0.139030692094713       8.874022995249031E-017
  0.143518542543234       9.396024347910739E-017
  0.103458191359550       9.396024347910739E-017
  3.938377012675753E-002  7.830020289925616E-017
 -1.806294492538155E-002  5.481014202947931E-017
 -4.336108157181855E-002  2.871007439639393E-017
 -2.780842380928977E-002  3.654009468631954E-017
  1.765466037334001E-002  5.220013526617077E-017
  6.911774858940622E-002  7.308018937263907E-017
  0.101877551561471       8.613022318918178E-017
  0.101873336763199       8.091020966256469E-017
  7.110920441229927E-002  6.525016908271346E-017
  2.518320540498146E-002  4.176010821293662E-017
 -1.506064435052011E-002  2.610006763308538E-017
 -3.327281392050136E-002  2.349006086977685E-017
 -2.419549227610445E-002  3.132008115970246E-017
  5.370423295375955E-003  4.176010821293662E-017
  4.084873834420576E-002  4.698012173955370E-017
  6.682099191419337E-002  4.959012850286223E-017
  7.333034374172454E-002  4.437011497624515E-017
  5.913846318325028E-002  2.871007439639393E-017
  3.119875234201023E-002  1.566004057985123E-017
  1.190707937079180E-003  5.220013526617077E-018
 -1.917921714575158E-002  5.220013526617077E-018
 -2.237092888700044E-002  1.044002705323415E-017
 -7.464091923218608E-003  1.957505072481404E-017
  1.969391610424950E-002  2.610006763308538E-017
  4.859502241013166E-002  2.871007439639393E-017
  6.783619494456605E-002  2.740507101473966E-017
  6.944148789253217E-002  2.218505748812258E-017
  5.226806896319860E-002  1.044002705323415E-017
  2.304181547846661E-002  0.000000000000000E+000
 -5.790502319819536E-003 -5.220013526617077E-018
 -2.097553449597067E-002 -5.220013526617077E-018
 -1.433878660384433E-002  5.220013526617077E-018
  1.297138207760575E-002  1.827004734315977E-017
  5.014784644021521E-002  3.393008792301100E-017
  8.097405547745963E-002  4.437011497624515E-017
  9.112028891547812E-002  4.959012850286223E-017
  7.520022136864278E-002  4.176010821293662E-017
  4.003657818804744E-002  2.088005410646831E-017
  2.147179641038088E-003  0.000000000000000E+000
 -1.976550155079989E-002 -5.220013526617077E-018
 -1.390766271580990E-002  2.610006763308539E-018
  1.841945538828937E-002  2.871007439639393E-017
  6.284952694626955E-002  5.742014879278785E-017
  9.852340050162750E-002  7.830020289925616E-017
  0.108194635660802       8.874022995249031E-017
  8.690419538795791E-002  7.308018937263907E-017
  4.478121151460859E-002  4.698012173955370E-017
  2.364094189545160E-003  2.088005410646831E-017
 -1.939817981044300E-002  0.000000000000000E+000
 -9.537915085120540E-003  1.044002705323415E-017
  2.737806675264906E-002  4.176010821293662E-017
  7.339506905516231E-002  7.308018937263907E-017
  0.106008708926184       9.396024347910739E-017
  0.109291479364833       9.918025700572446E-017
  8.173313214411126E-002  7.830020289925616E-017
  3.688164766661951E-002  4.698012173955370E-017
 -3.485838947462854E-003  2.349006086977685E-017
 -2.017783430450667E-002  2.088005410646831E-017
 -5.950930430918398E-003  3.132008115970246E-017
  3.120136583606207E-002  6.264016231940493E-017
  7.232881688527183E-002  8.874022995249031E-017
  9.706404684513766E-002  9.918025700572446E-017
  9.356483101684042E-002  9.135023671579885E-017
  6.395843947891305E-002  6.264016231940493E-017
  2.278538182577070E-002  3.132008115970246E-017
 -1.051216185153893E-002  1.566004057985123E-017
 -2.113338456252373E-002  1.566004057985123E-017
 -5.762908748442723E-003  3.654009468631954E-017
  2.645265928457237E-002  5.742014879278785E-017
  5.893555315923175E-002  7.308018937263907E-017
  7.593956696126014E-002  7.569019613594762E-017
  6.989215429805629E-002  6.264016231940493E-017
  4.439292637331730E-002  4.176010821293662E-017
  1.177082736976442E-002  2.088005410646831E-017
 -1.323080804855348E-002  6.525016908271346E-018
 -2.037948919656351E-002  9.135023671579884E-018
 -8.232916971134482E-003  2.610006763308538E-017
  1.594718639956541E-002  4.176010821293662E-017
  4.018543181971272E-002  5.481014202947931E-017
  5.349688688035151E-002  5.481014202947931E-017
  5.058892941910777E-002  3.915010144962808E-017
  3.361195068803233E-002  2.088005410646831E-017
  1.054467514035679E-002  5.220013526617077E-018
 -8.698774461080415E-003  0.000000000000000E+000
 -1.654180293117831E-002  7.830020289925616E-018
 -1.061303373600849E-002  1.566004057985123E-017
  5.754131995843723E-003  2.610006763308538E-017
  2.529375596886151E-002  3.132008115970246E-017
  3.992100516676764E-002  3.001507777804819E-017
  4.390569901763780E-002  2.349006086977685E-017
  3.596592312476591E-002  1.174503043488842E-017
  1.962026565453169E-002  0.000000000000000E+000
  1.751228960712769E-003 -2.610006763308539E-018
 -1.008698548280721E-002  2.610006763308539E-018
 -1.066322878717509E-002  9.135023671579884E-018
  7.377595568252343E-004  1.435503719819696E-017
  1.982683683003008E-002  1.566004057985123E-017
  3.886332909660405E-002  1.435503719819696E-017
  4.979004286009761E-002  1.435503719819696E-017
  4.775192522433570E-002  1.696504396150550E-017
  3.347188997883795E-002  1.827004734315977E-017
  1.328590329030667E-002  1.305003381654269E-017
 -3.409860297424912E-003  5.220013526617077E-018
 -8.341142804022244E-003  1.305003381654269E-018
  1.682700836950761E-003  2.610006763308539E-018
  2.295495997969944E-002  9.135023671579884E-018
  4.625472288220918E-002  1.827004734315977E-017
  6.098265891202925E-002  2.871007439639393E-017
  6.020208443834026E-002  3.654009468631954E-017
  4.415561848708901E-002  4.176010821293662E-017
  2.043412238195003E-002  2.871007439639393E-017
  5.460966417252362E-004  1.566004057985123E-017
 -5.572010752444422E-003  5.220013526617077E-018
  5.540664178084093E-003  5.220013526617077E-018
  2.901114552362520E-002  1.566004057985123E-017
  5.383762519993541E-002  3.393008792301100E-017
  6.816746394445290E-002  5.220013526617077E-017
  6.509031047276856E-002  5.742014879278785E-017
  4.607516346970773E-002  5.220013526617077E-017
  2.031130987341682E-002  3.915010144962808E-017
  2.405294619099873E-004  2.218505748812258E-017
 -4.525747830323662E-003  1.174503043488842E-017
  8.105896197998438E-003  1.044002705323415E-017
  3.173546564250556E-002  2.349006086977685E-017
  5.466873786227323E-002  4.437011497624515E-017
  6.567596160895264E-002  5.742014879278785E-017
  5.944261414088397E-002  6.003015555609638E-017
  3.903808676526233E-002  4.698012173955370E-017
  1.424919240914136E-002  2.871007439639393E-017
 -3.311484701376985E-003  1.696504396150550E-017
 -5.849216245054015E-003  1.435503719819696E-017
  6.988272153660710E-003  2.349006086977685E-017
  2.819884732419441E-002  3.915010144962808E-017
  4.704815068515680E-002  5.481014202947931E-017
  5.433554326693084E-002  5.611514541113358E-017
  4.669830830139224E-002  4.828512512120796E-017
  2.793558690808770E-002  3.654009468631954E-017
  6.870289357275914E-003  2.610006763308538E-017
 -7.046963870557715E-003  1.827004734315977E-017
 -8.180441491929341E-003  1.566004057985123E-017
  2.897365118590597E-003  2.349006086977685E-017
  2.005022551416585E-002  3.393008792301100E-017
  3.475208371339509E-002  4.176010821293662E-017
  4.013863387737372E-002  4.306511159459089E-017
  3.400750901956882E-002  3.784509806797381E-017
  1.948173558397995E-002  2.740507101473966E-017
  3.229764130037157E-003  1.435503719819696E-017
 -7.749566533675208E-003  5.220013526617077E-018
 -9.222320088010542E-003  5.220013526617077E-018
 -1.347543442795229E-003  1.044002705323415E-017
  1.172932020304344E-002  2.088005410646831E-017
  2.394809851875167E-002  2.871007439639393E-017
  3.003500683020622E-002  3.001507777804819E-017
  2.764973703001244E-002  2.349006086977685E-017
  1.815306625636938E-002  1.566004057985123E-017
  5.812968609485165E-003  6.525016908271346E-018
 -4.100829178854994E-003  1.305003381654269E-018
 -7.501814977455773E-003  1.305003381654269E-018
 -3.088652183313729E-003  4.567511835789942E-018
  7.216534887874051E-003  1.044002705323415E-017
  1.911311321379700E-002  1.631254227067836E-017
  2.769536202381874E-002  2.022755241564117E-017
  2.946287415078441E-002  1.957505072481404E-017
  2.378268506843817E-002  1.566004057985123E-017
  1.320570188202312E-002  1.044002705323415E-017
  2.463963458935917E-003  3.915010144962808E-018
 -3.498817417250237E-003  3.262508454135673E-018
 -1.680024960768288E-003  5.872515217444212E-018
  7.571036601429429E-003  1.109252874406129E-017
  2.055986206601483E-002  1.827004734315977E-017
  3.176525439203877E-002  2.544756594225825E-017
  3.627816533621246E-002  2.740507101473966E-017
  3.209223717927789E-002  2.610006763308538E-017
  2.116314054496515E-002  2.088005410646831E-017
  8.659208022044835E-003  1.305003381654269E-017
  6.538264311291689E-004  7.830020289925616E-018
  1.279862930340221E-003  6.525016908271346E-018
  1.069002010593397E-002  1.370253550736983E-017
  2.484885175726127E-002  2.349006086977685E-017
  3.733732980672153E-002  3.327758623218386E-017
  4.237051674321633E-002  3.980260314045522E-017
  3.759812827655145E-002  3.915010144962808E-017
  2.531131777721287E-002  3.132008115970246E-017
  1.142035086786795E-002  2.218505748812258E-017
  2.650825114839372E-003  1.435503719819696E-017
  3.297533282943287E-003  1.435503719819696E-017
  1.312119036601417E-002  2.088005410646831E-017
  2.743469521214846E-002  3.132008115970246E-017
  3.935724294953402E-002  4.176010821293662E-017
  4.314411085618026E-002  4.437011497624515E-017
  3.696355383256428E-002  4.176010821293662E-017
  2.376207472596234E-002  3.262508454135673E-017
  9.802990209198819E-003  2.349006086977685E-017
  1.609336589280633E-003  1.957505072481404E-017
  2.818993653534042E-003  2.218505748812258E-017
  1.248441476232805E-002  2.871007439639393E-017
  2.561862376109628E-002  3.654009468631954E-017
  3.567710621411700E-002  4.437011497624515E-017
  3.772888344363237E-002  4.437011497624515E-017
  3.076695923728770E-002  4.045510483128235E-017
  1.807049627351522E-002  3.393008792301100E-017
  5.508403785662998E-003  2.610006763308538E-017
 -1.329249767037395E-003  2.088005410646831E-017
  2.436193106366625E-004  2.088005410646831E-017
  8.866794274788604E-003  2.349006086977685E-017
  1.994933401347753E-002  2.871007439639393E-017
  2.796362819315780E-002  3.262508454135673E-017
  2.906307160475010E-002  3.393008792301100E-017
  2.277979446746790E-002  3.327758623218386E-017
  1.206360846599288E-002  2.936257608722106E-017
  1.743581504089705E-003  2.349006086977685E-017
 -3.779393874973205E-003  1.696504396150550E-017
 -2.501283389231994E-003  1.174503043488842E-017
  4.428193540169007E-003  1.305003381654269E-017
  1.341685014790201E-002  1.696504396150550E-017
  2.018328289872763E-002  2.283755917894971E-017
  2.169396368431326E-002  2.610006763308538E-017
  1.741582949724388E-002  2.675256932391252E-017
  9.390356007096685E-003  2.218505748812258E-017
  1.189500936612743E-003  1.435503719819696E-017
 -3.711752470933399E-003  7.830020289925616E-018
 -3.411414541891968E-003  4.567511835789942E-018
  1.702341283959083E-003  6.525016908271346E-018
  9.235328181329980E-003  1.174503043488842E-017
  1.588757278634750E-002  1.663879311609193E-017
  1.887017992822139E-002  1.924879987940047E-017
  1.704802051821184E-002  1.892254903398690E-017
  1.136122503856741E-002  1.566004057985123E-017
  4.383461933390185E-003  1.044002705323415E-017
 -7.817721591382810E-004  5.220013526617077E-018
 -1.810470192722981E-003  1.957505072481404E-018
  1.860330289871682E-003  3.262508454135673E-018
  8.783445079679339E-003  7.503769444512048E-018
  1.609951112374213E-002  1.272378297112913E-017
  2.075056428164280E-002  1.663879311609193E-017
  2.081037127032764E-002  1.761754565233264E-017
  1.635976249071106E-002  1.566004057985123E-017
  9.503642458209586E-003  1.174503043488842E-017
  3.483628508907957E-003  6.525016908271346E-018
  1.243639293567352E-003  5.220013526617077E-018
  4.075503327577575E-003  5.872515217444212E-018
  1.097117636991234E-002  1.044002705323415E-017
  1.901505940768968E-002  1.533378973443766E-017
  2.468015802002392E-002  1.892254903398690E-017
  2.545741370082856E-002  2.218505748812258E-017
  2.106081084847526E-002  2.218505748812258E-017
  1.361871151938841E-002  1.827004734315977E-017
  6.723642947638154E-003  1.566004057985123E-017
  3.758286170177132E-003  1.370253550736983E-017
  6.280654553753504E-003  1.239753212571556E-017
  1.324822227495296E-002  1.435503719819696E-017
  2.147567641464572E-002  1.892254903398690E-017
  2.713060331436146E-002  2.479506425143112E-017
  2.756137013353151E-002  2.740507101473966E-017
  2.257639850916422E-002  2.740507101473966E-017
  1.454837746554933E-002  2.479506425143112E-017
  7.283001905765880E-003  2.022755241564117E-017
  4.194132618998240E-003  1.761754565233264E-017
  6.668346638971258E-003  1.696504396150550E-017
  1.341115932222052E-002  1.957505072481404E-017
  2.108791269201509E-002  2.349006086977685E-017
  2.594080145375391E-002  2.479506425143112E-017
  2.559138252416188E-002  2.610006763308538E-017
  2.015633212987171E-002  2.610006763308538E-017
  1.214917580622137E-002  2.479506425143112E-017
  5.237174552681686E-003  2.251130833353614E-017
  2.474267364030864E-003  2.185880664270901E-017
  4.869414374932997E-003  2.088005410646831E-017
  1.096616501112937E-002  2.088005410646831E-017
  1.760452991644667E-002  2.218505748812258E-017
  2.146485961489273E-002  2.414256256060398E-017
  2.063399352231941E-002  2.544756594225825E-017
  1.545183954064320E-002  2.446881340601755E-017
  8.267846198937303E-003  2.251130833353614E-017
  2.268155169975057E-003  1.957505072481404E-017
 -3.555000448603038E-005  1.696504396150550E-017
  2.065286466650012E-003  1.435503719819696E-017
  7.234839551964906E-003  1.305003381654269E-017
  1.280407798985808E-002  1.239753212571556E-017
  1.605521028722289E-002  1.305003381654269E-017
  1.545914679743497E-002  1.500753888902410E-017
  1.130567025347679E-002  1.566004057985123E-017
  5.478032639990762E-003  1.631254227067836E-017
  5.264423676142932E-004  1.500753888902410E-017
 -1.501351752881718E-003  1.207128128030199E-017
  6.189126837347621E-005  9.135023671579884E-018
  4.283926269659176E-003  6.525016908271346E-018
  9.125929355532055E-003  5.872515217444212E-018
  1.238741228325873E-002  6.851267753684914E-018
  1.266751362453507E-002  9.461274516993452E-018
  9.930784621728637E-003  1.141877958947486E-017
  5.460864183835289E-003  1.174503043488842E-017
  1.255964840675775E-003  9.135023671579884E-018
 -8.513250122066747E-004  5.872515217444212E-018
  3.039233273490043E-005  3.262508454135673E-018
  3.498679460616286E-003  1.957505072481404E-018
  8.059252441498336E-003  2.610006763308539E-018
  1.178330323624080E-002  5.220013526617077E-018
  1.313737422657078E-002  9.135023671579884E-018
  1.163698607246150E-002  1.044002705323415E-017
  8.050496921121093E-003  1.044002705323415E-017
  4.066188441318568E-003  9.135023671579884E-018
  1.559972583870909E-003  7.177518599098482E-018
  1.772966857685098E-003  5.220013526617077E-018
  4.754328659245937E-003  5.220013526617077E-018
  9.320012558212826E-003  6.035640640150995E-018
  1.355982239774159E-002  7.503769444512048E-018
  1.568257812006079E-002  1.044002705323415E-017
  1.482907776199049E-002  1.305003381654269E-017
  1.148224753785753E-002  1.500753888902410E-017
  7.273282525022414E-003  1.566004057985123E-017
  4.253326611919881E-003  1.500753888902410E-017
  3.951516615612968E-003  1.305003381654269E-017
  6.652396567871244E-003  1.011377620782059E-017
  1.123817297654745E-002  8.482521980752750E-018
  1.568597994543565E-002  8.808772826166318E-018
  1.800213507509963E-002  1.141877958947486E-017
  1.716066646506974E-002  1.533378973443766E-017
  1.359971420238802E-002  1.827004734315977E-017
  9.030498980115466E-003  1.892254903398690E-017
  5.638428061804245E-003  1.729129480691907E-017
  5.049795664941304E-003  1.533378973443766E-017
  7.556329870156536E-003  1.305003381654269E-017
  1.197188481355191E-002  1.239753212571556E-017
  1.619437425972005E-002  1.337628466195626E-017
  1.820621106854780E-002  1.631254227067836E-017
  1.703370132090911E-002  1.990130157022761E-017
  1.320491426437169E-002  2.218505748812258E-017
  8.488086239514957E-003  2.153255579729544E-017
  5.040393742680805E-003  1.827004734315977E-017
  4.380108904558254E-003  1.468128804361053E-017
  6.676189272478216E-003  1.239753212571556E-017
  1.069065205776031E-002  1.239753212571556E-017
  1.439063613305683E-002  1.500753888902410E-017
  1.592573348924241E-002  1.859629818857334E-017
  1.449758883916437E-002  1.990130157022761E-017
  1.071112403739962E-002  1.990130157022761E-017
  6.254357064478142E-003  1.810692192045299E-017
  3.077391072535433E-003  1.549691515714445E-017
  2.473464476817924E-003  1.305003381654269E-017
  4.497842451741927E-003  1.044002705323415E-017
  7.985328965124895E-003  9.787525362407020E-018
  1.113567406014238E-002  1.109252874406129E-017
  1.237123573259625E-002  1.272378297112913E-017
  1.105685575139972E-002  1.337628466195626E-017
  7.754634886810466E-003  1.305003381654269E-017
  3.917385634238151E-003  1.125565416676807E-017
  1.188283520633908E-003  9.787525362407020E-018
  6.463970409950324E-004  9.135023671579884E-018
  2.344278718213597E-003  7.830020289925616E-018
  5.331860590769293E-003  7.177518599098482E-018
  8.129984169873516E-003  6.198766062857779E-018
  9.416915659890449E-003  5.872515217444212E-018
  8.610051878937357E-003  5.872515217444212E-018
  6.090613958558542E-003  6.525016908271346E-018
  2.991843606219692E-003  7.177518599098482E-018
  6.673266785926182E-004  7.503769444512048E-018
  8.840129071765435E-005  6.525016908271346E-018
  1.435722735940981E-003  4.730637258496726E-018
  4.051542906023342E-003  3.262508454135673E-018
  6.756057163782752E-003  2.283755917894971E-018
  8.376264452155899E-003  2.773132186015322E-018
  8.253100127180852E-003  4.078135567669591E-018
  6.511869828436391E-003  5.546264372030644E-018
  3.988704976535194E-003  6.851267753684914E-018
  1.853661739091339E-003  6.851267753684914E-018
  1.097398551603462E-003  6.198766062857779E-018
  2.102403870252711E-003  4.893762681203510E-018
  4.481073033173216E-003  3.833447433609416E-018
  7.248520890473417E-003  3.425633876842457E-018
  9.255245229560245E-003  3.915010144962808E-018
  9.692860468070710E-003  5.546264372030644E-018
  8.452638791075160E-003  7.830020289925616E-018
  6.177530168926723E-003  9.787525362407020E-018
  3.980110296154753E-003  1.076627789864772E-017
  2.946386527940607E-003  9.461274516993452E-018
  3.644009479060356E-003  7.340644021805264E-018
  5.857169163732268E-003  5.383138949323861E-018
  8.673668098243787E-003  4.322823701729767E-018
  1.089225371591045E-002  5.954077928797604E-018
  1.157013138483258E-002  8.319396558045966E-018
  1.046076661649246E-002  1.141877958947486E-017
  8.136380005046590E-003  1.435503719819696E-017
  5.731531988376657E-003  1.500753888902410E-017
  4.420387203836489E-003  1.370253550736983E-017
  4.868204249212456E-003  1.092940332135451E-017
  6.914824122563881E-003  8.645647403459534E-018
  9.642962273701976E-003  7.666894867218832E-018
  1.180402219033260E-002  8.564084692106142E-018
  1.240367827107708E-002  1.150034230082825E-017
  1.117086556978756E-002  1.500753888902410E-017
  8.686594249886066E-003  1.696504396150550E-017
  6.109675566615314E-003  1.663879311609193E-017
  4.628717477701581E-003  1.451816262090374E-017
  4.901019160116872E-003  1.158190501218164E-017
  6.745451882321622E-003  8.808772826166318E-018
  9.234523265651308E-003  8.156271135339182E-018
  1.113940785580489E-002  9.461274516993452E-018
  1.151337938437192E-002  1.305003381654269E-017
  1.013490784438343E-002  1.631254227067836E-017
  7.601786290090277E-003  1.761754565233264E-017
  5.036817065589990E-003  1.639410498203176E-017
  3.551110882023172E-003  1.378409821872322E-017
  3.723571949978763E-003  1.076627789864772E-017
  5.342100838274380E-003  8.482521980752750E-018
  7.522414847617480E-003  8.156271135339182E-018
  9.138923363376027E-003  9.787525362407020E-018
  9.356683156492308E-003  1.239753212571556E-017
  8.012157569313784E-003  1.353941008466304E-017
  5.669537470952125E-003  1.378409821872322E-017
  3.337186042941022E-003  1.231596941436217E-017
  1.988006601282923E-003  1.035846434188076E-017
  2.113320658730898E-003  8.482521980752750E-018
  3.515118850632117E-003  7.503769444512048E-018
  5.422784371804087E-003  7.503769444512048E-018
  6.867192784311103E-003  8.156271135339182E-018
  7.130040244156500E-003  9.461274516993452E-018
  6.060374903462013E-003  1.011377620782059E-017
  4.120701230160206E-003  9.624399939700236E-018
  2.154269408818479E-003  8.237833846692574E-018
  9.912793837013908E-004  6.688142330978130E-018
  1.078029681949932E-003  4.893762681203510E-018
  2.293378299639670E-003  3.915010144962808E-018
  4.025233430145271E-003  4.078135567669591E-018
  5.461130622091808E-003  4.893762681203510E-018
  5.955108185503578E-003  5.872515217444212E-018
  5.306525640962284E-003  6.851267753684914E-018
  3.832755226126789E-003  7.340644021805264E-018
  2.212569827062179E-003  7.177518599098482E-018
  1.177161914196558E-003  6.198766062857779E-018
  1.188180432137409E-003  4.975325392556902E-018
  2.242454191483177E-003  3.915010144962808E-018
  3.883967168111035E-003  3.344071165489065E-018
  5.412461626987425E-003  3.262508454135673E-018
  6.194137439094111E-003  3.425633876842457E-018
  5.938198146997594E-003  4.404386413083159E-018
  4.819943055178318E-003  6.198766062857779E-018
  3.398598073038102E-003  7.830020289925616E-018
  2.367129982342995E-003  8.482521980752750E-018
  2.244061360206032E-003  7.585332155865440E-018
  3.142698730197774E-003  5.464701660677253E-018
  4.719894799965231E-003  3.017820320075498E-018
  6.328134048908185E-003  1.590472871391141E-018
  7.304805467483565E-003  2.120630495188188E-018
  7.270417060512752E-003  5.546264372030644E-018
  6.301520878311999E-003  9.787525362407020E-018
  4.898434001421172E-003  1.337628466195626E-017
  3.759600566432920E-003  1.419191177549018E-017
  3.462937089221778E-003  1.174503043488842E-017
  4.199060328883426E-003  7.177518599098482E-018
  5.680074381019425E-003  3.017820320075498E-018
  7.268567542938175E-003  2.039067783834796E-018
  8.269911942627651E-003  4.893762681203510E-018
  8.253864373291725E-003  9.787525362407020E-018
  7.255703354984296E-003  1.500753888902410E-017
  5.761546888653914E-003  1.712816938421228E-017
  4.482782647366154E-003  1.598629142526480E-017
  4.023965336434138E-003  1.190815585759521E-017
  4.599782670513197E-003  7.014393176391698E-018
  5.934646997713087E-003  4.078135567669591E-018
  7.392773562622627E-003  4.730637258496726E-018
  8.277590985879293E-003  8.156271135339182E-018
  8.158958180886149E-003  1.256065754842234E-017
  7.073527653806739E-003  1.598629142526480E-017
  5.504141320399853E-003  1.631254227067836E-017
  4.149381587698469E-003  1.353941008466304E-017
  3.593847917520963E-003  9.135023671579884E-018
  4.035841353816339E-003  5.220013526617077E-018
  5.200269742464294E-003  3.915010144962808E-018
  6.475272890503886E-003  5.872515217444212E-018
  7.204685453712615E-003  9.950650785113804E-018
  6.995973381535459E-003  1.362097279601644E-017
  5.898622473585914E-003  1.533378973443766E-017
  4.372012132217063E-003  1.370253550736983E-017
  3.062670718655352E-003  1.035846434188076E-017
  2.499813975271441E-003  6.851267753684914E-018
  2.853458414168484E-003  5.056888103910293E-018
  3.866030505663318E-003  5.546264372030644E-018
  4.984092855708200E-003  7.830020289925616E-018
  5.622827170171612E-003  1.044002705323415E-017
  5.436567311693547E-003  1.190815585759521E-017
  4.470353632911250E-003  1.158190501218164E-017
  3.126997221502283E-003  9.624399939700236E-018
  1.971528997612138E-003  7.055174532068393E-018
  1.468613485295099E-003  5.301576237970469E-018
  1.775245132045481E-003  4.730637258496726E-018
  2.680752095390166E-003  5.872515217444212E-018
  3.715360667501904E-003  7.340644021805264E-018
  4.371452991542072E-003  8.400959269399358E-018
  4.333357728086995E-003  8.400959269399358E-018
  3.612293184200433E-003  7.666894867218832E-018
  2.530041301245770E-003  6.769705042331522E-018
  1.564747537876272E-003  6.525016908271346E-018
  1.132792623560959E-003  6.769705042331522E-018
  1.405760696449290E-003  7.095955887745090E-018
  2.241951201713350E-003  6.932830465038306E-018
  3.258422883419796E-003  6.035640640150995E-018
  4.007073016050963E-003  4.975325392556902E-018
  4.174181980129316E-003  4.404386413083159E-018
  3.715374373475269E-003  4.893762681203510E-018
  2.868789257607604E-003  6.525016908271346E-018
  2.043784072835948E-003  8.482521980752750E-018
  1.636616897564048E-003  9.298149094286668E-018
  1.855146880541034E-003  8.482521980752750E-018
  2.629155798988385E-003  6.117203351504387E-018
  3.644451655473281E-003  3.497001249276674E-018
  4.484438268356389E-003  1.998286428158100E-018
  4.815922311154278E-003  2.528444051955147E-018
  4.536813454824738E-003  5.056888103910293E-018
  3.820335970891615E-003  8.319396558045966E-018
  3.036130585244231E-003  1.044002705323415E-017
  2.583294887050643E-003  1.027690163052737E-017
  2.709927577864295E-003  8.237833846692574E-018
  3.400338510575307E-003  5.301576237970469E-018
  4.381305802766682E-003  3.466415232519153E-018
  5.245386251160875E-003  3.670322010902632E-018
  5.636051159295055E-003  6.035640640150995E-018
  5.410571008650443E-003  9.298149094286668E-018
  4.705794462870286E-003  1.190815585759521E-017
  3.875764777750256E-003  1.288690839383591E-017
  3.328915960988501E-003  1.092940332135451E-017
  3.339384310825059E-003  7.830020289925616E-018
  3.919745976373529E-003  5.138450815263685E-018
  4.814707447513040E-003  4.241260990376375E-018
  5.619332251619556E-003  5.505483016353949E-018
  5.967185298977436E-003  8.156271135339182E-018
  5.700707455592674E-003  1.076627789864772E-017
  4.944074509718850E-003  1.207128128030199E-017
  4.044355628944346E-003  1.174503043488842E-017
  3.408659531784732E-003  9.950650785113804E-018
  3.313900429752256E-003  7.666894867218832E-018
  3.778576412191885E-003  6.198766062857779E-018
  4.556438191305537E-003  6.198766062857779E-018
  5.254192379276055E-003  7.340644021805264E-018
  5.516930156322130E-003  8.808772826166318E-018
  5.193552307867735E-003  1.019533891917398E-017
  4.404787649642600E-003  1.035846434188076E-017
  3.483181146615940E-003  9.379711805640060E-018
  2.815065631702336E-003  7.952364356955703E-018
  2.660120409546404E-003  6.606579619624738E-018
  3.033330098242223E-003  6.035640640150995E-018
  3.703283588308990E-003  6.198766062857779E-018
  4.305159069917269E-003  6.851267753684914E-018
  4.513157888891359E-003  7.666894867218832E-018
  4.190729009206755E-003  8.074708423985792E-018
  3.449367601833826E-003  7.870801645602311E-018
  2.591170039405473E-003  7.488476436133288E-018
  1.964986758848225E-003  7.014393176391698E-018
  1.805127210551887E-003  6.361891485564563E-018
  2.127464130188390E-003  5.872515217444212E-018
  2.728882862324740E-003  5.383138949323861E-018
  3.286959181968268E-003  4.893762681203510E-018
  3.510909810150064E-003  4.485949124436551E-018
  3.273180533610900E-003  4.282042346053071E-018
  2.662462607447952E-003  4.445167768759855E-018
  1.936858996721438E-003  5.097669459586989E-018
  1.401975169742189E-003  5.872515217444212E-018
  1.271669018436293E-003  6.280328774211171E-018
  1.574770079656700E-003  6.035640640150995E-018
  2.147990695352331E-003  5.383138949323861E-018
  2.715126036976705E-003  4.404386413083159E-018
  3.014131876471955E-003  3.507196588195849E-018
  2.913806869192644E-003  3.262508454135673E-018
  2.468555383203720E-003  3.915010144962808E-018
  1.888946979182547E-003  5.383138949323861E-018
  1.443738448018979E-003  6.769705042331522E-018
  1.338721651379783E-003  7.340644021805264E-018
  1.626558322847516E-003  6.688142330978130E-018
  2.186581946797751E-003  5.056888103910293E-018
  2.781783981457930E-003  3.099383031428890E-018
  3.166147254473500E-003  2.039067783834796E-018
  3.193975115006662E-003  1.957505072481404E-018
  2.882920488561721E-003  3.588759299549241E-018
  2.403578606402213E-003  5.872515217444212E-018
  2.001219665536772E-003  7.422206733158656E-018
  1.885106137050572E-003  7.422206733158656E-018
  2.134852762053166E-003  5.750171150414124E-018
  2.665409506325837E-003  3.364461843327413E-018
  3.266010274990158E-003  1.529300837876097E-018
  3.695415071149667E-003  1.223440670300877E-018
  3.790597081572790E-003  2.691569474661930E-018
  3.539937943223517E-003  5.383138949323861E-018
  3.087851775095919E-003  7.993145712632400E-018
  2.668626235212546E-003  9.135023671579884E-018
  2.499360894458312E-003  8.319396558045966E-018
  2.680657051426340E-003  5.831733861767516E-018
  3.150458472414949E-003  2.956648286560454E-018
  3.712378550898347E-003  1.182659314624182E-018
  4.125769945577587E-003  1.672035582744533E-018
  4.216283056540316E-003  3.915010144962808E-018
  3.955969854386948E-003  7.014393176391698E-018
  3.475825008686998E-003  8.971898248873102E-018
  3.004825395855894E-003  9.135023671579884E-018
  2.763659751987295E-003  7.503769444512048E-018
  2.862505291395237E-003  4.812199969850118E-018
  3.250404957096196E-003  2.487662696278451E-018
  3.739742771268702E-003  1.549691515714445E-018
  4.094211395203121E-003  2.569225407631843E-018
  4.138994531683307E-003  4.893762681203510E-018
  3.841620793377200E-003  7.626113511542137E-018
  3.325910741268437E-003  9.216586382933276E-018
  2.812998853510221E-003  9.073851638064841E-018
  2.517618301899902E-003  7.157127921260133E-018
  2.548545219592905E-003  4.485949124436551E-018
  2.859648488132667E-003  2.446881340601755E-018
  3.273750983234841E-003  2.120630495188188E-018
  3.567139788426956E-003  3.425633876842457E-018
  3.574377602502121E-003  5.423920305000557E-018
  3.264234273591870E-003  6.647360975301434E-018
  2.751909610227402E-003  6.596384280705564E-018
  2.243096692486997E-003  5.648217761222384E-018
  1.937276250340930E-003  4.404386413083159E-018
  1.935997781862236E-003  3.425633876842457E-018
  2.198521573403468E-003  3.425633876842457E-018
  2.564188716410215E-003  4.159698279022983E-018
  2.829491047613234E-003  4.893762681203510E-018
  2.842858863930250E-003  5.138450815263685E-018
  2.573054787801461E-003  4.526730480113247E-018
  2.120503254798191E-003  3.639735994145111E-018
  1.668025702562988E-003  2.803718202772844E-018
  1.395333737995811E-003  2.630397441146887E-018
  1.397426569620977E-003  3.140164387105586E-018
  1.643946004520486E-003  3.751884722256024E-018
  1.996670209024027E-003  3.915010144962808E-018
  2.275354423082841E-003  3.425633876842457E-018
  2.340566481112822E-003  2.487662696278451E-018
  2.155561629711407E-003  1.712816938421228E-018
  1.799987144220236E-003  1.549691515714445E-018
  1.430789729462709E-003  2.161411850864884E-018
  1.209532913872941E-003  3.221727098458977E-018
  1.229720872722714E-003  4.037354211992896E-018
  1.476623752892287E-003  4.159698279022983E-018
  1.836581335982929E-003  3.384852521165761E-018
  2.150229897878413E-003  2.161411850864884E-018
  2.284755459424020E-003  9.379711805640060E-019
  2.192543102816294E-003  4.078135567669591E-019
  1.930494075535932E-003  6.525016908271346E-019
  1.632343012600637E-003  1.549691515714445E-018
  1.447286076745722E-003  2.773132186015322E-018
  1.472851725511777E-003  3.670322010902632E-018
  1.711947558310498E-003  3.915010144962808E-018
  2.072784038741736E-003  3.609149977387589E-018
  2.411078907001661E-003  2.711960152500278E-018
  2.595189236091833E-003  1.835161005451316E-018
  2.564851136907857E-003  1.468128804361053E-018
  2.357338033371822E-003  2.039067783834796E-018
  2.089593568480565E-003  3.262508454135673E-018
  1.904655329069093E-003  4.812199969850118E-018
  1.906655453215116E-003  5.709389794737428E-018
  2.113739420196972E-003  5.505483016353949E-018
  2.450111170185749E-003  4.282042346053071E-018
  2.780714449436062E-003  2.732350830338626E-018
  2.972744076077827E-003  1.875942361128012E-018
  2.955982762537094E-003  2.365318629248363E-018
  2.754460362035777E-003  3.833447433609416E-018
  2.474983424992003E-003  5.383138949323861E-018
  2.257798234388891E-003  6.280328774211171E-018
  2.212031532075530E-003  5.954077928797604E-018
  2.365589043092933E-003  4.506339802274899E-018
  2.652571875581883E-003  2.977038964398802E-018
  2.943975864793735E-003  2.304146595733319E-018
  3.107428356722018E-003  2.915866930883758E-018
  3.068271896083677E-003  4.383995735244811E-018
  2.843704419548205E-003  5.790952506090820E-018
  2.534244472004459E-003  6.525016908271346E-018
  2.276666960985576E-003  6.198766062857779E-018
  2.180465050677920E-003  5.097669459586989E-018
  2.277461502373949E-003  3.996572856316200E-018
  2.507898056497423E-003  3.140164387105586E-018
  2.749171854299523E-003  2.977038964398802E-018
  2.873458201714477E-003  3.507196588195849E-018
  2.807118274259390E-003  4.220870312538027E-018
  2.564240247209141E-003  4.649074547143334E-018
  2.239040869137713E-003  4.604469939371948E-018
  1.961220742754897E-003  4.180088956861331E-018
  1.835563090879688E-003  3.792666077932720E-018
  1.894072748491798E-003  3.425633876842457E-018
  2.082648903219525E-003  3.099383031428890E-018
  2.287842806994309E-003  3.017820320075498E-018
  2.390533743350759E-003  3.344071165489065E-018
  2.321137456600163E-003  3.670322010902632E-018
  2.090793752475667E-003  3.751884722256024E-018
  1.784668352689775E-003  3.609149977387589E-018
  1.521335149264194E-003  3.466415232519153E-018
  1.397756272653800E-003  3.058601675752194E-018
  1.445512882099490E-003  2.487662696278451E-018
  1.618087629195976E-003  1.916723716804708E-018
  1.814205406452968E-003  1.549691515714445E-018
  1.925576231633641E-003  1.549691515714445E-018
  1.886558618051242E-003  1.875942361128012E-018
  1.703044381006390E-003  2.528444051955147E-018
  1.448008951412292E-003  3.201336420620629E-018
  1.226706826059617E-003  3.466415232519153E-018
  1.128174785612139E-003  3.221727098458977E-018
  1.185395348645458E-003  2.569225407631843E-018
  1.361872929736975E-003  1.916723716804708E-018
  1.569917932530098E-003  1.610863549229489E-018
  1.711497760463047E-003  1.672035582744533E-018
  1.722646825977727E-003  2.039067783834796E-018
  1.601392683881179E-003  2.610006763308539E-018
  1.407118548117990E-003  3.099383031428890E-018
  1.232398354074640E-003  3.466415232519153E-018
  1.160608990927749E-003  3.466415232519153E-018
  1.228621998294255E-003  3.099383031428890E-018
  1.411128520968589E-003  2.518248713035973E-018
  1.633118813487842E-003  2.054360792213557E-018
  1.804352820438982E-003  1.855551683289664E-018
  1.859996510317729E-003  1.957505072481404E-018
  1.789162777124215E-003  2.406099984925059E-018
  1.638812819785893E-003  3.017820320075498E-018
  1.491662324599482E-003  3.384852521165761E-018
  1.428352460472562E-003  3.425633876842457E-018
  1.491034739537971E-003  3.282899131974021E-018
  1.664683153528227E-003  2.875085575207062E-018
  1.884339665979909E-003  2.528444051955147E-018
  2.064794312567969E-003  2.406099984925059E-018
  2.139148850856665E-003  2.691569474661930E-018
  2.088803093104651E-003  3.303289809812369E-018
  1.951367620051681E-003  3.955791500639504E-018
  1.803044221294157E-003  4.363605057406463E-018
  1.723591825080911E-003  4.322823701729767E-018
  1.759874439616335E-003  3.874228789286112E-018
  1.904592343205970E-003  3.466415232519153E-018
  2.099843287764365E-003  3.338973496029478E-018
  2.263804195352491E-003  3.277801462514434E-018
  2.328248236423931E-003  3.507196588195849E-018
  2.269665771936545E-003  4.139307601184635E-018
  2.119724831380715E-003  4.812199969850118E-018
  1.950337228400640E-003  5.403529627162209E-018
  1.840304551354741E-003  5.627827083384036E-018
  1.838995870540772E-003  5.505483016353949E-018
  1.943829874384207E-003  4.730637258496726E-018
  2.101886938015826E-003  3.894619467124460E-018
  2.234761693697031E-003  3.405243199004109E-018
  2.275005217097540E-003  3.425633876842457E-018
  2.197203448638496E-003  3.874228789286112E-018
  2.029343169824260E-003  4.603195522007052E-018
  1.839376416572497E-003  5.311771576889643E-018
  1.703451909833996E-003  5.556459710949819E-018
  1.670731530834588E-003  5.444310982838905E-018
  1.741136093272506E-003  4.893762681203510E-018
  1.866170078088201E-003  4.241260990376375E-018
  1.972131727465813E-003  3.833447433609416E-018
  1.994635475274156E-003  3.915010144962808E-018
  1.908289764175203E-003  4.333019040648941E-018
  1.737875428688212E-003  5.026302087152772E-018
  1.546172042070617E-003  5.638022422303210E-018
  1.404478776452414E-003  5.627827083384036E-018
  1.359768171380605E-003  5.016106748233598E-018
  1.413690853632756E-003  3.996572856316200E-018
  1.522861248490816E-003  3.058601675752194E-018
  1.619835182552693E-003  2.569225407631843E-018
  1.644672182730402E-003  2.793522863853670E-018
  1.572342143867354E-003  3.833447433609416E-018
  1.423501116871412E-003  4.852981325526814E-018
  1.254100746303884E-003  5.375492445134480E-018
  1.129107656100080E-003  5.016106748233598E-018
  1.092739485702744E-003  3.976182178477852E-018
  1.148885305405873E-003  2.875085575207062E-018
  1.260365623226676E-003  2.202193206541579E-018
  1.366874759113668E-003  2.304146595733319E-018
  1.412962383358684E-003  3.017820320075498E-018
  1.373096004787003E-003  3.976182178477852E-018
  1.262529020297996E-003  4.557316496870768E-018
  1.129432037038033E-003  4.608293191466638E-018
  1.032332090894264E-003  4.231065651457201E-018
  1.013418936367798E-003  3.660126671983458E-018
  1.079853674640275E-003  3.231922437378151E-018
  1.201294291598387E-003  3.043308667373433E-018
  1.324354998674718E-003  3.145262056565172E-018
  1.397099591423201E-003  3.374657182246587E-018
  1.392339644268323E-003  3.547977943872545E-018
  1.319309048241501E-003  3.588759299549241E-018
  1.218726934014303E-003  3.547977943872545E-018
  1.143803294871602E-003  3.609149977387589E-018
  1.135978983074399E-003  3.507196588195849E-018
  1.206377279644397E-003  3.333875826569891E-018
  1.331188516727042E-003  3.272703793054847E-018
  1.462832352949251E-003  3.364461843327413E-018
  1.551646499526492E-003  3.466415232519153E-018
  1.568209031613799E-003  3.629540655225936E-018
  1.516249376289480E-003  3.792666077932720E-018
  1.430452066188216E-003  3.915010144962808E-018
  1.360312922133961E-003  4.078135567669591E-018
  1.347474981546381E-003  4.445167768759855E-018
  1.406843985181247E-003  4.832590647688466E-018
  1.519992920141882E-003  5.046692764991119E-018
  1.643745331099645E-003  4.893762681203510E-018
  1.729932520937734E-003  4.628683869304986E-018
  1.747273795906407E-003  4.526730480113247E-018
  1.695413215269390E-003  4.628683869304986E-018
  1.604766815507524E-003  4.934544036880206E-018
  1.522333982069546E-003  5.423920305000557E-018
  1.490035843894099E-003  5.831733861767516E-018
  1.525532648728733E-003  6.056031317989343E-018
  1.614292740134337E-003  5.923491912040082E-018
  1.716485248211580E-003  5.587045727707340E-018
  1.785443350103256E-003  5.118060137425337E-018
  1.789140112866040E-003  4.659269886062509E-018
  1.724777148678604E-003  4.465558446598203E-018
  1.619816622828558E-003  4.577707174709117E-018
  1.519081585126374E-003  4.817297639309705E-018
  1.463983386106969E-003  5.316869246349230E-018
  1.473527196587379E-003  5.923491912040082E-018
  1.535847287907963E-003  6.280328774211171E-018
  1.614077913750586E-003  6.198766062857779E-018
  1.663697806511436E-003  5.566655049868993E-018
  1.653206512085668E-003  4.883567342284336E-018
  1.578538808666749E-003  4.399288743623572E-018
  1.464635372966686E-003  4.282042346053071E-018
  1.353615149543648E-003  4.485949124436551E-018
  1.285201479421717E-003  4.975325392556902E-018
  1.278555442496789E-003  5.260794882293773E-018
  1.323879185659236E-003  5.199622848778729E-018
  1.387501695198814E-003  4.954934714718554E-018
  1.427868946350805E-003  4.526730480113247E-018
  1.414873022493967E-003  4.118916923346287E-018
  1.343555810949305E-003  3.843642772528590E-018
  1.235989739463470E-003  3.858935780907351E-018
  1.130707161052168E-003  4.057744889831244E-018
  1.064790867178590E-003  4.180088956861331E-018
  1.057000096664126E-003  3.996572856316200E-018
  1.099644571325688E-003  3.568368621710893E-018
  1.162731737758863E-003  3.140164387105586E-018
  1.208209387464277E-003  2.936257608722106E-018
  1.207560596676039E-003  3.140164387105586E-018
  1.154640929524756E-003  3.588759299549241E-018
  1.068018947169905E-003  3.976182178477852E-018
  9.820070674246436E-004  4.190284295780505E-018
  9.307362851772109E-004  4.080684402399385E-018
  9.326785791546134E-004  3.578563960630066E-018
  9.826290977572817E-004  3.119773709267238E-018
  1.054600731215617E-003  2.900573922504997E-018
  1.114056485861786E-003  3.012722650615911E-018
  1.133722945244955E-003  3.287996801433608E-018
  1.105754396602010E-003  3.507196588195849E-018
  1.044841338647617E-003  3.384852521165761E-018
  9.810690788495788E-004  2.997429642237150E-018
  9.459760493313799E-004  2.599811424389365E-018
  9.582419442267139E-004  2.253169901137449E-018
  1.015458404808195E-003  1.977895750319752E-018
  1.095561571154394E-003  1.886137700047186E-018
  1.167090378428787E-003  2.008481767077274E-018
  1.203487005934547E-003  2.181802528703231E-018
  1.194931966374058E-003  2.406099984925059E-018
  1.152432114549052E-003  2.508053374116799E-018
  1.102451309307422E-003  2.487662696278451E-018
  1.074651419924867E-003  2.202193206541579E-018
  1.088369660036754E-003  1.794379649774620E-018
  1.143945812594293E-003  1.488519482199401E-018
  1.222747112088785E-003  1.580277532471967E-018
  1.295770959394405E-003  2.079849139511492E-018
  1.336837982469028E-003  2.793522863853670E-018
  1.334358582500777E-003  3.344071165489065E-018
  1.296361725373375E-003  3.323680487650717E-018
  1.246574102249684E-003  2.589616085470191E-018
  1.213412749000598E-003  1.570082193552793E-018
  1.216954313062638E-003  8.564084692106142E-019
  1.259824183700533E-003  7.289667327209395E-019
  1.326121708567176E-003  1.269319695437160E-018
  1.388808040392980E-003  2.100239817349840E-018
  1.422120236651117E-003  2.824108880611192E-018
  1.413302565765889E-003  3.048406336833020E-018
  1.368295688567184E-003  2.671178796823582E-018
  1.308825648868927E-003  1.998286428158100E-018
  1.262293067106506E-003  1.483421812739814E-018
  1.249156414123363E-003  1.401859101386422E-018
  1.273620846201358E-003  1.773988971936272E-018
  1.321881976932873E-003  2.222583884379927E-018
  1.368665849344118E-003  2.543737060333908E-018
  1.388981202699306E-003  2.742546169257800E-018
  1.369625516705024E-003  2.765485681825942E-018
  1.315149282377422E-003  2.808815872232431E-018
  1.245589186830616E-003  3.005076146426530E-018
  1.187105071279330E-003  3.262508454135673E-018
  1.159917376461028E-003  3.282899131974021E-018
  1.169137101909909E-003  3.068797014671368E-018
  1.202677457189146E-003  2.508053374116799E-018
  1.237114308048296E-003  1.875942361128012E-018
  1.248682581809291E-003  1.631254227067837E-018
  1.224266077826088E-003  1.937114394643056E-018
  1.167317960294414E-003  2.722155491419452E-018
  1.096065949137076E-003  3.461317563059566E-018
  1.034955620616677E-003  3.711103366579328E-018
  1.003384113696520E-003  3.425633876842457E-018
  1.006952282921806E-003  2.956648286560454E-018
  1.035208408404700E-003  2.487662696278451E-018
  1.066796160609653E-003  2.039067783834796E-018
  1.079499758680953E-003  1.937114394643056E-018
  1.060481879895703E-003  2.339830281950428E-018
  1.012019264028598E-003  2.974490129669008E-018
  9.502040704481187E-004  3.446024554680805E-018
  8.973543882183056E-004  3.415438537923283E-018
  8.717378322718940E-004  2.727253160879039E-018
  8.793584206431210E-004  1.824965666532142E-018
  9.115066337999297E-004  1.131682620028312E-018
  9.490595810443836E-004  8.971898248873102E-019
  9.714212014151499E-004  1.432445118143944E-018
  9.659312577355063E-004  2.477467357359277E-018
  9.334572602953251E-004  3.201336420620629E-018
  8.877174166456947E-004  2.936257608722106E-018
  8.487834386636126E-004  1.962602741940991E-018
  8.338384175467108E-004  7.748457578572224E-019
  8.494360189557567E-004 -1.172463975705008E-019
  8.887307436838460E-004 -1.733207616259576E-019
  9.348240821058560E-004  5.989761615014713E-019
  9.685842752258040E-004  1.830063335991729E-018
  9.773144995407987E-004  2.834304219530366E-018
  9.603389620241577E-004  3.180945742782281E-018
  9.290474551931076E-004  2.691569474661930E-018
  9.014858172916277E-004  1.570082193552793E-018
  8.940353672936578E-004  3.874228789286112E-019
  9.139879386626029E-004 -2.854694897368714E-019
  9.563508292871461E-004 -1.733207616259576E-019
  1.006252464134829E-003  7.136737243421785E-019
  1.045773041525666E-003  1.896333038966360E-018
  1.062048440735104E-003  2.569225407631843E-018
  1.052969010215069E-003  2.691569474661930E-018
  1.027932748203409E-003  2.283755917894971E-018
  1.003379769582091E-003  1.406956770846009E-018
  9.951962856891003E-004  6.932830465038305E-019
  1.011466266902383E-003  7.748457578572224E-019
  1.048851292487540E-003  1.427347448684357E-018
  1.094199547696384E-003  2.248072231677862E-018
  1.130597245787594E-003  2.752741508176974E-018
  1.145067342586856E-003  2.773132186015322E-018
  1.134398671405223E-003  2.467272018440103E-018
  1.106471192375401E-003  1.743402955178750E-018
  1.076516950456996E-003  1.080705925432442E-018
  1.060069222868659E-003  9.685571973215280E-019
  1.065848369292923E-003  1.427347448684357E-018
  1.091834572285387E-003  2.028872444915622E-018
  1.126293733245422E-003  2.401002315465472E-018
  1.153241670755885E-003  2.518248713035973E-018
  1.159803508209022E-003  2.268462909516210E-018
  1.142078245931815E-003  1.830063335991729E-018
  1.106833845878804E-003  1.457933465441879E-018
  1.068296108392413E-003  1.437542787603531E-018
  1.041554959737047E-003  1.914174882074914E-018
  1.035651624826758E-003  2.650788118985235E-018
  1.049526135927891E-003  3.303289809812369E-018
  1.072655572160571E-003  3.364461843327413E-018
  1.090034861218894E-003  2.920964600343345E-018
  1.089157005954210E-003  2.176704859243645E-018
  1.065756934063603E-003  1.593021706120934E-018
  1.025692695094614E-003  1.401859101386422E-018
  9.821505036300526E-004  1.723012277340402E-018
  9.495243656369804E-004  2.375513968167537E-018
  9.368330274128706E-004  2.977038964398802E-018
  9.437078523306198E-004  3.180945742782281E-018
  9.607555985329235E-004  2.844499558449540E-018
  9.740585790157025E-004  2.202193206541579E-018
  9.716757468414567E-004  1.570082193552793E-018
  9.491247682198454E-004  1.274417364896747E-018
  9.113464550934376E-004  1.506361325307955E-018
  8.703136014694693E-004  2.255718735867243E-018
  8.394608892805812E-004  3.002527311696737E-018
  8.275480501888117E-004  3.216629428999390E-018
  8.347770726154699E-004  2.864890236287888E-018
  8.528954706778440E-004  2.130825834107362E-018
  8.691581581623223E-004  1.412054440305596E-018
  8.722587814008134E-004  1.078157090702648E-018
  8.574814836318729E-004  1.152073297866660E-018
  8.287387726060413E-004  1.422249779224770E-018
  7.966318932178294E-004  1.771440137206479E-018
  7.735014858740381E-004  2.109160738904117E-018
  7.677854000777111E-004  2.203467623906476E-018
  7.802646748274972E-004  2.033970114375209E-018
  8.038635566806766E-004  1.682230921663707E-018
  8.270186935313180E-004  1.375096336723590E-018
  8.390127327528961E-004  1.361077745709726E-018
  8.348119242448899E-004  1.590472871391141E-018
  8.172254045905056E-004  2.090044478430666E-018
  7.954633886997524E-004  2.518248713035973E-018
  7.808206315506001E-004  2.467272018440103E-018
  7.814966297597965E-004  1.962602741940991E-018
  7.989132367365387E-004  1.534398507335684E-018
  8.271665274788337E-004  1.457933465441879E-018
  8.558019247976369E-004  1.830063335991729E-018
  8.745970970246319E-004  2.589616085470191E-018
  8.781548052337357E-004  3.282899131974021E-018
  8.682330969860583E-004  3.609149977387589E-018
  8.527979260407923E-004  3.476610571438327E-018
  8.422804894792458E-004  2.885280914126236E-018
  8.447764501348491E-004  2.120630495188188E-018
  8.623753183304071E-004  1.763793633017098E-018
  8.902647244716009E-004  1.962602741940991E-018
  9.189758518739371E-004  2.518248713035973E-018
  9.387100115106708E-004  3.201336420620629E-018
  9.437581681085963E-004  3.670322010902632E-018
  9.350083539245430E-004  3.741689383336850E-018
  9.194271915996376E-004  3.313485148731543E-018
  9.067875785457282E-004  2.803718202772844E-018
  9.051617964689838E-004  2.528444051955147E-018
  9.172436159999015E-004  2.610006763308539E-018
  9.391639942259319E-004  3.073894684130955E-018
  9.623127386722977E-004  3.772275400094372E-018
  9.773039833480615E-004  4.358507387946876E-018
  9.782544930195243E-004  4.654172216602921E-018
  9.654190502197890E-004  4.496144463355725E-018
  9.449964827738574E-004  4.083233237129178E-018
  9.262244518885210E-004  3.573466291170480E-018
  9.171199148223394E-004  3.119773709267238E-018
  9.208286251695213E-004  2.949001782371073E-018
  9.342485169389348E-004  3.054778423657503E-018
  9.495329038287307E-004  3.588759299549241E-018
  9.577526999027200E-004  4.192833130510299E-018
  9.530140367089359E-004  4.614665278291122E-018
  9.351371616225912E-004  4.696227989644514E-018
  9.096842682900438E-004  4.300999304355910E-018
  8.853555068321430E-004  3.689438271376084E-018
  8.699812723405993E-004  3.211531759539803E-018
  8.669687320852184E-004  3.033113328454259E-018
  8.738280747549887E-004  3.196238751161042E-018
  8.834266226194290E-004  3.420536207382870E-018
  8.873562919975536E-004  3.466415232519153E-018
  8.798372511218138E-004  3.374657182246587E-018
  8.603572260643365E-004  3.267606123595260E-018
  8.338539936206213E-004  3.147810891294966E-018
  8.083957618007198E-004  2.969392460209421E-018
  7.914639744955999E-004  2.696667144121517E-018
  7.865664908835510E-004  2.472369687899690E-018
  7.917281775208510E-004  2.370416298707950E-018
  8.005178096327566E-004  2.385709307086711E-018
  8.050955125860936E-004  2.502955704657212E-018
  7.998484448321210E-004  2.773132186015322E-018
  7.839397193009011E-004  2.858518149463404E-018
  7.616248825141287E-004  2.785876359664290E-018
  7.402337125530491E-004  2.666718336046444E-018
  7.267844522604737E-004  2.542462642969011E-018
  7.248031016691124E-004  2.487662696278451E-018
  7.327950443442156E-004  2.533541721414734E-018
  7.450329534751278E-004  2.497858035197625E-018
  7.542553038384565E-004  2.477467357359277E-018
  7.550078128279924E-004  2.638043945336267E-018
  7.460938128719387E-004  3.091736527239509E-018
  7.310369201110029E-004  3.604052307928001E-018
  7.163859062669932E-004  3.726396374958089E-018
  7.086755963636312E-004  3.349168834948652E-018
  7.114510096772151E-004  2.882732079396443E-018
  7.237043202479209E-004  2.536090556144527E-018
  7.404059357314769E-004  2.283755917894971E-018
  7.548479958429139E-004  2.125728164647774E-018
  7.617030414338770E-004  2.253169901137449E-018
  7.593982798822751E-004  2.472369687899690E-018
  7.507427941854025E-004  2.548834729793495E-018
  7.415559572632585E-004  2.395904646005885E-018
  7.379544915428508E-004  2.212388545460753E-018
  7.435505800750572E-004  2.176704859243645E-018
  7.578314895538266E-004  2.370416298707950E-018
  7.764347112130755E-004  2.513151043576386E-018
  7.931630408942756E-004  2.559030068712669E-018
  8.027992533089475E-004  2.559030068712669E-018
  8.034330371767314E-004  2.406099984925059E-018
  7.972534214920751E-004  2.141021173026536E-018
  7.894703885841091E-004  1.916723716804708E-018
  7.858817241130428E-004  1.916723716804708E-018
  7.902079435631747E-004  2.191997867622405E-018
  8.024080975718447E-004  2.666081127363996E-018
  8.187283308846754E-004  3.135066717645999E-018
  8.334389152393443E-004  3.456219893599979E-018
  8.414490811895663E-004  3.364461843327413E-018
  8.405997753017912E-004  2.956648286560454E-018
  8.325950602679967E-004  2.502955704657212E-018
  8.221643913258936E-004  2.222583884379927E-018
  8.148582690053130E-004  2.350025620869602E-018
  8.144980516780020E-004  2.824108880611192E-018
  8.214471561521874E-004  3.262508454135673E-018
  8.324832864758980E-004  3.364461843327413E-018
  8.423117851139227E-004  2.942629695546590E-018
  8.460099321719686E-004  2.216211797555444E-018
  8.412741545458774E-004  1.799477319234207E-018
  8.294446301068802E-004  1.853002848559871E-018
  8.148526654003242E-004  2.445606923236858E-018
  8.028092883507397E-004  3.234471272107945E-018
  7.971722849220822E-004  3.587484882184344E-018
  7.986111798908940E-004  3.090462109874612E-018
  8.043563982136201E-004  2.097690982620046E-018
  8.095286815625768E-004  1.164817471515627E-018
  8.094187806969147E-004  9.022874943468971E-019
  8.016594923965179E-004  1.294808042735095E-018
  7.872953382638673E-004  2.163960685594677E-018
  7.702744109164459E-004  3.017820320075498E-018
  7.556175743501367E-004  3.290545636163402E-018
  7.471235789777295E-004  2.706862483040691E-018
  7.456691214143560E-004  1.572631028282586E-018
  7.488740599973806E-004  6.372086824483736E-019
  7.522638764260617E-004  3.084090023050129E-019
  7.513726251346180E-004  6.397575171781672E-019
  7.438072986984724E-004  1.414603275035390E-018
  7.303283794257844E-004  2.278658248435384E-018
  7.144681716917811E-004  2.785876359664290E-018
  7.008866371265289E-004  2.523346382495560E-018
  6.932391000965377E-004  1.714091355786125E-018
  6.925397727286708E-004  7.085760548825915E-019
  6.967602900907943E-004  0.000000000000000E+000
  7.018240172848331E-004  1.988091089238926E-019
  7.035159391670666E-004  1.143152376312382E-018
  6.994188390820726E-004  2.225132719109721E-018
  6.899915814929121E-004  2.780778690204703E-018
  6.783139458581014E-004  2.534816138779630E-018
  6.686398792054318E-004  1.661840243825359E-018
  6.644413508103151E-004  7.034783854230045E-019
  6.668435586117369E-004  1.567533358822999E-019
  6.741562308616598E-004  2.943904112911487E-019
  6.826930705732812E-004  1.126584950568725E-018
  6.884818033164822E-004  2.191997867622405E-018
  6.890703635026221E-004  2.630397441146887E-018
  6.846067320471944E-004  2.248072231677862E-018
  6.777158706409718E-004  1.570082193552793E-018
  6.722524533388099E-004  1.004240883538637E-018
  6.715166690552365E-004  7.850410967763964E-019
  6.767527527506062E-004  1.167366306245421E-018
  6.866063473711703E-004  1.972798080860165E-018
  6.977696676779733E-004  2.645690449525648E-018
  7.065009477044607E-004  2.834304219530366E-018
  7.103140722405434E-004  2.645690449525648E-018
  7.090695129612361E-004  2.288853587354558E-018
  7.049821435095690E-004  1.988091089238926E-018
  7.015603993148393E-004  2.003384097617687E-018
  7.019752520324344E-004  2.314341934652493E-018
  7.076078847211369E-004  2.727253160879039E-018
  7.174322458715241E-004  3.038210997913846E-018
  7.285001395527469E-004  3.094285361969303E-018
  7.372925242008353E-004  2.803718202772844E-018
  7.413111612869377E-004  2.105337486809426E-018
  7.401845283168526E-004  1.503812490578162E-018
  7.357924505612074E-004  1.396761431926835E-018
  7.313662744399366E-004  1.860649352749251E-018
  7.299874878330404E-004  2.421392993303820E-018
  7.331757064885500E-004  2.722155491419452E-018
  7.402075344588659E-004  2.576871911821223E-018
  7.484671869406228E-004  2.133374668837155E-018
  7.546562529441474E-004  1.638900731257217E-018
  7.563006319604185E-004  1.279515034356334E-018
  7.528639298372162E-004  1.197952323002943E-018
  7.459642782467976E-004  1.473226473820640E-018
  7.386066026888574E-004  1.896333038966360E-018
  7.337928916682469E-004  2.204742041271373E-018
  7.331528479799047E-004  2.292676839449248E-018
  7.362203750213759E-004  2.116807243093497E-018
  7.406786199407810E-004  1.817319162342762E-018
  7.434494030190267E-004  1.626076906522943E-018
  7.421179944872398E-004  1.414603275035390E-018
  7.360369426121626E-004  1.250203434963709E-018
  7.266077765988850E-004  1.283338286451025E-018
  7.166222753857851E-004  1.468766013043501E-018
  7.089773276182424E-004  1.713454147103677E-018
  7.053602949275314E-004  1.838984257546007E-018
  7.055073081229949E-004  1.752323876733028E-018
  7.073661023613494E-004  1.376370754088487E-018
  7.080757721614163E-004  1.011887387728017E-018
  7.053026316241669E-004  9.647339452268377E-019
  6.983148555373387E-004  1.083254760162235E-018
  6.883074865478952E-004  1.203049992462530E-018
  6.778403587419272E-004  1.175650019117249E-018
  6.696600966256633E-004  9.851246230651857E-019
  6.654552317361507E-004  8.806223991436525E-019
  6.651152499301491E-004  9.698316146864248E-019
  6.668242335178308E-004  1.330491728952204E-018
  6.679321594494515E-004  1.757421546192615E-018
  6.661920029109793E-004  1.942849272785091E-018
  6.607905873044119E-004  1.884863282682289E-018
  6.527055132569893E-004  1.734482033624473E-018
  6.442369211114038E-004  1.559249645951170E-018
  6.379426392955416E-004  1.452835795982292E-018
  6.354736095159223E-004  1.564347315410757E-018
  6.368428502406316E-004  1.919591155875726E-018
  6.404534651021167E-004  2.359583751106328E-018
  6.438588895814908E-004  2.532267304049837E-018
  6.448952477421404E-004  2.360220959788776E-018
  6.426629529876491E-004  1.832612170721523E-018
  6.379133012864550E-004  1.210696496651910E-018
  6.326751686121937E-004  9.838502057002889E-019
  6.293058892997499E-004  1.325394059492617E-018
  6.294088385910735E-004  2.044165453294383E-018
  6.331124785995838E-004  2.775681020745116E-018
  6.390320084203987E-004  3.259959619405880E-018
  6.449185936672724E-004  3.349168834948652E-018
  6.486887549810115E-004  3.007624981156324E-018
  6.493595485985562E-004  2.380611637627124E-018
  6.474666057470267E-004  1.799477319234207E-018
  6.447844467577739E-004  1.656742574365772E-018
  6.434883215365976E-004  1.947309733562230E-018
  6.451477748193235E-004  2.421392993303820E-018
  6.500117304036018E-004  2.691569474661930E-018
  6.569048206737585E-004  2.523346382495560E-018
  6.637720562128692E-004  1.972798080860165E-018
  6.686141983760459E-004  1.498714821118575E-018
  6.703830916320377E-004  1.437542787603531E-018
  6.694311888157581E-004  1.784184310855446E-018
  6.673181047904223E-004  2.355123290329189E-018
  6.660718770161857E-004  2.773132186015322E-018
  6.672487247437802E-004  2.757839177636561E-018
  6.712215831409778E-004  2.401002315465472E-018
  6.770175923177065E-004  1.937114394643056E-018
  6.827707517779034E-004  1.674584417474326E-018
  6.865753783838115E-004  1.717914607880815E-018
  6.873466348707955E-004  2.105337486809426E-018
  6.852964317645297E-004  2.625299771687300E-018
  6.818132149379308E-004  2.959197121290247E-018
  6.788083235971033E-004  2.989783138047769E-018
  6.778337826962909E-004  2.648239284255441E-018
  6.793766653234689E-004  2.248072231677862E-018
  6.826495251238871E-004  2.000835262887893E-018
  6.859661017971985E-004  1.919272551534502E-018
  6.875233067093280E-004  2.106611904174323E-018
  6.862272618535844E-004  2.504230122022108E-018
  6.821855802269792E-004  2.928611104532725E-018
  6.766452965124859E-004  3.127420213456618E-018
  6.714119810909827E-004  3.154182978119450E-018
  6.680222934885409E-004  3.163103899673727E-018
  6.670514813726042E-004  3.167564360450866E-018
  6.678706494768038E-004  3.234789876449169E-018
  6.689586996182815E-004  3.422288531259603E-018
  6.686186064817043E-004  3.569165132563953E-018
  6.657646440012847E-004  3.614566251188400E-018
  6.604192546982003E-004  3.434236194055510E-018
  6.536962091687272E-004  3.074213288472179E-018
  6.472850693446039E-004  2.686631107372955E-018
  6.426801002559378E-004  2.543418455992683E-018
  6.405102360453158E-004  2.797346115948361E-018
  6.402751325737857E-004  3.417350163970628E-018
  6.406017971136000E-004  4.124014592805874E-018
  6.398961995172257E-004  4.569742066178512E-018
  6.370854322864032E-004  4.522588623677332E-018
  6.321093884644298E-004  4.030663520827188E-018
  6.259410587212148E-004  3.404924594662885E-018
  6.201338312971997E-004  2.883369288078891E-018
  6.161105514674000E-004  2.703995043969674E-018
  6.145235617083205E-004  2.955533171366169E-018
  6.149768738270497E-004  3.507037286025237E-018
  6.162311030586603E-004  4.168619200577261E-018
  6.167891466565663E-004  4.475116576834928E-018
  6.155885209908078E-004  4.136758766454842E-018
  6.124824746461466E-004  3.298192140352782E-018
  6.082941081894584E-004  2.389532559181401E-018
  6.044264291221025E-004  1.988091089238926E-018
  6.022140858544878E-004  2.386983724451608E-018
  6.023168892706898E-004  3.446024554680805E-018
  6.044306946881955E-004  4.558590914235665E-018
  6.074416063345955E-004  5.112962467965750E-018
  6.099453003464902E-004  4.939641706339792E-018
  6.108885148153072E-004  4.233614486186995E-018
  6.100386286187607E-004  3.486805910357501E-018
  6.080708297723516E-004  3.063699345211780E-018
  6.062401061200551E-004  3.124871378726824E-018
  6.057946330620900E-004  3.746787052796438E-018
  6.074018570868046E-004  4.455363107679029E-018
  6.108479713961656E-004  4.766320944713835E-018
  6.151426738695140E-004  4.465558446598203E-018
  6.189747028898462E-004  3.598954638468415E-018
  6.213052799983041E-004  2.701764813581104E-018
  6.218276022388597E-004  2.293951256814145E-018
  6.210859417634933E-004  2.737448499798213E-018
  6.202059131726304E-004  3.838545103069003E-018
  6.203648267336890E-004  5.000813739854837E-018
  6.222469893823908E-004  5.536069033111470E-018
  6.257317527571095E-004  5.179232170940381E-018
  6.299525121322852E-004  4.190284295780505E-018
  6.336942208070279E-004  3.175848073322694E-018
  6.359436754150881E-004  2.648239284255441E-018
  6.363401762580453E-004  2.936257608722106E-018
  6.353231576772093E-004  3.802861416851894E-018
  6.339140969116097E-004  4.745930266875487E-018
  6.332372195851888E-004  5.197074014048936E-018
  6.340008657563499E-004  4.919251028501445E-018
  6.361761921326343E-004  3.968535674288471E-018
  6.390168024784112E-004  2.857243732098508E-018
  6.414056992503510E-004  2.235328058028895E-018
  6.423670293568826E-004  2.441783671142168E-018
  6.415071696788903E-004  3.410340868463696E-018
  6.391850234626263E-004  4.572609505249529E-018
  6.363375089676854E-004  5.263343717023567E-018
  6.340444697232736E-004  5.000813739854837E-018
  6.330350243033559E-004  3.846191607258383E-018
  6.333614460605874E-004  2.341104699315325E-018
  6.343871950970143E-004  1.284612703815921E-018
  6.350903074271230E-004  1.358528910979933E-018
  6.345392549112600E-004  2.458351096885826E-018
  6.323214734452017E-004  3.958340335369298E-018
  6.287293334002449E-004  5.072181112289054E-018
  6.246218522411237E-004  5.093846207492299E-018
  6.210298303921211E-004  4.043726298817379E-018
  6.186884959228453E-004  2.502318495974763E-018
  6.177123302310499E-004  1.330491728952204E-018
  6.175586736626105E-004  1.285249912498370E-018
  6.172925001909234E-004  2.406577891436895E-018
  6.160267826465369E-004  4.030344916485963E-018
  6.133343776625754E-004  5.201534474826075E-018
  6.094434278219548E-004  5.388236618783447E-018
  6.051301579895120E-004  4.464284029233306E-018
  6.013626959991787E-004  3.010811024568565E-018
  5.988626069405757E-004  1.801388945281552E-018
  5.977858470428070E-004  1.599075188604194E-018
  5.976670187560611E-004  2.545967290722477E-018
  5.976480967617168E-004  4.061568141925934E-018
  5.968824039508483E-004  5.288194855639053E-018
  5.949263253684243E-004  5.501659764259258E-018
  5.919399898327812E-004  4.674562894441269E-018
  5.886084456518618E-004  3.161829482308830E-018
  5.858240291475207E-004  1.831337753356626E-018
  5.842789701933391E-004  1.438817204968428E-018
  5.841556740661803E-004  2.231504805934204E-018
  5.850542767688869E-004  3.628266237861040E-018
  5.861863778480597E-004  4.794358126741563E-018
  5.867419548386588E-004  5.143548484723272E-018
  5.862591599824556E-004  4.503790967545105E-018
  5.848284214193604E-004  3.186043412241868E-018
  5.830407810797355E-004  1.982993419779339E-018
  5.817085180361977E-004  1.554789185174032E-018
  5.814893075102074E-004  2.367867463978157E-018
  5.825867458653611E-004  3.892070632394667E-018
  5.846622438928172E-004  5.028850921882565E-018
  5.869947228068493E-004  5.051790434450707E-018
  5.888111783543191E-004  3.892070632394667E-018
  5.896348204700239E-004  2.268462909516210E-018
  5.894921851306571E-004  1.218343000841290E-018
  5.888874880437061E-004  1.389114927737455E-018
  5.885598795707937E-004  2.648239284255441E-018
  5.891376729208703E-004  4.294786519702038E-018
  5.908485151909138E-004  5.446859817568698E-018
  5.934163881718930E-004  5.416273800811176E-018
  5.961892569005737E-004  4.294786519702038E-018
  5.984356523346644E-004  2.826657715340985E-018
  5.996727009800176E-004  1.962602741940991E-018
  5.998760180816077E-004  2.225132719109721E-018
  5.994779320702022E-004  3.397596694814728E-018
  5.991581756031849E-004  4.779065118362802E-018
  5.995254574885791E-004  5.660961934871352E-018
  6.008364459453510E-004  5.635473587573417E-018
  6.028794810237019E-004  4.654172216602921E-018
  6.050735206711558E-004  3.367010678057207E-018
  6.067341659772926E-004  2.523346382495560E-018
  6.073832776766957E-004  2.727253160879039E-018
  6.069606201258394E-004  3.909912475503221E-018
  6.058425753287022E-004  5.281185560132121E-018
  6.046621567335302E-004  6.050933648529756E-018
  6.040151381205302E-004  5.768012993522679E-018
  6.041878244455852E-004  4.506339802274899E-018
  6.050302585860101E-004  2.933708773992312E-018
  6.060306550965572E-004  1.988091089238926E-018
  6.065543229213909E-004  2.128276999377568E-018
  6.061358041576114E-004  3.223001515823874E-018
  6.046901845781338E-004  4.650348964508231E-018
  6.025482400800604E-004  5.807519931834478E-018
  6.003017969279821E-004  5.999956953933886E-018
  5.985325235429406E-004  5.282459977497017E-018
  5.975496015945823E-004  4.167344783212364E-018
  5.972559361000231E-004  3.333875826569891E-018
  5.972021750783917E-004  3.094285361969303E-018
  5.968011579838129E-004  3.623168568401453E-018
  5.956024749722896E-004  4.847883656067227E-018
  5.935007649884391E-004  5.898003564742147E-018
  5.907834788883355E-004  5.969370937176364E-018
  5.879985873072846E-004  5.118060137425337E-018
  5.857053174531322E-004  3.793940495297617E-018
  5.842235512855026E-004  2.762936847096148E-018
  5.834964034057727E-004  2.638043945336267E-018
  5.831270221949204E-004  3.590670925596585E-018
  5.825700734607483E-004  5.072818320971503E-018
  5.813879532823763E-004  6.039463892245686E-018
  5.794535925633164E-004  5.987212780284919E-018
  5.770079933940844E-004  4.966404471002624E-018
  5.745484954898215E-004  3.439652467856321E-018
  5.726015099229170E-004  2.269737326881107E-018
  5.714853714564748E-004  2.272286161610900E-018
  5.711717425310473E-004  3.391224607990245E-018
  5.713071976698462E-004  4.943464958434483E-018
  5.713824475838663E-004  6.210235819141850E-018
  5.709694746237460E-004  6.544133168744798E-018
  5.699172096565970E-004  5.669882856425629E-018
  5.684171681854580E-004  3.923931066517085E-018
  5.669113127419079E-004  2.324537273571667E-018
  5.658868508439988E-004  1.684779756393500E-018
  5.656534639718771E-004  2.451979010061342E-018
  5.662048187448019E-004  4.279493511323277E-018
  5.672260310766097E-004  6.160533541910877E-018
  5.682411799232249E-004  6.999100168012936E-018
  5.688312748794241E-004  6.336403138266628E-018
  5.688222099221865E-004  4.529279314843040E-018
  5.683576528025538E-004  2.515699878306179E-018
  5.678256810176209E-004  1.355980076250139E-018
  5.676750854209256E-004  1.659291409095565E-018
  5.682068544764644E-004  3.290545636163402E-018
  5.694361791112216E-004  5.245501873915012E-018
  5.710866103093009E-004  6.305817121509106E-018
  5.727168448692973E-004  6.017798797042441E-018
  5.739202858735915E-004  4.577707174709117E-018
  5.745054301117755E-004  2.847048393179333E-018
  5.745753802672769E-004  1.827514501261936E-018
  5.744719954991427E-004  1.972798080860165E-018
  5.746123082477744E-004  3.234471272107945E-018
  5.752933773977407E-004  5.000813739854837E-018
  5.765548817984905E-004  6.377184493943324E-018
  5.781610851127506E-004  6.415417014890226E-018
  5.797085471659944E-004  5.123157806884924E-018
  5.808086637805271E-004  3.216629428999390E-018
  5.812608597577975E-004  1.832612170721523E-018
  5.811377897183813E-004  1.700072764772261E-018
  5.807451196195901E-004  2.885280914126236E-018
  5.804760923261344E-004  4.549669992681388E-018
  5.806286689057833E-004  5.813892018658961E-018
  5.812690788222462E-004  6.017798797042441E-018
  5.822032603152221E-004  5.072181112289054E-018
  5.830676470539701E-004  3.479159406168120E-018
  5.834962249277049E-004  2.051811957483763E-018
  5.832866420984552E-004  1.564984524093206E-018
  5.824896769447390E-004  2.273560578975797E-018
  5.813823684081041E-004  3.609149977387589E-018
  5.803387103639693E-004  4.694953572279617E-018
  5.796583285428304E-004  4.873372003365162E-018
  5.794318758455525E-004  3.823252094690242E-018
  5.795040254029391E-004  2.054360792213557E-018
  5.795495491468113E-004  3.708554531849535E-019
  5.792261355378941E-004 -2.931159939262519E-019
  5.783330766857957E-004  4.116368088616494E-019
  5.769032722531126E-004  2.040342201199692E-018
  5.751874741333581E-004  3.660126671983458E-018
  5.735394947292785E-004  4.442618934030061E-018
  5.722562133500849E-004  3.904814806043634E-018
  5.714460883706232E-004  2.552657981888185E-018
  5.709857892211723E-004  1.234910426584948E-018
  5.705834275493842E-004  5.747622315684330E-019
  5.699178851457971E-004  7.824922620466028E-019
  5.687894163029240E-004  1.660565826460462E-018
  5.672125214685531E-004  2.742546169257800E-018
  5.654095122697558E-004  3.495726831911778E-018
  5.637092023585706E-004  3.446024554680805E-018
  5.623984428818113E-004  2.648239284255441E-018
  5.615950274786014E-004  1.554789185174032E-018
  5.611996561330173E-004  8.169015308988151E-019
  5.609476196793663E-004  7.684736710327387E-019
  5.605349874394604E-004  1.326668476857514E-018
  5.597604592156455E-004  2.119356077823291E-018
  5.586178444675013E-004  2.690295057297034E-018
  5.572977392254403E-004  2.884006496761339E-018
  5.560991091195304E-004  2.615104432768125E-018
  5.552926017911692E-004  1.916723716804708E-018
  5.549987479480219E-004  1.094724516446306E-018
  5.551363622508081E-004  6.894597944091403E-019
  5.554635020671128E-004  1.126584950568725E-018
  5.556907500427852E-004  2.306695430463113E-018
  5.556139505650578E-004  3.484257075627707E-018
  5.552055618190211E-004  3.802861416851894E-018
  5.546236888520239E-004  3.007624981156324E-018
  5.541360808894915E-004  1.593021706120934E-018
  5.539951724428577E-004  4.052647220371656E-019
  5.543219370872903E-004  1.860649352749251E-019
  5.550513248451270E-004  1.175012810434801E-018
  5.559631106356166E-004  2.739997334528007E-018
  5.567826867875997E-004  3.838545103069003E-018
  5.573047532003508E-004  3.856386946177557E-018
  5.574832323273423E-004  2.732350830338626E-018
  5.574470642212778E-004  9.787525362407020E-019
  5.574359457043128E-004 -4.129112262265461E-019
  5.576866071049119E-004 -4.638879208224160E-019
  5.583222197199885E-004  9.099339985362777E-019
  5.592952368391532E-004  2.816462376421812E-018
  5.604088378402477E-004  4.205577304159266E-018
  5.614059750994384E-004  4.475753785517376E-018
  5.620844445658253E-004  3.530136100763990E-018
  5.623852259143768E-004  1.812221492883175E-018
  5.624143361549437E-004  1.707719268961642E-019
  5.623893160197055E-004 -4.307530693351006E-019
  5.625358992568107E-004  3.364461843327413E-019
  5.629826873931645E-004  2.125728164647774E-018
  5.637018243513216E-004  3.805410251581687E-018
  5.645219960296163E-004  4.447716603489649E-018
  5.652067580725400E-004  3.693261523470774E-018
  5.655615568413824E-004  2.054360792213557E-018
  5.655202874858681E-004  5.785854836631233E-019
  5.651722768965854E-004 -6.881853770442436E-020
  5.647182870088147E-004  4.868274333905575E-019
  5.643766333274287E-004  1.898881873696154E-018
  5.642829337745965E-004  3.372108347516794E-018
  5.644292737474129E-004  4.118916923346287E-018
  5.646699451926908E-004  3.649931333064284E-018
  5.647901752244629E-004  2.202193206541579E-018
  5.646055881513495E-004  7.863155141412931E-019
  5.640465886701582E-004  2.485113861548657E-019
  5.631893851814784E-004  8.538596344808207E-019
  5.622202608779934E-004  2.129551416742465E-018
  5.613503478555619E-004  3.202610837985526E-018
  5.607204984993872E-004  3.511019840290539E-018
  5.603397978894436E-004  2.891653000950720E-018
  5.600852758587289E-004  1.786733145585240E-018
  5.597620378552544E-004  7.977852704253638E-019
  5.591954576468689E-004  4.702600076468997E-019
  5.583128473121021E-004  1.056491995499403E-018
  5.571774493008684E-004  2.017402688631551E-018
  5.559599176458294E-004  2.806267037502637E-018
  5.548612258045109E-004  3.251038697851602E-018
  5.540229160833770E-004  3.143987639200276E-018
  5.534658473488157E-004  2.594713754929777E-018
  5.530849576306996E-004  2.004658514982584E-018
  5.527015534457099E-004  1.669486748014739E-018
  5.521483395954807E-004  1.763793633017098E-018
  5.513478338765226E-004  2.223858301744824E-018
  5.503484468765437E-004  2.649513701620338E-018
  5.493024027092210E-004  2.664806709999099E-018
  5.483964862389404E-004  2.316890769382287E-018
  5.477679685101617E-004  1.879765613222702E-018
  5.474443120276619E-004  1.631254227067837E-018
  5.473337807238722E-004  1.735756450989370E-018
  5.472704053825731E-004  2.138472338296742E-018
  5.470918933189375E-004  2.578146329186120E-018
  5.467143907252944E-004  2.899299505140100E-018
  5.461700387201318E-004  3.063699345211780E-018
  5.455908028219496E-004  2.882732079396443E-018
  5.451468375135009E-004  2.439234836412374E-018
  5.449682456851285E-004  2.000835262887893E-018
  5.450861836187553E-004  1.896333038966360E-018
  5.454198421910829E-004  2.214937380190547E-018
  5.458144801545325E-004  2.638043945336267E-018
  5.461123330519618E-004  2.859792566828301E-018
  5.462235474404060E-004  2.757839177636561E-018
  5.461648317319043E-004  2.245523396948069E-018
  5.460487650235137E-004  1.603217045040108E-018
  5.460294668062654E-004  1.330491728952204E-018
  5.462301104352424E-004  1.577728697742173E-018
  5.466856068150349E-004  2.265914074786417E-018
  5.473263238962427E-004  3.050955171562813E-018
  5.480095968938995E-004  3.379754851706174E-018
  5.485839170304929E-004  3.010173815886117E-018
  5.489560599472216E-004  2.005932932347481E-018
  5.491305634609834E-004  9.711060320513215E-019
  5.492040474935826E-004  6.066226656908517E-019
  5.493177054547787E-004  1.154622132596453E-018
  5.495902803000375E-004  2.464723183710309E-018
  5.500623636058053E-004  3.792666077932720E-018
  5.506772121366853E-004  4.307530693351006E-018
  5.513062570668501E-004  3.754433556985818E-018
  5.518070091415859E-004  2.441783671142168E-018
  5.520865070016594E-004  1.233636009220051E-018
  5.521413467988270E-004  7.315155674507329E-019
  5.520564369275740E-004  1.325394059492617E-018
  5.519636859623816E-004  2.666081127363996E-018
  5.519800569267034E-004  4.083233237129178E-018
  5.521535232523924E-004  4.712795415388171E-018
  5.524414334373329E-004  4.093428576048352E-018
  5.527306614487048E-004  2.617653267497919E-018
  5.528897423384731E-004  1.121487281109138E-018
  5.528287619543905E-004  4.460460777138616E-019
  5.525395912727533E-004  8.181759482637118E-019
  5.520984151051039E-004  1.970249246130371E-018
  5.516299555496495E-004  3.193689916431249E-018
  5.512502617571460E-004  3.739140548607057E-018
  5.510144636038080E-004  3.369559512787000E-018
  5.508932373745965E-004  2.427765080128304E-018
  5.507882887857350E-004  1.442640457063118E-018
  5.505792088208497E-004  1.050119908674920E-018
  5.501798548485979E-004  1.426073031319460E-018
  5.495783809583015E-004  2.203467623906476E-018
  5.488428803404205E-004  2.900573922504997E-018
  5.480905603786209E-004  3.094285361969303E-018
  5.474350459008525E-004  2.589616085470191E-018
  5.469361740776157E-004  1.807123823423588E-018
  5.465751457321578E-004  1.146975628407073E-018
  5.462659812559118E-004  1.011887387728017E-018
  5.458974902421480E-004  1.506361325307955E-018
  5.453861189514367E-004  2.211114128095856E-018
  5.447153696058456E-004  2.849597227909127E-018
  5.439439861155942E-004  3.059876093117090E-018
  5.431796343826138E-004  2.580695163915914E-018
  5.425306111013561E-004  1.617235636053972E-018
  5.420579537706227E-004  7.353388195454232E-019
  5.417497943800566E-004  2.230230388569308E-019
  5.415293031463559E-004  2.612555598038332E-019
  5.412920564219298E-004  7.123993069772818E-019
  5.409552977639642E-004  1.047571073945126E-018
  5.404964122026222E-004  1.020808309282295E-018
  5.399632206880878E-004  6.168180046100257E-019
  5.394518428600447E-004  7.391620716401134E-020
  5.390627456018821E-004 -2.829206550070779E-019
  5.388553772543215E-004 -3.504647753466055E-019
  5.388221017394099E-004 -2.548834729793495E-020
  5.388930055776359E-004  5.479994669056013E-019
  5.389688808004301E-004  8.666038081297882E-019
  5.389668826573191E-004  7.875899315061898E-019
  5.388578381516635E-004  3.976182178477852E-019
  5.386783365744466E-004 -4.587902513628291E-020
  5.385125096567005E-004 -4.001670525775787E-019
  5.384523103210084E-004 -3.593856969008828E-019
  5.385547535004358E-004  2.013579436536861E-019
  5.388156618890956E-004  8.920921554277231E-019
  5.391716162672193E-004  1.384017258277868E-018
  5.395287674198611E-004  1.348333572060759E-018
  5.398049529787281E-004  7.442597410997005E-019
  5.399657264923512E-004 -1.045022239215333E-019
  5.400379985692928E-004 -6.881853770442436E-019
  5.400954538995200E-004 -5.811343183929168E-019
  5.402228566595978E-004  1.274417364896747E-020
  5.404758543001935E-004  5.734878142035363E-019
  5.408546696388469E-004  9.303246763746255E-019
  5.413034500740245E-004  8.156271135339183E-019
  5.417351714052983E-004  1.172463975705008E-019
  5.420703604819625E-004 -7.493574105592874E-019
  5.422717964033953E-004 -1.391663762467248E-018
  5.423594638014727E-004 -1.192854653543356E-018
  5.423992707872757E-004 -1.554789185174032E-019
  5.424710906351612E-004  1.078157090702648E-018
  5.426310131500484E-004  1.814770327612968E-018
  5.428850961357051E-004  1.763793633017098E-018
  5.431864023875502E-004  9.583618584023540E-019
  5.434563211462445E-004 -1.911626047345121E-019
  5.436200966218316E-004 -1.024631561376985E-018
  5.436401676799189E-004 -1.266770860707367E-018
  5.435321673861947E-004 -6.525016908271346E-019
  5.433565583557547E-004  5.225111196076664E-019
  5.431900851055083E-004  1.649096070176391E-018
  5.430903576631787E-004  2.128276999377568E-018
  5.430698111506696E-004  1.796928484504414E-018
  5.430907699936359E-004  7.748457578572224E-019
  5.430835502620554E-004 -4.868274333905575E-019
  5.429790013645426E-004 -1.139329124217692E-018
  5.427404310922143E-004 -9.507153542129735E-019
  5.423803606504315E-004 -2.051811957483763E-019
  5.419546884168800E-004  7.315155674507329E-019
  5.415372535863816E-004  1.459207882806776E-018
  5.411866863742507E-004  1.545868263619754E-018
  5.409207739030989E-004  1.057766412864300E-018
  5.407099160529448E-004  3.937949657530949E-019
  5.404923632043796E-004  8.283712871828858E-020
  5.402039480126094E-004  1.758695963557511E-019
  5.398085172055349E-004  5.263343717023566E-019
  5.393151556723157E-004  9.494409368480768E-019
  5.387745313816179E-004  1.160994219420937E-018
  5.382563347375929E-004  1.163543054150730E-018
  5.378183854881254E-004  9.889478751598760E-019
  5.374816234673032E-004  8.296457045477825E-019
  5.372222973657955E-004  8.971898248873102E-019
  5.369846425306510E-004  1.131682620028312E-018
  5.367079359554565E-004  1.354705658885242E-018
  5.363553487424294E-004  1.517831081592026E-018
  5.359313915003574E-004  1.593021706120934E-018
  5.354801611549425E-004  1.431170700779047E-018
  5.350654829201598E-004  1.287161538545715E-018
  5.347422876505059E-004  1.288435955910612E-018
  5.345324178029883E-004  1.447738126522705E-018
  5.344158255932833E-004  1.740854120448957E-018
  5.343409293675817E-004  1.943486481467540E-018
  5.342490934264828E-004  1.888686534776979E-018
  5.341018347269924E-004  1.409505605575802E-018
  5.338983005460029E-004  7.187713938017655E-019
  5.336752014157863E-004  2.982136633858389E-019
  5.334895134721787E-004  3.491903579817088E-019
  5.333921181896651E-004  7.773945925870159E-019
  5.334045477971160E-004  1.248929017598812E-018
  5.335093907306591E-004  1.457933465441879E-018
  5.336585119439718E-004  1.225989505030671E-018
  5.337950545549166E-004  7.315155674507329E-019
  5.338789744147831E-004  2.395904646005885E-019
  5.339044176467455E-004 -7.646504189380484E-021
  5.339011607351379E-004  2.803718202772844E-020
  5.339197231057057E-004  1.911626047345121E-019
  5.340072084438779E-004  3.848740441988177E-019
  5.341850400741985E-004  6.270133435291997E-019
  5.344387110275694E-004  7.875899315061898E-019
  5.347240318435288E-004  7.926876009657768E-019
  5.349867718103742E-004  6.091715004206452E-019
  5.351865394356420E-004  3.670322010902632E-019
  5.353139651717977E-004  2.039067783834796E-019
  5.353934759802986E-004  2.319439604112080E-019
  5.354706367992915E-004  5.225111196076664E-019
  5.355900786473178E-004  9.201293374554517E-019
  5.357742238942898E-004  1.197952323002943E-018
  5.360124939099272E-004  1.203049992462530E-018
  5.362657571503054E-004  1.045022239215333E-018
  5.364837597232391E-004  8.385666261020598E-019
  5.366274027911093E-004  6.958318812336241E-019
  5.366856500914336E-004  5.862319878525038E-019
  5.366794527577106E-004  7.773945925870159E-019
  5.366511092045393E-004  1.085803594892029E-018
  5.366441360952073E-004  1.389114927737455E-018
  5.366829704882897E-004  1.643998400716804E-018
  5.367617570561962E-004  1.865747022208838E-018
  5.368471933963759E-004  2.046714288024176E-018
  5.368939247066379E-004  2.189449032892612E-018
  5.368652825654582E-004  2.202193206541579E-018
  5.367498350099124E-004  1.855551683289664E-018
  5.365662668655650E-004  1.335589398411791E-018
  5.363545401098290E-004  9.226781721852451E-019
  5.361575684557585E-004  8.615061386702012E-019
  5.360019009460796E-004  1.223440670300877E-018
  5.358862336266038E-004  1.779086641395859E-018
  5.357828665602423E-004  2.123179329917981E-018
  5.356512429970381E-004  2.104063069444530E-018
  5.354572095175362E-004  1.649096070176391E-018
  5.351891210627456E-004  9.723804494162183E-019
  5.348634861887861E-004  3.937949657530949E-019
  5.345177284005098E-004  3.262508454135673E-019
  5.341935533067496E-004  7.748457578572224E-019
  5.339186447709114E-004  1.438817204968428E-018
  5.336950592827411E-004  1.960053907211197E-018
  5.334995050427630E-004  2.088770061065769E-018
  5.332951905487769E-004  1.688603008488190E-018
  5.330496527044061E-004  9.851246230651857E-019
  5.327503308726833E-004  3.772275400094372E-019
  5.324108078055326E-004  1.414603275035390E-019
  5.320650063252321E-004  5.123157806884924E-019
  5.317521691204226E-004  1.261673191247780E-018
  5.314996118822246E-004  1.947309733562230E-018
  5.313111481567878E-004  2.216211797555444E-018
  5.311663735338545E-004  1.920546968899398E-018
  5.310309607388186E-004  1.136780289487899E-018
  5.308730908461572E-004  3.071345849401161E-019
  5.306784231687115E-004 -1.223440670300877E-019
  5.304567936784639E-004  5.607436405545689E-020
  5.302377141611317E-004  5.276087890672534E-019
  5.300569007810903E-004  1.024631561376985E-018
  5.299401180650619E-004  1.167366306245421E-018
  5.298917489299888E-004  9.048363290766906E-019
  5.298932274393838E-004  3.976182178477852E-019
  5.299118907124026E-004 -8.411154608318533E-020
  5.299160464123388E-004 -2.090044478430666E-019
  5.298892863762700E-004 -5.097669459586989E-021
  5.298375340379175E-004  2.344927951410015E-019
  5.297857322706958E-004  3.848740441988177E-019
  5.297658518431528E-004  3.186043412241868E-019
  5.298018304394806E-004  9.940455446194630E-020
  5.298983606588115E-004 -7.901387662359833E-020
  5.300385791910820E-004 -1.631254227067837E-019
  5.301915710744805E-004  8.411154608318533E-020
  5.303261156401064E-004  4.256553998755136E-019
  5.304243148098224E-004  6.474040213675476E-019
  5.304889012756719E-004  6.244645087994062E-019
  5.305410041696046E-004  4.587902513628290E-019
  5.306095495098897E-004  3.364461843327413E-019
  5.307172647858308E-004  4.180088956861331E-019
  5.308697241804587E-004  8.003341051551574E-019
  5.310523825813912E-004  1.350882406790552E-018
  5.312368282625988E-004  1.830063335991729E-018
  5.313932651814926E-004  1.926919055723882E-018
  5.315034455780538E-004  1.457933465441879E-018
  5.315681598410458E-004  5.734878142035363E-019
  5.316059626323978E-004 -2.523346382495560E-019
  5.316438582053739E-004 -4.995716070395250E-019
  5.317043188900919E-004  7.901387662359833E-020
  5.317946123076984E-004  1.274417364896747E-018
  5.319032676578102E-004  2.304146595733319E-018
  5.320051837415248E-004  2.508053374116799E-018
  5.320729206982952E-004  1.903979543155741E-018
  5.320889375684377E-004  9.226781721852451E-019
  5.320531868825779E-004  6.881853770442436E-020
  5.319826782144124E-004 -1.427347448684357E-019
  5.319033334977100E-004  3.237020106837738E-019
  5.318379642168289E-004  1.159719802056040E-018
  5.317959092709062E-004  1.954956237751610E-018
  5.317690308751314E-004  2.421392993303820E-018
  5.317357961586278E-004  2.286304752624765E-018
  5.316714596612550E-004  1.516556664227129E-018
  5.315596101195079E-004  4.205577304159266E-019
  5.313997939011273E-004 -3.695810358200567E-019
  5.312077955688951E-004 -3.823252094690242E-019
  5.310085554348221E-004  1.937114394643056E-019
  5.308250616159915E-004  9.430688500235931E-019
  5.306683393703859E-004  1.465579969631260E-018
  5.305330825662683E-004  1.517831081592026E-018
  5.304008298937523E-004  1.175012810434801E-018
  5.302491180152126E-004  5.288832064321502E-019
  5.300623408886073E-004  1.593021706120934E-019
  5.298393306877362E-004  3.810507921041275E-019
  5.295942469139330E-004  1.094724516446306E-018
  5.293504651432942E-004  1.943486481467540E-018
  5.291303554455509E-004  2.453253427426239E-018
  5.289456717944490E-004  2.343653534045118E-018
  5.287929228145932E-004  1.853002848559871E-018
  5.286557543898646E-004  1.443914874428015E-018
  5.285131442204337E-004  1.345784737330965E-018
  5.283495753097394E-004  1.544593846254858E-018
  5.281625120656247E-004  1.842807509640697E-018
  5.279638063867936E-004  2.016128271266654E-018
  5.277744834902523E-004  1.960053907211197E-018
  5.276153866480540E-004  1.636351896527424E-018
  5.274980107718390E-004  1.299905712194682E-018
  5.274197008843016E-004  1.136780289487899E-018
  5.273653347764682E-004  1.350882406790552E-018
  5.273146181084869E-004  1.799477319234207E-018
  5.272515743457995E-004  2.209839710730960E-018
  5.271718655918165E-004  2.314341934652493E-018
