   1.00000001245692       0.000000000000000E+000
  0.829205152660404       0.000000000000000E+000
  0.379602772797765       0.000000000000000E+000
 -0.188382169843974      -9.041472535195198E-017
 -0.674557046199671      -1.356220880279280E-016
 -0.909510579603375      -1.808294507039040E-016
 -0.813630679625081      -1.808294507039040E-016
 -0.424039396832250      -9.041472535195198E-017
  0.119649861441395       0.000000000000000E+000
  0.625326507515619       4.520736267597599E-017
  0.916235808029161       9.041472535195198E-017
  0.892732235780347       9.041472535195198E-017
  0.566365763966635       4.520736267597599E-017
  5.465461010317889E-002  0.000000000000000E+000
 -0.461206778865829      -4.520736267597599E-017
 -0.800495820916994      -4.520736267597599E-017
 -0.846262755103956      -9.041472535195198E-017
 -0.585619323712925      -9.041472535195198E-017
 -0.113146865189711      -9.041472535195198E-017
  0.403377824611657       0.000000000000000E+000
  0.782531979999111       4.520736267597599E-017
  0.892942910838028       4.520736267597599E-017
  0.698774084947523       4.520736267597599E-017
  0.271261511489918       0.000000000000000E+000
 -0.237379349072584      -9.041472535195198E-017
 -0.648135315885818      -2.712441760558559E-016
 -0.818187293364422      -2.712441760558559E-016
 -0.690552754126777      -2.260368133798799E-016
 -0.313131700947283      -4.520736267597599E-017
  0.179189596023892       9.041472535195198E-017
  0.612714565547996       2.260368133798799E-016
  0.836193712221839       1.808294507039040E-016
  0.773566085612068       0.000000000000000E+000
  0.449800796161086      -9.041472535195198E-017
 -1.892663852104727E-002 -1.808294507039040E-016
 -0.466901670235023      -1.356220880279280E-016
 -0.737446561988507      -6.781104401396399E-017
 -0.737705871648620       6.781104401396399E-017
 -0.470491301700359       1.356220880279280E-016
 -3.227584214485475E-002  1.356220880279280E-016
  0.421598896351545       1.356220880279280E-016
  0.731964762921165       1.130184066899400E-016
  0.791621868502633       2.260368133798800E-017
  0.582333913925657      -4.520736267597599E-017
  0.180265864569799      -1.356220880279280E-016
 -0.271703700804393      -1.808294507039040E-016
 -0.614743125781081      -1.808294507039040E-016
 -0.729873932661289      -9.041472535195198E-017
 -0.579220817078682       0.000000000000000E+000
 -0.218411736871600       9.041472535195198E-017
  0.223907068679466       1.808294507039040E-016
  0.591914009997367       2.260368133798799E-016
  0.757483889855807       1.582257693659160E-016
  0.664771285819341       6.781104401396399E-017
  0.348998848588254      -4.520736267597599E-017
 -7.685474322162780E-002 -1.356220880279280E-016
 -0.462460767097158      -1.808294507039040E-016
 -0.673197004512174      -2.034331320418919E-016
 -0.637134775783970      -1.130184066899400E-016
 -0.369562790724836       0.000000000000000E+000
  3.330192492889611E-002  1.356220880279280E-016
  0.428883182121661       2.260368133798799E-016
  0.678683164602175       2.034331320418919E-016
  0.696751189162051       6.781104401396399E-017
  0.479227207065010      -4.520736267597599E-017
  0.104814346653052      -1.356220880279280E-016
 -0.293673541195699      -1.808294507039040E-016
 -0.576413114346500      -1.356220880279280E-016
 -0.645623187138337      -4.520736267597599E-017
 -0.479364227875358       4.520736267597599E-017
 -0.138410045840736       1.356220880279280E-016
  0.255926598750664       1.356220880279280E-016
  0.564935830056159       9.041472535195198E-017
  0.681283529784488       0.000000000000000E+000
  0.566270917310276      -6.781104401396399E-017
  0.262653254949728      -9.041472535195198E-017
 -0.121210152105441      -9.041472535195198E-017
 -0.450015174856832      -4.520736267597599E-017
 -0.609195187369346      -2.260368133798800E-017
 -0.544827789990245       0.000000000000000E+000
 -0.281871142661617       9.041472535195198E-017
  8.542512058023154E-002  1.808294507039040E-016
  0.427276813401970       1.808294507039040E-016
  0.624206293088048       1.582257693659160E-016
  0.608781085388447       2.260368133798800E-017
  0.388674249616421      -1.356220880279280E-016
  4.316976904865540E-002 -1.808294507039040E-016
 -0.305377641996202      -1.808294507039040E-016
 -0.534862373169850      -1.356220880279280E-016
 -0.566194891791128      -9.041472535195198E-017
 -0.390541804975694       4.520736267597599E-017
 -7.166455844767392E-002  1.808294507039040E-016
  0.277194671102250       2.260368133798799E-016
  0.533510035345974       2.034331320418919E-016
  0.608488529402622       1.130184066899400E-016
  0.477808303017647      -2.260368133798800E-017
  0.189444188448381      -1.808294507039040E-016
 -0.153914084155772      -2.260368133798799E-016
 -0.431419279648999      -2.260368133798799E-016
 -0.546590600865122      -1.808294507039040E-016
 -0.460845229549857      -9.041472535195198E-017
 -0.206389268532279       9.041472535195198E-017
  0.125824989176306       2.260368133798799E-016
  0.418588865203329       2.938478573938439E-016
  0.569773941991297       2.260368133798799E-016
  0.527941474440371       1.130184066899400E-016
  0.309813504128048      -4.520736267597599E-017
 -6.318476422273370E-003 -1.808294507039040E-016
 -0.308679387948173      -2.260368133798799E-016
 -0.491521902348592      -2.260368133798799E-016
 -0.492100737812139      -1.808294507039040E-016
 -0.312186486725285      -9.041472535195198E-017
 -1.675008452636855E-002  9.041472535195198E-017
  0.289475232905524       2.260368133798799E-016
  0.499106527550655       3.164515387318319E-016
  0.539751724307591       2.938478573938439E-016
  0.398988367899458       1.130184066899400E-016
  0.128067989392600      -9.041472535195198E-017
 -0.176721984436668      -2.260368133798799E-016
 -0.408269590630535      -2.938478573938439E-016
 -0.486272049786950      -3.164515387318319E-016
 -0.385073291488763      -2.260368133798799E-016
 -0.142060578269152       0.000000000000000E+000
  0.156111006839959       1.356220880279280E-016
  0.404401922576400       2.712441760558559E-016
  0.516377530660748       3.164515387318319E-016
  0.454281657524467       2.034331320418919E-016
  0.241735454968855       0.000000000000000E+000
 -4.519875909250024E-002 -1.808294507039040E-016
 -0.305225112305755      -3.164515387318319E-016
 -0.447566233700829      -3.164515387318319E-016
 -0.423645011509898      -2.260368133798799E-016
 -0.243643211417562      -4.520736267597599E-017
  2.769948276496883E-002  1.356220880279280E-016
  0.294350328221117       2.712441760558559E-016
  0.462957625030560       2.938478573938439E-016
  0.475518667663597       2.034331320418919E-016
  0.329313475521934       4.520736267597599E-017
  7.725999370755093E-002 -1.356220880279280E-016
 -0.191222041413596      -2.260368133798799E-016
 -0.381925332867859      -2.938478573938439E-016
 -0.428903272000690      -1.808294507039040E-016
 -0.317262436729007      -4.520736267597599E-017
 -8.782702423163841E-002  1.356220880279280E-016
  0.177762499978448       2.712441760558559E-016
  0.386085668024291       3.164515387318319E-016
  0.464790217512274       2.486404947178679E-016
  0.387705767462342       1.130184066899400E-016
  0.183510451164155      -4.520736267597599E-017
 -7.490708712753674E-002 -2.260368133798799E-016
 -0.296455460401630      -3.164515387318319E-016
 -0.403942441584761      -2.486404947178679E-016
 -0.360961244729566      -1.130184066899400E-016
 -0.184200619535089       4.520736267597599E-017
  6.297512440048303E-002  1.808294507039040E-016
  0.293224803635932       2.486404947178679E-016
  0.426081254821073       1.808294507039040E-016
  0.416060573651114       6.781104401396399E-017
  0.268214059062803      -4.520736267597599E-017
  3.581173854047812E-002 -1.356220880279280E-016
 -0.198837670892228      -1.808294507039040E-016
 -0.353529886952174      -1.808294507039040E-016
 -0.374955937666774      -9.041472535195198E-017
 -0.257060565671889       0.000000000000000E+000
 -4.265113027435732E-002  9.041472535195198E-017
  0.192125043936646       1.582257693659160E-016
  0.364812431607777       1.582257693659160E-016
  0.415595585958420       1.356220880279280E-016
  0.328004025503551       0.000000000000000E+000
  0.134211185333880      -9.041472535195198E-017
 -9.676153968145851E-002 -1.582257693659160E-016
 -0.283618826257830      -1.808294507039040E-016
 -0.361397968237801      -1.356220880279280E-016
 -0.304044801358947      -4.520736267597599E-017
 -0.133117202722701       4.520736267597599E-017
  9.028179886241829E-002  9.041472535195198E-017
  0.287334021870381       1.356220880279280E-016
  0.389304057038180       1.130184066899400E-016
  0.361504220479079       6.781104401396399E-017
  0.215074438209829       0.000000000000000E+000
  2.583367975846428E-003 -6.781104401396399E-017
 -0.200833025651551      -1.356220880279280E-016
 -0.324032366921374      -1.469239286969220E-016
 -0.324739816626122      -1.017165660209460E-016
 -0.204041355868864      -2.260368133798800E-017
 -5.532835548781515E-003  6.781104401396399E-017
  0.200410633045121       1.130184066899400E-016
  0.341573855766354       1.017165660209460E-016
  0.369214494849266       5.650920334496998E-017
  0.274879959784681      -4.520736267597599E-017
  9.293044389087213E-002 -9.041472535195198E-017
 -0.111960382064113      -9.041472535195198E-017
 -0.267786080241958      -7.911288468295798E-017
 -0.320506860647527      -2.260368133798800E-017
 -0.252781527971284       3.390552200698199E-017
 -8.964252158653842E-002  9.041472535195198E-017
  0.110731785647691       1.130184066899400E-016
  0.277753701177747       6.781104401396399E-017
  0.353283837975996       1.130184066899400E-017
  0.311858746618012      -7.911288468295798E-017
  0.169254254677399      -1.356220880279280E-016
 -2.348800299215653E-002 -1.356220880279280E-016
 -0.198320732668720      -6.781104401396399E-017
 -0.294208793802965      -1.130184066899400E-017
 -0.278430027978516       4.520736267597599E-017
 -0.157728170267641       9.041472535195198E-017
  2.447808077984397E-002  1.130184066899400E-016
  0.203700758966136       6.781104401396399E-017
  0.317198006219666       0.000000000000000E+000
  0.325929838357111      -7.911288468295798E-017
  0.227973814741379      -1.582257693659160E-016
  5.879474184877517E-002 -1.582257693659160E-016
 -0.121583100352477      -9.041472535195198E-017
 -0.249865957249147      -1.130184066899400E-017
 -0.281694153917503       7.911288468295798E-017
 -0.206972669642254       1.356220880279280E-016
 -5.303409463584029E-002  1.582257693659160E-016
  0.125341470428498       1.356220880279280E-016
  0.265411157294557       5.650920334496998E-017
  0.318530965235208      -5.650920334496998E-017
  0.267039377029399      -1.356220880279280E-016
  0.130105975894259      -1.808294507039040E-016
 -4.338327913388410E-002 -1.356220880279280E-016
 -0.192271189521540      -4.520736267597599E-017
 -0.264682461073045       5.650920334496998E-017
 -0.236091382335139       1.243202473589340E-016
 -0.117613962400413       1.356220880279280E-016
  4.827329630646773E-002  1.130184066899400E-016
  0.202951666678117       6.781104401396399E-017
  0.292366411885841      -2.260368133798800E-017
  0.285909080167022      -1.017165660209460E-016
  0.186882430145832      -1.356220880279280E-016
  3.097442080642267E-002 -1.130184066899400E-016
 -0.126593694676200      -4.520736267597599E-017
 -0.230620605967704       4.520736267597599E-017
 -0.245258246422504       1.017165660209460E-016
 -0.166356300596865       1.017165660209460E-016
 -2.257052893929922E-002  9.041472535195198E-017
  0.135030875624577       4.520736267597599E-017
  0.251097362927549      -2.260368133798800E-017
  0.285428425804741      -6.781104401396399E-017
  0.226888190888790      -1.017165660209460E-016
  9.698891522967258E-002 -1.130184066899400E-016
 -5.799911637839419E-002 -6.781104401396399E-017
 -0.183522867596574       0.000000000000000E+000
 -0.235943203546378       6.781104401396399E-017
 -0.197699898904365       1.017165660209460E-016
 -8.317760625217344E-002  9.041472535195198E-017
  6.668033664472672E-002  4.520736267597599E-017
  0.199001176325084       0.000000000000000E+000
  0.267630643652948      -4.520736267597599E-017
  0.249224519232736      -9.041472535195198E-017
  0.151175896549557      -9.041472535195198E-017
  8.690745699986619E-003 -4.520736267597599E-017
 -0.127845666224526       0.000000000000000E+000
 -0.210680911948310       6.781104401396399E-017
 -0.211391198888600       9.041472535195198E-017
 -0.130625548732075       7.911288468295798E-017
  2.438576449611303E-003  6.781104401396399E-017
  0.140625335640697       2.260368133798800E-017
  0.235479358825855      -2.260368133798800E-017
  0.254250370425204      -6.781104401396399E-017
  0.191192094251434      -6.781104401396399E-017
  6.928020302015533E-002 -4.520736267597599E-017
 -6.814785236058153E-002  0.000000000000000E+000
 -0.172793172227407       4.520736267597599E-017
 -0.208365375584399       6.781104401396399E-017
 -0.163161630995592       6.781104401396399E-017
 -5.389706781973403E-002  6.781104401396399E-017
  8.045950412506782E-002  4.520736267597599E-017
  0.192576564660411       0.000000000000000E+000
  0.243428147043645      -4.520736267597599E-017
  0.215871314036623      -6.781104401396399E-017
  0.120411305814066      -6.781104401396399E-017
 -8.779511616735857E-003 -4.520736267597599E-017
 -0.126088220769573       0.000000000000000E+000
 -0.190561302125015       4.520736267597599E-017
 -0.180196956588549       6.781104401396399E-017
 -9.944390750768425E-002  6.781104401396399E-017
  2.264546728862089E-002  2.260368133798800E-017
  0.142858803801344      -1.130184066899400E-017
  0.219112652084847      -3.390552200698199E-017
  0.225179048633906      -5.650920334496998E-017
  0.159698195000356      -4.520736267597599E-017
  4.638311965448884E-002 -2.260368133798800E-017
 -7.455916406742497E-002  0.000000000000000E+000
 -0.160689499360069       2.260368133798800E-017
 -0.182224420785128       4.520736267597599E-017
 -0.132328968584562       4.520736267597599E-017
 -2.925981608464126E-002  4.520736267597599E-017
  9.030285436030165E-002  2.260368133798800E-017
  0.184303092466720      -1.130184066899400E-017
  0.220097130116649      -5.650920334496998E-017
  0.185783343389453      -7.911288468295798E-017
  9.414391520923400E-002 -6.781104401396399E-017
 -2.210156326851266E-002 -4.520736267597599E-017
 -0.121973290674223       0.000000000000000E+000
 -0.170673817891033       2.260368133798800E-017
 -0.151707544393573       6.781104401396399E-017
 -7.245793174234223E-002  6.781104401396399E-017
  3.865937025597836E-002  4.520736267597599E-017
  0.142378357608293       0.000000000000000E+000
  0.202453323211001      -4.520736267597599E-017
  0.198320102029336      -6.781104401396399E-017
  0.132126797165406      -6.781104401396399E-017
  2.773317320723285E-002 -4.520736267597599E-017
 -7.788304584399350E-002 -1.130184066899400E-017
 -0.147720205586271       1.695276100349100E-017
 -0.157711976049869       3.955644234147899E-017
 -0.105014608576499       3.390552200698199E-017
 -8.770846084469869E-003  2.260368133798800E-017
  9.683479482559590E-002  0.000000000000000E+000
  0.174712844907064      -1.130184066899400E-017
  0.197890377930418      -3.390552200698199E-017
  0.158847017847323      -4.520736267597599E-017
  7.193603454951449E-002 -3.390552200698199E-017
 -3.188178124336403E-002 -1.130184066899400E-017
 -0.116063047869825       0.000000000000000E+000
 -0.151341309567248       5.650920334496999E-018
 -0.125897321343315       2.825460167248499E-017
 -4.930760839461657E-002  4.520736267597599E-017
  5.104353378045404E-002  3.390552200698199E-017
  0.139749540265140       1.130184066899400E-017
  0.185869635376727      -5.650920334496999E-018
  0.173716231481263      -2.825460167248499E-017
  0.108182240543562      -3.390552200698199E-017
  1.280227199626488E-002 -4.520736267597599E-017
 -7.869376130735523E-002 -3.390552200698199E-017
 -0.134305274359201      -1.130184066899400E-017
 -0.134949500424673       0.000000000000000E+000
 -8.100339511236186E-002  2.260368133798800E-017
  8.041341820500765E-003  3.390552200698199E-017
  0.100613938764103       3.390552200698199E-017
  0.164253621173578       2.825460167248499E-017
  0.176987920898829       2.260368133798800E-017
  0.134913179795656      -1.130184066899400E-017
  5.336393065132787E-002 -3.390552200698199E-017
 -3.866821641114276E-002 -4.520736267597599E-017
 -0.108837642365816      -3.955644234147899E-017
 -0.132809658806408      -5.650920334496999E-018
 -0.102695407179453       2.260368133798800E-017
 -2.963468180580120E-002  4.520736267597599E-017
  6.031382418738474E-002  4.520736267597599E-017
  0.135462239634986       2.260368133798800E-017
  0.169652998874248      -5.650920334496999E-018
  0.151359289845087      -3.955644234147899E-017
  8.756181213800644E-002 -3.390552200698199E-017
  1.101308810465830E-003 -2.260368133798800E-017
 -7.749447754203745E-002 -2.260368133798800E-017
 -0.120786516952711       0.000000000000000E+000
 -0.114000455469914       2.260368133798800E-017
 -6.006223601285205E-002  4.520736267597599E-017
  2.162049282185968E-002  4.520736267597599E-017
  0.102135901891112       2.260368133798800E-017
  0.153297669039130       0.000000000000000E+000
  0.157508528500824      -3.390552200698199E-017
  0.113807244664101      -4.520736267597599E-017
  3.802302410712743E-002 -4.520736267597599E-017
 -4.295216391397145E-002 -2.260368133798800E-017
 -0.100702954908175       1.130184066899400E-017
 -0.115258978741155       3.390552200698199E-017
 -8.199641007706242E-002  3.390552200698199E-017
 -1.308919702388926E-002  3.390552200698199E-017
  6.693857087512971E-002  3.390552200698199E-017
  0.129936861288576       1.130184066899400E-017
  0.154028192603112      -1.695276100349100E-017
  0.131200877453832      -3.390552200698199E-017
  6.996295042372079E-002 -3.390552200698199E-017
 -7.818560227326602E-003 -2.260368133798800E-017
 -7.472233916973280E-002 -1.130184066899400E-017
 -0.107437193308514       1.130184066899400E-017
 -9.488109096286411E-002  1.130184066899400E-017
 -4.194829917003931E-002  2.260368133798800E-017
  3.237979600167848E-002  2.260368133798800E-017
  0.101836778347452       1.130184066899400E-017
  0.142150109998837       0.000000000000000E+000
  0.139520033937064      -1.695276100349100E-017
  9.533774268748288E-002 -3.390552200698199E-017
  2.553163160197895E-002 -2.260368133798800E-017
 -4.517052009920405E-002  0.000000000000000E+000
 -9.199819898298565E-002  1.695276100349100E-017
 -9.881377597630098E-002  3.955644234147899E-017
 -6.366959442627926E-002  3.955644234147899E-017
  6.654937793330090E-004  2.260368133798800E-017
  7.133939465862756E-002  1.130184066899400E-017
  0.123530600547644      -1.130184066899400E-017
  0.139162783943235      -3.390552200698199E-017
  0.113161535174398      -3.955644234147899E-017
  5.508895358033896E-002 -3.390552200698199E-017
 -1.436569214084704E-002 -2.260368133798800E-017
 -7.075378356363626E-002  0.000000000000000E+000
 -9.447097638555135E-002  3.390552200698199E-017
 -7.756990910349727E-002  5.085828301047299E-017
 -2.641568595877778E-002  4.520736267597599E-017
  4.070027803506040E-002  3.390552200698199E-017
  0.100097076161293       5.650920334496999E-018
  0.131056942610798      -2.260368133798800E-017
  0.123048521103936      -4.520736267597599E-017
  7.930342185357883E-002 -5.650920334496998E-017
  1.553348399251363E-002 -4.520736267597599E-017
 -4.570871458476069E-002 -1.695276100349100E-017
 -8.300324708527264E-002  1.695276100349100E-017
 -8.355208517878035E-002  4.520736267597599E-017
 -4.756663150670080E-002  5.085828301047299E-017
  1.194903696416256E-002  3.955644234147899E-017
  7.389279075853948E-002  1.695276100349100E-017
  0.116543659991890      -1.130184066899400E-017
  0.125175719893229      -2.825460167248499E-017
  9.713864075580905E-002 -2.825460167248499E-017
  4.265338999840425E-002 -1.130184066899400E-017
 -1.890857031755645E-002  0.000000000000000E+000
 -6.590993682569062E-002  1.130184066899400E-017
 -8.205021498352165E-002  1.695276100349100E-017
 -6.201589347852020E-002  2.825460167248499E-017
 -1.322076883558670E-002  2.825460167248499E-017
  4.693016963018286E-002  1.695276100349100E-017
  9.724593127120762E-002  0.000000000000000E+000
  0.120212546368382      -1.130184066899400E-017
  0.108086424117167      -1.695276100349100E-017
  6.549906960731873E-002 -2.260368133798800E-017
  7.699227067123953E-003 -1.130184066899400E-017
 -4.490403579822082E-002 -5.650920334496999E-018
 -7.394558969435464E-002  0.000000000000000E+000
 -6.951360722908885E-002  0.000000000000000E+000
 -3.352807554969562E-002  1.130184066899400E-017
  2.106149115521400E-002  1.130184066899400E-017
  7.493227197877365E-002  1.130184066899400E-017
  0.109225294373987       1.130184066899400E-017
  0.112145087080427       5.650920334496999E-018
  8.301311994142573E-002  0.000000000000000E+000
  3.238339466098434E-002 -5.650920334496999E-018
 -2.177706528033137E-002 -1.695276100349100E-017
 -6.046196347234749E-002 -1.695276100349100E-017
 -7.029347519760130E-002 -5.650920334496999E-018
 -4.814559705358942E-002  5.650920334496999E-018
 -2.126368256737520E-003  2.260368133798800E-017
  5.138504996830489E-002  3.390552200698199E-017
  9.356545319357935E-002  3.673098217423049E-017
  0.109766636862710       2.542914150523649E-017
  9.459960280979922E-002  0.000000000000000E+000
  5.372020467844937E-002 -2.260368133798800E-017
  1.727089006065215E-003 -3.390552200698199E-017
 -4.304919940783581E-002 -3.955644234147899E-017
 -6.500686337142705E-002 -3.390552200698199E-017
 -5.670689672779704E-002 -8.476380501745498E-018
 -2.138870407228073E-002  2.260368133798800E-017
  2.828166585909033E-002  4.520736267597599E-017
  7.475090834572556E-002  5.085828301047299E-017
  0.101779594879747       3.955644234147899E-017
  0.100115057234066       8.476380501745498E-018
  7.065508551714665E-002 -2.260368133798800E-017
  2.402201928505343E-002 -4.520736267597599E-017
 -2.326418098653863E-002 -4.520736267597599E-017
 -5.463627145090377E-002 -2.825460167248499E-017
 -5.928236053844983E-002  0.000000000000000E+000
 -3.586918744306106E-002  2.825460167248499E-017
  7.095069296297570E-003  5.085828301047299E-017
  5.434860039716174E-002  5.650920334496998E-017
  8.929508499806703E-002  4.238190250872749E-017
  9.983064595943140E-002  1.130184066899400E-017
  8.253346622401163E-002 -2.260368133798800E-017
  4.376678200815529E-002 -5.085828301047299E-017
 -2.657123440279902E-003 -5.650920334496998E-017
 -4.039603656408929E-002 -4.520736267597599E-017
 -5.632890746142353E-002 -1.412730083624250E-017
 -4.511565503320954E-002  1.977822117073949E-017
 -1.098185537351034E-002  4.520736267597599E-017
  3.386622203948706E-002  5.650920334496998E-017
  7.360412692668020E-002  4.803282284322449E-017
  9.437094977388077E-002  2.825460167248499E-017
  8.910204889336525E-002  2.825460167248499E-018
  5.992851608248009E-002 -3.390552200698199E-017
  1.732978803367193E-002 -5.085828301047299E-017
 -2.362814936977027E-002 -5.650920334496998E-017
 -4.861949853609397E-002 -3.673098217423049E-017
 -4.906762610617354E-002 -2.825460167248499E-018
 -2.508554852650061E-002  3.673098217423049E-017
  1.465914440060138E-002  6.781104401396399E-017
  5.607382254196604E-002  7.346196434846099E-017
  8.463588573646003E-002  5.650920334496998E-017
  9.048351898255831E-002  1.977822117073949E-017
  7.181822102792654E-002 -1.695276100349100E-017
  3.544604392369161E-002 -5.085828301047299E-017
 -5.700558794545446E-003 -6.781104401396399E-017
 -3.715920296609672E-002 -5.933466351221848E-017
 -4.801932764663368E-002 -3.390552200698199E-017
 -3.470419175421502E-002  2.825460167248499E-018
 -2.142888430506610E-003  3.955644234147899E-017
  3.804939107595538E-002  6.216012367946698E-017
  7.171265982395988E-002  6.216012367946698E-017
  8.712913925490254E-002  4.520736267597599E-017
  7.910014631864308E-002  1.977822117073949E-017
  5.069508265244948E-002 -1.695276100349100E-017
  1.208559467576309E-002 -4.520736267597599E-017
 -2.309475813010277E-002 -5.650920334496998E-017
 -4.256322674903783E-002 -5.085828301047299E-017
 -3.967461374442581E-002 -1.977822117073949E-017
 -1.568653587767996E-002  1.695276100349100E-017
  2.076789526806274E-002  4.520736267597599E-017
  5.678459774733791E-002  5.933466351221848E-017
  7.975466522039347E-002  5.085828301047299E-017
  8.177693516017180E-002  1.977822117073949E-017
  6.237332379253892E-002 -1.130184066899400E-017
  2.857464004519561E-002 -3.955644234147899E-017
 -7.624262751821729E-003 -5.085828301047299E-017
 -3.351983067736112E-002 -4.520736267597599E-017
 -4.015655963076016E-002 -2.825460167248499E-017
 -2.542212143776096E-002  2.825460167248499E-018
  5.288118302891103E-003  2.825460167248499E-017
  4.104318672842346E-002  4.520736267597599E-017
  6.926554962781978E-002  4.803282284322449E-017
  8.015403934136182E-002  3.108006183973349E-017
  7.008582350038918E-002  5.650920334496999E-018
  4.281722587336566E-002 -2.260368133798800E-017
  8.087061638371704E-003 -3.955644234147899E-017
 -2.185981665417453E-002 -4.520736267597599E-017
 -3.658838860797487E-002 -3.673098217423049E-017
 -3.110804344798025E-002 -1.412730083624250E-017
 -7.560480058041676E-003  1.412730083624250E-017
  2.560878614868435E-002  3.673098217423049E-017
  5.667748434527008E-002  4.520736267597599E-017
  7.478791943211842E-002  3.673098217423049E-017
  7.373996846012408E-002  1.130184066899400E-017
  5.411121581276242E-002 -1.130184066899400E-017
  2.298012737064470E-002 -3.390552200698199E-017
 -8.624423878548814E-003 -4.520736267597599E-017
 -2.962906258805338E-002 -3.390552200698199E-017
 -3.279443805028361E-002 -1.412730083624250E-017
 -1.720836367437378E-002  8.476380501745498E-018
  1.146432204364493E-002  3.108006183973349E-017
  4.303800160952982E-002  4.238190250872749E-017
  6.642314010967275E-002  3.814371225785474E-017
  7.351992332242388E-002  2.119095125436374E-017
  6.202202543501249E-002 -5.650920334496999E-018
  3.616058018960432E-002 -2.825460167248499E-017
  5.150466723762750E-003 -4.520736267597599E-017
 -2.009168249760638E-002 -3.955644234147899E-017
 -3.078934315845398E-002 -2.825460167248499E-017
 -2.335620200578935E-002 -2.825460167248499E-018
 -5.950271087458356E-004  2.260368133798800E-017
  2.935418735349078E-002  3.955644234147899E-017
  5.592366670904397E-002  4.520736267597599E-017
  6.984553024171157E-002  3.673098217423049E-017
  6.638321397616248E-002  1.977822117073949E-017
  4.694041719508547E-002 -1.130184066899400E-017
  1.850195092993326E-002 -3.955644234147899E-017
 -8.873834923763721E-003 -5.368374317772149E-017
 -2.561142471781090E-002 -4.944555292684874E-017
 -2.596628478853560E-002 -3.249279192335774E-017
 -9.994514508491585E-003  2.825460167248499E-018
  1.653062722799261E-002  3.390552200698199E-017
  4.420349514530982E-002  5.085828301047299E-017
  6.331999587140275E-002  5.085828301047299E-017
  6.727936018375316E-002  3.673098217423049E-017
  5.486166098532792E-002  8.476380501745498E-018
  3.059583415273257E-002 -2.260368133798800E-017
  3.110329523056090E-003 -5.085828301047299E-017
 -1.793378621743028E-002 -5.933466351221848E-017
 -2.523761121447976E-002 -4.238190250872749E-017
 -1.639457341341713E-002 -1.130184066899400E-017
  5.320600032917794E-003  1.977822117073949E-017
  3.216125345731385E-002  4.238190250872749E-017
  5.467098549114129E-002  5.085828301047299E-017
  6.501420584018104E-002  3.955644234147899E-017
  5.970241069831953E-002  1.695276100349100E-017
  4.076805371379433E-002 -1.130184066899400E-017
  1.499199459452697E-002 -3.955644234147899E-017
 -8.523495990215374E-003 -5.085828301047299E-017
 -2.156800443877867E-002 -4.520736267597599E-017
 -1.968853763208175E-002 -2.260368133798800E-017
 -3.707655313448352E-003  8.476380501745498E-018
  2.062266549556385E-002  3.390552200698199E-017
  4.468969405174299E-002  4.520736267597599E-017
  6.006770826763570E-002  4.096917242510324E-017
  6.146671787663778E-002  2.119095125436374E-017
  4.855056211859799E-002 -5.650920334496999E-018
  2.600010855204023E-002 -3.108006183973349E-017
  1.818736855028647E-003 -5.085828301047299E-017
 -1.550710565315486E-002 -5.368374317772149E-017
 -1.998526842041570E-002 -3.673098217423049E-017
 -1.018895740082814E-002 -8.476380501745498E-018
  1.029384163144907E-002  2.542914150523649E-017
  3.417211818730103E-002  4.803282284322449E-017
  5.304599197219437E-002  4.944555292684874E-017
  6.036064870684740E-002  3.249279192335774E-017
  5.368159523674478E-002  2.825460167248499E-018
  3.550188582861386E-002 -2.825460167248499E-017
  1.231478126963046E-002 -5.085828301047299E-017
 -7.704298656036195E-003 -6.216012367946698E-017
 -1.757941343306552E-002 -5.227101309409724E-017
 -1.396394503736367E-002 -2.825460167248499E-017
  1.727337466757568E-003  5.650920334496999E-018
  2.386616548614506E-002  3.390552200698199E-017
  4.462823898199835E-002  4.803282284322449E-017
  5.675755641711433E-002  4.379463259235174E-017
  5.610128570410739E-002  2.401641142161225E-017
  4.302996349501159E-002 -5.650920334496999E-018
  2.225792642675793E-002 -3.673098217423049E-017
  1.144474946997177E-003 -5.650920334496998E-017
 -1.291255218728772E-002 -5.933466351221848E-017
 -1.506800193672222E-002 -4.379463259235174E-017
 -4.698122851967161E-003 -1.554003091986675E-017
  1.442747165794834E-002  1.695276100349100E-017
  3.551433554618263E-002  4.238190250872749E-017
  5.115598120268365E-002  5.085828301047299E-017
  5.593444631364591E-002  3.955644234147899E-017
  4.829582323014729E-002  1.412730083624250E-017
  3.105190456007450E-002 -1.412730083624250E-017
  1.034739191694579E-002 -3.673098217423049E-017
 -6.528741461677769E-003 -5.085828301047299E-017
 -1.370852303127131E-002 -4.803282284322449E-017
 -8.784356001885584E-003 -3.108006183973349E-017
  6.385921797718292E-003 -4.238190250872749E-018
  2.637664277601649E-002  2.260368133798800E-017
  4.413372224972611E-002  4.379463259235174E-017
  5.346300174210994E-002  4.944555292684874E-017
  5.119003478138495E-002  3.390552200698199E-017
  3.823855458329259E-002  5.650920334496999E-018
  1.926184149393545E-002 -2.825460167248499E-017
  9.720255681981948E-004 -4.803282284322449E-017
 -1.023324124063301E-002 -5.227101309409724E-017
 -1.050784205199187E-002 -3.814371225785474E-017
  1.239577535082997E-004 -1.554003091986675E-017
  1.781863412801309E-002  1.271457075261825E-017
  3.630150682054402E-002  3.249279192335774E-017
  4.909096874371773E-002  3.955644234147899E-017
  5.177068640603431E-002  3.390552200698199E-017
  4.351349607248008E-002  1.130184066899400E-017
  2.733155387691370E-002 -1.695276100349100E-017
  8.979163746460029E-003 -3.955644234147899E-017
 -5.092637073300031E-003 -4.944555292684874E-017
 -1.000296674432063E-002 -4.379463259235174E-017
 -4.133135950588855E-003 -2.542914150523649E-017
  1.034240282611977E-002 -1.412730083624250E-018
  2.825934872969600E-002  2.260368133798800E-017
  4.330507147230261E-002  3.814371225785474E-017
  5.024200243642244E-002  3.955644234147899E-017
  4.673003877971766E-002  2.825460167248499E-017
  3.411415397230221E-002  2.825460167248499E-018
  1.691278424062090E-002 -2.260368133798800E-017
  1.200473908709189E-003 -4.238190250872749E-017
 -7.536627445378368E-003 -4.944555292684874E-017
 -6.315584091015253E-003 -3.955644234147899E-017
  4.326248210784121E-003 -1.977822117073949E-017
  2.055818715069135E-002  4.238190250872749E-018
  3.663404227533867E-002  2.542914150523649E-017
  4.692558445565436E-002  3.814371225785474E-017
  4.789230384184162E-002  3.108006183973349E-017
  3.929833050244054E-002  1.130184066899400E-017
  2.425863405420247E-002 -1.412730083624250E-017
  8.111219526515978E-003 -3.673098217423049E-017
 -3.476780006431822E-003 -4.803282284322449E-017
 -6.497410517976017E-003 -4.379463259235174E-017
  1.275959213679272E-005 -2.684187158886074E-017
  1.366877728419836E-002  0.000000000000000E+000
  2.960942491954105E-002  2.684187158886074E-017
  4.222694268434809E-002  4.167553746691537E-017
  4.713914076553988E-002  4.167553746691537E-017
  4.271057923678797E-002  2.119095125436374E-017
  3.059505254592678E-002 -2.825460167248499E-018
  1.512017799180348E-002 -3.108006183973349E-017
  1.742367630661447E-003 -4.944555292684874E-017
 -4.876491756326871E-003 -5.368374317772149E-017
 -2.492918857036781E-003 -4.096917242510324E-017
  7.959120174782321E-003 -1.412730083624250E-017
  2.273030281474835E-002  1.554003091986675E-017
  3.660001455217693E-002  3.673098217423049E-017
  4.472086409045163E-002  4.308826755053961E-017
  4.431216984219518E-002  3.249279192335774E-017
  3.561100774695584E-002  5.650920334496999E-018
  2.175593526127431E-002 -2.260368133798800E-017
  7.655872314773623E-003 -4.520736267597599E-017
 -1.748551152603852E-003 -5.650920334496998E-017
 -3.215595708674883E-003 -4.944555292684874E-017
  3.681021752913187E-003 -2.684187158886074E-017
  1.643386227564598E-002  2.825460167248499E-018
  3.051221702850262E-002  2.825460167248499E-017
  4.097109403522635E-002  3.885007729966687E-017
  4.418756133504086E-002  3.461188704879411E-017
  3.911496083465867E-002  1.695276100349100E-017
  2.762106887078512E-002 -8.476380501745498E-018
  1.380187075015265E-002 -3.390552200698199E-017
  2.522559149743158E-003 -5.085828301047299E-017
 -2.294773366602220E-003 -5.227101309409724E-017
  9.657082779533228E-004 -3.814371225785474E-017
  1.107311635268722E-002 -1.412730083624250E-017
  2.441227699471870E-002  1.412730083624250E-017
  3.627606810359155E-002  3.390552200698199E-017
  4.252592555817714E-002  4.167553746691537E-017
  4.103493731468406E-002  3.249279192335774E-017
  3.241053748307905E-002  1.130184066899400E-017
  1.975164554922719E-002 -1.695276100349100E-017
  7.535943008235324E-003 -4.238190250872749E-017
  3.655839098524072E-005 -5.509647326134574E-017
 -1.721631829660869E-004 -5.227101309409724E-017
  6.902504320971411E-003 -3.249279192335774E-017
  1.870266560851496E-002 -4.238190250872749E-018
  3.104370878239274E-002  2.189731629617587E-017
  3.959771769864227E-002  3.885007729966687E-017
  4.141072259804673E-002  4.026280738329112E-017
  3.592206239844971E-002  2.401641142161225E-017
  2.513435665530993E-002 -2.825460167248499E-018
  1.288392255648363E-002 -3.390552200698199E-017
  3.477056769914319E-003 -5.368374317772149E-017
  1.767561617344640E-004 -5.580283830315786E-017
  4.071488457443964E-003 -4.026280738329112E-017
  1.371796796518260E-002 -1.342093579443037E-017
  2.567450876188139E-002  1.412730083624250E-017
  3.572835545405299E-002  3.461188704879411E-017
  4.037952179621613E-002  4.096917242510324E-017
  3.805865782700320E-002  3.108006183973349E-017
  2.965537004186640E-002  7.063650418121248E-018
  1.817957251375051E-002 -1.977822117073949E-017
  7.684021931109020E-003 -4.238190250872749E-017
  1.833516421773645E-003 -5.227101309409724E-017
  2.625730555199585E-003 -4.591372771778811E-017
  9.709988984265608E-003 -2.472277646342437E-017
  2.053595917238931E-002  3.531825209060624E-018
  3.127104245752438E-002  2.684187158886074E-017
  3.815671318343695E-002  3.885007729966687E-017
  3.882396706651674E-002  3.461188704879411E-017
  3.310764911922527E-002  1.412730083624250E-017
  2.308000058803711E-002 -1.412730083624250E-017
  1.230028256620651E-002 -3.955644234147899E-017
  4.551904722722142E-003 -5.085828301047299E-017
  2.514975520706339E-003 -4.873918788503661E-017
  6.839869013081812E-003 -3.249279192335774E-017
  1.594183206241865E-002 -7.063650418121248E-018
  2.658061429489207E-002  1.765912604530312E-017
  3.501347673491870E-002  3.602461713241837E-017
  3.831146629945312E-002  3.955644234147899E-017
  3.537618699656601E-002  2.825460167248499E-017
  2.730428815430163E-002  5.650920334496999E-018
  1.697921327112761E-002 -1.977822117073949E-017
  8.041700195426582E-003 -3.955644234147899E-017
  3.606419510994568E-003 -4.803282284322449E-017
  5.176992558433663E-003 -4.167553746691537E-017
  1.213717123980340E-002 -2.189731629617587E-017
  2.199002103165948E-002  2.825460167248499E-018
  3.125309789152095E-002  2.366322890070618E-017
  3.668888993675375E-002  3.355233948607593E-017
  3.643591808597207E-002  2.754823663067287E-017
  3.064547079194241E-002  1.412730083624250E-017
  2.140643334099663E-002 -5.650920334496999E-018
  1.199238498504626E-002 -2.542914150523649E-017
  5.702107381409574E-003 -3.531825209060624E-017
  4.704049176356913E-003 -3.602461713241837E-017
  9.289380250546741E-003 -2.754823663067287E-017
  1.779071726730641E-002 -1.130184066899400E-017
  2.718764497943886E-002  7.063650418121248E-018
  3.417940385383762E-002  2.013140369164556E-017
  3.634393069000915E-002  2.542914150523649E-017
  3.297639565495690E-002  1.977822117073949E-017
  2.531710724056137E-002  5.650920334496999E-018
  1.609570304459418E-002 -9.889110585369747E-018
  8.558791742883544E-003 -2.542914150523649E-017
  5.327267906821193E-003 -3.390552200698199E-017
  7.485354179476557E-003 -3.319915696516986E-017
  1.421784016561126E-002 -2.189731629617587E-017
  2.311651587213988E-002 -4.944555292684874E-018
  3.104110671369373E-002  9.535928064463684E-018
  3.522709106548120E-002  2.013140369164556E-017
  3.424971275536291E-002  1.977822117073949E-017
  2.850816980102081E-002  1.412730083624250E-017
  2.006570309847407E-002  0.000000000000000E+000
  1.190868845236042E-002 -1.412730083624250E-017
  6.890608855300724E-003 -2.684187158886074E-017
  6.734209783597477E-003 -3.178642688154562E-017
  1.144064838755456E-002 -2.542914150523649E-017
  1.930806949178275E-002 -1.200820571080612E-017
  2.754638375798666E-002  3.531825209060624E-018
  3.326637489107273E-002  1.589321344077281E-017
  3.449261632532861E-002  2.048458621255162E-017
  3.084520426418205E-002  1.695276100349100E-017
  2.365521085648840E-002  8.476380501745498E-018
  1.547966863998581E-002 -2.825460167248499E-018
  9.192562763499832E-003 -1.412730083624250E-017
  6.974846787101200E-003 -2.331004637980012E-017
  9.558298984150317E-003 -2.613550654704862E-017
  1.598522714017158E-002 -2.083776873345768E-017
  2.396248715873459E-002 -1.059547562718187E-017
  3.067928273810504E-002  3.178642688154562E-018
  3.379723325652967E-002  1.165502318990006E-017
  3.226408173548732E-002  1.271457075261825E-017
  2.666802128013985E-002  9.889110585369747E-018
  1.901361769213447E-002  1.412730083624250E-018
  1.200417938798506E-002 -9.889110585369747E-018
  8.087335749089450E-003 -1.977822117073949E-017
  8.600679924442470E-003 -2.401641142161225E-017
  1.331557450197859E-002 -2.225049881708193E-017
  2.053449207327817E-002 -1.271457075261825E-017
  2.770169774229623E-002  0.000000000000000E+000
  3.230774792803339E-002  1.236138823171218E-017
  3.276780396307060E-002  1.977822117073949E-017
  2.896645780632028E-002  1.695276100349100E-017
  2.228194550389274E-002  7.063650418121248E-018
  1.508700940626871E-002 -5.650920334496999E-018
  9.906981540258234E-003 -1.836549108711525E-017
  8.533712862805722E-003 -2.613550654704862E-017
  1.140614325807944E-002 -2.542914150523649E-017
  1.747150058057442E-002 -1.730594352439706E-017
  2.457043781487932E-002 -3.178642688154562E-018
  3.020545316358474E-002  1.236138823171218E-017
  3.241926063311126E-002  2.401641142161225E-017
  3.047428738944494E-002  2.542914150523649E-017
  2.509752640035565E-002  1.977822117073949E-017
  1.820978832611258E-002  5.650920334496999E-018
  1.223985620714008E-002 -1.130184066899400E-017
  9.268308024569811E-003 -2.825460167248499E-017
  1.030272451124327E-002 -3.390552200698199E-017
  1.493666038912792E-002 -3.072687931882743E-017
  2.150757756532658E-002 -1.871867360802131E-017
  2.769292864404220E-002 -1.236138823171218E-018
  3.133080656840213E-002  1.377411831533643E-017
  3.117528701022541E-002  2.260368133798800E-017
  2.732265782619367E-002  2.260368133798800E-017
  2.116289663794083E-002  1.695276100349100E-017
  1.487862493061335E-002  1.412730083624250E-018
  1.067199864020475E-002 -1.412730083624250E-017
  9.993283522065305E-003 -2.542914150523649E-017
  1.304125466369848E-002 -2.719505410976680E-017
  1.870738578394758E-002 -2.119095125436374E-017
  2.497847940820887E-002 -8.652971762198529E-018
  2.965167843977522E-002  6.180694115856092E-018
  3.110801241899299E-002  1.624639596167887E-017
  2.887293202341542E-002  1.836549108711525E-017
  2.376987816793845E-002  1.271457075261825E-017
  1.761759298384716E-002  1.412730083624250E-018
  1.258220813098840E-002 -1.271457075261825E-017
  1.041482056247905E-002 -2.542914150523649E-017
  1.184282450982868E-002 -2.790141915157893E-017
  1.632646342118821E-002 -2.189731629617587E-017
  2.226183105674521E-002 -9.182745543557623E-018
  2.755430572968466E-002  5.827511594950030E-018
  3.035751196893765E-002  1.765912604530312E-017
  2.971719496260263E-002  2.260368133798800E-017
  2.589556755145015E-002  2.119095125436374E-017
  2.026606540635395E-002  9.889110585369747E-018
  1.482010570393055E-002 -4.238190250872749E-018
  1.146286471287102E-002 -1.907185612892737E-017
  1.134702433225396E-002 -2.790141915157893E-017
  1.447739499031132E-002 -2.896096671429712E-017
  1.972189095144611E-002 -2.172072503572284E-017
  2.522053271792522E-002 -7.770015459933373E-018
  2.904485142737523E-002  9.889110585369747E-018
  2.987400596580356E-002  2.401641142161225E-017
  2.745064802050578E-002  2.684187158886074E-017
  2.265931749409074E-002  1.695276100349100E-017
  1.720407693621509E-002  2.825460167248499E-018
  1.300269954820903E-002 -1.271457075261825E-017
  1.151269612708807E-002 -2.542914150523649E-017
  1.322596227838414E-002 -2.931414923520318E-017
  1.750716379178838E-002 -2.331004637980012E-017
  2.282866736673231E-002 -1.024229310627581E-017
  2.731536878626391E-002  7.063650418121248E-018
  2.940519831183591E-002  1.977822117073949E-017
  2.839271436082193E-002  2.401641142161225E-017
  2.466670510744722E-002  1.977822117073949E-017
  1.956196346165115E-002  7.063650418121248E-018
  1.488140030022562E-002 -9.889110585369747E-018
  1.225949091859744E-002 -2.260368133798800E-017
  1.259172971697224E-002 -2.684187158886074E-017
  1.572917351786921E-002 -2.189731629617587E-017
  2.054212241435295E-002 -9.889110585369747E-018
  2.532656517086836E-002  5.474329074043967E-018
  2.840726884497384E-002  1.730594352439706E-017
  2.872413799379888E-002  2.260368133798800E-017
  2.619668144900794E-002  1.695276100349100E-017
  2.174139567558478E-002  4.238190250872749E-018
  1.693980532423618E-002 -9.889110585369747E-018
  1.347726848381356E-002 -2.189731629617587E-017
  1.255160892814950E-002 -2.754823663067287E-017
  1.445900872315824E-002 -2.472277646342437E-017
  1.850022886825631E-002 -1.359752705488340E-017
  2.323646675538949E-002  2.670942814352097E-018
  2.700139101935077E-002  1.960162991028646E-017
  2.848721037653568E-002  2.825460167248499E-017
  2.719871501323960E-002  2.542914150523649E-017
  2.361773883652268E-002  1.271457075261825E-017
  1.902364112058047E-002 -5.650920334496999E-018
  1.503647022648973E-002 -1.907185612892737E-017
  1.304585514650063E-002 -2.684187158886074E-017
  1.372689093603885E-002 -2.542914150523649E-017
  1.681159823204868E-002 -1.448048335714856E-017
  2.119317394082377E-002  1.412730083624250E-018
  2.532285297353239E-002  1.606980470122584E-017
  2.775716999433973E-002  2.825460167248499E-017
  2.766230786178715E-002  2.966733175610924E-017
  2.509938033423459E-002  1.836549108711525E-017
  2.099315783165872E-002  2.825460167248499E-018
  1.679868056953638E-002 -1.130184066899400E-017
  1.398584567307997E-002 -2.260368133798800E-017
  1.352447680074263E-002 -2.790141915157893E-017
  1.555020258687135E-002 -2.225049881708193E-017
  1.932616072618625E-002 -9.006154283104591E-018
  2.351067589396937E-002  7.328537308800795E-018
  2.663379391905912E-002  2.083776873345768E-017
  2.761348325541646E-002  2.754823663067287E-017
  2.613028942007424E-002  2.401641142161225E-017
  2.273079766442553E-002  9.889110585369747E-018
  1.862666221821100E-002 -7.063650418121248E-018
  1.526294150095058E-002 -2.119095125436374E-017
  1.380945565092766E-002 -2.966733175610924E-017
  1.475414506656718E-002 -2.507595898433043E-017
  1.773971294020017E-002 -1.147843192944703E-017
  2.169807676020455E-002  4.547224956665553E-018
  2.523225784816203E-002  1.836549108711525E-017
  2.710923942950299E-002  2.578232402614256E-017
  2.668996736896594E-002  2.401641142161225E-017
  2.414659825681436E-002  1.130184066899400E-017
  2.039326030359456E-002 -7.063650418121248E-018
  1.675773536742977E-002 -2.401641142161225E-017
  1.451189898868195E-002 -3.531825209060624E-017
  1.442691913518322E-002 -3.567143461151230E-017
  1.650871246293848E-002 -2.295686385889406E-017
  2.000431427615176E-002 -3.355233948607593E-018
  2.367394275521802E-002  1.412730083624250E-017
  2.623054795165982E-002  2.896096671429712E-017
  2.679106535038063E-002  3.249279192335774E-017
  2.518121332433872E-002  2.331004637980012E-017
  2.198870836467374E-002  7.063650418121248E-018
  1.834903722598503E-002 -9.889110585369747E-018
  1.554176018627078E-002 -2.472277646342437E-017
  1.454081249551703E-002 -3.108006183973349E-017
  1.567679846507538E-002 -2.896096671429712E-017
  1.852830920852601E-002 -1.624639596167887E-017
  2.207779858659604E-002  2.207390755662890E-018
  2.507451011716561E-002  1.801230856620918E-017
  2.647507161929135E-002  2.754823663067287E-017
  2.580660204631084E-002  2.684187158886074E-017
  2.332602331907698E-002  1.412730083624250E-017
  1.992203355796036E-002 -5.650920334496999E-018
  1.679691023293402E-002 -2.119095125436374E-017
  1.504200649641730E-002 -2.966733175610924E-017
  1.525677704298617E-002 -2.896096671429712E-017
  1.734427252820896E-002 -1.889526486847434E-017
  2.055277468817921E-002 -2.472277646342437E-018
  2.374627581425474E-002  1.342093579443037E-017
  2.580655448980813E-002  2.401641142161225E-017
  2.602458662726683E-002  2.401641142161225E-017
  2.434433515542042E-002  1.624639596167887E-017
  2.137517048132829E-002  2.119095125436375E-018
  1.817112457665089E-002 -1.271457075261825E-017
  1.585685751959346E-002 -2.260368133798800E-017
  1.523301620768470E-002 -2.472277646342437E-017
  1.649941814346901E-002 -1.836549108711525E-017
  1.919170294086415E-002 -5.121146553137905E-018
  2.235128144649962E-002  9.535928064463684E-018
  2.486649148769893E-002  1.977822117073949E-017
  2.586359678280119E-002  2.401641142161225E-017
  2.501014915858314E-002  2.189731629617587E-017
  2.262544183746784E-002  1.130184066899400E-017
  1.956150075565595E-002 -3.531825209060624E-018
  1.689882298870470E-002 -1.695276100349100E-017
  1.556546018919606E-002 -2.472277646342437E-017
  1.601369180194755E-002 -2.401641142161225E-017
  1.806688347501549E-002 -1.606980470122584E-017
  2.098828405905059E-002 -2.119095125436375E-018
  2.374521950036937E-002  1.236138823171218E-017
  2.537400571008468E-002  2.260368133798800E-017
  2.531667472988927E-002  2.542914150523649E-017
  2.361190185568596E-002  1.907185612892737E-017
  2.087487860315386E-002  8.476380501745498E-018
  1.807550866393760E-002 -3.531825209060624E-018
  1.619482892170561E-002 -1.624639596167887E-017
  1.588132227882025E-002 -2.401641142161225E-017
  1.722748458019124E-002 -2.083776873345768E-017
  1.974356632495062E-002 -1.200820571080612E-017
  2.253550951315661E-002  1.765912604530312E-018
  2.462251228473330E-002  1.377411831533643E-017
  2.528146798479010E-002  2.260368133798800E-017
  2.429735774567748E-002  2.401641142161225E-017
  2.203294539949948E-002  1.977822117073949E-017
  1.929536086519034E-002  9.889110585369747E-018
  1.704853619341810E-002 -4.944555292684874E-018
  1.607390144154994E-002 -1.836549108711525E-017
  1.669873734918901E-002 -2.401641142161225E-017
  1.868657067162286E-002 -2.048458621255162E-017
  2.132620843850947E-002 -9.712519324916717E-018
  2.368603921809060E-002  4.238190250872749E-018
  2.494272028787856E-002  1.589321344077281E-017
  2.466832199887568E-002  2.189731629617587E-017
  2.297582821934863E-002  1.836549108711525E-017
  2.047360065337868E-002  9.182745543557623E-018
  1.804686165768855E-002 -4.238190250872749E-018
  1.654463001168447E-002 -1.695276100349100E-017
  1.648278956519176E-002 -2.436959394251831E-017
  1.786709968136742E-002 -2.331004637980012E-017
  2.019680676427658E-002 -1.624639596167887E-017
  2.264559942209915E-002 -2.825460167248499E-018
  2.435457908399065E-002  9.535928064463684E-018
  2.473341029282516E-002  1.836549108711525E-017
  2.366409601497089E-002  1.836549108711525E-017
  2.153708919020521E-002  9.889110585369747E-018
  1.910894401482728E-002 -4.944555292684874E-018
  1.723332729606779E-002 -2.048458621255162E-017
  1.656098841110678E-002 -2.896096671429712E-017
  1.731410245502305E-002 -2.896096671429712E-017
  1.921319216528129E-002 -2.083776873345768E-017
  2.158053742484492E-002 -7.416832939027310E-018
  2.358191047169636E-002  7.770015459933373E-018
  2.452045363079396E-002  1.695276100349100E-017
  2.407920673235466E-002  1.765912604530312E-017
  2.242791645126788E-002  1.130184066899400E-017
  2.015821988104683E-002 -7.063650418121248E-019
  1.807179509033642E-002 -1.695276100349100E-017
  1.689729178043901E-002 -2.966733175610924E-017
  1.703596022307820E-002 -3.496506956970018E-017
  1.842474387937354E-002 -2.860778419339106E-017
  2.056348527820682E-002 -1.306775327352431E-017
  2.269490669056114E-002  6.357285376309123E-018
  2.407264972356296E-002  2.048458621255162E-017
  2.422253334726396E-002  2.613550654704862E-017
  2.310561128138256E-002  1.977822117073949E-017
  2.112700876264500E-002  4.944555292684874E-018
  1.898914569613438E-002 -1.200820571080612E-017
  1.744246525187620E-002 -2.684187158886074E-017
  1.702209496444900E-002 -3.461188704879411E-017
  1.786281818611558E-002 -3.284597444426380E-017
  1.965628974493443E-002 -2.048458621255162E-017
  2.176390955322733E-002 -3.885007729966686E-018
  2.344410769189011E-002  1.306775327352431E-017
  2.411318213545917E-002  2.401641142161225E-017
  2.354797219241764E-002  2.825460167248499E-017
  2.196003219234168E-002  2.048458621255162E-017
  1.991674732051049E-002  3.531825209060624E-018
  1.813870612085756E-002 -1.695276100349100E-017
  1.724565626663084E-002 -3.178642688154562E-017
  1.754057852351110E-002 -3.743734721604262E-017
  1.890707668595039E-002 -3.143324436063955E-017
  2.085476767908477E-002 -1.518684839896068E-017
  2.269514289183006E-002  4.944555292684874E-018
  2.378487354222405E-002  2.436959394251831E-017
  2.375060910328375E-002  3.319915696516986E-017
  2.261674746199026E-002  2.613550654704862E-017
  2.079250171319313E-002  9.182745543557623E-018
  1.892434545044645E-002 -1.130184066899400E-017
  1.766699643477589E-002 -3.037369679792137E-017
  1.745404019978917E-002 -3.814371225785474E-017
  1.834852633052339E-002 -3.461188704879411E-017
  2.002497688586106E-002 -2.083776873345768E-017
  2.188765762931855E-002 -1.412730083624250E-018
  2.328218928817149E-002  1.765912604530312E-017
  2.372536154998658E-002  2.896096671429712E-017
  2.307246692641494E-002  3.037369679792137E-017
  2.156424277496104E-002  1.977822117073949E-017
  1.973831063024955E-002 -7.063650418121248E-019
  1.823762245936868E-002 -1.977822117073949E-017
  1.758413341270901E-002 -3.249279192335774E-017
  1.799734571459220E-002 -3.496506956970018E-017
  1.932077538537744E-002 -2.578232402614256E-017
  2.108090261488278E-002 -7.770015459933373E-018
  2.265649914989516E-002  1.094865814808793E-017
  2.349781542014366E-002  2.401641142161225E-017
  2.331831679321130E-002  2.542914150523649E-017
  2.219212488678803E-002  1.695276100349100E-017
  2.052408003536185E-002  1.412730083624250E-018
  1.890431478733589E-002 -1.554003091986675E-017
  1.789954191554070E-002 -2.896096671429712E-017
  1.785484725724541E-002 -3.249279192335774E-017
  1.877528458986546E-002 -2.684187158886074E-017
  2.032785799403077E-002 -1.236138823171218E-017
  2.196186900593727E-002  4.238190250872749E-018
  2.310417624726255E-002  1.765912604530312E-017
  2.336015999483297E-002  2.260368133798800E-017
  2.264994995580229E-002  1.907185612892737E-017
  2.123292298061325E-002  7.063650418121248E-018
  1.961312443384694E-002 -8.476380501745498E-018
  1.836004913029675E-002 -2.260368133798800E-017
  1.790847923957593E-002 -3.037369679792137E-017
  1.840770801270842E-002 -2.896096671429712E-017
  1.967240694509102E-002 -2.013140369164556E-017
  2.125122129437871E-002 -7.416832939027310E-018
  2.258777232644474E-002  5.297737813590936E-018
  2.321666279985738E-002  1.483366587805462E-017
  2.292545734696140E-002  1.836549108711525E-017
  2.182628690293316E-002  1.554003091986675E-017
  2.031299827331727E-002  5.650920334496999E-018
  1.892011829650662E-002 -7.770015459933373E-018
  1.813410752988816E-002 -1.977822117073949E-017
  1.822352983049609E-002 -2.719505410976680E-017
  1.914740452815276E-002 -2.578232402614256E-017
  2.057297394438584E-002 -1.801230856620918E-017
  2.199545656345143E-002 -6.004102855403061E-018
  2.291672227856455E-002  9.182745543557623E-018
  2.301966655621236E-002  2.048458621255162E-017
  2.227726430495755E-002  2.119095125436374E-017
  2.095883308330755E-002  1.342093579443037E-017
  1.953244656557903E-002 -1.412730083624250E-018
  1.849881955517081E-002 -1.554003091986675E-017
  1.821559504937914E-002 -2.542914150523649E-017
  1.877367479062494E-002 -2.578232402614256E-017
  1.996832862404696E-002 -1.765912604530312E-017
  2.137415438576909E-002 -4.944555292684874E-018
  2.249649097864592E-002  8.829563022651561E-018
  2.294541535689934E-002  1.907185612892737E-017
  2.257113961583055E-002  1.977822117073949E-017
  2.151381744029058E-002  1.200820571080612E-017
  2.015126198327884E-002 -2.119095125436375E-018
  1.896401121670560E-002 -1.554003091986675E-017
  1.836590762405155E-002 -2.542914150523649E-017
  1.855990460449565E-002 -2.754823663067287E-017
  1.946931848827610E-002 -2.119095125436374E-017
  2.076776945764060E-002 -1.165502318990006E-017
  2.199623683788272E-002  1.412730083624250E-018
  2.272527408350842E-002  9.889110585369747E-018
  2.270507663461418E-002  1.412730083624250E-017
  2.195098221315893E-002  1.059547562718187E-017
  2.073517348577528E-002 -7.063650418121248E-019
  1.948852397015571E-002 -1.412730083624250E-017
  1.864795283805775E-002 -2.472277646342437E-017
  1.850334703209394E-002 -2.825460167248499E-017
  1.909766407523512E-002 -2.260368133798800E-017
  2.021461316308490E-002 -1.236138823171218E-017
  2.145726219768826E-002  3.531825209060624E-019
  2.238903877986049E-002  1.130184066899400E-017
  2.268705738438556E-002  1.412730083624250E-017
  2.225394078546803E-002  1.130184066899400E-017
  2.124943338248882E-002  0.000000000000000E+000
  2.003162044102842E-002 -1.059547562718187E-017
  1.902933611169118E-002 -1.977822117073949E-017
  1.859120292396906E-002 -2.542914150523649E-017
  1.886442772785996E-002 -2.401641142161225E-017
  1.974547193379300E-002 -1.695276100349100E-017
  2.091907837951679E-002 -7.416832939027310E-018
  2.197101234817653E-002  7.063650418121248E-019
  2.253422080790053E-002  6.357285376309123E-018
  2.241685542084676E-002  7.063650418121248E-018
  2.166752520753230E-002  7.063650418121248E-019
  2.055561979700831E-002 -7.770015459933373E-018
  1.947453141893195E-002 -1.412730083624250E-017
  1.880251862810343E-002 -1.836549108711525E-017
  1.877040539927254E-002 -1.836549108711525E-017
  1.938237255760891E-002 -1.342093579443037E-017
  2.041699483864786E-002 -6.004102855403061E-018
  2.150727481378580E-002 -3.531825209060624E-019
  2.227077362432366E-002  1.412730083624250E-018
  2.244371326687256E-002 -7.063650418121248E-019
  2.197204335086352E-002 -3.531825209060624E-018
  2.102805525918445E-002 -6.357285376309123E-018
  1.994754700861131E-002 -1.342093579443037E-017
  1.911042076798176E-002 -1.907185612892737E-017
  1.880715261669294E-002 -1.836549108711525E-017
  1.913805337234542E-002 -1.448048335714856E-017
  1.998023793548811E-002 -8.476380501745498E-018
  2.103312341126625E-002 -3.885007729966686E-018
  2.192565571011206E-002 -7.063650418121248E-019
  2.234703213547711E-002 -1.412730083624250E-018
  2.215488099626887E-002 -7.063650418121248E-018
  2.142326202399275E-002 -1.200820571080612E-017
  2.041434176451907E-002 -1.554003091986675E-017
  1.948450568077760E-002 -1.695276100349100E-017
  1.895851050542219E-002 -1.836549108711525E-017
  1.901610198525570E-002 -1.624639596167887E-017
  1.963066744174026E-002 -1.024229310627581E-017
  2.058083304534843E-002 -3.531825209060624E-018
  2.153013935938464E-002  1.412730083624250E-018
  2.214614108862532E-002  2.825460167248499E-018
  2.221678665772180E-002  2.119095125436375E-018
  2.172335097115749E-002 -2.825460167248499E-018
  2.084485944907753E-002 -9.889110585369747E-018
  1.989321009355947E-002 -1.695276100349100E-017
  1.920247896577437E-002 -1.836549108711525E-017
  1.901168044808237E-002 -1.695276100349100E-017
  1.938211242404811E-002 -1.200820571080612E-017
  2.017785079105398E-002 -6.004102855403061E-018
  2.111552728889557E-002 -1.765912604530312E-018
  2.186519359373907E-002  1.765912604530312E-018
  2.216638480675643E-002  0.000000000000000E+000
  2.191856862392223E-002 -4.944555292684874E-018
  2.121458715598887E-002 -1.130184066899400E-017
  2.030600906613005E-002 -1.624639596167887E-017
  1.951327732144833E-002 -1.907185612892737E-017
  1.911272847997101E-002 -1.765912604530312E-017
  1.924030513122672E-002 -1.200820571080612E-017
  1.984549760659520E-002 -4.591372771778812E-018
  2.071109043949524E-002  3.178642688154562E-018
  2.153107203319182E-002  6.004102855403061E-018
  2.201878130520202E-002  5.650920334496999E-018
  2.200708415159729E-002  7.063650418121248E-019
  2.150558543487784E-002 -7.063650418121248E-018
  2.069531476512794E-002 -1.554003091986675E-017
  1.986343719918674E-002 -2.189731629617587E-017
  1.930151537675774E-002 -2.472277646342437E-017
  1.920335441938936E-002 -2.189731629617587E-017
  1.959820938153879E-002 -1.448048335714856E-017
  2.034235603558249E-002 -6.710467897215186E-018
  2.117133281983793E-002  1.059547562718187E-018
  2.179388898911811E-002  5.650920334496999E-018
  2.199427760911609E-002  5.650920334496999E-018
  2.170697782318764E-002 -7.063650418121248E-019
  2.103798259459124E-002 -1.059547562718187E-017
  2.022578658629814E-002 -1.977822117073949E-017
  1.955640189700719E-002 -2.472277646342437E-017
  1.926267089978563E-002 -2.331004637980012E-017
  1.944331059090331E-002 -1.765912604530312E-017
  2.002982172077382E-002 -8.123197980839436E-018
  2.081232302153393E-002  7.063650418121248E-019
  2.151461294106184E-002  6.004102855403061E-018
  2.189162862330146E-002  4.944555292684874E-018
  2.181492436915758E-002 -2.119095125436375E-018
  2.131636685523949E-002 -1.200820571080612E-017
  2.057520598773030E-002 -1.907185612892737E-017
  1.985367417350335E-002 -2.401641142161225E-017
  1.940423550431118E-002 -2.189731629617587E-017
  1.938127949794755E-002 -1.836549108711525E-017
  1.978813559650348E-002 -1.236138823171218E-017
  2.047757436518220E-002 -3.531825209060624E-018
  2.120502955994358E-002  3.885007729966686E-018
  2.171532059669574E-002  7.063650418121248E-018
  2.183213509030206E-002  3.531825209060624E-018
  2.151890381112685E-002 -5.650920334496999E-018
  2.089006510414349E-002 -1.765912604530312E-017
  2.016932145210810E-002 -2.825460167248499E-017
  1.961009195058527E-002 -3.249279192335774E-017
  1.940643582732142E-002 -2.825460167248499E-017
  1.962574715973741E-002 -1.907185612892737E-017
  2.018655112375564E-002 -6.357285376309123E-018
  2.088867985824083E-002  5.297737813590936E-018
  2.148468212535441E-002  1.130184066899400E-017
  2.176700369799274E-002  8.476380501745498E-018
  2.164023345300152E-002 -2.119095125436375E-018
  2.115327908749510E-002 -1.483366587805462E-017
  2.048064662149836E-002 -2.542914150523649E-017
  1.985994141529430E-002 -3.319915696516986E-017
  1.950796129672295E-002 -3.249279192335774E-017
  1.954500263567122E-002 -2.401641142161225E-017
  1.995379707520670E-002 -1.094865814808793E-017
  2.058707725193728E-002  3.531825209060624E-018
  2.122058525131484E-002  1.165502318990006E-017
  2.163245845903389E-002  1.200820571080612E-017
  2.168090040604448E-002  5.650920334496999E-018
  2.135295485643513E-002 -5.650920334496999E-018
  2.076762116010420E-002 -2.048458621255162E-017
  2.013272378447352E-002 -3.319915696516986E-017
  1.967115091337241E-002 -3.814371225785474E-017
  1.954263175347083E-002 -3.249279192335774E-017
  1.978849572461803E-002 -1.907185612892737E-017
  2.031850546692007E-002 -1.765912604530312E-018
  2.094391044414867E-002  1.130184066899400E-017
  2.144463549570162E-002  1.695276100349100E-017
  2.164669786430926E-002  1.059547562718187E-017
  2.148262802004069E-002 -7.063650418121248E-019
  2.101392222190479E-002 -1.483366587805462E-017
  2.040808287900665E-002 -2.684187158886074E-017
  1.987878848670105E-002 -3.249279192335774E-017
  1.961055282678495E-002 -3.108006183973349E-017
  1.969442930615346E-002 -2.048458621255162E-017
  2.009715515798866E-002 -5.297737813590936E-018
  2.067417227260120E-002  7.770015459933373E-018
  2.122148044396273E-002  1.483366587805462E-017
  2.154773520487978E-002  1.624639596167887E-017
  2.154111783013739E-002  7.770015459933373E-018
  2.120761703343876E-002 -5.650920334496999E-018
  2.066763146359681E-002 -1.836549108711525E-017
  2.011254283045823E-002 -2.684187158886074E-017
  1.973690974599992E-002 -2.684187158886074E-017
  1.967029737155006E-002 -1.907185612892737E-017
  1.993262045163737E-002 -6.357285376309123E-018
  2.042837928699011E-002  6.357285376309123E-018
  2.098137797552996E-002  1.236138823171218E-017
  2.139731963838667E-002  1.271457075261825E-017
  2.153204982762373E-002  8.476380501745498E-018
  2.134148663234831E-002 -7.063650418121248E-019
  2.089595386156744E-002 -9.182745543557623E-018
  2.035429064174798E-002 -1.836549108711525E-017
  1.990724830974171E-002 -2.331004637980012E-017
  1.971033623594176E-002 -2.048458621255162E-017
  1.982975072030974E-002 -1.342093579443037E-017
  2.022017850380935E-002 -5.650920334496999E-018
  2.074189640372764E-002  0.000000000000000E+000
  2.121074499317994E-002  4.944555292684874E-018
  2.146311248957492E-002  5.650920334496999E-018
  2.141300553855524E-002  2.825460167248499E-018
  2.108130778937942E-002 -2.825460167248499E-018
  2.058728674340652E-002 -1.200820571080612E-017
  2.010573988216576E-002 -1.977822117073949E-017
  1.980516693126808E-002 -2.401641142161225E-017
  1.978883002217373E-002 -2.331004637980012E-017
  2.005931086977752E-002 -1.554003091986675E-017
  2.051871786081432E-002 -4.238190250872749E-018
  2.100407705934737E-002  5.650920334496999E-018
  2.134512471548133E-002  1.130184066899400E-017
  2.142401483848050E-002  1.059547562718187E-017
  2.121601084197259E-002  3.531825209060624E-018
  2.079712074808253E-002 -4.944555292684874E-018
  2.031636691544078E-002 -1.342093579443037E-017
  1.994279188692286E-002 -1.765912604530312E-017
  1.980603798296619E-002 -1.977822117073949E-017
  1.995138085599885E-002 -1.624639596167887E-017
  2.032480492321725E-002 -8.476380501745498E-018
  2.079301575095098E-002 -1.412730083624250E-018
  2.119099536186459E-002  3.531825209060624E-018
  2.138014239217758E-002  6.357285376309123E-018
  2.129651933357351E-002  5.650920334496999E-018
  2.097241965301621E-002  7.063650418121248E-019
  2.052399636281272E-002 -5.650920334496999E-018
  2.010965915514516E-002 -1.412730083624250E-017
  1.987413223946165E-002 -1.554003091986675E-017
  1.989792233905777E-002 -1.483366587805462E-017
  2.016983366352472E-002 -1.200820571080612E-017
  2.059190086083017E-002 -6.357285376309123E-018
  2.101465460439487E-002 -7.063650418121248E-019
  2.129003486482224E-002  2.825460167248499E-018
  2.132322662548499E-002  4.238190250872749E-018
  2.110527684023094E-002  2.119095125436375E-018
  2.071528215295033E-002 -1.412730083624250E-018
  2.029171708387315E-002 -6.357285376309123E-018
  1.998328428066313E-002 -8.476380501745498E-018
  1.989672531114798E-002 -7.063650418121248E-018
  2.005990243382655E-002 -7.063650418121248E-018
  2.041291172248919E-002 -6.357285376309123E-018
  2.083003037899567E-002 -3.531825209060624E-018
  2.116447186492871E-002 -2.119095125436375E-018
  2.130002367375784E-002 -7.063650418121248E-019
  2.119140800443565E-002  7.063650418121248E-019
  2.087935532025349E-002  2.119095125436375E-018
  2.047539106718142E-002  1.412730083624250E-018
  2.012199759325839E-002 -1.412730083624250E-018
  1.994237452943431E-002 -6.357285376309123E-018
  1.999750657055875E-002 -9.889110585369747E-018
  2.026549305327998E-002 -1.271457075261825E-017
  2.065013249316125E-002 -9.182745543557623E-018
  2.101543284324696E-002 -3.531825209060624E-018
  2.123367568117879E-002  2.825460167248499E-018
  2.123005243813043E-002  8.476380501745498E-018
  2.100827870293587E-002  9.889110585369747E-018
  2.064842631124509E-002  7.063650418121248E-018
  2.027803907248947E-002 -7.063650418121248E-019
  2.002694240987363E-002 -9.182745543557623E-018
  1.998175274985491E-002 -1.342093579443037E-017
  2.015602098501248E-002 -1.483366587805462E-017
  2.048629334119376E-002 -1.200820571080612E-017
  2.085518309135604E-002 -5.650920334496999E-018
  2.113307517363381E-002  2.825460167248499E-018
  2.122365291715860E-002  9.182745543557623E-018
  2.109726103227081E-002  1.200820571080612E-017
  2.080055525629115E-002  1.059547562718187E-017
  2.043932103959107E-002  4.944555292684874E-018
  2.014077438578136E-002 -3.531825209060624E-018
  2.000877371858796E-002 -9.182745543557623E-018
  2.008770601785194E-002 -9.182745543557623E-018
  2.034759871553875E-002 -6.357285376309123E-018
  2.069543695367407E-002 -2.119095125436375E-018
  2.100843361271989E-002  2.119095125436375E-018
  2.117735850080632E-002  5.650920334496999E-018
  2.114464160681922E-002  5.650920334496999E-018
  2.092396417352595E-002  2.119095125436375E-018
  2.059468103829557E-002 -1.412730083624250E-018
  2.027330535936434E-002 -4.238190250872749E-018
  2.007229507196584E-002 -5.650920334496999E-018
  2.006071439208255E-002 -4.944555292684874E-018
  2.024052618399618E-002 -2.825460167248499E-018
  2.054664518280345E-002 -7.063650418121248E-019
  2.087047117447395E-002  2.825460167248499E-018
  2.109840155350142E-002  3.531825209060624E-018
  2.115167065982805E-002  1.412730083624250E-018
  2.101354934255937E-002 -2.119095125436375E-018
  2.073451885631137E-002 -4.944555292684874E-018
  2.041385027641856E-002 -6.357285376309123E-018
  2.016430082438624E-002 -7.063650418121248E-018
  2.007247694941982E-002 -4.944555292684874E-018
  2.016879301425789E-002 -2.825460167248499E-018
  2.041744027227400E-002  0.000000000000000E+000
  2.072965818050795E-002  1.412730083624250E-018
  2.099540317862515E-002  2.825460167248499E-018
  2.112212132905395E-002  2.825460167248499E-018
  2.106696806355447E-002  1.412730083624250E-018
  2.085126386928587E-002  7.063650418121248E-019
  2.055231954126623E-002 -1.412730083624250E-018
  2.027574361627053E-002 -1.412730083624250E-018
  2.011814547211023E-002 -1.412730083624250E-018
  2.013340163565669E-002 -7.063650418121248E-019
  2.031425965512852E-002  1.412730083624250E-018
  2.059555265146456E-002  4.238190250872749E-018
  2.087766027097660E-002  7.063650418121248E-018
  2.106177644262517E-002  4.944555292684874E-018
  2.108450270152510E-002  1.412730083624250E-018
  2.093965979180261E-002 -2.825460167248499E-018
  2.067982011005829E-002 -4.944555292684874E-018
  2.039724815290661E-002 -7.063650418121248E-018
  2.019115099073037E-002 -7.770015459933373E-018
  2.013285889630087E-002 -6.357285376309123E-018
  2.024115286799912E-002 -2.119095125436375E-018
  2.047626745841698E-002  2.825460167248499E-018
  2.075446301403741E-002  4.944555292684874E-018
  2.097783702908655E-002  3.531825209060624E-018
  2.106876634669278E-002  2.825460167248499E-018
  2.099686728715817E-002 -7.063650418121248E-019
  2.078911473433342E-002 -5.650920334496999E-018
  2.051976231661304E-002 -9.889110585369747E-018
  2.028381662525091E-002 -9.889110585369747E-018
  2.016353643618835E-002 -7.063650418121248E-018
  2.019976603886990E-002 -4.944555292684874E-018
  2.037808850659836E-002 -2.119095125436375E-018
  2.063448451631629E-002  2.825460167248499E-018
  2.087829968069061E-002  7.063650418121248E-018
  2.102428608999301E-002  7.770015459933373E-018
  2.102239682087390E-002  7.770015459933373E-018
  2.087492404904304E-002  4.944555292684874E-018
  2.063511862147379E-002  2.825460167248499E-018
  2.038797892012495E-002 -7.063650418121248E-019
  2.022013364780020E-002 -4.944555292684874E-018
  2.018948609068566E-002 -7.770015459933373E-018
  2.030525319969311E-002 -6.357285376309123E-018
  2.052527515588320E-002 -2.825460167248499E-018
  2.077134699669162E-002  2.119095125436375E-018
  2.095700418108937E-002  7.063650418121248E-018
  2.101789400782933E-002  8.476380501745498E-018
  2.093406814433807E-002  8.476380501745498E-018
  2.073647849896253E-002  5.650920334496999E-018
  2.049557591200528E-002  1.412730083624250E-018
  2.029620199534231E-002 -2.119095125436375E-018
  2.020771839714786E-002 -4.238190250872749E-018
  2.025988691865145E-002 -4.238190250872749E-018
  2.043288389336944E-002 -2.119095125436375E-018
  2.066478982688796E-002  1.412730083624250E-018
  2.087373850745673E-002  5.650920334496999E-018
  2.098680706795401E-002  7.063650418121248E-018
  2.096545517167690E-002  7.063650418121248E-018
  2.081864249994610E-002  7.063650418121248E-018
  2.059916674407431E-002  4.944555292684874E-018
  2.038468975906132E-002  3.531825209060624E-018
  2.025026560809493E-002  2.119095125436375E-018
  2.024208509339338E-002 -1.412730083624250E-018
  2.036161812365005E-002 -3.531825209060624E-018
  2.056559256072973E-002 -3.531825209060624E-018
  2.078164215555637E-002 -2.825460167248499E-018
  2.093397064875543E-002 -1.412730083624250E-018
  2.096993380314945E-002  1.412730083624250E-018
  2.087822009503262E-002  2.825460167248499E-018
  2.069235584000231E-002  4.238190250872749E-018
  2.047846922778181E-002  4.238190250872749E-018
  2.031177209868316E-002  2.119095125436375E-018
  2.025012017411902E-002 -1.412730083624250E-018
  2.031394330835078E-002 -3.531825209060624E-018
  2.047950396243738E-002 -4.238190250872749E-018
  2.068769769846765E-002 -3.531825209060624E-018
  2.086514217509747E-002 -7.063650418121248E-019
  2.095003355127484E-002  3.531825209060624E-018
  2.091366265407854E-002  5.650920334496999E-018
  2.077010376335358E-002  7.770015459933373E-018
  2.057081350691082E-002  7.063650418121248E-018
  2.038619791430300E-002  3.531825209060624E-018
  2.028074676740427E-002 -2.119095125436375E-018
  2.029051430655556E-002 -7.063650418121248E-018
  2.041080674638945E-002 -1.059547562718187E-017
  2.059827582558726E-002 -9.182745543557623E-018
  2.078652621044019E-002 -4.238190250872749E-018
  2.090962181060339E-002  2.825460167248499E-018
  2.092517180906188E-002  9.182745543557623E-018
  2.082891621942467E-002  1.200820571080612E-017
  2.065579687247071E-002  1.200820571080612E-017
  2.046728793843762E-002  7.063650418121248E-018
  2.032957455394190E-002  7.063650418121248E-019
  2.029032250758334E-002 -5.650920334496999E-018
  2.036218989063569E-002 -1.130184066899400E-017
  2.051878058658872E-002 -1.200820571080612E-017
  2.070431937455493E-002 -8.476380501745498E-018
  2.085350892818288E-002 -2.119095125436375E-018
  2.091450231924240E-002  4.944555292684874E-018
  2.086691156930918E-002  8.476380501745498E-018
  2.072860036927615E-002  1.059547562718187E-017
  2.054900592538438E-002  7.063650418121248E-018
  2.039147733824163E-002  2.119095125436375E-018
  2.031093692263610E-002 -4.238190250872749E-018
  2.033473919315312E-002 -9.889110585369747E-018
  2.045339548489183E-002 -1.059547562718187E-017
  2.062430359161253E-002 -7.063650418121248E-018
  2.078703273947327E-002 -7.063650418121248E-019
  2.088468348824117E-002  6.357285376309123E-018
  2.088377517813459E-002  1.059547562718187E-017
  2.078571250673704E-002  1.130184066899400E-017
  2.062590854005960E-002  7.063650418121248E-018
  2.046100752891733E-002  0.000000000000000E+000
  2.034881350659101E-002 -7.770015459933373E-018
  2.032803427017201E-002 -1.200820571080612E-017
  2.040493652692714E-002 -1.271457075261825E-017
  2.055150934578806E-002 -7.063650418121248E-018
  2.071565205442505E-002 -7.063650418121248E-019
  2.083968601348823E-002  9.889110585369747E-018
  2.088061548876463E-002  1.695276100349100E-017
  2.082502287177395E-002  1.907185612892737E-017
  2.069344110462685E-002  1.554003091986675E-017
  2.053278821630375E-002  6.357285376309123E-018
  2.039964519621783E-002 -4.944555292684874E-018
  2.034033443427330E-002 -1.554003091986675E-017
  2.037481065685735E-002 -1.836549108711525E-017
  2.048996373942528E-002 -1.200820571080612E-017
  2.064457489222508E-002 -2.825460167248499E-018
  2.078406191381445E-002  9.889110585369747E-018
  2.085974161196926E-002  1.907185612892737E-017
  2.084581375089053E-002  2.189731629617587E-017
  2.074814382402881E-002  1.836549108711525E-017
  2.060185941171721E-002  9.182745543557623E-018
  2.045872536338477E-002 -2.119095125436375E-018
  2.036883188880605E-002 -1.059547562718187E-017
  2.036307123955716E-002 -1.412730083624250E-017
  2.044253101654268E-002 -9.889110585369747E-018
  2.057844226733065E-002 -7.063650418121248E-019
  2.072258404745268E-002  9.182745543557623E-018
  2.082438530725374E-002  1.554003091986675E-017
  2.084866102704861E-002  1.554003091986675E-017
  2.078776433038485E-002  1.059547562718187E-017
  2.066396048976804E-002  7.063650418121248E-019
  2.052129936758161E-002 -8.476380501745498E-018
  2.040994851272640E-002 -1.342093579443037E-017
  2.036855674707757E-002 -1.412730083624250E-017
  2.041084632745752E-002 -9.889110585369747E-018
  2.052108249005723E-002 -2.119095125436375E-018
  2.065990897440971E-002  7.063650418121248E-018
  2.077839148324423E-002  1.271457075261825E-017
  2.083526040100877E-002  1.554003091986675E-017
  2.081127898520783E-002  1.200820571080612E-017
  2.071573695807240E-002  2.825460167248499E-018
  2.058288233440474E-002 -8.476380501745498E-018
  2.045965213528692E-002 -1.765912604530312E-017
  2.038909478550432E-002 -1.907185612892737E-017
  2.039533729579121E-002 -1.200820571080612E-017
  2.047534473486395E-002 -2.119095125436375E-018
  2.060028288619939E-002  9.889110585369747E-018
  2.072590088231529E-002  1.765912604530312E-017
  2.080819821254527E-002  2.048458621255162E-017
  2.081883112369891E-002  1.554003091986675E-017
  2.075486590373761E-002  5.650920334496999E-018
  2.063952580607397E-002 -6.357285376309123E-018
  2.051376944993549E-002 -1.695276100349100E-017
  2.042175117791352E-002 -2.189731629617587E-017
  2.039532274521503E-002 -1.977822117073949E-017
  2.044301449602066E-002 -9.889110585369747E-018
  2.054730542113282E-002  2.119095125436375E-018
  2.067104664213105E-002  1.130184066899400E-017
  2.077068775594487E-002  1.412730083624250E-017
  2.081159902877671E-002  1.412730083624250E-017
  2.078010040871993E-002  7.770015459933373E-018
  2.068802109615408E-002  0.000000000000000E+000
  2.056827533842374E-002 -9.889110585369747E-018
  2.046310298650443E-002 -1.483366587805462E-017
  2.040917398612326E-002 -1.765912604530312E-017
  2.042480788892615E-002 -1.342093579443037E-017
  2.050376081916534E-002 -5.650920334496999E-018
  2.061768323507449E-002  5.650920334496999E-018
  2.072629205876632E-002  1.554003091986675E-017
  2.079160970116120E-002  1.836549108711525E-017
  2.079123852534696E-002  1.412730083624250E-017
  2.072603262227687E-002  4.944555292684874E-018
  2.061954205292756E-002 -5.650920334496999E-018
  2.050951500082188E-002 -1.624639596167887E-017
  2.043452148128967E-002 -1.836549108711525E-017
  2.042043688877086E-002 -1.624639596167887E-017
  2.047152044779890E-002 -7.770015459933373E-018
  2.056916221323093E-002  3.531825209060624E-018
  2.067865278031582E-002  1.200820571080612E-017
  2.076151636927479E-002  1.695276100349100E-017
  2.078902677800414E-002  1.624639596167887E-017
  2.075215980302743E-002  9.889110585369747E-018
  2.066453608324947E-002 -7.063650418121248E-019
  2.055740114181076E-002 -1.130184066899400E-017
  2.046848852968764E-002 -1.836549108711525E-017
  2.042873376310153E-002 -1.977822117073949E-017
  2.045151561253103E-002 -1.483366587805462E-017
  2.052816459221826E-002 -5.650920334496999E-018
  2.063124241874245E-002  4.238190250872749E-018
  2.072435818266390E-002  1.342093579443037E-017
  2.077501141658088E-002  1.765912604530312E-017
  2.076593095242483E-002  1.554003091986675E-017
  2.070095525605408E-002  8.476380501745498E-018
  2.060345517242667E-002 -1.412730083624250E-018
  2.050793375942887E-002 -1.130184066899400E-017
  2.044782029504853E-002 -1.624639596167887E-017
  2.044377505647832E-002 -1.624639596167887E-017
  2.049659494865875E-002 -1.200820571080612E-017
  2.058715367672439E-002 -4.944555292684874E-018
  2.068331976691311E-002  4.238190250872749E-018
  2.075135269450143E-002  9.889110585369747E-018
  2.076773671762134E-002  1.130184066899400E-017
  2.072730332734556E-002  9.182745543557623E-018
  2.064483876425218E-002  2.825460167248499E-018
  2.054968555431988E-002 -6.357285376309123E-018
  2.047530596099268E-002 -1.412730083624250E-017
  2.044751788666470E-002 -1.624639596167887E-017
  2.047553771370198E-002 -1.342093579443037E-017
  2.054893593656813E-002 -5.650920334496999E-018
  2.064150646995714E-002  2.825460167248499E-018
  2.072061827174063E-002  8.476380501745498E-018
  2.075871378930616E-002  1.200820571080612E-017
  2.074290372853593E-002  1.200820571080612E-017
  2.067931902997534E-002  7.063650418121248E-018
  2.059075384197890E-002 -7.063650418121248E-019
  2.050849898564724E-002 -9.889110585369747E-018
  2.046128999183161E-002 -1.624639596167887E-017
  2.046527200335298E-002 -1.695276100349100E-017
  2.051848465150395E-002 -1.130184066899400E-017
  2.060174843455825E-002 -4.238190250872749E-018
  2.068557152484262E-002  2.119095125436375E-018
  2.074059175793743E-002  9.889110585369747E-018
  2.074785795422390E-002  1.483366587805462E-017
  2.070535178440142E-002  1.059547562718187E-017
  2.062850769139409E-002  3.531825209060624E-018
  2.054461503950342E-002 -5.650920334496999E-018
  2.048313040981362E-002 -1.412730083624250E-017
  2.046533786050158E-002 -1.977822117073949E-017
  2.049698536933587E-002 -2.048458621255162E-017
  2.056644335577359E-002 -1.624639596167887E-017
  2.064896922295499E-002 -4.944555292684874E-018
  2.071551706062263E-002  6.357285376309123E-018
  2.074295714445738E-002  1.412730083624250E-017
  2.072211075902732E-002  1.483366587805462E-017
  2.066081063032492E-002  9.889110585369747E-018
  2.058097009920070E-002  0.000000000000000E+000
  2.051075355524567E-002 -1.200820571080612E-017
  2.047464415046068E-002 -2.119095125436374E-017
  2.048491033084593E-002 -2.331004637980012E-017
  2.053744420198421E-002 -1.765912604530312E-017
  2.061338089382571E-002 -7.063650418121248E-018
  2.068586800534671E-002  3.531825209060624E-018
  2.072955759437966E-002  1.130184066899400E-017
  2.072946652649158E-002  1.554003091986675E-017
  2.068610922380553E-002  1.130184066899400E-017
  2.061514644917364E-002  3.531825209060624E-018
  2.054173365531368E-002 -7.063650418121248E-018
  2.049160663720706E-002 -1.695276100349100E-017
  2.048206234339314E-002 -2.260368133798800E-017
  2.051599456095846E-002 -2.189731629617587E-017
  2.058103948233563E-002 -1.624639596167887E-017
  2.065407397674450E-002 -6.357285376309123E-018
  2.070943216928803E-002  1.412730083624250E-018
  2.072792180443852E-002  7.770015459933373E-018
  2.070347399769541E-002  9.889110585369747E-018
  2.064512372746441E-002  5.650920334496999E-018
  2.057367903028673E-002 -3.531825209060624E-018
  2.051430398766568E-002 -1.412730083624250E-017
  2.048765807735924E-002 -2.331004637980012E-017
  2.050271086026542E-002 -2.684187158886074E-017
  2.055372983704858E-002 -2.260368133798800E-017
  2.062245027588976E-002 -1.342093579443037E-017
  2.068460992959114E-002 -2.825460167248499E-018
  2.071851197681304E-002  5.650920334496999E-018
  2.071259502197933E-002  9.889110585369747E-018
  2.066937006847544E-002  7.063650418121248E-018
  2.060438582237418E-002 -7.063650418121248E-019
  2.054063955937889E-002 -9.889110585369747E-018
  2.050044116498547E-002 -1.765912604530312E-017
  2.049760770704417E-002 -2.260368133798800E-017
  2.053271838551728E-002 -2.260368133798800E-017
  2.059305781508225E-002 -1.907185612892737E-017
  2.065721575298055E-002 -9.889110585369747E-018
  2.070268102994321E-002  7.063650418121248E-019
  2.071373720761059E-002  7.770015459933373E-018
  2.068689153981040E-002  1.200820571080612E-017
  2.063196322046002E-002  1.059547562718187E-017
  2.056849772237637E-002  2.119095125436375E-018
  2.051881453157784E-002 -9.889110585369747E-018
  2.050016015043550E-002 -1.765912604530312E-017
  2.051872429681346E-002 -2.189731629617587E-017
  2.056759428504473E-002 -2.189731629617587E-017
  2.062932050297769E-002 -1.624639596167887E-017
  2.068214364656423E-002 -8.476380501745498E-018
  2.070766248960767E-002  7.063650418121248E-019
  2.069724100296916E-002  6.357285376309123E-018
  2.065492493859082E-002  7.770015459933373E-018
  2.059588500737835E-002  4.238190250872749E-018
  2.054098123449751E-002 -3.531825209060624E-018
  2.050939489239076E-002 -1.271457075261825E-017
  2.051192966956347E-002 -1.765912604530312E-017
  2.054732064663201E-002 -1.977822117073949E-017
  2.060281049106575E-002 -1.695276100349100E-017
  2.065874398276005E-002 -1.271457075261825E-017
  2.069552749363532E-002 -5.650920334496999E-018
  2.070049007787745E-002  7.063650418121248E-019
  2.067224447648072E-002  4.944555292684874E-018
  2.062104839039478E-002  3.531825209060624E-018
  2.056508365244355E-002 -7.063650418121248E-019
  2.052400140624153E-002 -6.357285376309123E-018
  2.051202397548077E-002 -1.342093579443037E-017
  2.053302407098846E-002 -1.624639596167887E-017
  2.057928279162171E-002 -1.765912604530312E-017
  2.063432076525860E-002 -1.483366587805462E-017
  2.067876599268066E-002 -9.182745543557623E-018
  2.069716993147573E-002 -2.825460167248499E-018
  2.068337433221393E-002  2.825460167248499E-018
  2.064256533552090E-002  4.944555292684874E-018
  2.058933204315961E-002  2.119095125436375E-018
  2.054245356275663E-002 -3.531825209060624E-018
  2.051827623634866E-002 -9.889110585369747E-018
  2.052501593660952E-002 -1.554003091986675E-017
  2.055997057930052E-002 -1.695276100349100E-017
  2.061058691831403E-002 -1.483366587805462E-017
  2.065896548314360E-002 -9.889110585369747E-018
  2.068818806024430E-002 -3.531825209060624E-018
  2.068823169049653E-002 -7.063650418121248E-019
  2.065940264035681E-002  1.412730083624250E-018
  2.061211513059869E-002 -1.412730083624250E-018
  2.056313265984699E-002 -7.063650418121248E-018
  2.052962727342176E-002 -1.342093579443037E-017
  2.052316133208245E-002 -1.836549108711525E-017
  2.054570024574067E-002 -1.977822117073949E-017
  2.058903011128592E-002 -1.554003091986675E-017
  2.063774661634610E-002 -7.770015459933373E-018
  2.067472906229673E-002 -2.119095125436375E-018
  2.068715504978696E-002  2.825460167248499E-018
  2.067094349099298E-002  2.825460167248499E-018
  2.063208733560472E-002 -7.063650418121248E-019
  2.058444361617667E-002 -9.182745543557623E-018
  2.054479385279553E-002 -1.765912604530312E-017
  2.052693481407316E-002 -2.331004637980012E-017
  2.053687977760085E-002 -2.260368133798800E-017
  2.057083857053226E-002 -1.765912604530312E-017
  2.061665311586933E-002 -9.889110585369747E-018
  2.065814760776308E-002 -2.119095125436375E-018
  2.068083769422887E-002  4.238190250872749E-018
  2.067698428682762E-002  3.531825209060624E-018
  2.064822936627627E-002 -7.063650418121248E-019
  2.060491740422710E-002 -7.770015459933373E-018
  2.056237662682947E-002 -1.412730083624250E-017
  2.053549599478081E-002 -1.907185612892737E-017
  2.053351587613925E-002 -2.189731629617587E-017
  2.055685438114264E-002 -1.836549108711525E-017
  2.059705831979191E-002 -1.130184066899400E-017
  2.063986146695633E-002 -2.825460167248499E-018
  2.067024481888370E-002  2.825460167248499E-018
  2.067770461995559E-002  7.063650418121248E-018
  2.065988098143705E-002  6.357285376309123E-018
  2.062329443092659E-002 -1.412730083624250E-018
  2.058096437297891E-002 -9.889110585369747E-018
  2.054777790387230E-002 -1.695276100349100E-017
  2.053525567279261E-002 -2.401641142161225E-017
  2.054755446208435E-002 -2.613550654704862E-017
  2.058009274844437E-002 -2.331004637980012E-017
  2.062125162631816E-002 -1.342093579443037E-017
  2.065652147668356E-002 -2.119095125436375E-018
  2.067361520403639E-002  4.944555292684874E-018
  2.066674669561138E-002  5.650920334496999E-018
  2.063858538308301E-002  2.825460167248499E-018
  2.059922806271595E-002 -4.944555292684874E-018
  2.056258097084489E-002 -1.412730083624250E-017
  2.054144771292867E-002 -1.977822117073949E-017
  2.054305755882898E-002 -2.331004637980012E-017
  2.056659525302381E-002 -2.189731629617587E-017
  2.060357531738790E-002 -1.554003091986675E-017
  2.064089836613066E-002 -7.063650418121248E-018
  2.066548949418157E-002  2.825460167248499E-018
  2.066887689294951E-002  1.059547562718187E-017
  2.065010790300081E-002  1.271457075261825E-017
  2.061599964158577E-002  9.182745543557623E-018
  2.057866585566759E-002  7.063650418121248E-019
  2.055121617230974E-002 -1.059547562718187E-017
  2.054315406019471E-002 -1.977822117073949E-017
  2.055708848092375E-002 -2.542914150523649E-017
  2.058789632269938E-002 -2.472277646342437E-017
  2.062460188339378E-002 -1.695276100349100E-017
  2.065428520893376E-002 -7.770015459933373E-018
  2.066662817580108E-002  7.063650418121248E-019
  2.065749922116136E-002  7.063650418121248E-018
  2.063033194485367E-002  8.476380501745498E-018
  2.059483914277083E-002  2.825460167248499E-018
  2.056354203449259E-002 -8.476380501745498E-018
  2.054735428035323E-002 -2.189731629617587E-017
  2.055177771689500E-002 -3.108006183973349E-017
  2.057503532765979E-002 -3.390552200698199E-017
  2.060877390710898E-002 -2.896096671429712E-017
  2.064106197707942E-002 -1.836549108711525E-017
  2.066060773755686E-002 -4.944555292684874E-018
  2.066070644094023E-002  7.063650418121248E-018
  2.064153778964203E-002  1.342093579443037E-017
  2.061002701162934E-002  9.889110585369747E-018
  2.057734515843302E-002 -7.063650418121248E-019
  2.055495009035591E-002 -1.412730083624250E-017
  2.055057072045655E-002 -2.542914150523649E-017
  2.056554147803114E-002 -3.249279192335774E-017
  2.059440556953663E-002 -3.037369679792137E-017
  2.062690093318067E-002 -2.260368133798800E-017
  2.065160709699638E-002 -1.200820571080612E-017
  2.065995746220101E-002 -1.412730083624250E-018
  2.064920785994032E-002  5.650920334496999E-018
  2.062333330141211E-002  7.770015459933373E-018
  2.059156174478506E-002  2.825460167248499E-018
  2.056508444290662E-002 -7.063650418121248E-018
  2.055311504894008E-002 -1.765912604530312E-017
  2.055968478600982E-002 -2.542914150523649E-017
  2.058228790089646E-002 -2.896096671429712E-017
  2.061283134569069E-002 -2.472277646342437E-017
  2.064053067040823E-002 -1.695276100349100E-017
  2.065571649029214E-002 -7.063650418121248E-018
  2.065320843607026E-002  7.063650418121248E-019
  2.063407979002479E-002  4.944555292684874E-018
  2.060521258896146E-002  4.238190250872749E-018
  2.057682338815408E-002 -2.825460167248499E-018
  2.055884857425329E-002 -1.200820571080612E-017
  2.055746769409154E-002 -2.119095125436374E-017
  2.057298082058754E-002 -2.684187158886074E-017
  2.059976836485139E-002 -2.896096671429712E-017
  2.062832442197092E-002 -2.331004637980012E-017
  2.064862867625420E-002 -1.554003091986675E-017
  2.065366123544122E-002 -9.182745543557623E-018
  2.064182790670763E-002 -4.238190250872749E-018
  2.061745859954003E-002 -2.119095125436375E-018
  2.058922558197531E-002 -2.825460167248499E-018
  2.056705848452935E-002 -7.063650418121248E-018
  2.055865302343940E-002 -1.342093579443037E-017
  2.056680058741117E-002 -1.907185612892737E-017
  2.058846481677695E-002 -2.189731629617587E-017
  2.061590927718107E-002 -2.260368133798800E-017
  2.063945867136657E-002 -1.765912604530312E-017
  2.065090856991029E-002 -1.130184066899400E-017
  2.064638240059176E-002 -7.063650418121248E-018
  2.062764126817374E-002 -4.238190250872749E-018
  2.060140497828691E-002 -5.650920334496999E-018
  2.057694399843694E-002 -9.889110585369747E-018
  2.056280474713892E-002 -1.342093579443037E-017
  2.056382459499688E-002 -1.554003091986675E-017
  2.057947873879978E-002 -1.765912604530312E-017
  2.060412317865391E-002 -1.836549108711525E-017
  2.062902777694161E-002 -1.624639596167887E-017
  2.064546765411738E-002 -1.271457075261825E-017
  2.064777861957823E-002 -9.889110585369747E-018
  2.063530701006184E-002 -7.063650418121248E-018
  2.061258329787779E-002 -2.825460167248499E-018
  2.058767827708435E-002 -1.412730083624250E-018
  2.056933755913344E-002 -4.238190250872749E-018
  2.056391137476606E-002 -1.059547562718187E-017
  2.057315713769444E-002 -1.695276100349100E-017
  2.059367468761665E-002 -2.331004637980012E-017
  2.061815397090568E-002 -2.472277646342437E-017
  2.063797820992815E-002 -2.119095125436374E-017
  2.064625595812993E-002 -1.554003091986675E-017
  2.064021546851301E-002 -9.889110585369747E-018
  2.062212989669055E-002 -4.238190250872749E-018
  2.059846554557260E-002 -1.412730083624250E-018
  2.057757105439841E-002 -1.412730083624250E-018
  2.056673289307266E-002 -4.944555292684874E-018
  2.056963533473983E-002 -1.200820571080612E-017
  2.058510996998210E-002 -1.977822117073949E-017
  2.060759845367722E-002 -2.613550654704862E-017
  2.062914751758679E-002 -2.754823663067287E-017
  2.064222067350388E-002 -2.331004637980012E-017
  2.064233292206481E-002 -1.412730083624250E-017
  2.062958773500787E-002 -3.531825209060624E-018
  2.060859017030186E-002  2.825460167248499E-018
  2.058678447221775E-002  3.531825209060624E-018
  2.057181572658427E-002 -7.063650418121248E-019
  2.056885030317965E-002 -7.770015459933373E-018
  2.057879393233233E-002 -1.624639596167887E-017
  2.059802154437176E-002 -2.119095125436374E-017
  2.061969679606928E-002 -2.189731629617587E-017
  2.063620163310535E-002 -1.695276100349100E-017
  2.064181279289583E-002 -9.182745543557623E-018
  2.063468519963342E-002 -2.825460167248499E-018
  2.061745530909174E-002  1.412730083624250E-018
  2.059626834267620E-002  2.119095125436375E-018
  2.057858747487255E-002 -2.825460167248499E-018
  2.057056565080097E-002 -1.059547562718187E-017
  2.057490526202935E-002 -1.765912604530312E-017
  2.058994984592568E-002 -1.977822117073949E-017
  2.061031229981385E-002 -1.765912604530312E-017
  2.062880264631151E-002 -1.271457075261825E-017
  2.063896589369451E-002 -4.944555292684874E-018
  2.063733448771857E-002  0.000000000000000E+000
  2.062460968736934E-002  2.119095125436375E-018
  2.060536996467201E-002  0.000000000000000E+000
  2.058642480722521E-002 -4.238190250872749E-018
  2.057440538099616E-002 -9.182745543557623E-018
  2.057344423695032E-002 -1.342093579443037E-017
  2.058375565495582E-002 -1.554003091986675E-017
  2.060160385293619E-002 -1.624639596167887E-017
  2.062065487495504E-002 -1.624639596167887E-017
  2.063422344804457E-002 -1.483366587805462E-017
  2.063761807034213E-002 -1.059547562718187E-017
  2.062976198667657E-002 -7.063650418121248E-018
  2.061353037219110E-002 -6.357285376309123E-018
  2.059469981172330E-002 -9.182745543557623E-018
  2.057989328943303E-002 -1.059547562718187E-017
  2.057425144961351E-002 -1.130184066899400E-017
  2.057964868425989E-002 -1.200820571080612E-017
  2.059407276696438E-002 -1.130184066899400E-017
  2.061237244439196E-002 -1.130184066899400E-017
  2.062809607585020E-002 -9.889110585369747E-018
  2.063576537851287E-002 -7.063650418121248E-018
  2.063278320051901E-002 -4.944555292684874E-018
  2.062031125161951E-002 -5.650920334496999E-018
  2.060282177634441E-002 -6.357285376309123E-018
  2.058649481296091E-002 -8.476380501745498E-018
  2.057703506747640E-002 -8.476380501745498E-018
  2.057767934886700E-002 -9.889110585369747E-018
  2.058809026648250E-002 -9.889110585369747E-018
  2.060451383857666E-002 -1.059547562718187E-017
  2.062113186542800E-002 -1.271457075261825E-017
  2.063212227227810E-002 -1.412730083624250E-017
  2.063369806672614E-002 -1.342093579443037E-017
  2.062541109533721E-002 -1.342093579443037E-017
  2.061027213385149E-002 -1.342093579443037E-017
  2.059365832052402E-002 -1.130184066899400E-017
  2.058140393957339E-002 -8.476380501745498E-018
  2.057775218465522E-002 -6.357285376309123E-018
  2.058388673779014E-002 -7.063650418121248E-018
  2.059755101071618E-002 -9.182745543557623E-018
  2.061387638601466E-002 -1.271457075261825E-017
  2.062711605929082E-002 -1.483366587805462E-017
  2.063266728745590E-002 -1.483366587805462E-017
  2.062867065990834E-002 -1.271457075261825E-017
  2.061663099017474E-002 -9.182745543557623E-018
  2.060085318880431E-002 -7.063650418121248E-018
  2.058690375770768E-002 -4.238190250872749E-018
  2.057964745242305E-002 -3.531825209060624E-018
  2.058155137069984E-002 -4.944555292684874E-018
  2.059184743065822E-002 -9.889110585369747E-018
  2.060683706699999E-002 -1.342093579443037E-017
  2.062121883129404E-002 -1.765912604530312E-017
  2.062996267414849E-002 -1.836549108711525E-017
  2.063006849349385E-002 -1.554003091986675E-017
  2.062159437560973E-002 -9.889110585369747E-018
  2.060760249596769E-002 -5.650920334496999E-018
  2.059305357279845E-002 -4.238190250872749E-018
  2.058304864646396E-002 -4.238190250872749E-018
  2.058104112514935E-002 -5.650920334496999E-018
  2.058764557406318E-002 -9.889110585369747E-018
  2.060045382807079E-002 -1.342093579443037E-017
  2.061491170676964E-002 -1.483366587805462E-017
  2.062593759555311E-002 -1.624639596167887E-017
  2.062970786997660E-002 -1.624639596167887E-017
  2.062498205878115E-002 -1.412730083624250E-017
  2.061350874850252E-002 -1.200820571080612E-017
  2.059938022721853E-002 -1.059547562718187E-017
  2.058757347795961E-002 -1.130184066899400E-017
  2.058219745320518E-002 -9.889110585369747E-018
  2.058506368432042E-002 -9.182745543557623E-018
  2.059507723535015E-002 -8.476380501745498E-018
  2.060865223648095E-002 -9.182745543557623E-018
  2.062099516604943E-002 -1.059547562718187E-017
  2.062779689199633E-002 -1.200820571080612E-017
  2.062673640086747E-002 -1.412730083624250E-017
  2.061827168090392E-002 -1.483366587805462E-017
  2.060544865728642E-002 -1.412730083624250E-017
  2.059280593020919E-002 -1.342093579443037E-017
  2.058476886180500E-002 -1.200820571080612E-017
  2.058410104601525E-002 -1.200820571080612E-017
  2.059095482963828E-002 -9.889110585369747E-018
  2.060284678351142E-002 -7.063650418121248E-018
  2.061555650406679E-002 -5.650920334496999E-018
  2.062462378927192E-002 -5.650920334496999E-018
  2.062691326674191E-002 -9.182745543557623E-018
  2.062169779024594E-002 -1.554003091986675E-017
  2.061088650664860E-002 -2.048458621255162E-017
  2.059832716466598E-002 -2.401641142161225E-017
  2.058843721856371E-002 -2.189731629617587E-017
  2.058465052887756E-002 -1.765912604530312E-017
  2.058822566746427E-002 -9.182745543557623E-018
  2.059782917188183E-002 -2.825460167248499E-018
  2.061003114102893E-002  2.825460167248499E-018
  2.062052954172949E-002  4.944555292684874E-018
  2.062566642533093E-002  0.000000000000000E+000
  2.062370184682411E-002 -7.770015459933373E-018
  2.061540202930031E-002 -1.695276100349100E-017
  2.060374336567739E-002 -2.048458621255162E-017
  2.059284567714683E-002 -2.401641142161225E-017
  2.058651681331409E-002 -2.189731629617587E-017
  2.058692257118641E-002 -1.624639596167887E-017
  2.059384634956093E-002 -7.770015459933373E-018
  2.060479130123590E-002  0.000000000000000E+000
  2.061587990919161E-002  3.531825209060624E-018
  2.062322714926218E-002  2.825460167248499E-018
  2.062430112448488E-002 -3.531825209060624E-018
  2.061879480965685E-002 -1.200820571080612E-017
  2.060870901406254E-002 -2.119095125436374E-017
  2.059762621527879E-002 -2.613550654704862E-017
  2.058943850184788E-002 -2.260368133798800E-017
  2.058698113024168E-002 -1.624639596167887E-017
  2.059105127196030E-002 -8.476380501745498E-018
  2.060015133774109E-002 -7.063650418121248E-019
  2.061103876971092E-002  2.825460167248499E-018
  2.061988085998099E-002  7.063650418121248E-019
  2.062360349499541E-002 -5.650920334496999E-018
  2.062095934919270E-002 -1.412730083624250E-017
  2.061294453895248E-002 -2.048458621255162E-017
  2.060242501477767E-002 -2.472277646342437E-017
  2.059311225384524E-002 -2.401641142161225E-017
  2.058825415222654E-002 -1.624639596167887E-017
  2.058950271542766E-002 -5.650920334496999E-018
  2.059635313514215E-002  2.825460167248499E-018
  2.060634438272588E-002  7.770015459933373E-018
  2.061594266489283E-002  8.476380501745498E-018
  2.062179081417506E-002  1.412730083624250E-018
  2.062188203316306E-002 -9.889110585369747E-018
  2.061624777745784E-002 -2.048458621255162E-017
  2.060692424096486E-002 -2.966733175610924E-017
  2.059721714351244E-002 -3.037369679792137E-017
  2.059053004074312E-002 -2.401641142161225E-017
  2.058917130495198E-002 -1.342093579443037E-017
  2.059355781253806E-002 -7.063650418121248E-019
  2.060208983104470E-002  8.476380501745498E-018
  2.061173351196875E-002  1.200820571080612E-017
  2.061909918719826E-002  9.182745543557623E-018
  2.062163237239666E-002 -7.063650418121248E-019
  2.061849913894567E-002 -1.342093579443037E-017
  2.061085916719050E-002 -2.401641142161225E-017
  2.060143761556601E-002 -2.896096671429712E-017
  2.059355347867462E-002 -2.825460167248499E-017
  2.058995070675544E-002 -1.907185612892737E-017
  2.059184361050279E-002 -7.063650418121248E-018
  2.059850848905821E-002  4.238190250872749E-018
  2.060755846536658E-002  1.130184066899400E-017
