  0.999999957128317       0.000000000000000E+000
  0.811340210983900      -2.086303380933586E-016
  0.351229939215403      -2.503564057120303E-016
 -0.131266025640964      -1.251782028560152E-016
 -0.381781540513060       1.669042704746869E-016
 -0.277844082085552       3.755346085680455E-016
  0.109830745890280       5.007128114240607E-016
  0.562834537647465       4.172606761867172E-016
  0.838296564465092       2.086303380933586E-016
  0.799340114714265       4.172606761867172E-017
  0.481680886718986      -1.669042704746869E-016
  6.399386155476663E-002 -1.669042704746869E-016
 -0.235928354757624       0.000000000000000E+000
 -0.278263049772805       2.086303380933586E-016
 -6.769638047922936E-002  3.755346085680455E-016
  0.262008241803545       4.172606761867172E-016
  0.529824566673414       2.920824733307020E-016
  0.605658043753417       8.345213523734344E-017
  0.471078499557829      -8.345213523734344E-017
  0.214752578649846      -1.043151690466793E-016
 -2.685785847896282E-002 -4.172606761867172E-017
 -0.144864686792056       8.345213523734344E-017
 -0.107408667352449       2.086303380933586E-016
  3.853291422134733E-002  2.503564057120303E-016
  0.205450754416626       2.086303380933586E-016
  0.315788446639663       1.147466859513472E-016
  0.335496277289699       2.086303380933586E-017
  0.277155424464107      -4.172606761867172E-017
  0.179465054398834      -5.215758452333965E-017
  8.171855388527664E-002 -1.564727535700190E-017
  9.453045468263244E-003  4.694182607100568E-017
 -2.497998497827999E-002  1.147466859513472E-016
 -1.526786300630015E-002  1.590806327961859E-016
  4.122478202841827E-002  1.721200289270208E-016
  0.136924626735776       1.564727535700189E-016
  0.245378122007112       9.388365214201136E-017
  0.322370116145303       1.043151690466793E-017
  0.323321790095161      -5.215758452333965E-017
  0.230631716709928      -1.043151690466793E-016
  7.378744193170300E-002 -8.345213523734344E-017
 -7.481491007522706E-002  0.000000000000000E+000
 -0.132429607258509       1.356097197606831E-016
 -5.234022960869993E-002  2.399248888073624E-016
  0.142644110453451       2.712194395213662E-016
  0.362672199743341       2.086303380933586E-016
  0.493284306533030       8.345213523734344E-017
  0.457587100089795      -1.460412366653510E-016
  0.263534483380018      -2.503564057120303E-016
  7.006179048086121E-003 -2.086303380933586E-016
 -0.175051189781660       0.000000000000000E+000
 -0.178229134741187       2.294933719026944E-016
  9.421552510375339E-003  3.963976423773814E-016
  0.296123691907413       4.172606761867172E-016
  0.532571252302533       2.294933719026944E-016
  0.591932695045804       0.000000000000000E+000
  0.439902931538124      -2.086303380933586E-016
  0.155371417070569      -2.503564057120303E-016
 -0.110825775936038      -1.669042704746869E-016
 -0.217090304892080       4.172606761867172E-017
 -0.107661632540673       2.920824733307020E-016
  0.157550808440519       4.172606761867172E-016
  0.436119618082933       3.755346085680455E-016
  0.580548183380488       2.086303380933586E-016
  0.517161754674585      -4.172606761867172E-017
  0.283543884210545      -1.669042704746869E-016
  5.286083107548393E-003 -1.460412366653510E-016
 -0.173531807618797       0.000000000000000E+000
 -0.167033424240457       1.877673042840227E-016
  1.004518079718335E-002  3.338085409493737E-016
  0.255293392714394       3.755346085680455E-016
  0.437073739910386       2.503564057120303E-016
  0.464731298920079       6.258910142800758E-017
  0.332613030655502      -8.345213523734344E-017
  0.116540103541714      -1.669042704746869E-016
 -7.169011761052901E-002 -6.258910142800758E-017
 -0.144361796802677       1.043151690466793E-016
 -7.978495877687265E-002  2.503564057120303E-016
  7.381871903311495E-002  3.129455071400379E-016
  0.230317419038501       2.503564057120303E-016
  0.312830883053604       1.147466859513472E-016
  0.289992696090666       0.000000000000000E+000
  0.184455806211794      -6.258910142800758E-017
  5.365367683108314E-002 -5.215758452333965E-017
 -4.286681813065010E-002  2.607879226166983E-017
 -7.088486799555552E-002  1.095309274990133E-016
 -3.141376466929891E-002  1.564727535700189E-016
  4.760272421912123E-002  1.564727535700189E-016
  0.129091460272342       1.147466859513472E-016
  0.183096120696802       6.780485988034155E-017
  0.194823576099090       2.607879226166983E-017
  0.164621277857227       5.215758452333965E-018
  0.104215974903119      -5.215758452333965E-018
  3.303993064341905E-002 -1.043151690466793E-017
 -2.500857725802588E-002 -5.215758452333965E-018
 -4.668003104462104E-002  1.825515458316888E-017
 -1.777906468693675E-002  5.998122220184060E-017
  5.765330876020848E-002  9.909941059434534E-017
  0.153451734729695       1.356097197606831E-016
  0.228305023044110       1.356097197606831E-016
  0.243650196700420       7.302061833267551E-017
  0.184910891291779      -2.086303380933586E-017
  7.398915337067297E-002 -1.043151690466793E-016
 -3.651546820390089E-002 -1.147466859513472E-016
 -8.750471774013982E-002 -3.129455071400379E-017
 -4.490490369718318E-002  1.147466859513472E-016
  7.873335235111795E-002  1.981988211886907E-016
  0.226275911308192       1.981988211886907E-016
  0.323158439637367       9.388365214201136E-017
  0.316665701321429      -5.215758452333965E-017
  0.206162884653509      -1.669042704746869E-016
  4.659902431305060E-002 -1.669042704746869E-016
 -7.840407984142239E-002 -4.172606761867172E-017
 -0.100563571098977       1.356097197606831E-016
 -4.419895451428345E-003  2.607879226166982E-016
  0.162693743241765       2.920824733307020E-016
  0.314574407866548       2.086303380933586E-016
  0.371685839551615       3.129455071400379E-017
  0.303794465295775      -1.460412366653510E-016
  0.146412650524565      -1.877673042840227E-016
 -1.806269294465574E-002 -8.345213523734344E-017
 -0.104319383211887       1.147466859513472E-016
 -6.932623390661583E-002  2.816509564260341E-016
  6.560156405762003E-002  3.546715747587096E-016
  0.227348756973997       2.920824733307020E-016
  0.330704249473392       1.251782028560152E-016
  0.323311480858357      -5.215758452333965E-017
  0.211787790628744      -1.460412366653510E-016
  5.587226939734188E-002 -8.345213523734344E-017
 -6.493165474092844E-002  8.345213523734344E-017
 -9.332242093502000E-002  2.712194395213662E-016
 -2.229821976334669E-002  3.338085409493737E-016
  0.104456940729542       3.129455071400379E-016
  0.218262928042020       1.877673042840227E-016
  0.262010552077335       3.129455071400379E-017
  0.217896976394983      -6.258910142800758E-017
  0.112871093116051      -5.215758452333965E-017
  1.100909461070661E-003  4.172606761867172E-017
 -6.532240909889062E-002  1.460412366653510E-016
 -6.141624608982398E-002  2.086303380933586E-016
  1.902780597162758E-003  2.086303380933586E-016
  8.751054303160419E-002  1.460412366653510E-016
  0.152913823058670       7.823637678500947E-017
  0.170475012796422       2.607879226166983E-017
  0.137515883569375       5.215758452333965E-018
  7.343550889680101E-002  2.086303380933586E-017
  7.750616730257400E-003  5.215758452333965E-017
 -3.366921082943632E-002  7.302061833267551E-017
 -3.791358112619406E-002  7.823637678500947E-017
 -7.377263696683648E-003  7.823637678500947E-017
  4.365537128482441E-002  7.302061833267551E-017
  9.525910432013646E-002  6.780485988034155E-017
  0.128439542828018       4.954970529717267E-017
  0.130775391471201       1.825515458316888E-017
  0.100532323033652       0.000000000000000E+000
  4.830608483592173E-002 -2.086303380933586E-017
 -5.218414799144742E-003 -2.607879226166983E-017
 -3.614733706384611E-002  0.000000000000000E+000
 -2.746543690916705E-002  5.215758452333965E-017
  2.174431346874370E-002  9.909941059434534E-017
  9.313253192767022E-002  1.251782028560152E-016
  0.155239334667928       9.388365214201136E-017
  0.177644511198755       2.607879226166983E-017
  0.146819907695589      -5.215758452333965E-017
  7.518609158802693E-002 -8.345213523734344E-017
 -2.644386775992547E-003 -6.258910142800758E-017
 -4.601502962185668E-002  2.086303380933586E-017
 -2.925186017535203E-002  1.251782028560152E-016
  4.354041008123699E-002  1.981988211886907E-016
  0.138607082110554       1.877673042840227E-016
  0.208683757553482       1.043151690466793E-016
  0.217391278066756      -2.086303380933586E-017
  0.159040622836262      -9.388365214201136E-017
  6.282267535373560E-002 -1.043151690466793E-016
 -2.156060742674066E-002 -2.086303380933586E-017
 -4.968928309670304E-002  1.147466859513472E-016
 -6.019302609480655E-003  2.190618549980265E-016
  8.749871723114983E-002  2.503564057120303E-016
  0.182651043536490       1.877673042840227E-016
  0.230213659124387       4.172606761867172E-017
  0.205771595809794      -8.345213523734344E-017
  0.122324865634164      -1.147466859513472E-016
  2.306240972347328E-002 -5.215758452333965E-017
 -4.162025952262619E-002  7.302061833267551E-017
 -4.042558534687345E-002  1.877673042840227E-016
  2.316897165865531E-002  2.399248888073624E-016
  0.113807391961400       1.981988211886907E-016
  0.183592164910933       1.043151690466793E-016
  0.197133460978847      -1.043151690466793E-017
  0.149028543719732      -6.780485988034155E-017
  6.508430551079387E-002 -5.215758452333965E-017
 -1.246094921636312E-002  3.129455071400379E-017
 -4.716062340884856E-002  1.251782028560152E-016
 -2.617423594057756E-002  1.981988211886907E-016
  3.506922785211572E-002  1.981988211886907E-016
  0.102686926043189       1.356097197606831E-016
  0.142475945323846       4.172606761867172E-017
  0.136555018632734      -2.607879226166983E-017
  9.042477351269830E-002 -4.172606761867172E-017
  2.800485515262700E-002  0.000000000000000E+000
 -2.156281656927577E-002  5.737334297567361E-017
 -3.799702365527006E-002  1.095309274990133E-016
 -1.806541937306586E-002  1.303939613083491E-016
  2.509363410611557E-002  1.147466859513472E-016
  6.985106990087105E-002  6.258910142800758E-017
  9.647878116319959E-002  1.825515458316888E-017
  9.511740061388510E-002 -2.607879226166982E-018
  6.844528584019323E-002 -5.215758452333965E-018
  2.901554586435712E-002  5.215758452333965E-018
 -6.671431374003839E-003  2.868667148783680E-017
 -2.463865106251789E-002  4.954970529717267E-017
 -1.826643919849674E-002  5.998122220184060E-017
  9.691351855484183E-003  6.258910142800758E-017
  4.821726577047000E-002  5.476546374950663E-017
  8.192915106958992E-002  3.651030916633776E-017
  9.679000794329287E-002  1.564727535700190E-017
  8.590686190610998E-002 -1.564727535700190E-017
  5.315645369263129E-002 -3.129455071400379E-017
  1.262862158304780E-002 -2.086303380933586E-017
 -1.670199832166589E-002  5.215758452333965E-018
 -1.941029737752366E-002  4.694182607100568E-017
  8.509278206218102E-003  8.084425601117646E-017
  5.645881889089149E-002  9.388365214201136E-017
  0.103087538928863       7.302061833267551E-017
  0.126093795463119       3.129455071400379E-017
  0.113509090323059      -2.607879226166983E-017
  7.062789754034617E-002 -6.258910142800758E-017
  1.847110479839831E-002 -5.215758452333965E-017
 -1.612221141947484E-002  5.215758452333965E-018
 -1.411590895721410E-002  7.823637678500947E-017
  2.542185355698550E-002  1.408254782130170E-016
  8.403801136813420E-002  1.460412366653510E-016
  0.132779276186016       9.388365214201136E-017
  0.146946156346572       1.043151690466793E-017
  0.119069900575436      -4.172606761867172E-017
  6.315265424430623E-002 -4.172606761867172E-017
  7.707189639546180E-003  0.000000000000000E+000
 -1.891629955523706E-002  7.302061833267551E-017
 -3.246083546028769E-003  1.356097197606831E-016
  4.632490186639925E-002  1.616885120223529E-016
  0.103976321153130       1.303939613083491E-016
  0.139946213135995       6.258910142800758E-017
  0.135913175328496      -1.043151690466793E-017
  9.420329960822911E-002 -4.172606761867172E-017
  3.613641637839801E-002 -2.086303380933586E-017
 -9.369763534160103E-003  4.433394684483870E-017
 -2.075063365920839E-002  1.225703236298482E-016
  5.542269855154333E-003  1.564727535700189E-016
  5.398864727764571E-002  1.408254782130170E-016
  9.867716572961908E-002  8.345213523734344E-017
  0.116808645306678       2.086303380933586E-017
  9.990126072299327E-002 -2.607879226166983E-017
  5.716585199683389E-002 -2.086303380933586E-017
  9.857678147199823E-003  2.086303380933586E-017
 -1.993934009409272E-002  8.084425601117646E-017
 -2.010130772080416E-002  1.199624444036812E-016
  6.462961705620745E-003  1.251782028560152E-016
  4.443946915666893E-002  8.866789368967740E-017
  7.444194995583370E-002  3.911818839250474E-017
  8.247748200742834E-002  5.215758452333965E-018
  6.592819772308905E-002 -5.215758452333965E-018
  3.363748953154047E-002  1.303939613083491E-017
  7.652068480193979E-004  4.433394684483870E-017
 -1.859296694778314E-002  6.780485988034155E-017
 -1.744116356501496E-002  7.562849755884249E-017
  1.866040755063392E-003  6.258910142800758E-017
  2.957402039007705E-002  3.651030916633776E-017
  5.327366909227490E-002  1.564727535700190E-017
  6.316080542293909E-002  7.823637678500948E-018
  5.573094885886459E-002  1.043151690466793E-017
  3.474723514367197E-002  1.825515458316888E-017
  9.422114252293229E-003  2.607879226166983E-017
 -9.347163688635406E-003  2.868667148783680E-017
 -1.331236172178060E-002  2.607879226166983E-017
 -2.472191249907105E-004  2.607879226166983E-017
  2.492556906781650E-002  2.868667148783680E-017
  5.186611318709539E-002  2.999061110092030E-017
  6.898895497727678E-002  2.347091303550284E-017
  6.855678250410417E-002  1.564727535700190E-017
  5.050945967671070E-002  0.000000000000000E+000
  2.307706661232299E-002 -1.043151690466793E-017
 -5.122948397718999E-004 -1.043151690466793E-017
 -8.067455179023766E-003  0.000000000000000E+000
  5.504550891945844E-003  2.607879226166983E-017
  3.517779384947389E-002  4.954970529717267E-017
  6.765759342756913E-002  6.258910142800758E-017
  8.756689532432500E-002  5.215758452333965E-017
  8.510337476232911E-002  2.347091303550284E-017
  6.128972921059494E-002 -1.043151690466793E-017
  2.792844437346943E-002 -2.607879226166983E-017
  1.989184019212418E-003 -1.564727535700190E-017
 -2.908448872015950E-003  1.825515458316888E-017
  1.641762748257793E-002  5.998122220184060E-017
  5.081676207811455E-002  8.345213523734344E-017
  8.325284678743304E-002  8.345213523734344E-017
  9.742497622559040E-002  5.998122220184060E-017
  8.613669725457095E-002  1.564727535700190E-017
  5.504162576591206E-002 -2.086303380933586E-017
  1.977248273338284E-002 -2.607879226166983E-017
 -2.076997076175166E-003  5.215758452333965E-018
  5.386699781298000E-005  5.476546374950663E-017
  2.439085306011491E-002  8.866789368967740E-017
  5.791754923743923E-002  1.043151690466793E-016
  8.319999699374912E-002  8.345213523734344E-017
  8.731647594884055E-002  4.433394684483870E-017
  6.825894351678041E-002  2.607879226166982E-018
  3.560605962468624E-002 -1.564727535700190E-017
  5.318448800436146E-003 -3.911818839250474E-018
 -8.475012580800113E-003  3.259849032708728E-017
 -4.159450104791553E-004  7.041273910650852E-017
  2.385363335439496E-002  9.388365214201136E-017
  5.104195280432244E-002  8.345213523734344E-017
  6.714974767953311E-002  5.215758452333965E-017
  6.433939936021249E-002  1.564727535700190E-017
  4.434960983118843E-002 -7.823637678500948E-018
  1.702975420275121E-002 -7.823637678500948E-018
 -4.922215018580428E-003  1.303939613083491E-017
 -1.217403364010627E-002  3.651030916633776E-017
 -2.875080965476286E-003  5.998122220184060E-017
  1.708230398715975E-002  6.258910142800758E-017
  3.741090966435256E-002  4.694182607100568E-017
  4.847992740473887E-002  2.607879226166983E-017
  4.559233861882259E-002  1.043151690466793E-017
  3.065362660476890E-002  1.303939613083491E-018
  1.078286409710760E-002  2.607879226166982E-018
 -5.193539602447162E-003  1.173545651775142E-017
 -1.064575295217904E-002  2.086303380933586E-017
 -3.780905498833576E-003  2.607879226166983E-017
  1.192115745444373E-002  2.738273187475332E-017
  2.944354520505459E-002  2.738273187475332E-017
  4.128704135430188E-002  2.477485264858633E-017
  4.258185797335529E-002  2.216697342241935E-017
  3.305804564724575E-002  1.303939613083491E-017
  1.713495311531107E-002  0.000000000000000E+000
  2.086303529758598E-003 -1.043151690466793E-017
 -5.033189685149653E-003 -1.303939613083491E-017
 -4.853528503645372E-004 -2.607879226166982E-018
  1.435045995117686E-002  1.564727535700190E-017
  3.336043659096617E-002  3.520636955325426E-017
  4.826590530793617E-002  4.303000723175521E-017
  5.237177510791961E-002  3.390242994017077E-017
  4.381876747537549E-002  1.043151690466793E-017
  2.673073044522368E-002 -1.564727535700190E-017
  9.526911276026175E-003 -3.129455071400379E-017
  1.018128348418088E-003 -2.216697342241935E-017
  6.078959311791521E-003  3.911818839250474E-018
  2.304731960100289E-002  3.651030916633776E-017
  4.427481540811493E-002  5.998122220184060E-017
  5.972312914393015E-002  5.998122220184060E-017
  6.192122007779265E-002  3.520636955325426E-017
  4.980332394886363E-002  0.000000000000000E+000
  2.941226026346893E-002 -2.607879226166983E-017
  1.099921550823955E-002 -3.129455071400379E-017
  3.908663170400651E-003 -7.823637678500948E-018
  1.182995888609555E-002  3.390242994017077E-017
  3.086845622834046E-002  6.780485988034155E-017
  5.146967013055088E-002  7.562849755884249E-017
  6.324349402557190E-002  5.215758452333965E-017
  6.022325309294610E-002  1.695121497008539E-017
  4.385993660115751E-002 -1.564727535700190E-017
  2.222563104523420E-002 -2.347091303550284E-017
  5.865043769854191E-003 -5.215758452333965E-018
  2.455535673670862E-003  2.999061110092030E-017
  1.301616201067972E-002  6.258910142800758E-017
  3.155953322023809E-002  7.823637678500947E-017
  4.827605226425453E-002  6.519698065417456E-017
  5.453805498140980E-002  3.781424877942124E-017
  4.714316848915643E-002  3.911818839250474E-018
  2.969661788665891E-002 -1.434333574391840E-017
  1.056104410388630E-002 -1.303939613083491E-017
 -1.448911520586629E-003  1.043151690466793E-017
 -1.382668576907988E-003  3.781424877942124E-017
  9.646608355169499E-003  5.737334297567361E-017
  2.533365465948775E-002  5.998122220184060E-017
  3.750908567204753E-002  4.433394684483870E-017
  4.015160612364119E-002  2.216697342241935E-017
  3.210953906208754E-002  5.215758452333965E-018
  1.732969584699192E-002 -1.303939613083491E-018
  2.677698544713264E-003  3.259849032708728E-018
 -5.436368046583440E-003  1.629924516354364E-017
 -3.964189298908898E-003  2.868667148783680E-017
  5.633733043335275E-003  3.520636955325426E-017
  1.836467453347068E-002  3.390242994017077E-017
  2.817828686860467E-002  2.673076206821157E-017
  3.071463470383512E-002  1.890712438971062E-017
  2.510713647369660E-002  1.043151690466793E-017
  1.414865548975197E-002  3.911818839250474E-018
  2.883205365766636E-003 -2.607879226166982E-018
 -3.671714222653191E-003 -2.607879226166982E-018
 -2.674446088964180E-003  1.955909419625237E-018
  5.393758543111201E-003  1.108348671120968E-017
  1.701050605438236E-002  2.151500361587761E-017
  2.716820881439335E-002  2.738273187475332E-017
  3.154765353837186E-002  2.281894322896110E-017
  2.840562430452209E-002  1.043151690466793E-017
  1.937372527321091E-002 -3.911818839250474E-018
  8.792799411617992E-003 -1.564727535700190E-017
  1.816946947913388E-003 -1.695121497008539E-017
  2.076506353041542E-003 -6.519698065417456E-018
  9.941349421513116E-003  1.108348671120968E-017
  2.222394137408203E-002  2.868667148783680E-017
  3.354686669426520E-002  3.651030916633776E-017
  3.882060543699497E-002  2.868667148783680E-017
  3.569935338277051E-002  1.043151690466793E-017
  2.581532205919960E-002 -1.303939613083491E-017
  1.411864824557582E-002 -2.477485264858633E-017
  6.554883933079458E-003 -1.825515458316888E-017
  7.160780134632000E-003  0.000000000000000E+000
  1.600906129463182E-002  2.607879226166983E-017
  2.906934085105497E-002  4.563788645792219E-017
  4.012181932742231E-002  4.563788645792219E-017
  4.381792826790339E-002  2.738273187475332E-017
  3.836643770357372E-002  2.607879226166982E-018
  2.647333176016269E-002 -1.564727535700190E-017
  1.402687220407090E-002 -1.695121497008539E-017
  7.165264183232903E-003 -1.303939613083491E-018
  9.201611101874825E-003  2.477485264858633E-017
  1.896745316389946E-002  4.433394684483870E-017
  3.141784360433230E-002  5.085364491025616E-017
  4.018546121915903E-002  3.846621858596299E-017
  4.077766943446967E-002  2.021106400279412E-017
  3.279323494001914E-002  2.607879226166982E-018
  2.005368320783302E-002 -6.519698065417456E-018
  8.620495788229784E-003 -1.303939613083491E-018
  3.740274251274714E-003  1.564727535700190E-017
  7.275970061511954E-003  3.520636955325426E-017
  1.689351328948241E-002  4.824576568408918E-017
  2.735136686403398E-002  4.824576568408918E-017
  3.317640204855378E-002  3.781424877942124E-017
  3.134766088319282E-002  1.955909419625237E-017
  2.266629336213283E-002  5.215758452333965E-018
  1.120196293156307E-002  6.519698065417456E-019
  2.182664984769231E-003  7.171667871959201E-018
 -5.647166695807249E-004  2.151500361587761E-017
  3.636940185661674E-003  3.259849032708728E-017
  1.216656445276806E-002  3.520636955325426E-017
  2.052645688187585E-002  3.129455071400379E-017
  2.455862374366306E-002  2.216697342241935E-017
  2.236207441565272E-002  1.434333574391840E-017
  1.504017278083512E-002  9.779547098126184E-018
  6.017601084012752E-003  8.475607485042693E-018
 -6.564496290606185E-004  1.010553200139706E-017
 -2.176500018988971E-003  1.401735084064753E-017
  1.829090376371237E-003  1.695121497008539E-017
  9.265006710675700E-003  1.825515458316888E-017
  1.662656237729599E-002  1.695121497008539E-017
  2.061542102980713E-002  1.564727535700190E-017
  1.958203408145004E-002  1.303939613083491E-017
  1.418659491124991E-002  1.043151690466793E-017
  7.034585570323317E-003  6.519698065417456E-018
  1.482491860214094E-003  1.303939613083491E-018
  1.461597456641415E-004 -1.303939613083491E-018
  3.753293288538811E-003  1.303939613083491E-018
  1.082843189178721E-002  7.823637678500948E-018
  1.834683121447127E-002  1.434333574391840E-017
  2.308136379216396E-002  1.727719987335626E-017
  2.306016183514145E-002  1.695121497008539E-017
  1.848565707174277E-002  1.043151690466793E-017
  1.168149032056734E-002  0.000000000000000E+000
  6.056807578683857E-003 -7.823637678500948E-018
  4.531148270923753E-003 -9.127577291584439E-018
  8.138650957314445E-003 -1.955909419625237E-018
  1.548245984957507E-002  9.127577291584439E-018
  2.333651920612501E-002  1.923310929298149E-017
  2.815041614473197E-002  2.477485264858633E-017
  2.775941623102641E-002  2.086303380933586E-017
  2.246881150018952E-002  1.043151690466793E-017
  1.495630775002390E-002 -1.303939613083491E-018
  9.003058803448811E-003 -8.475607485042693E-018
  7.650280097976270E-003 -6.519698065417456E-018
  1.168586241418655E-002  5.215758452333965E-018
  1.922494498288085E-002  1.955909419625237E-017
  2.661542362024132E-002  2.999061110092030E-017
  3.023498250472956E-002  3.259849032708728E-017
  2.828832763159917E-002  2.477485264858633E-017
  2.170183720865291E-002  1.173545651775142E-017
  1.366145411277258E-002  6.519698065417456E-019
  8.023609504388761E-003 -1.955909419625237E-018
  7.398951516386022E-003  3.911818839250474E-018
  1.187184970585181E-002  1.695121497008539E-017
  1.899179078011736E-002  2.868667148783680E-017
  2.502562296949217E-002  3.390242994017077E-017
  2.682563079320887E-002  3.129455071400379E-017
  2.337049500731962E-002  2.086303380933586E-017
  1.621975762518013E-002  9.127577291584439E-018
  8.683772991246732E-003  1.303939613083491E-018
  4.156555766338050E-003  6.519698065417456E-019
  4.460553252143196E-003  8.475607485042693E-018
  9.016783924685540E-003  1.955909419625237E-017
  1.521557915805015E-002  2.868667148783680E-017
  1.975785057679165E-002  3.129455071400379E-017
  2.027256063865663E-002  2.542682245512808E-017
  1.641510099400000E-002  1.629924516354364E-017
  9.943443547908441E-003  7.171667871959201E-018
  3.788537832616059E-003  2.281894322896110E-018
  6.159992889012839E-004  3.585833935979601E-018
  1.588425066731626E-003  9.127577291584439E-018
  5.898735670936616E-003  1.499530555046015E-017
  1.124652102258787E-002  1.955909419625237E-017
  1.497899636820073E-002  2.021106400279412E-017
  1.533009858204155E-002  1.695121497008539E-017
  1.218511868328958E-002  1.075750180793880E-017
  7.053007987977496E-003  3.911818839250474E-018
  2.306665293113287E-003  3.259849032708728E-019
  7.386148252801699E-005  3.259849032708728E-019
  1.291057702173415E-003  2.933864129437855E-018
  5.329370568946581E-003  7.497652775230075E-018
  1.032944901564813E-002  1.140947161448055E-017
  1.406823820087983E-002  1.271341122756404E-017
  1.495953001159315E-002  1.108348671120968E-017
  1.274775556513572E-002  7.823637678500948E-018
  8.599249539013741E-003  2.607879226166982E-018
  4.560770460451203E-003 -1.303939613083491E-018
  2.629147139814513E-003 -2.607879226166982E-018
  3.844650305301672E-003  0.000000000000000E+000
  7.812612141930197E-003  5.215758452333965E-018
  1.287312561220036E-002  1.108348671120968E-017
  1.685220737831761E-002  1.466932064718928E-017
  1.806216491588183E-002  1.434333574391840E-017
  1.609456125538592E-002  9.127577291584439E-018
  1.203035276617784E-002  1.955909419625237E-018
  7.951987302164187E-003 -2.607879226166982E-018
  5.968730565185481E-003 -2.933864129437855E-018
  7.206848421294186E-003  9.779547098126185E-019
  1.124950796406107E-002  8.475607485042693E-018
  1.631007777078776E-002  1.466932064718928E-017
  2.007402877920606E-002  1.760318477662713E-017
  2.081454998625782E-002  1.564727535700190E-017
  1.824063814653344E-002  1.173545651775142E-017
  1.365451843037624E-002  6.519698065417456E-018
  9.328099872540565E-003  1.955909419625237E-018
  7.394932078884001E-003  2.607879226166982E-018
  8.800888800433693E-003  6.845682968688329E-018
  1.283523662987042E-002  1.369136593737666E-017
  1.747935631783372E-002  1.955909419625237E-017
  2.040317214991613E-002  2.151500361587761E-017
  2.011443252516652E-002  1.825515458316888E-017
  1.668887558372890E-002  1.238742632429317E-017
  1.172012704925159E-002  7.497652775230075E-018
  7.520132695398208E-003  4.889773549063092E-018
  5.974936452556318E-003  6.193713162146584E-018
  7.627735964025674E-003  1.043151690466793E-017
  1.143938373020882E-002  1.629924516354364E-017
  1.533157118066474E-002  2.086303380933586E-017
  1.722744311598574E-002  2.151500361587761E-017
  1.606519259980673E-002  1.760318477662713E-017
  1.228794366742596E-002  1.092049425957424E-017
  7.586131259002122E-003  5.215758452333965E-018
  4.042800069053927E-003  3.259849032708728E-018
  3.118692065580090E-003  4.563788645792219E-018
  4.974918081861664E-003  9.779547098126184E-018
  8.446392522205285E-003  1.564727535700190E-017
  1.165095009611135E-002  1.890712438971062E-017
  1.291415660957290E-002  1.890712438971062E-017
  1.155457789878182E-002  1.499530555046015E-017
  8.164091746985042E-003  9.453562194855311E-018
  4.276278641540971E-003  3.585833935979601E-018
  1.609681334763842E-003  3.259849032708728E-019
  1.260960206405043E-003  9.779547098126185E-019
  3.224732815446837E-003  4.237803742521347E-018
  6.444287046125332E-003  9.453562194855311E-018
  9.342146644029315E-003  1.369136593737666E-017
  1.056391713305927E-002  1.434333574391840E-017
  9.587450789215878E-003  1.075750180793880E-017
  6.928991634964661E-003  5.215758452333965E-018
  3.872094899299857E-003 -3.259849032708728E-019
  1.860859551297919E-003 -3.259849032708728E-018
  1.841117415245159E-003 -2.118901871260673E-018
  3.844624373988624E-003  2.281894322896110E-018
  6.993923282505428E-003  7.823637678500948E-018
  9.915315062576572E-003  1.173545651775142E-017
  1.136806535870396E-002  1.222443387265773E-017
  1.080582937144055E-002  8.801592388313565E-018
  8.619261277878012E-003  3.259849032708728E-018
  5.951747744733761E-003 -2.607879226166982E-018
  4.171270433917428E-003 -4.889773549063092E-018
  4.237201738857030E-003 -2.933864129437855E-018
  6.251512639499576E-003  2.118901871260673E-018
  9.403965460224649E-003  8.149622581771820E-018
  1.234274173644528E-002  1.197994519520458E-017
  1.380429537936000E-002  1.124647916284511E-017
  1.321046004769475E-002  6.845682968688329E-018
  1.094908221713571E-002  6.519698065417456E-019
  8.198118904472610E-003 -3.911818839250474E-018
  6.368594407157366E-003 -4.889773549063092E-018
  6.427525059862424E-003 -1.629924516354364E-018
  8.426259769811336E-003  4.237803742521347E-018
  1.146683284822356E-002  1.043151690466793E-017
  1.412950554886560E-002  1.352837348574122E-017
  1.515884825745127E-002  1.271341122756404E-017
  1.407522705399735E-002  8.149622581771820E-018
  1.141070883893565E-002  2.281894322896110E-018
  8.450513578553509E-003 -1.629924516354364E-018
  6.604730764773421E-003 -1.955909419625237E-018
  6.718919458423845E-003  2.281894322896110E-018
  8.663577026563927E-003  8.149622581771820E-018
  1.140443939373614E-002  1.336538103410578E-017
  1.351674912956842E-002  1.532129045373102E-017
  1.388673720025305E-002  1.271341122756404E-017
  1.225278453187359E-002  8.149622581771820E-018
  9.321716035515900E-003  3.259849032708728E-018
  6.409238424929902E-003  7.334660323594638E-019
  4.789282907456523E-003  1.629924516354364E-018
  5.077024174028551E-003  6.193713162146584E-018
  6.946806655111854E-003  1.108348671120968E-017
  9.314537589071602E-003  1.434333574391840E-017
  1.088319122891273E-002  1.369136593737666E-017
  1.077569792766823E-002  9.779547098126184E-018
  8.945707757016558E-003  5.215758452333965E-018
  6.175138004235375E-003  1.548428290536646E-018
  3.674305121042293E-003  5.704735807240274E-019
  2.491394273828931E-003  2.444886774531546E-018
  3.021127511024789E-003  6.519698065417456E-018
  4.842668401472133E-003  1.043151690466793E-017
  6.949821740049715E-003  1.173545651775142E-017
  8.247775620870632E-003  1.059450935630337E-017
  8.070884272139757E-003  7.008675420323766E-018
  6.478013871998530E-003  3.096856581073292E-018
  4.197817331860833E-003  0.000000000000000E+000
  2.265244837992819E-003 -9.779547098126185E-019
  1.531210792406036E-003  0.000000000000000E+000
  2.276666062622023E-003  2.770871677802419E-018
  4.103354713405954E-003  5.867728258875710E-018
  6.139474699774350E-003  7.823637678500948E-018
  7.454053889783237E-003  7.334660323594638E-018
  7.484248790247600E-003  4.563788645792219E-018
  6.281843316855217E-003  9.779547098126185E-019
  4.473460841573807E-003 -1.955909419625237E-018
  2.960654618096224E-003 -3.259849032708728E-018
  2.501629710929769E-003 -2.607879226166982E-018
  3.365841628000491E-003 -8.149622581771821E-019
  5.216314892654257E-003  1.792916967989800E-018
  7.270008383348969E-003  3.708078274706178E-018
  8.660845168957156E-003  4.156307516703628E-018
  8.838812853358385E-003  2.933864129437855E-018
  7.822352075878281E-003  0.000000000000000E+000
  6.187754763927778E-003 -2.933864129437855E-018
  4.799384472965858E-003 -4.563788645792219E-018
  4.404365454890323E-003 -4.237803742521347E-018
  5.279888100761113E-003 -1.792916967989800E-018
  7.099262352060446E-003  2.118901871260673E-018
  9.082418980636383E-003  5.419499016878261E-018
  1.036295898484618E-002  6.927179194506047E-018
  1.039964275933921E-002  5.052766000698529E-018
  9.236068764681532E-003  9.779547098126185E-019
  7.482028026612793E-003 -3.259849032708728E-018
  6.022343530555181E-003 -5.378750903969402E-018
  5.591081178939795E-003 -3.748826387615037E-018
  6.416285297931954E-003  1.140947161448055E-018
  8.108458512973472E-003  6.682690517052892E-018
  9.848693127824390E-003  9.942539549761621E-018
  1.078613860331312E-002  9.942539549761621E-018
  1.045127106507565E-002  6.193713162146584E-018
  8.982853010519506E-003  1.303939613083491E-018
  7.057621037932355E-003 -2.607879226166982E-018
  5.557951472880529E-003 -3.341345258526446E-018
  5.141559948729683E-003 -8.149622581771821E-019
  5.924683893862619E-003  3.911818839250474E-018
  7.432849258905628E-003  7.823637678500948E-018
  8.840300393405269E-003  1.043151690466793E-017
  9.377129062428815E-003  9.616554646490747E-018
  8.702592064824126E-003  6.519698065417456E-018
  7.063054125461326E-003  1.874413193807519E-018
  5.161848699658591E-003 -1.528054234082216E-018
  3.810626040153215E-003 -1.955909419625237E-018
  3.536639361204963E-003  6.519698065417456E-019
  4.337340173553284E-003  5.215758452333965E-018
  5.696806644614824E-003  9.127577291584439E-018
  6.848354741597540E-003  1.043151690466793E-017
  7.149366648417480E-003  8.638599936678129E-018
  6.384921620054766E-003  5.052766000698529E-018
  4.857510172252670E-003  1.140947161448055E-018
  3.227688367970518E-003 -9.779547098126185E-019
  2.190512430120914E-003 -5.704735807240274E-019
  2.147113429126438E-003  1.955909419625237E-018
  3.026506858914090E-003  5.378750903969402E-018
  4.335487543784601E-003  7.497652775230075E-018
  5.404207407859732E-003  7.823637678500948E-018
  5.705069844993973E-003  5.541743355604838E-018
  5.093763538950356E-003  2.363390548713828E-018
  3.863792694405594E-003 -6.519698065417456E-019
  2.596471241687126E-003 -2.281894322896110E-018
  1.883073466388842E-003 -1.792916967989800E-018
  2.051305125216951E-003  4.889773549063092E-019
  3.021234530326901E-003  3.096856581073292E-018
  4.352374028544029E-003  5.134262226516246E-018
  5.454709641590937E-003  5.297254678151683E-018
  5.862977275871816E-003  3.504337710161883E-018
  5.447635610773766E-003  4.889773549063092E-019
  4.467758723361297E-003 -1.955909419625237E-018
  3.444694797503019E-003 -2.933864129437855E-018
  2.917021994533231E-003 -1.955909419625237E-018
  3.190454954467804E-003  6.519698065417456E-019
  4.197491146816773E-003  3.096856581073292E-018
  5.530627544085044E-003  4.467011877633679E-018
  6.633094114288251E-003  3.830322613432756E-018
  7.058476891270454E-003  2.607879226166982E-018
  6.678542162239595E-003  9.779547098126185E-019
  5.742141164569739E-003 -6.519698065417456E-019
  4.757040256151922E-003 -1.955909419625237E-018
  4.249411958096504E-003 -1.629924516354364E-018
  4.513891158617845E-003  0.000000000000000E+000
  5.472659250398968E-003  2.118901871260673E-018
  6.711358988384142E-003  3.708078274706178E-018
  7.675897138659325E-003  4.034063177977051E-018
  7.936928254547443E-003  3.259849032708728E-018
  7.395387341490098E-003  1.303939613083491E-018
  6.329772224040233E-003 -3.259849032708728E-019
  5.261645351620176E-003 -6.519698065417456E-019
  4.703794387506258E-003  1.629924516354364E-019
  4.912825574300212E-003  1.548428290536646E-018
  5.766254370378943E-003  3.096856581073292E-018
  6.823735289751466E-003  3.911818839250474E-018
  7.542257480300669E-003  4.074811290885910E-018
  7.539998809588114E-003  3.096856581073292E-018
  6.780110157231771E-003  1.711420742172082E-018
  5.585506995147986E-003  3.667330161797319E-019
  4.478972583018821E-003 -2.852367903620137E-019
  3.928277359820877E-003  8.149622581771820E-020
  4.121506929608418E-003  1.466932064718928E-018
  4.881387962720926E-003  3.259849032708728E-018
  5.757970561140408E-003  4.726781097427655E-018
  6.251487574913609E-003  5.215758452333965E-018
  6.054829663893645E-003  4.237803742521347E-018
  5.197892158863829E-003  1.711420742172082E-018
  4.026330905927320E-003 -5.399124960423830E-019
  3.029052363236282E-003 -1.711420742172082E-018
  2.601401793352094E-003 -1.303939613083491E-018
  2.859514685124705E-003  6.519698065417456E-019
  3.593256460239098E-003  3.422841484344165E-018
  4.376021730060735E-003  5.215758452333965E-018
  4.774118156088872E-003  5.704735807240274E-018
  4.552972671474488E-003  4.074811290885910E-018
  3.782524637822386E-003  1.222443387265773E-018
  2.795426329406887E-003 -1.548428290536646E-018
  2.022840988629513E-003 -2.811619790711278E-018
  1.789271465939014E-003 -2.159649984169532E-018
  2.163983825871185E-003  0.000000000000000E+000
  2.936455965137393E-003  2.200398097078391E-018
  3.722982102721438E-003  3.259849032708728E-018
  4.150412429359562E-003  2.607879226166982E-018
  4.029282668030420E-003  8.149622581771820E-020
  3.436609323808609E-003 -2.770871677802419E-018
  2.672951982447054E-003 -4.726781097427655E-018
  2.117262118088484E-003 -4.726781097427655E-018
  2.049176975606693E-003 -3.178352806891010E-018
  2.521310076684886E-003 -8.149622581771821E-019
  3.339021943748840E-003  1.344687725992350E-018
  4.154621695390629E-003  1.874413193807519E-018
  4.630472540949524E-003  8.964584839949001E-019
  4.594802057294298E-003 -9.779547098126185E-019
  4.118583676910120E-003 -2.933864129437855E-018
  3.479026951527710E-003 -4.400796194156783E-018
  3.027722923832688E-003 -4.074811290885910E-018
  3.025302799304937E-003 -2.281894322896110E-018
  3.519605698751844E-003  8.149622581771820E-020
  4.323911817150460E-003  1.772542911535371E-018
  5.105148436027054E-003  1.894787250261948E-018
  5.540615119053009E-003  5.704735807240274E-019
  5.469578272315700E-003 -1.466932064718928E-018
  4.968274653258104E-003 -3.259849032708728E-018
  4.312743140639889E-003 -4.074811290885910E-018
  3.846886271950071E-003 -3.096856581073292E-018
  3.818297742785699E-003 -1.140947161448055E-018
  4.260074569300367E-003  7.742141452683230E-019
  4.975217445731497E-003  1.792916967989800E-018
  5.631277105022588E-003  1.589176403445505E-018
  5.919933129576894E-003  3.667330161797319E-019
  5.704765200325556E-003 -9.372065969037593E-019
  5.086010163567203E-003 -1.466932064718928E-018
  4.351164412959169E-003 -1.181695274356914E-018
  3.835576696079017E-003 -4.482292419974501E-019
  3.760781830893269E-003  6.927179194506047E-019
  4.128933314362766E-003  1.629924516354364E-018
  4.724106662516735E-003  1.629924516354364E-018
  5.219020215291724E-003  1.303939613083491E-018
  5.334501378175770E-003  7.334660323594638E-019
  4.973876747559968E-003  2.852367903620137E-019
  4.267491607784340E-003  2.037405645442955E-020
  3.507021058452622E-003  1.018702822721478E-019
  3.003011554465324E-003 -4.074811290885910E-020
  2.935786476848637E-003 -3.259849032708728E-019
  3.271830085280004E-003 -4.889773549063092E-019
  3.784695884437636E-003 -4.889773549063092E-019
  4.168168833674801E-003 -1.629924516354364E-019
  4.185181778770421E-003  4.074811290885910E-019
  3.780120120119939E-003  7.334660323594638E-019
  3.101583484614145E-003  5.500995242695978E-019
  2.427042810115211E-003 -2.648627339075842E-019
  2.028030690270262E-003 -1.303939613083491E-018
  2.041774469614513E-003 -2.281894322896110E-018
  2.410117437967902E-003 -2.444886774531546E-018
  2.912696959942410E-003 -1.222443387265773E-018
  3.275806284203670E-003  6.519698065417456E-019
  3.303193583228640E-003  1.874413193807519E-018
  2.966491459182577E-003  1.670672629263223E-018
  2.414040154030664E-003 -4.074811290885910E-020
  1.896526268797847E-003 -2.322642435804969E-018
  1.646822364032638E-003 -3.748826387615037E-018
  1.771538455945019E-003 -3.382093371435305E-018
  2.204461275021607E-003 -1.548428290536646E-018
  2.741709021709264E-003  8.353363146316115E-019
  3.139942866488046E-003  2.343016492259398E-018
  3.230367215554713E-003  1.955909419625237E-018
  2.995313042090868E-003  8.149622581771820E-020
  2.572902370071167E-003 -2.526383000349264E-018
  2.189316216692647E-003 -4.319299968339064E-018
  2.051550135461448E-003 -4.563788645792219E-018
  2.251032133423876E-003 -3.178352806891010E-018
  2.722491488035669E-003 -1.120573104993625E-018
  3.276224109750718E-003  3.667330161797319E-019
  3.687750859884357E-003  6.519698065417456E-019
  3.802550387184543E-003 -3.259849032708728E-019
  3.607036191838278E-003 -2.118901871260673E-018
  3.233049754769011E-003 -3.422841484344165E-018
  2.894290819578153E-003 -3.830322613432756E-018
  2.784841070411759E-003 -2.933864129437855E-018
  2.987533526989386E-003 -1.222443387265773E-018
  3.435178278226227E-003  4.889773549063092E-019
  3.942746713039988E-003  1.451651522378105E-018
  4.295160172859411E-003  1.039076879175907E-018
  4.349046090084825E-003 -4.889773549063092E-019
  4.100181402012367E-003 -2.281894322896110E-018
  3.684607816975231E-003 -3.585833935979601E-018
  3.312971855295314E-003 -3.585833935979601E-018
  3.169526988131024E-003 -2.281894322896110E-018
  3.324160121262601E-003 -2.852367903620137E-019
  3.699559065410646E-003  1.263191500174632E-018
  4.109123513828580E-003  1.833665080898659E-018
  4.347163443561700E-003  9.575806533581889E-019
  4.287778166946535E-003 -7.334660323594638E-019
  3.944763081999251E-003 -2.180024040623962E-018
  3.463914063096294E-003 -2.831993847165708E-018
  3.051921636998589E-003 -2.444886774531546E-018
  2.876675036568078E-003 -1.059450935630337E-018
  2.987343470401635E-003  4.074811290885910E-019
  3.292582043334095E-003  1.140947161448055E-018
  3.606683057530657E-003  4.889773549063092E-019
  3.740516562236988E-003 -6.519698065417456E-019
  3.592766796940987E-003 -1.711420742172082E-018
  3.197493531327611E-003 -2.200398097078391E-018
  2.705850566048355E-003 -1.772542911535371E-018
  2.311943239104538E-003 -9.372065969037593E-019
  2.159528881431232E-003 -3.259849032708728E-019
  2.274732024182246E-003 -1.629924516354364E-019
  2.556463602072992E-003 -4.889773549063092E-019
  2.827818697917390E-003 -1.140947161448055E-018
  2.922437870755932E-003 -1.385435838901209E-018
  2.763754202405539E-003 -1.059450935630337E-018
  2.399548368203656E-003 -5.093514113607387E-019
  1.976545526310846E-003 -8.658973993132559E-020
  1.668720587885624E-003 -2.139275927715103E-019
  1.594548837533743E-003 -7.742141452683230E-019
  1.762641640331506E-003 -1.629924516354364E-018
  2.070626966088923E-003 -2.241146209987251E-018
  2.356291321272866E-003 -2.281894322896110E-018
  2.475449164130227E-003 -1.752168855080941E-018
  2.369232360716569E-003 -1.100199048539196E-018
  2.089567488028098E-003 -8.557103710860411E-019
  1.772081268640835E-003 -1.181695274356914E-018
  1.570518381064142E-003 -2.037405645442955E-018
  1.584282572802642E-003 -2.974612242346714E-018
  1.813036379705658E-003 -3.524711766616312E-018
  2.158821943721120E-003 -3.378909925114301E-018
  2.473594452851528E-003 -2.607879226166982E-018
  2.629057510880049E-003 -1.548428290536646E-018
  2.575883837012996E-003 -9.779547098126185E-019
  2.365023752702250E-003 -1.548428290536646E-018
  2.121905719322349E-003 -2.852367903620137E-018
  1.986330023048299E-003 -4.156307516703628E-018
  2.046554816870247E-003 -4.889773549063092E-018
  2.298348902662101E-003 -4.767529210336515E-018
  2.647780827540123E-003 -3.708078274706178E-018
  2.955945384333138E-003 -2.281894322896110E-018
  3.104299076628594E-003 -1.466932064718928E-018
  3.049835163968552E-003 -1.874413193807519E-018
  2.844306347491083E-003 -3.341345258526446E-018
  2.608717349710682E-003 -4.808277323245374E-018
  2.475372381109385E-003 -5.460247129787119E-018
  2.524990048927532E-003 -4.971269774880810E-018
  2.748629292433961E-003 -3.341345258526446E-018
  3.052344308603519E-003 -1.787823453876193E-018
  3.302183042928288E-003 -1.033983365062300E-018
  3.387983910772102E-003 -1.446558008264498E-018
  3.275528107632975E-003 -2.893116016528996E-018
  3.022232957932863E-003 -4.360048081247923E-018
  2.749056387435240E-003 -4.910147605517521E-018
  2.582257630375685E-003 -4.013689121522622E-018
  2.593053969664894E-003 -2.424512718077116E-018
  2.764103535557655E-003 -9.779547098126185E-019
  2.998714605785399E-003 -4.889773549063092E-019
  3.168046877833734E-003 -1.303939613083491E-018
  3.173320829342323E-003 -2.485634887440405E-018
  2.993000697970344E-003 -3.463589597253024E-018
  2.692414255366226E-003 -3.759013415842252E-018
  2.391589590690772E-003 -3.147791722209366E-018
  2.207267650223541E-003 -2.404138661622687E-018
  2.197300330656856E-003 -2.037405645442955E-018
  2.334123797423234E-003 -2.526383000349264E-018
  2.519614042968001E-003 -3.259849032708728E-018
  2.633524931691041E-003 -3.626582048888460E-018
  2.591687352846284E-003 -3.341345258526446E-018
  2.385881227728195E-003 -2.770871677802419E-018
  2.086622459049824E-003 -2.343016492259398E-018
  1.808267953791761E-003 -2.180024040623962E-018
  1.653905063779655E-003 -2.526383000349264E-018
  1.666778058803438E-003 -3.096856581073292E-018
  1.811266601700652E-003 -3.504337710161883E-018
  1.991785428990406E-003 -3.219100919799869E-018
  2.099707454425101E-003 -2.281894322896110E-018
  2.065338713529456E-003 -1.589176403445505E-018
  1.890172467141234E-003 -1.752168855080941E-018
  1.644651505427086E-003 -2.669001395530271E-018
  1.433381313211111E-003 -3.662236647683712E-018
  1.345054012965344E-003 -4.151214002590021E-018
  1.411077758815011E-003 -3.932192895704903E-018
  1.592152121062085E-003 -3.259849032708728E-018
  1.798376098198629E-003 -2.628253282621412E-018
  1.932596988727668E-003 -2.241146209987251E-018
  1.936100705236041E-003 -2.567131113258123E-018
  1.815199279223496E-003 -3.259849032708728E-018
  1.636744563984922E-003 -3.952566952159332E-018
  1.495392993010306E-003 -4.319299968339064E-018
  1.468544964332806E-003 -4.298925911884635E-018
  1.580254688703909E-003 -4.176681573158058E-018
  1.790760865617465E-003 -3.881257754568829E-018
  2.016017983451864E-003 -3.524711766616312E-018
  2.167562749814262E-003 -3.219100919799869E-018
  2.193765344288163E-003 -3.096856581073292E-018
  2.103195203978541E-003 -3.178352806891010E-018
  1.959466780436149E-003 -3.422841484344165E-018
  1.850379998389606E-003 -3.871070726341615E-018
  1.846127734471660E-003 -4.034063177977051E-018
  1.966273219127541E-003 -3.687704218251749E-018
  2.170884708067984E-003 -3.096856581073292E-018
  2.379747856386733E-003 -2.628253282621412E-018
  2.510367038875842E-003 -2.363390548713828E-018
  2.516708134249463E-003 -2.689375451984701E-018
  2.410412744358225E-003 -3.341345258526446E-018
  2.254597299645546E-003 -3.871070726341615E-018
  2.133361313415295E-003 -4.034063177977051E-018
  2.111609263321011E-003 -3.932192895704903E-018
  2.204307807089059E-003 -3.483963653707453E-018
  2.369723066515784E-003 -2.801432762484063E-018
  2.529703166064990E-003 -2.200398097078391E-018
  2.607171164374088E-003 -2.057779701897385E-018
  2.562834880416573E-003 -2.261520266441680E-018
  2.413594879805995E-003 -3.045921439937218E-018
  2.223989726111582E-003 -3.952566952159332E-018
  2.074981596329345E-003 -4.319299968339064E-018
  2.025211613506310E-003 -4.197055629612488E-018
  2.083346463861243E-003 -3.463589597253024E-018
  2.204656482747150E-003 -2.730123564893560E-018
  2.313210251079879E-003 -2.404138661622687E-018
  2.338755584179341E-003 -2.628253282621412E-018
  2.250424341885665E-003 -3.157978750436580E-018
  2.071138621206937E-003 -3.646956105342890E-018
  1.866073279145232E-003 -3.860883698114399E-018
  1.711079299540116E-003 -3.606207992434030E-018
  1.656503183591376E-003 -2.852367903620137E-018
  1.703801600505236E-003 -2.078153758351814E-018
  1.805922964902174E-003 -1.670672629263223E-018
  1.890845255174547E-003 -1.996657532534096E-018
  1.896584957016895E-003 -2.974612242346714E-018
  1.800733942478157E-003 -4.013689121522622E-018
  1.630541455848794E-003 -4.298925911884635E-018
  1.449140428301577E-003 -3.657143133570104E-018
  1.324986484911214E-003 -2.750497621347989E-018
  1.299410992658980E-003 -2.180024040623962E-018
  1.367740074798431E-003 -2.078153758351814E-018
  1.482622464563775E-003 -2.465260830985976E-018
  1.577468782590188E-003 -3.015360355255573E-018
  1.598433926896000E-003 -3.341345258526446E-018
  1.529623315786333E-003 -3.371906343208091E-018
  1.399787788812387E-003 -3.219100919799869E-018
  1.267795490487523E-003 -3.157978750436580E-018
  1.194230014304685E-003 -3.300597145617587E-018
  1.212803809888202E-003 -3.320971202072017E-018
  1.315023146210391E-003 -3.234381462140691E-018
  1.454996329621501E-003 -3.170712535720599E-018
  1.571672907348647E-003 -2.882928988301781E-018
  1.617705651671235E-003 -2.669001395530271E-018
  1.581276642821230E-003 -2.770871677802419E-018
  1.490820051150265E-003 -3.178352806891010E-018
  1.400779536526882E-003 -3.708078274706178E-018
  1.365433697327500E-003 -4.074811290885910E-018
  1.413257409039485E-003 -4.115559403794769E-018
  1.533805746942139E-003 -3.830322613432756E-018
  1.683048991232437E-003 -3.545085823070742E-018
  1.804369418846167E-003 -3.178352806891010E-018
  1.855152789013717E-003 -2.770871677802419E-018
  1.826435464061905E-003 -2.811619790711278E-018
  1.746486993890314E-003 -3.015360355255573E-018
  1.666849048072951E-003 -3.504337710161883E-018
  1.637598316936299E-003 -3.871070726341615E-018
  1.683589792287460E-003 -3.789574500523896E-018
  1.792859399024632E-003 -3.157978750436580E-018
  1.922536295414942E-003 -2.424512718077116E-018
  2.019312546976517E-003 -1.721607770399297E-018
  2.044667595287023E-003 -1.466932064718928E-018
  1.992871681095400E-003 -1.813291024444230E-018
  1.893299896460794E-003 -2.709749508439130E-018
  1.796088615232206E-003 -3.422841484344165E-018
  1.748081797516649E-003 -3.687704218251749E-018
  1.770581560939911E-003 -3.168165778663795E-018
  1.849475884810420E-003 -2.332829464032183E-018
  1.942340586826457E-003 -1.731794798626512E-018
  1.998980839949988E-003 -1.650298572808794E-018
  1.985489021023077E-003 -2.073060244238207E-018
  1.900298769349735E-003 -2.760684649575204E-018
  1.774644723216823E-003 -3.219100919799869E-018
  1.657370213719332E-003 -3.081576038732470E-018
  1.591517936132907E-003 -2.506008943894835E-018
  1.593993324774577E-003 -1.731794798626512E-018
  1.647989232462047E-003 -1.303939613083491E-018
  1.711629264258567E-003 -1.466932064718928E-018
  1.738472893174880E-003 -2.159649984169532E-018
  1.699903530684445E-003 -3.056108468164433E-018
  1.598663807430559E-003 -3.483963653707453E-018
  1.467204822012518E-003 -3.147791722209366E-018
  1.351885111916668E-003 -2.241146209987251E-018
  1.290805445377721E-003 -1.405809895355639E-018
  1.295970111905958E-003 -1.181695274356914E-018
  1.348202254733838E-003 -1.589176403445505E-018
  1.406992744444852E-003 -2.404138661622687E-018
  1.430297994289880E-003 -2.994986298801144E-018
  1.394664355170654E-003 -3.096856581073292E-018
  1.306103662263019E-003 -2.638440310848627E-018
  1.196748153049489E-003 -2.011938074874918E-018
  1.109176078751319E-003 -1.706327228058475E-018
  1.076105669479415E-003 -1.874413193807519E-018
  1.105174481876683E-003 -2.332829464032183E-018
  1.175890601007499E-003 -2.831993847165708E-018
  1.249923808080914E-003 -3.076482524618862E-018
  1.289578978630161E-003 -2.791245734256848E-018
  1.275555693486940E-003 -2.230959181760036E-018
  1.215642000705223E-003 -1.691046685717653E-018
  1.140450771180840E-003 -1.303939613083491E-018
  1.088488866026114E-003 -1.365061782446780E-018
  1.087808610847996E-003 -1.864226165580304E-018
  1.142934116258841E-003 -2.312455407577754E-018
  1.233091693459004E-003 -2.465260830985976E-018
  1.322346778280221E-003 -2.159649984169532E-018
  1.376658801326974E-003 -1.731794798626512E-018
  1.379724878883093E-003 -1.609550459899935E-018
  1.340206770357820E-003 -1.976283476079666E-018
  1.287107026892791E-003 -2.648627339075842E-018
  1.255666730809606E-003 -3.259849032708728E-018
  1.270556495968785E-003 -3.483963653707453E-018
  1.334291974335246E-003 -3.107043609300506E-018
  1.426235656348290E-003 -2.455073802758761E-018
  1.512504630039051E-003 -1.996657532534096E-018
  1.561981172896836E-003 -2.139275927715103E-018
  1.560818224512209E-003 -2.811619790711278E-018
  1.518631604623014E-003 -3.626582048888460E-018
  1.463560791984748E-003 -4.074811290885910E-018
  1.428654056495949E-003 -3.911818839250474E-018
  1.436099261070964E-003 -3.096856581073292E-018
  1.486774120488481E-003 -1.996657532534096E-018
  1.560004635455749E-003 -1.018702822721477E-018
  1.623545502937177E-003 -7.996817158363599E-019
  1.648954213619926E-003 -1.563708832877468E-018
  1.625015316662381E-003 -2.913490072983426E-018
  1.562860937347769E-003 -3.769200444069466E-018
  1.490434768658402E-003 -3.646956105342890E-018
  1.439035852906914E-003 -2.393951633395472E-018
  1.428423988790051E-003 -8.557103710860411E-019
  1.457593790850169E-003 -1.528054234082216E-019
  1.505553750139009E-003 -6.927179194506047E-019
  1.541630299415992E-003 -1.955909419625237E-018
  1.540274930914265E-003 -3.045921439937218E-018
  1.493255944714203E-003 -3.366812829094483E-018
  1.413446248917306E-003 -2.857461417733744E-018
  1.328503247127277E-003 -1.762355883308156E-018
  1.267589219561047E-003 -7.334660323594638E-019
  1.247566187939190E-003 -4.889773549063092E-019
  1.265262482933811E-003 -1.120573104993625E-018
  1.299411866034414E-003 -2.078153758351814E-018
  1.321190155390348E-003 -2.648627339075842E-018
  1.308183966044225E-003 -2.628253282621412E-018
  1.255071222089331E-003 -2.098527814806244E-018
  1.175976172124273E-003 -1.502586663514179E-018
  1.097521639822706E-003 -1.273378528401847E-018
  1.046054234308135E-003 -1.528054234082216E-018
  1.035229600196175E-003 -2.078153758351814E-018
  1.059854464215610E-003 -2.444886774531546E-018
  1.098789495675461E-003 -2.363390548713828E-018
  1.125353719148740E-003 -1.833665080898659E-018
  1.120141010180307E-003 -1.166414732016092E-018
  1.080121666909117E-003 -8.404298287452189E-019
  1.019793608034123E-003 -1.039076879175907E-018
  9.640042496558403E-004 -1.502586663514179E-018
  9.360133311573505E-004 -1.907521035545967E-018
  9.465385890762916E-004 -2.157103227112729E-018
  9.889363331426263E-004 -2.159649984169532E-018
  1.042661667530830E-003 -1.798010482103408E-018
  1.083203248752838E-003 -1.298846098969884E-018
  1.093676994328038E-003 -1.059450935630337E-018
  1.072585789177609E-003 -1.324313669537921E-018
  1.034172025243912E-003 -1.996657532534096E-018
  1.001346218511373E-003 -2.567131113258123E-018
  9.946632783690368E-004 -2.638440310848627E-018
  1.022604834882254E-003 -2.098527814806244E-018
  1.077710633881392E-003 -1.191882302584129E-018
  1.140270943941280E-003 -5.704735807240274E-019
  1.187712339916974E-003 -6.112216936328865E-019
  1.205170544789675E-003 -1.120573104993625E-018
  1.192263770206940E-003 -1.874413193807519E-018
  1.162945291583776E-003 -2.628253282621412E-018
  1.138612753262956E-003 -3.056108468164433E-018
  1.137816564697926E-003 -2.852367903620137E-018
  1.167459765344523E-003 -2.271707294668895E-018
  1.219612721782881E-003 -1.731794798626512E-018
  1.275369351572107E-003 -1.497493149400572E-018
  1.313837614753616E-003 -1.843852109125874E-018
  1.321960533707916E-003 -2.577318141485338E-018
  1.300522505293200E-003 -3.086669552846077E-018
  1.263548740255340E-003 -2.903303044756211E-018
  1.231457687301494E-003 -2.190211068851177E-018
  1.221276627715699E-003 -1.385435838901209E-018
  1.238586200384758E-003 -7.996817158363599E-019
  1.274992678628492E-003 -7.105452188482305E-019
  1.312267134269070E-003 -1.074731477971159E-018
  1.331115108167700E-003 -1.607003702843131E-018
  1.320361620423895E-003 -1.994110775477292E-018
  1.282181827590807E-003 -2.085794029522225E-018
  1.230933619978006E-003 -1.730521420098110E-018
  1.186219312414180E-003 -1.219896630208969E-018
  1.163544987559692E-003 -9.321130827901520E-019
  1.167053195494411E-003 -9.372065969037593E-019
  1.187765025023960E-003 -1.232630415492988E-018
  1.208099627671357E-003 -1.711420742172082E-018
  1.210435518274363E-003 -2.169837012396747E-018
  1.185578097037901E-003 -2.363390548713828E-018
  1.137097145449006E-003 -2.292081351123324E-018
  1.079524033962491E-003 -2.052686187783777E-018
  1.031356770935195E-003 -1.854039137353089E-018
  1.006284176933997E-003 -1.731794798626512E-018
  1.006837832323303E-003 -1.772542911535371E-018
  1.023456163007446E-003 -1.925348334943592E-018
  1.039316221450331E-003 -2.047592673670170E-018
  1.038534287758147E-003 -2.047592673670170E-018
  1.013773505170487E-003 -1.741981826853726E-018
  9.696497971683755E-004 -1.298846098969884E-018
  9.203925553406299E-004 -9.193792975061334E-019
  8.829773916947211E-004 -5.704735807240274E-019
  8.690766155247795E-004 -5.959411512920643E-019
  8.796693608599434E-004 -1.003422280380655E-018
  9.048152446255415E-004 -1.701233713944867E-018
  9.285969498643513E-004 -2.159649984169532E-018
  9.367881566588008E-004 -2.118901871260673E-018
  9.235632130741649E-004 -1.538241262309431E-018
  8.940943638942390E-004 -9.066455122221149E-019
  8.618917337707461E-004 -7.996817158363599E-019
  8.422483569980990E-004 -1.298846098969884E-018
  8.449629127949595E-004 -2.062873216010992E-018
  8.697882247903343E-004 -2.396498390452276E-018
  9.066981855802577E-004 -2.088340786579029E-018
  9.407533765019001E-004 -1.303939613083491E-018
  9.591847314658359E-004 -5.500995242695978E-019
  9.573176782329208E-004 -3.361719314980876E-019
  9.405702133985354E-004 -7.538400888138934E-019
  9.216574618929559E-004 -1.589176403445505E-018
  9.144053714915259E-004 -2.414325689849902E-018
  9.271449923589091E-004 -2.719936536666345E-018
  9.588036036919424E-004 -2.383764605168257E-018
  9.994877764064967E-004 -1.854039137353089E-018
  1.035211718283506E-003 -1.528054234082216E-018
  1.054480497774044E-003 -1.640111544581579E-018
  1.053600860861936E-003 -2.149462955942318E-018
  1.038238058611607E-003 -2.801432762484063E-018
  1.020540245727789E-003 -3.096856581073292E-018
  1.013248997207196E-003 -2.984799270573929E-018
  1.023615387585828E-003 -2.465260830985976E-018
  1.049995666983062E-003 -1.808197510330623E-018
  1.082699675378100E-003 -1.385435838901209E-018
  1.108637811433460E-003 -1.354874754219565E-018
  1.117523152889482E-003 -1.716514256285690E-018
  1.106676423376429E-003 -2.373577576941043E-018
  1.082176576605449E-003 -3.000079812914751E-018
  1.055855630627008E-003 -3.249662004481513E-018
  1.039610981959559E-003 -3.043374682880414E-018
  1.039763741710264E-003 -2.503462186838031E-018
  1.054139218591566E-003 -1.859132651466696E-018
  1.073223217269808E-003 -1.584082889331898E-018
  1.084796242707457E-003 -1.930441849057200E-018
  1.079801355432462E-003 -2.745404107234382E-018
  1.056640705410512E-003 -3.252208761538317E-018
  1.021876435098924E-003 -3.119777394584525E-018
  9.870474036476919E-004 -2.442340017474742E-018
  9.631660531980843E-004 -1.599363431672720E-018
  9.555446987341105E-004 -1.079824992084766E-018
  9.614090247112350E-004 -1.120573104993625E-018
  9.713956722306204E-004 -1.691046685717653E-018
  9.741649895025650E-004 -2.556944085030909E-018
  9.618866417253080E-004 -3.066295496391647E-018
  9.339727337338531E-004 -2.949144671778677E-018
  8.973075637080593E-004 -2.439793260417939E-018
  8.629190025654566E-004 -1.966096447852452E-018
  8.407319011058089E-004 -1.660485601036008E-018
  8.349301774766419E-004 -1.609550459899935E-018
  8.421221773811297E-004 -1.864226165580304E-018
  8.531326513178193E-004 -1.976283476079666E-018
  8.575057966194266E-004 -1.864226165580304E-018
  8.485318007463908E-004 -1.612097216956738E-018
  8.264007129138160E-004 -1.563708832877468E-018
  7.980211850195403E-004 -1.843852109125874E-018
  7.736517896519594E-004 -2.340788079834695E-018
  7.620013583246332E-004 -2.593235373090361E-018
  7.661483697910062E-004 -2.495821915667620E-018
  7.821957191067426E-004 -1.952089284040031E-018
  8.012449095213182E-004 -1.447831386792900E-018
  8.136920682594984E-004 -1.291205827799473E-018
  8.137703527319217E-004 -1.533147748195824E-018
  8.021880007887365E-004 -1.976283476079666E-018
  7.856529982289274E-004 -2.424512718077116E-018
  7.735684884252893E-004 -2.730123564893560E-018
  7.735121692205623E-004 -2.485634887440405E-018
  7.876551607142763E-004 -1.940628877284415E-018
  8.117919188185132E-004 -1.426183951810069E-018
  8.373911213694763E-004 -1.130760133220840E-018
  8.556469712714256E-004 -1.059450935630337E-018
  8.615869916936240E-004 -1.283565556629062E-018
  8.563005696121102E-004 -1.782729939762586E-018
  8.462711216362244E-004 -2.180024040623962E-018
  8.401756911792198E-004 -2.353203520486613E-018
  8.447020113213849E-004 -2.190211068851177E-018
  8.613704337407578E-004 -1.884600222034733E-018
  8.858433737358266E-004 -1.594269917559112E-018
  9.100103089327413E-004 -1.370155296560387E-018
  9.258242551475323E-004 -1.324313669537921E-018
  9.290550527484870E-004 -1.538241262309431E-018
  9.211901082947688E-004 -1.803103996217015E-018
  9.086116554900434E-004 -1.976283476079666E-018
  8.994767346423917E-004 -1.904974278489163E-018
  8.998052135782480E-004 -1.599363431672720E-018
  9.106358185296629E-004 -1.329407183651528E-018
  9.275815831705542E-004 -1.181695274356914E-018
  9.429644824184276E-004 -1.073458099442757E-018
  9.494860426917546E-004 -1.123119862050429E-018
  9.436759938217314E-004 -1.385435838901209E-018
  9.274874173295617E-004 -1.836211837955463E-018
  9.073052054331100E-004 -1.994110775477292E-018
  8.908704296220990E-004 -1.769996154478567E-018
  8.836061806389462E-004 -1.410903409469246E-018
  8.860965011265089E-004 -1.207162844924951E-018
  8.939007057361498E-004 -1.543334776423038E-018
  8.997608038538438E-004 -2.169837012396747E-018
  8.971213049631164E-004 -2.755591135461597E-018
  8.832704292072195E-004 -3.091763066959684E-018
  8.606139146936037E-004 -2.949144671778677E-018
  8.355009050161718E-004 -2.449980288645153E-018
  8.151941149835256E-004 -1.925348334943592E-018
  8.044513115832981E-004 -1.701233713944867E-018
  8.033491689328540E-004 -1.879506707921126E-018
  8.073654488159064E-004 -2.164743498283140E-018
  8.096455536824395E-004 -2.434699746304331E-018
  8.043412430795065E-004 -2.740310593120775E-018
  7.894166588945990E-004 -2.903303044756211E-018
  7.675959197065872E-004 -2.775965191916026E-018
  7.450320283534164E-004 -2.386311362225061E-018
  7.283671722355270E-004 -1.851492380296286E-018
  7.216075906531617E-004 -1.362515025389976E-018
  7.242996359271963E-004 -1.196975816697736E-018
  7.318495903492180E-004 -1.642658301638383E-018
  7.377972034815806E-004 -2.416872446906705E-018
  7.369294769041904E-004 -2.895662773585800E-018
  7.277432587438539E-004 -2.723756672251551E-018
  7.131015852165476E-004 -2.027218617215740E-018
  6.988060782428521E-004 -1.349781240105958E-018
  6.907997566519012E-004 -1.153680946732073E-018
  6.923493358835628E-004 -1.550975047593450E-018
  7.025402391715272E-004 -2.236052695873643E-018
  7.167716054813200E-004 -2.735217079007167E-018
  7.289804148008898E-004 -2.758137892518400E-018
  7.345122362478111E-004 -2.281894322896110E-018
  7.322712239349194E-004 -1.538241262309431E-018
  7.251478114754251E-004 -1.110386076766410E-018
  7.185538157889683E-004 -1.288659070742669E-018
  7.177905276643916E-004 -2.052686187783777E-018
  7.255125372135384E-004 -2.989892784687537E-018
  7.404823094960497E-004 -3.468683111366631E-018
  7.581810179236972E-004 -3.122324151641329E-018
  7.729564256589288E-004 -2.139275927715103E-018
  7.806696321810338E-004 -1.069637963857551E-018
  7.805847483726333E-004 -4.584162702246649E-019
  7.756229784617509E-004 -7.538400888138934E-019
  7.708876684211116E-004 -1.803103996217015E-018
  7.711834931687503E-004 -3.015360355255573E-018
  7.787161262825693E-004 -3.825229099319148E-018
  7.920557265797949E-004 -3.835416127546363E-018
  8.068353055708201E-004 -3.107043609300506E-018
  8.178294025244862E-004 -2.103621328919851E-018
  8.214117694969514E-004 -1.624831002240757E-018
  8.172256035121958E-004 -2.118901871260673E-018
  8.082878197914854E-004 -3.326064716185624E-018
  7.994995569246947E-004 -4.446637821179250E-018
  7.952892174130187E-004 -4.915241119631129E-018
  7.975152786227570E-004 -4.484839177031304E-018
  8.046184997892193E-004 -3.495424060463070E-018
  8.124086474336501E-004 -2.602149022789174E-018
  8.160913909877128E-004 -2.257381786224374E-018
  8.125581048711112E-004 -2.646717271283239E-018
  8.018490645935960E-004 -3.638679144908278E-018
  7.871066182037701E-004 -4.764345764015510E-018
  7.730603748881138E-004 -5.227218859089582E-018
  7.637828580485811E-004 -4.545961346394594E-018
  7.607908450601032E-004 -3.023000626425985E-018
  7.623890976376670E-004 -1.502586663514179E-018
  7.645507347800337E-004 -9.015519981085076E-019
  7.628941224186157E-004 -1.410903409469246E-018
  7.548010067305494E-004 -2.773418434859223E-018
  7.406669441550866E-004 -4.064624262658695E-018
  7.237021245690780E-004 -4.451731335292856E-018
  7.083984327087270E-004 -3.672423675910927E-018
  6.984110060228857E-004 -2.368484062827435E-018
  6.948695380004999E-004 -1.334500697765136E-018
  6.959145671259341E-004 -1.227536901379380E-018
  6.976592122401181E-004 -1.950815905511629E-018
  6.960962107394343E-004 -3.214007405686262E-018
  6.890288558862925E-004 -4.281098612487009E-018
  6.771084122262024E-004 -4.489296001880712E-018
  6.635003977839489E-004 -3.619578466982250E-018
  6.523612255423377E-004 -2.089295820475330E-018
  6.468681286719479E-004 -9.664943030570018E-019
  6.477441965673486E-004 -1.044170393289514E-018
  6.529688836721920E-004 -2.206764989720401E-018
  6.587900867375531E-004 -3.678790568552936E-018
  6.615351117412086E-004 -4.645284871609938E-018
  6.593486500227140E-004 -4.739514882711674E-018
  6.530364084130371E-004 -3.967847494500155E-018
  6.456313788338569E-004 -2.781058706029634E-018
  6.409110673024661E-004 -1.897334007318752E-018
  6.415859056028341E-004 -2.009391317818114E-018
  6.480213198789436E-004 -2.979705756460322E-018
  6.580880153885379E-004 -4.028969663863444E-018
  6.681912949892979E-004 -4.426263764724820E-018
  6.749725522248271E-004 -4.008595607409014E-018
  6.768678660213915E-004 -3.101950095186899E-018
  6.747905997481530E-004 -2.322642435804969E-018
  6.716312262941670E-004 -2.149462955942318E-018
  6.708310267197560E-004 -2.628253282621412E-018
  6.747188339575011E-004 -3.504337710161883E-018
  6.834000980707076E-004 -4.227616714294131E-018
  6.947138226102321E-004 -4.278551855430206E-018
  7.052606881174008E-004 -3.692797732365356E-018
  7.120002687095240E-004 -2.877835474188174E-018
  7.136547135151351E-004 -2.414325689849902E-018
  7.112594921613727E-004 -2.536570028576479E-018
  7.076144669926507E-004 -3.142698208095758E-018
  7.059113760386874E-004 -3.922005867477689E-018
  7.081985747323595E-004 -4.405889708270390E-018
  7.144110752828074E-004 -4.377875380645550E-018
  7.224163500037648E-004 -3.720812059990197E-018
  7.290398899121146E-004 -2.691922209041504E-018
  7.315717753619818E-004 -1.831118323841856E-018
  7.290348765207626E-004 -1.609550459899935E-018
  7.226178779532108E-004 -2.009391317818114E-018
  7.150796637579589E-004 -2.638440310848627E-018
  7.094212110838174E-004 -3.118504016056123E-018
  7.074640947854100E-004 -3.358535868659871E-018
  7.090103968162985E-004 -3.280859778427358E-018
  7.119742015603125E-004 -2.948507982514476E-018
  7.134089331340199E-004 -2.606605847638581E-018
  7.109308656694747E-004 -2.491365090818214E-018
  7.038578643374638E-004 -2.474811169948990E-018
  6.935267570231138E-004 -2.591325305297758E-018
  6.826499473797196E-004 -2.847274389506530E-018
  6.740299589364646E-004 -3.154158614851375E-018
  6.692510606367922E-004 -3.524711766616312E-018
  6.679692655416324E-004 -3.774293958183074E-018
  6.681288658202917E-004 -3.687704218251749E-018
  6.669887437217337E-004 -3.160525507493384E-018
  6.624587009060090E-004 -2.363390548713828E-018
  6.541062217501057E-004 -1.664305736621214E-018
  6.433603511497144E-004 -1.536967883781029E-018
  6.328280668069387E-004 -1.874413193807519E-018
  6.250614279190485E-004 -2.392678254867070E-018
  6.213692851260674E-004 -2.731396943421962E-018
  6.212366443011410E-004 -2.685555316399495E-018
  6.226171124848860E-004 -2.348110006373006E-018
  6.229450566483310E-004 -2.048229362934371E-018
  6.203751441684184E-004 -1.961639623003045E-018
  6.146574113287626E-004 -2.065419973067796E-018
  6.072390268695315E-004 -2.154556470055925E-018
  6.005576791726420E-004 -1.980103611664872E-018
  5.968753385131991E-004 -1.617190731070346E-018
  5.972128546884178E-004 -1.118026347936822E-018
  6.008882173523681E-004 -8.226025293475931E-019
  6.058665480671798E-004 -9.499403821877778E-019
  6.097419460458558E-004 -1.395622867128424E-018
  6.108755279217913E-004 -1.989017261363685E-018
  6.091486311496666E-004 -2.399045147509080E-018
  6.059818424023289E-004 -2.327735949918576E-018
  6.036238839299317E-004 -1.782729939762586E-018
  6.040594583442945E-004 -1.110386076766410E-018
  6.080590535311342E-004 -5.271787107583646E-019
  6.148174506047692E-004 -2.954238185892285E-019
  6.223418079150876E-004 -7.640271170411082E-019
  6.283934168768748E-004 -1.604456945786327E-018
  6.315291610493535E-004 -2.190211068851177E-018
  6.317493691053404E-004 -2.236052695873643E-018
  6.304528841762963E-004 -1.798010482103408E-018
  6.297322015438001E-004 -1.049263907403122E-018
  6.313525225432762E-004 -4.431357278838428E-019
  6.359022082780818E-004 -3.463589597253023E-019
  6.425133852885739E-004 -7.640271170411082E-019
  6.492759468974201E-004 -1.311579884253902E-018
  6.541388284421804E-004 -1.568802346991075E-018
  6.558654496698280E-004 -1.426183951810069E-018
  6.545911731619194E-004 -9.575806533581889E-019
  6.517254042210244E-004 -2.674094909643879E-019
  6.492544476944065E-004  2.164743498283140E-019
  6.487836623882613E-004  6.112216936328866E-020
  6.507758195316135E-004 -7.156387329618379E-019
  6.543432315107992E-004 -1.614643974013542E-018
  6.576841463629059E-004 -2.004297803704507E-018
  6.589477130651249E-004 -1.589176403445505E-018
  6.571119236369959E-004 -7.232790041322491E-019
  6.524585335873296E-004 -2.546757056803694E-021
  6.464255912642371E-004  8.149622581771820E-020
  6.409161099118258E-004 -4.736968125654871E-019
  6.373980735545813E-004 -1.252367782683216E-018
  6.362252437291684E-004 -1.705690538794274E-018
  6.364975654004187E-004 -1.521050652176006E-018
  6.365195826509995E-004 -7.856745520239396E-019
  6.346307389878419E-004 -4.584162702246649E-020
  6.300081465320594E-004  1.037803500647505E-019
  6.230611318529553E-004 -4.902507334347111E-019
  6.152360736282366E-004 -1.529327612610618E-018
  6.083326047001083E-004 -2.130362278016290E-018
  6.036627489801661E-004 -1.782729939762586E-018
  6.014542317041636E-004 -7.220056256038472E-019
  6.007772707371092E-004  2.062873216010992E-019
  6.000213893262765E-004  5.768404733660366E-019
  5.976872537811038E-004  2.826900333052100E-019
  5.931126359080627E-004 -5.558297276474062E-019
  5.867888624634597E-004 -1.403263138298835E-018
  5.801239631440943E-004 -1.593633228294911E-018
  5.747736443128415E-004 -1.021727096726432E-018
  5.718643339361595E-004  3.485873721500056E-020
  5.714784370367430E-004  7.934739955104008E-019
  5.726414424426157E-004  7.299642414063587E-019
  5.738085358393167E-004 -1.645841747959387E-019
  5.736116097830952E-004 -1.283565556629062E-018
  5.715082233151802E-004 -2.015758210460124E-018
  5.680266897780366E-004 -1.907521035545967E-018
  5.644980972593669E-004 -1.092558777368785E-018
  5.624109790631790E-004 -1.018702822721478E-019
  5.627006880383565E-004  5.195384395879535E-019
  5.653110208762341E-004  5.806606089512422E-019
  5.692309258727188E-004  1.375248810673995E-019
  5.729808298573800E-004 -5.704735807240274E-019
  5.753109055336501E-004 -1.028889850948692E-018
  5.757775267905747E-004 -9.040987551653113E-019
  5.749275600020621E-004 -9.932352521534406E-020
  5.740102042767747E-004  9.321130827901520E-019
  5.743607750914389E-004  1.566255589934272E-018
  5.767533853103431E-004  1.474572335889339E-018
  5.810291332728348E-004  7.512933317570896E-019
  5.861710830810705E-004 -1.604456945786327E-019
  5.907833982849010E-004 -6.341425071441198E-019
  5.937417871251262E-004 -3.565459879525171E-019
  5.947053154119022E-004  4.023876149749836E-019
  5.942501560079939E-004  1.166414732016092E-018
  5.935682706485486E-004  1.436370980037283E-018
  5.938804427259136E-004  9.830482239262258E-019
  5.958456732632257E-004 -3.310784173844802E-020
  5.992462772717937E-004 -1.181695274356914E-018
  6.030934300390137E-004 -1.823478052671445E-018
  6.060969842741524E-004 -1.553521804650253E-018
  6.072720163935264E-004 -6.545165635985493E-019
  6.063932881601742E-004  3.234381462140691E-019
  6.040849744850073E-004  8.658973993132559E-019
  6.015086202924257E-004  7.283725182458564E-019
  5.998028907698689E-004  1.655392086922401E-019
  5.995439051025588E-004 -5.870275015932514E-019
  6.004813315941425E-004 -1.274651906930249E-018
  6.016712051327871E-004 -1.493673013815366E-018
  6.019368164973263E-004 -1.180421895828512E-018
  6.004345779927140E-004 -6.086749365760829E-019
  5.970551770863217E-004 -2.266613780555287E-019
  5.924721928261762E-004 -3.119777394584525E-019
  5.878201046296489E-004 -7.544767780780943E-019
  5.841595727147068E-004 -1.262554810910431E-018
  5.819864785747948E-004 -1.391484386911118E-018
  5.810167727562887E-004 -1.079824992084766E-018
  5.803449970286220E-004 -7.188221792828425E-019
  5.788956502180995E-004 -6.526064958059466E-019
  5.759488048814487E-004 -9.827298792941253E-019
  5.714893710029086E-004 -1.627059414665460E-018
  5.662168124817014E-004 -2.287783698589968E-018
  5.612157012279183E-004 -2.704337649693422E-018
  5.574484390724226E-004 -2.747950864291186E-018
  5.553134026609169E-004 -2.237326074402045E-018
  5.544769686095935E-004 -1.487306121173357E-018
  5.540546738168977E-004 -1.133943579541845E-018
  5.530499360878061E-004 -1.423637194753265E-018
  5.508380358585191E-004 -2.025626894055238E-018
  5.474650104534888E-004 -2.570951248843329E-018
  5.436226440486280E-004 -2.647353960547440E-018
  5.403166221699152E-004 -2.272343983933096E-018
  5.383901370872782E-004 -1.676402832641031E-018
  5.381310766775969E-004 -1.240270686663399E-018
  5.391475169789486E-004 -1.387982595958013E-018
  5.405660075900279E-004 -1.869319679693911E-018
  5.414533032088348E-004 -2.453800424230359E-018
  5.412580554196920E-004 -2.865101688904156E-018
  5.400630061401053E-004 -2.982252513517125E-018
  5.385315356516656E-004 -2.633346796735019E-018
  5.375790997550686E-004 -2.118901871260673E-018
  5.379297805163974E-004 -1.769996154478567E-018
  5.397698041791965E-004 -1.780183182705782E-018
  5.426603939728289E-004 -2.202944854135195E-018
  5.457469003358964E-004 -2.712296265495934E-018
  5.481604183103336E-004 -2.966971971176303E-018
  5.494188554620729E-004 -2.870195203017763E-018
  5.496379406409248E-004 -2.480541373326798E-018
  5.494556972749636E-004 -1.907521035545967E-018
  5.497109556913553E-004 -1.515320448798198E-018
  5.510320549692193E-004 -1.617190731070346E-018
  5.535317551309195E-004 -2.261520266441680E-018
  5.567509786425078E-004 -3.104496852243703E-018
  5.598740913230604E-004 -3.580740421865994E-018
  5.621097379418133E-004 -3.351532286753661E-018
  5.630546917365604E-004 -2.559490842087712E-018
  5.628690839064455E-004 -1.571349104047879E-018
  5.621832128559930E-004 -9.473936251309741E-019
  5.617842458487143E-004 -1.003422280380655E-018
  5.622344292596423E-004 -1.772542911535371E-018
  5.636024832315813E-004 -2.839634118336119E-018
  5.654335724018446E-004 -3.543812444542340E-018
  5.669685122548146E-004 -3.601114478320423E-018
  5.675048002035467E-004 -2.733943700478765E-018
  5.667265368025362E-004 -1.604456945786327E-018
  5.648475566370854E-004 -1.012335930079468E-018
  5.625027647141545E-004 -1.300119477498286E-018
  5.604428094401026E-004 -2.191484447379578E-018
  5.591795294302480E-004 -3.096219891809091E-018
  5.587507758188747E-004 -3.564186500996769E-018
  5.587142148236091E-004 -3.471866557687636E-018
  5.583696356432076E-004 -2.680780146917988E-018
  5.571010074480124E-004 -1.651890295969296E-018
  5.546743426886106E-004 -1.040668602336409E-018
  5.513507451719397E-004 -1.131715167117141E-018
  5.477636805668961E-004 -1.793553657254001E-018
  5.446220392579856E-004 -2.541822715006137E-018
  5.423822613741581E-004 -2.878631335768425E-018
  5.410453459172406E-004 -2.535535408522153E-018
  5.401730170524397E-004 -1.789653935510771E-018
  5.391119599296330E-004 -1.187664236208798E-018
  5.373165115602565E-004 -1.113012419981239E-018
  5.346151568140754E-004 -1.619100798862948E-018
  5.312952052797817E-004 -2.400318526037481E-018
  5.279682113870217E-004 -2.937047575758860E-018
  5.252832874288773E-004 -2.778830293604930E-018
  5.236265584423689E-004 -2.093752645324737E-018
  5.229494042354989E-004 -1.415041889686552E-018
  5.228047965878844E-004 -9.925985628892397E-019
  5.225711013681139E-004 -9.365699076395585E-019
  5.217541755625028E-004 -1.145403986297461E-018
  5.202232576006514E-004 -1.459291793548517E-018
  5.182699068836252E-004 -1.642658301638383E-018
  5.164649445655376E-004 -1.612097216956738E-018
  5.153844911278419E-004 -1.454198279434909E-018
  5.153370439871648E-004 -1.265738257231436E-018
  5.162208540500951E-004 -1.054357421516729E-018
  5.175769946883649E-004 -8.455233428588263E-019
  5.188097628141108E-004 -7.258257611890527E-019
  5.194673162129273E-004 -7.563868458706970E-019
  5.194487511732335E-004 -1.077278235027962E-018
  5.190409027844637E-004 -1.535694505252627E-018
  5.187703642873897E-004 -1.841305352069071E-018
  5.191438992398986E-004 -1.889693736148341E-018
  5.204019943935986E-004 -1.701233713944867E-018
  5.224019996715241E-004 -1.408356652412443E-018
  5.246840722030664E-004 -1.105292562652803E-018
  5.266858111741898E-004 -1.084918506198374E-018
  5.280017286378665E-004 -1.449104765321302E-018
  5.285642157734369E-004 -1.983923747250077E-018
  5.286618030736057E-004 -2.192757825907980E-018
  5.287888074070289E-004 -1.820931295614641E-018
  5.294002661745474E-004 -1.339594211878743E-018
  5.306896427444176E-004 -9.677676815854037E-019
  5.324941401347002E-004 -8.786311845972744E-019
  5.343704605137803E-004 -1.222443387265773E-018
  5.358025797858151E-004 -1.772542911535371E-018
  5.364412794345989E-004 -2.055232944840581E-018
  5.362617099143850E-004 -1.838758595012267E-018
  5.355657697022103E-004 -1.115479590880018E-018
  5.348305943986538E-004 -4.354954567134316E-019
  5.344772159325876E-004 -2.393951633395472E-019
  5.346700896985415E-004 -7.920414446659488E-019
  5.352419084226552E-004 -1.827298188256650E-018
  5.357774107998661E-004 -2.555670706502507E-018
  5.358141294959638E-004 -2.348110006373006E-018
  5.350632815708242E-004 -1.311579884253902E-018
  5.335458900749329E-004 -1.196975816697736E-019
  5.315809043547491E-004  3.030640897596396E-019
  5.296331028142491E-004 -3.858336941057596E-019
  5.280948571160887E-004 -1.759809126251352E-018
  5.271060732224792E-004 -2.909669937398220E-018
  5.264969948116698E-004 -3.043374682880414E-018
  5.258790797352773E-004 -2.118901871260673E-018
  5.248386060489396E-004 -7.996817158363599E-019
  5.231396386264028E-004  5.029845187187295E-020
  5.208399339170285E-004 -2.336649599617389E-019
  5.182660706322377E-004 -1.545881533479842E-018
  5.158616409920613E-004 -3.048468196994022E-018
  5.139823163989921E-004 -3.971985974717461E-018
  5.127356750077409E-004 -3.696936212582662E-018
  5.119409643510002E-004 -2.423876028812915E-018
  5.112259509803224E-004 -9.076005461184163E-019
  5.102127426573206E-004 -4.138480217306002E-020
  5.087030299360237E-004 -2.846001010978128E-019
  5.067748724217411E-004 -1.575169239633085E-018
  5.047464821792999E-004 -3.173259292777403E-018
  5.030262263479685E-004 -4.035973245769654E-018
  5.019217132076283E-004 -3.761560172899056E-018
  5.014990625987674E-004 -2.410505554264696E-018
  5.015582149680162E-004 -8.315161790464061E-019
  5.017340790440335E-004 -8.531636140292374E-020
  5.016735330774736E-004 -7.054517047346231E-019
  5.012031779770063E-004 -2.260246887913278E-018
  5.004085269906473E-004 -3.934739652761707E-018
  4.995885838979865E-004 -4.710227176558432E-018
  4.991093857018399E-004 -4.171588059044451E-018
  4.992275500636367E-004 -2.634620175263421E-018
  4.999678984823677E-004 -9.142857833925261E-019
  5.011122341642444E-004 -1.375248810673995E-019
  5.023027930398265E-004 -9.168325404493297E-019
  5.032095580721518E-004 -2.674094909643878E-018
  5.036812540856650E-004 -4.354954567134317E-018
  5.038088990065541E-004 -5.001830859562454E-018
  5.038733432951889E-004 -4.265818070146187E-018
  5.042035885588951E-004 -2.638440310848627E-018
  5.050144415372762E-004 -1.247910957833810E-018
  5.063007078298275E-004 -1.069637963857551E-018
  5.078371235911804E-004 -2.014484831931722E-018
  5.092824122774144E-004 -3.415201213173753E-018
  5.103366355023361E-004 -4.377875380645550E-018
  5.108766235474952E-004 -4.423717007668016E-018
  5.110058442222646E-004 -3.608754749490834E-018
  5.109965459420195E-004 -2.498368672724424E-018
  5.111533045629970E-004 -1.894787250261948E-018
  5.116638090625148E-004 -2.103621328919851E-018
  5.125077169693192E-004 -2.987346027630733E-018
  5.134658327419780E-004 -4.021329392693033E-018
  5.142237463846285E-004 -4.626184193683910E-018
  5.145194697575888E-004 -4.501393097900529E-018
  5.142645619571130E-004 -3.785754364938691E-018
  5.135818495553662E-004 -2.935137507966257E-018
  5.127431726682913E-004 -2.455073802758761E-018
  5.120381441765721E-004 -2.541663542690086E-018
  5.116370867560778E-004 -3.216554162743065E-018
  5.115131120550494E-004 -3.992041686539790E-018
  5.114593268257640E-004 -4.194508872555684E-018
  5.111915654012640E-004 -3.635495698587273E-018
  5.104866847600762E-004 -2.760684649575204E-018
  5.092903552019830E-004 -2.378671091054650E-018
  5.077437078121729E-004 -2.889295880943791E-018
  5.061173890053919E-004 -3.934102963497506E-018
  5.046856071576525E-004 -4.734421368598067E-018
  5.036006995238689E-004 -4.659292035422358E-018
  5.028275928728550E-004 -3.569916704374578E-018
  5.021682544532819E-004 -2.099801193334645E-018
  5.013631248262849E-004 -1.219896630208969E-018
  5.002202313489314E-004 -1.429367398131073E-018
  4.987103065665651E-004 -2.627616593357211E-018
  4.969832888851400E-004 -4.120652917908377E-018
  4.952995341937786E-004 -4.967449639295605E-018
  4.939096032135619E-004 -4.577159120340439E-018
  4.929403477245180E-004 -3.143971586624160E-018
  4.923411409514514E-004 -1.578989375218290E-018
  4.919147504579228E-004 -9.091922692789188E-019
  4.914168484557997E-004 -1.507680177627787E-018
  4.906758755319670E-004 -2.975885620875116E-018
  4.896760954050935E-004 -4.414803357969203E-018
  4.885650387749977E-004 -5.069319921567752E-018
  4.875829940694251E-004 -4.663112171007564E-018
  4.869491873311526E-004 -3.504337710161883E-018
  4.867592634385398E-004 -2.285714458481315E-018
  4.869424480591726E-004 -1.710147363643680E-018
  4.872977157011790E-004 -2.219498775004419E-018
  4.875905547502732E-004 -3.496697438991472E-018
  4.876635252929676E-004 -4.756068803580898E-018
  4.875080456726138E-004 -5.247592915544011E-018
  4.872640715687829E-004 -4.719140826257244E-018
  4.871490261782344E-004 -3.664783404740515E-018
  4.873508170612342E-004 -2.658814367303056E-018
  4.879362065395875E-004 -2.302268379350539E-018
  4.888176950523193E-004 -2.849821146563333E-018
  4.897936769967076E-004 -3.860883698114399E-018
  4.906417136059032E-004 -4.517947018769753E-018
  4.912199657198145E-004 -4.467011877633679E-018
  4.915287063186829E-004 -3.883804511625633E-018
  4.917035063780995E-004 -3.270036060935943E-018
  4.919444756477858E-004 -2.961878457062696E-018
  4.924161189833455E-004 -3.147791722209366E-018
  4.931657091034961E-004 -3.710625031762982E-018
  4.940985442655085E-004 -4.405889708270390E-018
  4.950209335229844E-004 -4.930521661971951E-018
  4.957295399095979E-004 -4.856665707324644E-018
  4.961041206997663E-004 -4.176681573158058E-018
  4.961597742414209E-004 -3.313330930901605E-018
  4.960346464838994E-004 -3.010266841141966E-018
  4.959199554603851E-004 -3.620215156246451E-018
  4.959663693210878E-004 -4.778989617092131E-018
  4.962114273800814E-004 -5.832073660080459E-018
  4.965620407432617E-004 -6.072742201948407E-018
  4.968395167918023E-004 -5.255233186714422E-018
  4.968648446944204E-004 -3.919459110420884E-018
  4.965432603101293E-004 -2.997533055857948E-018
  4.959080694864691E-004 -3.014086976727172E-018
  4.951035973448437E-004 -4.041703449147462E-018
  4.943162496883414E-004 -5.469160779485932E-018
  4.936870988889610E-004 -6.371986156122842E-018
  4.932476462229304E-004 -6.113490314857267E-018
  4.929088053467495E-004 -4.986550317221633E-018
  4.925074896004119E-004 -3.714445167348187E-018
  4.918878323933675E-004 -3.057381846692834E-018
  4.909780074136036E-004 -3.471229868423435E-018
  4.898262857066020E-004 -4.670752442177975E-018
  4.885798259592811E-004 -5.931397185295803E-018
  4.874170759975270E-004 -6.445205421505948E-018
  4.864664788747863E-004 -5.876641908574523E-018
  4.857501699264078E-004 -4.481019041446099E-018
  4.851789188280020E-004 -2.961241767798495E-018
  4.845998839762137E-004 -2.022761792366334E-018
  4.838736935662419E-004 -2.080700515408618E-018
  4.829438309027948E-004 -3.128691044283338E-018
  4.818655223212035E-004 -4.542141210809388E-018
  4.807810308090441E-004 -5.490808214468764E-018
  4.798538660953488E-004 -5.470434158014335E-018
  4.791937007125996E-004 -4.543414589337789E-018
  4.788076905204832E-004 -3.314604309430008E-018
  4.786008255059544E-004 -2.570951248843329E-018
  4.784243471773126E-004 -2.882928988301781E-018
  4.781485109307718E-004 -4.129566567607189E-018
  4.777248187332967E-004 -5.423319152463466E-018
  4.772083991182393E-004 -6.130044235726491E-018
  4.767305679216513E-004 -5.865181501818907E-018
  4.764353691206770E-004 -4.768802588864917E-018
  4.764107387074763E-004 -3.676243811496132E-018
  4.766469889707511E-004 -3.242021733311102E-018
  4.770418444540124E-004 -3.752646523200243E-018
  4.774489066329193E-004 -4.847752057625831E-018
  4.777459144511918E-004 -5.863908123290505E-018
  4.778901836948594E-004 -6.197533297731789E-018
  4.779352133878445E-004 -5.681814993729041E-018
  4.780012577991577E-004 -4.618543922513499E-018
  4.782145729046116E-004 -3.641862591229282E-018
  4.786446349954898E-004 -3.318424445015213E-018
  4.792691130963285E-004 -3.857063562529195E-018
  4.799827591354122E-004 -4.984003560164829E-018
  4.806453355028316E-004 -6.063828552249595E-018
  4.811453070088041E-004 -6.356705613782020E-018
  4.814489412675572E-004 -5.692002021956255E-018
  4.816118544760502E-004 -4.456824849406464E-018
  4.817481761587958E-004 -3.356625800867268E-018
  4.819726339515363E-004 -3.082849417260871E-018
  4.823434254420592E-004 -3.850696669887185E-018
  4.828329261580742E-004 -5.175010339425106E-018
  4.833396816336164E-004 -6.308317229702749E-018
  4.837353836673883E-004 -6.510784415718643E-018
  4.839240746190058E-004 -5.714922835467489E-018
  4.838853913980008E-004 -4.510306747599341E-018
  4.836816497989792E-004 -3.794668014637504E-018
  4.834259915201918E-004 -4.051890477374677E-018
  4.832272819870365E-004 -5.149542768857069E-018
  4.831382039312317E-004 -6.509511037190241E-018
  4.831310681052650E-004 -7.270991397174546E-018
  4.831123629357051E-004 -6.928452573034449E-018
  4.829685548530504E-004 -5.634699988178173E-018
  4.826209678529362E-004 -4.152487381118423E-018
  4.820636072086383E-004 -3.296777010032381E-018
  4.813662627237542E-004 -3.635495698587273E-018
  4.806419335139301E-004 -4.859212464381448E-018
  4.799945240904779E-004 -6.177159241277359E-018
  4.794718603409722E-004 -6.892797974239197E-018
  4.790461717581872E-004 -6.682690517052892E-018
  4.786308380005193E-004 -5.625786338479359E-018
  4.781248839739813E-004 -4.221249821652122E-018
  4.774636905287090E-004 -3.264942546822336E-018
  4.766517704424964E-004 -3.380819992906904E-018
  4.757623249153627E-004 -4.548508103451397E-018
  4.749042694191833E-004 -6.233187896527041E-018
  4.741728215959622E-004 -7.570235351348980E-018
  4.736072862698786E-004 -7.702666718302773E-018
  4.731758988383777E-004 -6.557899421269511E-018
  4.727944604005729E-004 -4.837565029398616E-018
  4.723693821835367E-004 -3.534898794843527E-018
  4.718443378527749E-004 -3.466136354309827E-018
  4.712283396015817E-004 -4.656745278365554E-018
  4.705922064209133E-004 -6.363072506424029E-018
  4.700355777480059E-004 -7.577875622519392E-018
  4.696405510855981E-004 -7.496379396701673E-018
  4.694341083925547E-004 -6.108396800743660E-018
  4.693769830948779E-004 -4.023876149749836E-018
  4.693838148059161E-004 -2.420692582491911E-018
  4.693645422754481E-004 -2.205491611191999E-018
  4.692670883558874E-004 -3.630402184473665E-018
  4.691011020857628E-004 -5.860087987705299E-018
  4.689318238349092E-004 -7.589336029275008E-018
  4.688474687482839E-004 -7.730681045927613E-018
  4.689160128224659E-004 -6.191166405089779E-018
  4.691520300073778E-004 -3.953840330687735E-018
  4.695091376761716E-004 -2.421965961020313E-018
  4.699012331629745E-004 -2.405412040151089E-018
  4.702420236946547E-004 -4.006048850352210E-018
  4.704838637073485E-004 -6.343971828498002E-018
  4.706375504231880E-004 -8.098687440635746E-018
  4.707640400358495E-004 -8.293514355481229E-018
  4.709424842248887E-004 -6.714524980262939E-018
  4.712301234374694E-004 -4.334580510679887E-018
  4.716331768334218E-004 -2.548030435332096E-018
  4.721023563406655E-004 -2.283167701424511E-018
  4.725547600386281E-004 -3.444488919326996E-018
  4.729113881728233E-004 -5.069319921567752E-018
  4.731323034878812E-004 -6.265022359737087E-018
  4.732328578250344E-004 -6.270115873850694E-018
  4.732736284920809E-004 -5.101154384777798E-018
  4.733292632670477E-004 -3.739912737916224E-018
  4.734513291453410E-004 -3.057381846692834E-018
  4.736428572788327E-004 -3.319697823543615E-018
  4.738564613207980E-004 -4.222523200180524E-018
  4.740165621449919E-004 -5.008197752204464E-018
  4.740548327042219E-004 -5.139355740629854E-018
  4.739418870554191E-004 -4.814644215887383E-018
  4.737002762166003E-004 -4.279825233958607E-018
  4.733929300659606E-004 -3.864703833699605E-018
  4.730928949009451E-004 -3.830322613432756E-018
  4.728489776195453E-004 -4.214882929010113E-018
  4.726636179543674E-004 -4.985276938693231E-018
  4.724932678766964E-004 -5.736570270450320E-018
  4.722707409355161E-004 -5.768404733660366E-018
  4.719385976289338E-004 -5.042578972471313E-018
  4.714775723558010E-004 -3.958933844801342E-018
  4.709166384728777E-004 -3.217827541271467E-018
  4.703202074484307E-004 -3.388460264077315E-018
  4.697588554837456E-004 -4.371508488003540E-018
  4.692776743562588E-004 -5.615599310252145E-018
  4.688772520123472E-004 -6.459849274582569E-018
  4.685160752325722E-004 -6.354158856725216E-018
  4.681328633342744E-004 -5.265420214941637E-018
  4.676779224914502E-004 -3.932192895704903E-018
  4.671385047245127E-004 -3.261122411237130E-018
  4.665462280595321E-004 -3.588380693036405E-018
  4.659632988461953E-004 -4.747155153882085E-018
  4.654543721418402E-004 -6.280302902077909E-018
  4.650575858457844E-004 -7.344847351821853E-018
  4.647684864515926E-004 -7.193315306942033E-018
  4.645442436806330E-004 -5.913569885898177E-018
  4.643258244020345E-004 -4.330760375094681E-018
  4.640673257561648E-004 -3.284043224748363E-018
  4.637584474944098E-004 -3.421568105815762E-018
  4.634295573264621E-004 -4.638917978967928E-018
  4.631372187237399E-004 -6.155511806294528E-018
  4.629373422686696E-004 -6.961560414772898E-018
  4.628588729442621E-004 -6.499324008963026E-018
  4.628904683896032E-004 -5.136808983573051E-018
  4.629862731133465E-004 -3.532352037786723E-018
  4.630877535659202E-004 -2.669001395530271E-018
  4.631510031201203E-004 -3.108316987828908E-018
  4.631665075872761E-004 -4.644011493081536E-018
  4.631621432618583E-004 -6.403820619332888E-018
  4.631882695763149E-004 -7.299005724799386E-018
  4.632922765419201E-004 -6.836769318989516E-018
  4.634948228423121E-004 -5.478074429184746E-018
  4.637790040842487E-004 -4.032789799448649E-018
  4.640973892938950E-004 -3.187266456589823E-018
  4.643933263605923E-004 -3.408834320531744E-018
  4.646262212216652E-004 -4.528134046996968E-018
  4.647887806000195E-004 -5.927577049710597E-018
  4.649082050739396E-004 -6.821488776648694E-018
  4.650310441805455E-004 -6.835495940461115E-018
  4.651991621908451E-004 -6.044727874323567E-018
  4.654283506647191E-004 -4.978910046051222E-018
  4.656996863582361E-004 -4.078631426471116E-018
  4.659675393543858E-004 -3.877437618983624E-018
  4.661801932599039E-004 -4.559968510207014E-018
  4.663031333383039E-004 -5.404218474537438E-018
  4.663339517317487E-004 -5.779865140415983E-018
  4.663019590884714E-004 -5.610505796138537E-018
  4.662529370169255E-004 -5.271787107583646E-018
  4.662264897172750E-004 -4.977636667522820E-018
  4.662368371807159E-004 -4.940708690199166E-018
  4.662660920629343E-004 -5.070593300096155E-018
  4.662730105886598E-004 -5.307441706378898E-018
  4.662128348512005E-004 -5.624512959950958E-018
  4.660586597140491E-004 -5.876641908574523E-018
  4.658141821335769E-004 -5.768404733660366E-018
  4.655119253968980E-004 -5.508635513866389E-018
  4.651979969028560E-004 -5.381297661026205E-018
  4.649107959344346E-004 -5.376204146912597E-018
  4.646638366477144E-004 -5.275607243168852E-018
  4.644407450116438E-004 -5.132988847987845E-018
  4.642045983722391E-004 -5.218305209390768E-018
  4.639169497099733E-004 -5.543016734133240E-018
  4.635573627557963E-004 -6.044727874323567E-018
  4.631341824437229E-004 -6.308317229702749E-018
  4.626815584778422E-004 -6.091842879874435E-018
  4.622443273345131E-004 -5.620692824365752E-018
  4.618580842264325E-004 -5.085873842436977E-018
  4.615339419703256E-004 -4.768802588864917E-018
  4.612551070412129E-004 -4.925428147858344E-018
  4.609866951799715E-004 -5.600318767911322E-018
  4.606939154489479E-004 -6.355432235253618E-018
  4.603598634472745E-004 -6.641942404144033E-018
  4.599944865782532E-004 -6.210267083015807E-018
  4.596305989199114E-004 -5.233585751731591E-018
  4.593090239964797E-004 -4.281098612487009E-018
  4.590600631574049E-004 -3.956387087744538E-018
  4.588901165518050E-004 -4.398249437099979E-018
  4.587797055217444E-004 -5.348189819287757E-018
  4.586936472475050E-004 -6.082929230175623E-018
  4.585983655384374E-004 -6.065101930777997E-018
  4.584780222353179E-004 -5.269240350526843E-018
  4.583418457885259E-004 -4.048070341789471E-018
  4.582193259026942E-004 -3.098129959601694E-018
  4.581457450045495E-004 -2.952964807363883E-018
  4.581450562997377E-004 -3.674970432967730E-018
  4.582182645601534E-004 -4.672025820706376E-018
  4.583427309228875E-004 -5.231038994674787E-018
  4.584825644331198E-004 -4.984003560164829E-018
  4.586050117164769E-004 -4.129566567607189E-018
  4.586949986476332E-004 -3.240748354782700E-018
  4.587609797202002E-004 -2.815439926296484E-018
  4.588294770283111E-004 -3.007720084085162E-018
  4.589310883941611E-004 -3.730999088217412E-018
  4.590847389283984E-004 -4.516673640241351E-018
  4.592876737031016E-004 -4.892320306119896E-018
  4.595158515623788E-004 -4.613450408399891E-018
  4.597344019746421E-004 -3.696617867950561E-018
  4.599130487674200E-004 -2.709749508439130E-018
  4.600391347462596E-004 -2.341743113730996E-018
  4.601221339310777E-004 -2.754317756933195E-018
  4.601876641092736E-004 -3.592200828621610E-018
  4.602640129873914E-004 -4.386789030344362E-018
  4.603676859312901E-004 -4.615997165456695E-018
  4.604948422589333E-004 -4.113012646737966E-018
  4.606225902498699E-004 -3.289136738861971E-018
  4.607193809729908E-004 -2.509829079480040E-018
  4.607594451895462E-004 -2.209311746777204E-018
  4.607343821417856E-004 -2.495821915667620E-018
  4.606564639474282E-004 -3.202546998930645E-018
  4.605522244158492E-004 -3.947473438045725E-018
  4.604495209416008E-004 -3.964027358914949E-018
  4.603642965565284E-004 -3.234381462140691E-018
  4.602933127235816E-004 -2.143096063300309E-018
  4.602161979852428E-004 -1.454198279434909E-018
  4.601056939909985E-004 -1.657938843979205E-018
  4.599411155447357E-004 -2.681735180814290E-018
  4.597185955918260E-004 -3.946200059517323E-018
  4.594533066802281E-004 -4.782809752677337E-018
  4.591727228660460E-004 -4.804457187660168E-018
  4.589042420872305E-004 -3.999681957710201E-018
  4.586631074782214E-004 -2.979705756460322E-018
  4.584463321405421E-004 -2.556944085030909E-018
  4.582354001216124E-004 -2.838360739807717E-018
  4.580063167007202E-004 -3.667330161797319E-018
  4.577421220765075E-004 -4.505213233485734E-018
  4.574418911702355E-004 -4.677119334819984E-018
  4.571219990533452E-004 -4.104098997039152E-018
  4.568091604626843E-004 -3.373179721736492E-018
  4.565286561548424E-004 -3.040827925823610E-018
  4.562933862116514E-004 -3.343892015583250E-018
  4.560989115749745E-004 -4.034063177977051E-018
  4.559267288017438E-004 -4.832471515285009E-018
  4.557540886988519E-004 -5.265420214941637E-018
  4.555655968641078E-004 -4.894867063176700E-018
  4.553610654829509E-004 -4.023876149749836E-018
  4.551559491909263E-004 -3.277676332106354E-018
  4.549742693699807E-004 -3.177079428362608E-018
  4.548374920580002E-004 -3.835416127546363E-018
  4.547546879575188E-004 -4.832471515285009E-018
  4.547186128622489E-004 -5.455153615673512E-018
  4.547094704501629E-004 -5.338002791060542E-018
  4.547044539699761E-004 -4.656745278365554E-018
  4.546884576464883E-004 -3.820135585205541E-018
  4.546608689867771E-004 -3.471229868423435E-018
  4.546352912995747E-004 -3.854516805472390E-018
  4.546324451084238E-004 -4.731874611541263E-018
  4.546697244308577E-004 -5.518822542093604E-018
  4.547524134705528E-004 -5.790052168643198E-018
  4.548707039706703E-004 -5.537923220019632E-018
  4.550038414374598E-004 -4.817190972944187E-018
  4.551293324098960E-004 -4.076084669414312E-018
  4.552327822556893E-004 -3.930919517176501E-018
  4.553137056614898E-004 -4.388062408872765E-018
  4.553846333854701E-004 -4.859212464381448E-018
  4.554640554733815E-004 -5.101154384777798E-018
  4.555666504500210E-004 -5.158456418555882E-018
  4.556954797208515E-004 -5.074413435681360E-018
  4.558398213652318E-004 -4.809550701773776E-018
  4.559795891747797E-004 -4.464465120576875E-018
  4.560941501309589E-004 -4.241623878106552E-018
  4.561713057244762E-004 -4.268364827202991E-018
  4.562121915498111E-004 -4.274731719845000E-018
  4.562298482587933E-004 -4.301472668941439E-018
  4.562422473712395E-004 -4.418623493554408E-018
  4.562631669969523E-004 -4.371508488003540E-018
