  0.999999990764755       0.000000000000000E+000
  0.802440652141874      -4.167017487427118E-017
  0.341530862372631      -4.167017487427118E-017
 -8.900514859709918E-002  4.167017487427118E-017
 -0.227912135330804       4.167017487427118E-017
 -1.178919945039395E-002  0.000000000000000E+000
  0.396724262079628       0.000000000000000E+000
  0.728041831879701       0.000000000000000E+000
  0.783502433637633      -4.167017487427118E-017
  0.551611391681927      -8.334034974854237E-017
  0.193877011904778      -4.167017487427118E-017
 -7.571329129116565E-002 -8.334034974854237E-017
 -0.126818727309620      -1.041754371856780E-016
  2.421318201872900E-002 -1.250105246228135E-016
  0.251949203672032      -8.334034974854237E-017
  0.417350710941093      -2.083508743713559E-017
  0.448769089622375       6.250526231140677E-017
  0.361310907432126       7.292280602997456E-017
  0.220004296322246      -1.041754371856780E-017
  8.895468582740272E-002 -1.302192964820974E-016
  5.371134286259051E-003 -1.927245587935042E-016
 -1.524536101560666E-002 -1.562631557785169E-016
  3.427639922845069E-002 -4.167017487427118E-017
  0.150528040471246       7.292280602997456E-017
  0.302483378064149       1.041754371856780E-016
  0.424368013766876       4.687894673355508E-017
  0.441048087910685      -3.125263115570339E-017
  0.319564637214378      -8.334034974854237E-017
  0.109574827679777      -4.167017487427118E-017
 -6.741737210958433E-002  2.083508743713559E-017
 -8.681979854929635E-002  1.041754371856780E-016
  9.223317098595654E-002  1.458456120599491E-016
  0.384525768377096       1.250105246228135E-016
  0.619670804296907       4.167017487427118E-017
  0.647926295710052       0.000000000000000E+000
  0.442596155452724      -4.167017487427118E-017
  0.126607488835422       0.000000000000000E+000
 -0.100665042106067       2.083508743713559E-017
 -9.147576914391928E-002  2.083508743713559E-017
  0.152395246769509       0.000000000000000E+000
  0.478802111789440      -4.167017487427118E-017
  0.683174997127034      -4.167017487427118E-017
  0.640059671542666      -4.167017487427118E-017
  0.381011579520290      -4.167017487427118E-017
  6.916624950890277E-002 -6.250526231140677E-017
 -0.109100680519643      -1.250105246228135E-016
 -6.129833687344680E-002 -1.875157869342203E-016
  0.160994148940724      -2.500210492456271E-016
  0.405886909562553      -2.083508743713559E-016
  0.522952206232106      -1.250105246228135E-016
  0.453185559762466      -6.250526231140677E-017
  0.252467306103433      -8.334034974854237E-017
  4.285537686728202E-002 -1.458456120599491E-016
 -6.760536202278498E-002 -2.187684180899237E-016
 -4.261958028753816E-002 -2.083508743713559E-016
  7.723893990208246E-002 -1.666806994970847E-016
  0.213347615468112      -8.334034974854237E-017
  0.298052567031086      -3.125263115570339E-017
  0.303040817165569      -3.125263115570339E-017
  0.238732329865957      -4.167017487427118E-017
  0.137538765112584      -7.292280602997456E-017
  3.827433768082569E-002 -9.375789346711016E-017
 -2.201084458811124E-002 -8.334034974854237E-017
 -1.479079663248375E-002 -6.250526231140677E-017
  6.792751275759569E-002 -2.083508743713559E-017
  0.200610646579011       2.083508743713559E-017
  0.324496918810020       3.125263115570339E-017
  0.371750168666110       1.041754371856780E-017
  0.306116670624496       0.000000000000000E+000
  0.154496665020929       2.083508743713559E-017
  2.555182439319066E-003  2.083508743713559E-017
 -5.138226099640213E-002 -1.041754371856780E-017
  4.068705012029990E-002 -5.208771859283898E-017
  0.238486706065863      -6.250526231140677E-017
  0.430526339446836      -3.125263115570339E-017
  0.500574953163106      -1.041754371856780E-017
  0.402591368654999       6.250526231140677E-017
  0.193992167536988       2.083508743713559E-017
  2.635932322652265E-003 -6.250526231140677E-017
 -5.312850490422887E-002 -1.458456120599491E-016
  6.027597504350730E-002 -1.458456120599491E-016
  0.270498860938229      -1.458456120599491E-016
  0.445947944114630      -1.041754371856780E-016
  0.479235884446334      -6.250526231140677E-017
  0.352870230955920      -6.250526231140677E-017
  0.145953852058633      -1.041754371856780E-016
 -1.945054627613544E-002 -1.666806994970847E-016
 -5.489395853559883E-002 -2.083508743713559E-016
  4.437185180355211E-002 -2.083508743713559E-016
  0.204452024703910      -1.458456120599491E-016
  0.324374413118211      -7.292280602997456E-017
  0.337560438471058      -6.250526231140677E-017
  0.245079439227479      -1.145929809042458E-016
  0.105206637791440      -1.875157869342203E-016
 -7.334150547335830E-003 -2.187684180899237E-016
 -4.346301594871598E-002 -1.979333306527881E-016
  5.398171242765385E-004 -1.250105246228135E-016
  9.085660368322242E-002 -5.208771859283898E-017
  0.179758670206901      -2.604385929641949E-017
  0.228522313363848      -5.729649045212288E-017
  0.219924246689448      -1.198017527635297E-016
  0.160307096168164      -1.562631557785169E-016
  7.555865556721571E-002 -1.354280683413813E-016
  3.230711689043903E-003 -5.208771859283898E-017
 -2.007709249994445E-002  4.167017487427118E-017
  2.464286340119507E-002  7.813157788925847E-017
  0.124843791254830       3.646140301498728E-017
  0.235839172701117      -5.208771859283898E-017
  0.299831258409299      -1.198017527635297E-016
  0.278207138983420      -1.145929809042458E-016
  0.178560066782396      -4.167017487427118E-017
  5.671439348466972E-002  4.167017487427118E-017
 -1.234297652087578E-002  8.334034974854237E-017
  2.016340562087217E-002  4.167017487427118E-017
  0.143473410370392      -4.167017487427118E-017
  0.289529667264732      -1.041754371856780E-016
  0.372378701550060      -1.041754371856780E-016
  0.341358352093758      -9.375789346711016E-017
  0.214009872308931      -4.167017487427118E-017
  6.655293272124689E-002 -1.041754371856780E-017
 -1.294886635079981E-002 -5.208771859283898E-017
  2.091661148209626E-002 -1.145929809042458E-016
  0.143526071568252      -1.666806994970847E-016
  0.276945971025088      -1.458456120599491E-016
  0.339138564511803      -9.375789346711016E-017
  0.293702262312050      -4.167017487427118E-017
  0.169254798433638      -6.250526231140677E-017
  3.833821104644798E-002 -1.406368402006652E-016
 -2.838345058444302E-002 -2.031421025120720E-016
 -2.876607109028827E-003 -2.291859618084915E-016
  8.843973130995904E-002 -2.083508743713559E-016
  0.185593955761552      -1.354280683413813E-016
  0.232423895065847      -6.250526231140677E-017
  0.206675572044305      -4.167017487427118E-017
  0.127057958707229      -9.375789346711016E-017
  3.741346668320931E-002 -1.614719276378008E-016
 -1.911449776910702E-002 -1.979333306527881E-016
 -2.053819001806348E-002 -1.718894713563686E-016
  2.753749313211553E-002 -1.041754371856780E-016
  9.875075986784894E-002 -3.646140301498728E-017
  0.159647942010507      -7.813157788925846E-018
  0.183524996375457      -2.343947336677754E-017
  0.160429110139708      -6.771403417069067E-017
  0.101309115263376      -1.041754371856780E-016
  3.478725531483552E-002 -1.041754371856780E-016
 -4.079711087565917E-003 -8.334034974854237E-017
  9.558729223656822E-003 -5.208771859283898E-017
  7.550795478695928E-002 -2.604385929641949E-017
  0.164736876215334      -1.041754371856780E-017
  0.231845762629711       0.000000000000000E+000
  0.239583120418133      -5.208771859283898E-018
  0.182059203829407      -3.125263115570339E-017
  9.151474690274035E-002 -6.250526231140677E-017
  2.201109351081415E-002 -9.375789346711016E-017
  1.788354602332527E-002 -1.145929809042458E-016
  8.580339515381520E-002 -1.145929809042458E-016
  0.188678304107107      -7.292280602997456E-017
  0.266670730148786      -3.125263115570339E-017
  0.273241389437496      -3.125263115570339E-017
  0.203855531805140      -6.250526231140677E-017
  9.905431162736836E-002 -1.250105246228135E-016
  1.971425144136887E-002 -1.770982432156525E-016
  1.001939442434962E-002 -1.875157869342203E-016
  7.132268127429647E-002 -1.458456120599491E-016
  0.162771107856119      -8.334034974854237E-017
  0.227362155032303      -4.167017487427118E-017
  0.226389989603279      -5.208771859283898E-017
  0.161000311344482      -1.093842090449619E-016
  6.883414978488599E-002 -1.718894713563686E-016
 -2.714237859283373E-004 -2.083508743713559E-016
 -1.338835235150397E-002 -1.979333306527881E-016
  2.890928769384356E-002 -1.458456120599491E-016
  9.646521786243724E-002 -7.292280602997456E-017
  0.149146127368000      -2.083508743713559E-017
  0.159168719519093      -2.083508743713559E-017
  0.123799668596156      -7.292280602997456E-017
  6.347576600367308E-002 -1.145929809042458E-016
  8.925787628033824E-003 -1.458456120599491E-016
 -1.447828376786543E-002 -1.432412261303072E-016
  2.411605621833718E-003 -1.041754371856780E-016
  5.004004346240529E-002 -5.208771859283898E-017
  0.105563354143093      -7.813157788925846E-018
  0.143199506599229       1.041754371856780E-017
  0.145599474982360      -5.208771859283898E-018
  0.112091975371847      -3.125263115570339E-017
  6.009501516236265E-002 -6.250526231140677E-017
  1.791799579733964E-002 -8.334034974854237E-017
  1.095665487917646E-002 -7.813157788925847E-017
  4.751568437436360E-002 -6.250526231140677E-017
  0.112309008529306      -2.604385929641949E-017
  0.172790233568439       5.208771859283898E-018
  0.196434007812217       1.041754371856780E-017
  0.169831810241736       5.208771859283898E-018
  0.107997724595632      -3.125263115570339E-017
  4.712758317119668E-002 -8.334034974854237E-017
  2.394633851143469E-002 -1.198017527635297E-016
  5.360706188149831E-002 -1.250105246228135E-016
  0.119842055620541      -9.375789346711016E-017
  0.184014470162103      -4.167017487427118E-017
  0.208021455760346      -1.041754371856780E-017
  0.177136986638425      -1.562631557785169E-017
  0.108719269367947      -6.771403417069067E-017
  4.148884762413780E-002 -1.250105246228135E-016
  1.218471396602648E-002 -1.562631557785169E-016
  3.405774584539246E-002 -1.510543839192330E-016
  9.009613442345835E-002 -1.250105246228135E-016
  0.144385023598144      -8.334034974854237E-017
  0.163879639653070      -4.167017487427118E-017
  0.137122055078697      -4.687894673355508E-017
  7.923271213339640E-002 -7.292280602997456E-017
  2.145742017364383E-002 -1.093842090449619E-016
 -7.340642612887944E-003 -1.458456120599491E-016
  3.947745533863163E-003 -1.510543839192330E-016
  4.453144388859200E-002 -1.302192964820974E-016
  8.963333634762800E-002 -8.334034974854237E-017
  0.114690015266763      -3.646140301498728E-017
  0.107681044410966      -2.343947336677754E-017
  7.375665240231639E-002 -3.125263115570339E-017
  3.111120736637053E-002 -5.208771859283898E-017
  1.280196740730937E-003 -8.334034974854237E-017
 -1.122396130646310E-003 -1.041754371856780E-016
  2.517115812453750E-002 -9.896666532639405E-017
  6.783140507395322E-002 -6.771403417069067E-017
  0.106731656988305      -2.734605226124046E-017
  0.123420872105314       0.000000000000000E+000
  0.110266751895887       5.208771859283898E-018
  7.490827391628312E-002 -2.604385929641949E-017
  3.722898816910669E-002 -5.729649045212288E-017
  1.949743506052345E-002 -8.334034974854237E-017
  3.423050100186448E-002 -8.334034974854237E-017
  7.640315272004666E-002 -6.771403417069067E-017
  0.125044622603659      -3.385701708534533E-017
  0.154265154631911      -1.041754371856780E-017
  0.147995422301155      -2.604385929641949E-018
  0.109849644556013      -2.083508743713559E-017
  6.179379025155139E-002 -5.208771859283898E-017
  3.178211660806468E-002 -9.115350753746821E-017
  3.737684201715669E-002 -1.224061386931716E-016
  7.517966758604565E-002 -1.145929809042458E-016
  0.122645708432119      -8.334034974854237E-017
  0.151362409265598      -4.687894673355508E-017
  0.143818586771335      -2.083508743713559E-017
  0.103544170405964      -3.125263115570339E-017
  5.263313739569758E-002 -8.073596381890041E-017
  1.842127021489892E-002 -1.328236824117394E-016
  1.756801519166661E-002 -1.510543839192330E-016
  4.702114748627934E-002 -1.354280683413813E-016
  8.679545774690933E-002 -8.854912160782626E-017
  0.112257202695128      -3.646140301498728E-017
  0.108224764941769      -1.041754371856780E-017
  7.674924408065451E-002 -2.343947336677754E-017
  3.475133727692556E-002 -6.510964824104872E-017
  3.758311223184052E-003 -1.041754371856780E-016
 -1.891774737152207E-003 -1.276149105524555E-016
  1.807786427790136E-002 -1.198017527635297E-016
  5.096969622678969E-002 -8.334034974854237E-017
  7.867123804517719E-002 -4.167017487427118E-017
  8.715337568365319E-002 -1.041754371856780E-017
  7.307503323846809E-002 -2.604385929641949E-018
  4.469789076010704E-002 -2.083508743713559E-017
  1.725364206637323E-002 -4.948333266319703E-017
  5.304630972588913E-003 -7.813157788925847E-017
  1.568574035237700E-002 -8.854912160782626E-017
  4.418195161308176E-002 -7.552719195961652E-017
  7.747397835550514E-002 -4.297236783909215E-017
  9.960710331138699E-002 -3.906578894462923E-018
  0.100080472218001       2.083508743713559E-017
  7.957395481837470E-002  5.208771859283898E-018
  5.010158536694996E-002 -3.125263115570339E-017
  2.900776582883282E-002 -7.292280602997456E-017
  2.959246044394667E-002 -9.375789346711016E-017
  5.339643592209160E-002 -8.334034974854237E-017
  8.873031473890558E-002 -4.948333266319703E-017
  0.116763464308485      -7.813157788925846E-018
  0.122078034873692       1.302192964820974E-017
  0.101685397622827       5.208771859283898E-018
  6.706931934659326E-002 -3.125263115570339E-017
  3.777479934493581E-002 -7.813157788925847E-017
  3.012755916345333E-002 -1.093842090449619E-016
  4.772000410119033E-002 -1.145929809042458E-016
  7.935258069185556E-002 -8.854912160782626E-017
  0.105670687487686      -5.208771859283898E-017
  0.110507957942308      -2.864824522606144E-017
  9.016917967154657E-002 -2.083508743713559E-017
  5.524399062447887E-002 -4.427456080391313E-017
  2.412043279632084E-002 -8.073596381890041E-017
  1.228460043760888E-002 -1.145929809042458E-016
  2.376909430106224E-002 -1.250105246228135E-016
  4.952280593016902E-002 -1.041754371856780E-016
  7.320061696460724E-002 -6.771403417069067E-017
  8.061874617200906E-002 -2.864824522606144E-017
  6.735860560722727E-002 -1.302192964820974E-017
  4.050717194875500E-002 -2.343947336677754E-017
  1.410227366585515E-002 -5.729649045212288E-017
  1.276207085581935E-003 -9.245570050228919E-017
  7.512967344592859E-003 -1.080820160801409E-016
  2.837075213428094E-002 -9.375789346711016E-017
  5.239018010232703E-002 -5.469210452248093E-017
  6.727473348108601E-002 -1.692850854267267E-017
  6.606494766503404E-002  6.510964824104872E-018
  5.035413335514816E-002  7.813157788925846E-018
  2.920190380096194E-002 -1.823070150749364E-017
  1.444251394291492E-002 -5.469210452248093E-017
  1.469478031172256E-002 -7.813157788925847E-017
  3.095185036933384E-002 -7.813157788925847E-017
  5.593625466404274E-002 -4.818113969837606E-017
  7.767363886839887E-002 -3.255482412052436E-018
  8.565288599101679E-002  2.604385929641949E-017
  7.647937870102303E-002  2.864824522606144E-017
  5.594719000773494E-002  0.000000000000000E+000
  3.616284958624690E-002 -4.167017487427118E-017
  2.901481180216234E-002 -7.292280602997456E-017
  3.946834205242787E-002 -7.813157788925847E-017
  6.251748640930171E-002 -5.469210452248093E-017
  8.573854466294366E-002 -1.823070150749364E-017
  9.620435327892750E-002  9.115350753746820E-018
  8.787980364643923E-002  9.115350753746820E-018
  6.517941809204313E-002 -1.823070150749364E-017
  4.051489872810831E-002 -5.208771859283898E-017
  2.718548599687131E-002 -7.552719195961652E-017
  3.174969651788408E-002 -8.073596381890041E-017
  5.034664472087848E-002 -6.250526231140677E-017
  7.108518519912571E-002 -3.906578894462923E-017
  8.101796417300279E-002 -2.083508743713559E-017
  7.355394124496584E-002 -1.562631557785169E-017
  5.201847264933422E-002 -2.864824522606144E-017
  2.745579167194816E-002 -4.622785025114459E-017
  1.217014130246606E-002 -6.055197286417531E-017
  1.286701342777340E-002 -6.771403417069067E-017
  2.726391804058917E-002 -6.510964824104872E-017
  4.584365855115312E-002 -5.469210452248093E-017
  5.744571011891801E-002 -3.515921005016631E-017
  5.538134646850259E-002 -2.083508743713559E-017
  4.074477422458044E-002 -1.432412261303072E-017
  2.137890691777823E-002 -1.953289447231462E-017
  7.380164958063069E-003 -3.385701708534533E-017
  5.737355451725557E-003 -4.948333266319703E-017
  1.690230398504118E-002 -5.599429748730190E-017
  3.487456439385755E-002 -4.818113969837606E-017
  5.052246699152083E-002 -2.539276281400900E-017
  5.631628764155272E-002 -2.604385929641949E-018
  5.008855761067483E-002  7.813157788925846E-018
  3.601505303345350E-002  2.604385929641949E-018
  2.239096796483542E-002 -1.823070150749364E-017
  1.732340927364846E-002 -4.036798190945021E-017
  2.448682087342961E-002 -5.078552562801800E-017
  4.110839219094327E-002 -4.232127135668167E-017
  5.929732279174218E-002 -1.497521909544121E-017
  7.014284429010671E-002  9.766447236157309E-018
  6.849829077557090E-002  1.692850854267267E-017
  5.587267656071507E-002  0.000000000000000E+000
  3.974496193666863E-002 -2.604385929641949E-017
  2.952752187861415E-002 -4.818113969837606E-017
  3.132174637004746E-002 -5.729649045212288E-017
  4.440760144111124E-002 -4.297236783909215E-017
  6.153553066536697E-002 -2.083508743713559E-017
  7.295703517696189E-002 -2.604385929641949E-018
  7.194774321779550E-002 -3.906578894462923E-018
  5.865105386979974E-002 -2.213728040195657E-017
  4.000056614694191E-002 -4.297236783909215E-017
  2.575268706935401E-002 -5.469210452248093E-017
  2.293421208593873E-002 -5.208771859283898E-017
  3.192276246495519E-002 -4.167017487427118E-017
  4.638973083024878E-002 -3.385701708534533E-017
  5.705501045226211E-002 -2.864824522606144E-017
  5.700512151244146E-002 -2.604385929641949E-017
  4.550191818382288E-002 -2.604385929641949E-017
  2.818928270179162E-002 -2.929934170847192E-017
  1.373996421972163E-002 -3.450811356775582E-017
  8.983672707150647E-003 -3.906578894462923E-017
  1.528837503537932E-002 -4.427456080391313E-017
  2.810347476986147E-002 -4.427456080391313E-017
  3.971901625869522E-002 -3.385701708534533E-017
  4.355359114803702E-002 -1.953289447231462E-017
  3.759153597748358E-002 -7.813157788925846E-018
  2.521807761997955E-002 -7.813157788925846E-018
  1.318831301844294E-002 -1.953289447231462E-017
  7.957849531173311E-003 -3.581030653257680E-017
  1.234554604105108E-002 -4.622785025114459E-017
  2.420054217486518E-002 -4.232127135668167E-017
  3.765055411417231E-002 -2.409056984918803E-017
  4.620534864805931E-002 -2.604385929641949E-018
  4.610379734499958E-002  9.115350753746820E-018
  3.821423347846262E-002  1.041754371856780E-017
  2.753684526393684E-002 -5.208771859283898E-018
  2.055884370668147E-002 -2.604385929641949E-017
  2.180812652192290E-002 -3.776359597980826E-017
  3.139648173356286E-002 -3.581030653257680E-017
  4.488041400182173E-002 -1.823070150749364E-017
  5.558086865898179E-002  1.953289447231462E-018
  5.817706662457010E-002  1.041754371856780E-017
  5.164005865200733E-002  2.604385929641949E-018
  3.985783976141947E-002 -1.562631557785169E-017
  2.953429620366492E-002 -3.320592060293485E-017
  2.647231636561093E-002 -3.841469246221874E-017
  3.230844371367871E-002 -3.385701708534533E-017
  4.356522467033758E-002 -2.343947336677754E-017
  5.359671057254107E-002 -1.432412261303072E-017
  5.634445274683443E-002 -1.237083316579926E-017
  4.976399960247650E-002 -1.823070150749364E-017
  3.696077341538623E-002 -2.734605226124046E-017
  2.439729566126873E-002 -3.646140301498728E-017
  1.822524701915857E-002 -3.906578894462923E-017
  2.086012440568500E-002 -3.515921005016631E-017
  2.973766255761180E-002 -2.864824522606144E-017
  3.889850245260192E-002 -2.343947336677754E-017
  4.242142691767656E-002 -2.343947336677754E-017
  3.771585955106827E-002 -2.539276281400900E-017
  2.684460967715578E-002 -2.799714874365095E-017
  1.523034023550522E-002 -2.864824522606144E-017
  8.580374743359098E-003 -2.864824522606144E-017
  9.797625595377139E-003 -2.799714874365095E-017
  1.755076307155473E-002 -2.734605226124046E-017
  2.718040683470315E-002 -2.474166633159851E-017
  3.332813357334564E-002 -1.757960502508316E-017
  3.280322437037278E-002 -1.106864020097828E-017
  2.617191305294928E-002 -7.813157788925846E-018
  1.731004169917245E-002 -1.041754371856780E-017
  1.125109896093940E-002 -1.823070150749364E-017
  1.151250317712479E-002 -2.474166633159851E-017
  1.829018672272590E-002 -2.539276281400900E-017
  2.841649940298099E-002 -1.823070150749364E-017
  3.705859646907313E-002 -6.836513065310116E-018
  4.025582946159700E-002  4.557675376873410E-018
  3.698048346145225E-002  5.208771859283898E-018
  2.965435578468046E-002 -5.208771859283898E-018
  2.284498428631747E-002 -1.823070150749364E-017
  2.081191553447748E-002 -2.604385929641949E-017
  2.519395552147509E-002 -2.343947336677754E-017
  3.408431433894452E-002 -1.171973668338877E-017
  4.302411495299169E-002 -6.510964824104872E-019
  4.741141494896255E-002  3.906578894462923E-018
  4.502690479482894E-002 -5.208771859283898E-018
  3.727591972899801E-002 -1.823070150749364E-017
  2.842945876269890E-002 -2.799714874365095E-017
  2.325856010613146E-002 -3.060153467329290E-017
  2.437428007656651E-002 -2.669495577882998E-017
  3.077332471983582E-002 -1.953289447231462E-017
  3.841903396106414E-002 -1.432412261303072E-017
  4.253119006947126E-002 -1.497521909544121E-017
  4.028184739491374E-002 -1.757960502508316E-017
  3.236698735264656E-002 -2.409056984918803E-017
  2.257751146726247E-002 -2.799714874365095E-017
  1.564316475416901E-002 -2.799714874365095E-017
  1.459793462401815E-002 -2.734605226124046E-017
  1.915692704467225E-002 -2.604385929641949E-017
  2.598309287664131E-002 -2.474166633159851E-017
  3.063391251254707E-002 -2.278837688436705E-017
  3.004896728532906E-002 -2.018399095472510E-017
  2.418612495121068E-002 -1.627741206026218E-017
  1.594528452513875E-002 -1.627741206026218E-017
  9.496814498410973E-003 -1.920734623110937E-017
  7.992516160372710E-003 -2.311392512557230E-017
  1.191861856209534E-002 -2.343947336677754E-017
  1.893944802310914E-002 -1.953289447231462E-017
  2.524366161869061E-002 -1.237083316579926E-017
  2.761321910616893E-002 -5.859868341694385E-018
  2.509797574840578E-002 -6.510964824104872E-018
  1.943851059378638E-002 -1.041754371856780E-017
  1.406518479590715E-002 -1.562631557785169E-017
  1.224079226720813E-002 -1.823070150749364E-017
  1.533413803904622E-002 -1.692850854267267E-017
  2.211721136095313E-002 -1.058031783917042E-017
  2.943410004447778E-002 -4.557675376873410E-018
  3.387760534292986E-002 -1.627741206026218E-018
  3.358923007284044E-002 -3.906578894462923E-018
  2.923354274148245E-002 -9.115350753746820E-018
  2.362677948539519E-002 -1.432412261303072E-017
  2.020854839459374E-002 -1.823070150749364E-017
  2.116824249206787E-002 -1.823070150749364E-017
  2.623855750909709E-002 -1.399857437182548E-017
  3.282394272883706E-002 -1.171973668338877E-017
  3.741129964013965E-002 -1.269638140700450E-017
  3.749987415663975E-002 -1.399857437182548E-017
  3.298492957030595E-002 -1.692850854267267E-017
  2.621873591227607E-002 -1.888179798990413E-017
  2.070515003222163E-002 -2.018399095472510E-017
  1.915328347013042E-002 -2.018399095472510E-017
  2.198203125911026E-002 -2.213728040195657E-017
  2.711494190334966E-002 -2.213728040195657E-017
  3.117367203184682E-002 -2.083508743713559E-017
  3.138666615265837E-002 -1.953289447231462E-017
  2.713230183772206E-002 -1.855624974869889E-017
  2.025713580235199E-002 -1.953289447231462E-017
  1.401499542590396E-002 -2.213728040195657E-017
  1.125016263792321E-002 -2.539276281400900E-017
  1.285433911192028E-002 -2.604385929641949E-017
  1.734364349706933E-002 -2.474166633159851E-017
  2.175231521837773E-002 -2.083508743713559E-017
  2.330592369437853E-002 -1.692850854267267E-017
  2.093034177572144E-002 -1.432412261303072E-017
  1.578218243641885E-002 -1.432412261303072E-017
  1.055321376859393E-002 -1.725405678387791E-017
  7.973582127897451E-003 -2.018399095472510E-017
  9.348331446010025E-003 -2.083508743713559E-017
  1.390538853075797E-002 -1.855624974869889E-017
  1.926823982750068E-002 -1.399857437182548E-017
  2.276070274192840E-002 -8.789802512541578E-018
  2.282748174314685E-002 -7.162061306515359E-018
  1.982138247719132E-002 -9.766447236157309E-018
  1.576360113831026E-002 -1.237083316579926E-017
  1.322902185297633E-002 -1.497521909544121E-017
  1.395942397553196E-002 -1.464967085423596E-017
  1.793739350433015E-002 -1.139418844218353E-017
  2.340306378333100E-002 -7.528303077871258E-018
  2.779754504083189E-002 -6.510964824104872E-018
  2.912874278622651E-002 -6.510964824104872E-018
  2.703091066437849E-002 -9.766447236157309E-018
  2.294921674897248E-002 -1.302192964820974E-017
  1.934617233200171E-002 -1.562631557785169E-017
  1.835469335388938E-002 -1.757960502508316E-017
  2.060852792909848E-002 -1.595186381905694E-017
  2.489221089768857E-002 -1.432412261303072E-017
  2.880875307685356E-002 -1.302192964820974E-017
  3.010210311522517E-002 -1.334747788941499E-017
  2.790416174495869E-002 -1.562631557785169E-017
  2.321292054729120E-002 -1.920734623110937E-017
  1.833488843092915E-002 -2.246282864316181E-017
  1.560467125710513E-002 -2.278837688436705E-017
  1.609969707551710E-002 -2.148618391954608E-017
  1.906769625642424E-002 -1.953289447231462E-017
  2.237900417281153E-002 -1.757960502508316E-017
  2.373751306822576E-002 -1.757960502508316E-017
  2.196304457993867E-002 -1.757960502508316E-017
  1.763036793208301E-002 -1.871902386930151E-017
  1.272420046925901E-002 -2.168965157029936E-017
  9.525160860227484E-003 -2.490444045220114E-017
  9.361947792749372E-003 -2.539276281400900E-017
  1.191946881228441E-002 -2.278837688436705E-017
  1.546407424064578E-002 -1.757960502508316E-017
  1.783223026433245E-002 -1.334747788941499E-017
  1.761879277166515E-002 -1.171973668338877E-017
  1.491476301643578E-002 -1.334747788941499E-017
  1.121337211482265E-002 -1.692850854267267E-017
  8.565154061552281E-003 -1.953289447231462E-017
  8.460649138919496E-003 -1.920734623110937E-017
  1.104539909169342E-002 -1.595186381905694E-017
  1.507297896114431E-002 -1.115002726127959E-017
  1.859777777756565E-002 -6.429577763803561E-018
  2.001993943101674E-002 -5.208771859283898E-018
  1.892166105125223E-002 -7.813157788925846E-018
  1.625848487146721E-002 -1.237083316579926E-017
  1.381763274723033E-002 -1.497521909544121E-017
  1.324218694177113E-002 -1.399857437182548E-017
  1.514426303164058E-002 -1.041754371856780E-017
  1.877794578769003E-002 -6.348190703502250E-018
  2.244285794298877E-002 -3.906578894462923E-018
  2.439943770269606E-002 -4.883223618078654E-018
  2.380297902017376E-002 -8.138706030131091E-018
  2.115217813640975E-002 -1.171973668338877E-017
  1.800848489277822E-002 -1.432412261303072E-017
  1.613780338320446E-002 -1.464967085423596E-017
  1.654261723752924E-002 -1.237083316579926E-017
  1.891543110167765E-002 -1.041754371856780E-017
  2.181493366798145E-002 -9.115350753746820E-018
  2.346780344926847E-002 -9.766447236157309E-018
  2.275181158374474E-002 -1.253360728640188E-017
  1.981477141073979E-002 -1.611463793965956E-017
  1.598745453992440E-002 -1.859694327884954E-017
  1.304348534591156E-002 -2.083508743713559E-017
  1.222306372374664E-002 -1.953289447231462E-017
  1.356518316581997E-002 -1.692850854267267E-017
  1.591443553290494E-002 -1.367302613062023E-017
  1.758738847886971E-002 -1.302192964820974E-017
  1.731710212661705E-002 -1.497521909544121E-017
  1.494788681023220E-002 -1.709128266327529E-017
  1.150292695821421E-002 -2.002121683412248E-017
  8.603278938271671E-003 -2.132340979894346E-017
  7.574262117997877E-003 -1.953289447231462E-017
  8.736571289082775E-003 -1.562631557785169E-017
  1.126266996903563E-002 -1.139418844218353E-017
  1.365871679309867E-002 -8.952576633144199E-018
  1.459116714686131E-002 -8.952576633144199E-018
  1.360102982076177E-002 -1.139418844218353E-017
  1.132540182470464E-002 -1.432412261303072E-017
  9.123288998454398E-003 -1.497521909544121E-017
  8.324312322810473E-003 -1.302192964820974E-017
  9.512325250766158E-003 -9.440898994952065E-018
  1.222442047158401E-002 -5.371545979886519E-018
  1.521456848673025E-002 -2.197450628135394E-018
  1.712845049166454E-002 -2.278837688436705E-018
  1.722239917976079E-002 -5.208771859283898E-018
  1.574379690821322E-002 -9.766447236157309E-018
  1.377631090607594E-002 -1.237083316579926E-017
  1.263996344107471E-002 -1.171973668338877E-017
  1.317159011970213E-002 -8.464254271336333E-018
  1.527220993424509E-002 -4.232127135668167E-018
  1.796275623586504E-002 -1.790515326628840E-018
  1.991573727610819E-002 -3.092708291449814E-018
  2.017380887524796E-002 -6.510964824104872E-018
  1.866508942348512E-002 -1.139418844218353E-017
  1.623522273933988E-002 -1.432412261303072E-017
  1.417951867809659E-002 -1.432412261303072E-017
  1.353220693436940E-002 -1.171973668338877E-017
  1.450344249082612E-002 -9.440898994952065E-018
  1.637326200980779E-002 -8.789802512541578E-018
  1.789895822403919E-002 -1.009199547736255E-017
  1.800810863949225E-002 -1.253360728640188E-017
  1.639221167213939E-002 -1.513799321604383E-017
  1.367343526185726E-002 -1.644018618086480E-017
  1.105659580744106E-002 -1.709128266327529E-017
  9.665031358502175E-003 -1.725405678387791E-017
  9.931759574961356E-003 -1.660296030146742E-017
  1.138099030392172E-002 -1.562631557785169E-017
  1.291313663165736E-002 -1.399857437182548E-017
  1.342604753291775E-002 -1.269638140700450E-017
  1.242349592985302E-002 -1.302192964820974E-017
  1.027738364334610E-002 -1.497521909544121E-017
  8.008794692440500E-003 -1.700989560297398E-017
  6.720026454565940E-003 -1.774237914568578E-017
  6.996308748615977E-003 -1.562631557785169E-017
  8.602826626826853E-003 -1.220805904519664E-017
  1.063254497528431E-002 -8.708415452240267E-018
  1.201190274281585E-002 -6.592351884406183E-018
  1.208165188070436E-002 -7.162061306515359E-018
  1.093864246756803E-002 -9.766447236157309E-018
  9.362047639396133E-003 -1.237083316579926E-017
  8.374803595272491E-003 -1.334747788941499E-017
  8.684128188878787E-003 -1.171973668338877E-017
  1.030289056556086E-002 -8.708415452240267E-018
  1.255000120236986E-002 -5.452933040187831E-018
  1.442204989946031E-002 -2.929934170847192E-018
  1.513114909665431E-002 -3.581030653257680E-018
  1.451905778463711E-002 -6.510964824104872E-018
  1.312792496847577E-002 -1.009199547736255E-017
  1.189408439512399E-002 -1.204528492459401E-017
  1.163341735368489E-002 -1.171973668338877E-017
  1.259728096408761E-002 -8.464254271336333E-018
  1.433824176566403E-002 -5.534320100489141E-018
  1.595640194796858E-002 -4.232127135668167E-018
  1.659066126595542E-002 -6.510964824104872E-018
  1.588652491149415E-002 -9.115350753746820E-018
  1.418548714375323E-002 -1.106864020097828E-017
  1.233379782145755E-002 -1.253360728640188E-017
  1.121725477136042E-002 -1.351025201001761E-017
  1.127877038480816E-002 -1.302192964820974E-017
  1.228383238000694E-002 -1.237083316579926E-017
  1.346089364251659E-002 -1.139418844218353E-017
  1.393594882759872E-002 -1.009199547736255E-017
  1.321874188641272E-002 -1.090586608037566E-017
  1.147194464138268E-002 -1.237083316579926E-017
  9.417728694912062E-003 -1.399857437182548E-017
  7.938418263926087E-003 -1.513799321604383E-017
  7.595876968572712E-003 -1.562631557785169E-017
  8.335174856530819E-003 -1.432412261303072E-017
  9.531508092877216E-003 -1.269638140700450E-017
  1.034733005515975E-002 -1.139418844218353E-017
  1.019722034042552E-002 -1.041754371856780E-017
  9.063942094026244E-003 -9.603673115554686E-018
  7.496974716610542E-003 -9.766447236157309E-018
  6.302325851965602E-003 -1.082447902007435E-017
  6.099994316445331E-003 -1.139418844218353E-017
  6.992271400508284E-003 -1.115002726127959E-017
  8.519246630823457E-003 -1.037685018841714E-017
  9.917972285977471E-003 -8.423560741185679E-018
  1.053789055977872E-002 -6.999287185912738E-018
  1.018531336817049E-002 -6.510964824104872E-018
  9.213883725546601E-003 -6.836513065310116E-018
  8.318614014842214E-003 -7.813157788925846E-018
  8.150601219473459E-003 -8.952576633144199E-018
  8.962659241477849E-003 -8.627028391938956E-018
  1.047519148904605E-002 -7.487609547720604E-018
  1.203036675426138E-002 -6.429577763803561E-018
  1.294738483723800E-002 -6.185416582899628E-018
  1.288532796470170E-002 -6.836513065310116E-018
  1.201858577314376E-002 -7.813157788925846E-018
  1.093269522108539E-002 -8.464254271336333E-018
  1.029975499458683E-002 -8.138706030131091E-018
  1.051093123524125E-002 -7.487609547720604E-018
  1.146546701409023E-002 -7.568996608021914E-018
  1.262951239249250E-002 -8.138706030131091E-018
  1.333083455807336E-002 -8.871189572842888E-018
  1.312716667510126E-002 -9.847834296458619E-018
  1.204659609795296E-002 -9.562979585404031E-018
  1.056947234861827E-002 -9.013616928370182E-018
  9.363717439323705E-003 -8.952576633144199E-018
  8.920667770419072E-003 -9.766447236157309E-018
  9.292108497000993E-003 -1.139418844218353E-017
  1.007174451652487E-002 -1.237083316579926E-017
  1.062837535196069E-002 -1.204528492459401E-017
  1.045936002403792E-002 -1.058031783917042E-017
  9.468393610231886E-003 -9.278124874349443E-018
  8.016073585957713E-003 -9.522286055253375E-018
  6.719128944379685E-003 -1.090586608037566E-017
  6.112766158428759E-003 -1.204528492459401E-017
  6.363607004396979E-003 -1.237083316579926E-017
  7.189181202713050E-003 -1.090586608037566E-017
  8.023513983455910E-003 -8.138706030131091E-018
  8.332968747710718E-003 -6.185416582899628E-018
  7.906830752579157E-003 -5.534320100489141E-018
  6.965204050425473E-003 -6.999287185912738E-018
  6.030046379538498E-003 -8.952576633144199E-018
  5.635002886674417E-003 -1.009199547736255E-017
  6.034973857522303E-003 -9.359511934650754E-018
  7.072327336492107E-003 -7.202754836666016E-018
  8.268200781839988E-003 -4.150740075366856E-018
  9.084484625349975E-003 -2.604385929641949E-018
  9.211707476628811E-003 -3.255482412052436E-018
  8.727578062309407E-003 -5.534320100489141E-018
  8.043820099258830E-003 -8.138706030131091E-018
  7.674178559998679E-003 -9.115350753746820E-018
  7.951664966595551E-003 -8.464254271336333E-018
  8.847958297276410E-003 -6.510964824104872E-018
  9.990500950781078E-003 -4.435594786421444E-018
  1.086523195084385E-002 -4.150740075366856E-018
  1.109329037998282E-002 -5.534320100489141E-018
  1.063159174356286E-002 -7.162061306515359E-018
  9.789885719407565E-003 -8.138706030131091E-018
  9.057083952612550E-003 -7.894544849227157E-018
  8.832903464133426E-003 -6.999287185912738E-018
  9.211384523511350E-003 -6.592351884406183E-018
  9.933488962950987E-003 -6.673738944707494E-018
  1.053305069857822E-002 -7.813157788925846E-018
  1.059472493658072E-002 -9.278124874349443E-018
  9.982026169497808E-003 -9.725753706006653E-018
  8.911038257338461E-003 -9.664713410780669E-018
  7.830960962456284E-003 -9.278124874349443E-018
  7.178908199083248E-003 -9.440898994952065E-018
  7.144669449761685E-003 -1.025476959796517E-017
  7.574148477393674E-003 -1.058031783917042E-017
  8.062456778767629E-003 -1.041754371856780E-017
  8.182808302586768E-003 -1.025476959796517E-017
  7.723600800635352E-003 -9.847834296458619E-018
  6.803612819510460E-003 -9.522286055253375E-018
  5.804317400986373E-003 -9.868181061533947E-018
  5.159633825555970E-003 -1.062101136932107E-017
  5.120681155983438E-003 -1.066170489947173E-017
  5.624359386233545E-003 -1.001060841706124E-017
  6.335163102408882E-003 -8.627028391938956E-018
  6.833694675731737E-003 -6.917900125611427E-018
  6.846151447755962E-003 -6.510964824104872E-018
  6.389305059928298E-003 -7.487609547720604E-018
  5.754328154579990E-003 -9.115350753746820E-018
  5.341930200737281E-003 -9.766447236157309E-018
  5.441356263399518E-003 -8.871189572842888E-018
  6.073911988958586E-003 -6.510964824104872E-018
  6.984074376387664E-003 -4.232127135668167E-018
  7.779880534236761E-003 -3.418256532655058E-018
  8.143938095383205E-003 -4.557675376873410E-018
  8.000102019526015E-003 -6.185416582899628E-018
  7.547016961991311E-003 -7.650383668323225E-018
  7.142970720807923E-003 -7.813157788925846E-018
  7.106703296351846E-003 -6.266803643200940E-018
  7.542925212422440E-003 -4.557675376873410E-018
  8.286307844157409E-003 -3.784498304010957E-018
  8.992543288636991E-003 -4.542415303066915E-018
  9.325378341712849E-003 -6.307497173351595E-018
  9.137322166000973E-003 -7.813157788925846E-018
  8.546297881847926E-003 -8.382867211035023E-018
  7.867882063944927E-003 -7.324835427117981E-018
  7.441492131449235E-003 -6.836513065310116E-018
  7.446107186685449E-003 -6.673738944707494E-018
  7.805890490433622E-003 -7.324835427117981E-018
  8.236152385252686E-003 -8.301480150733712E-018
  8.403044564348611E-003 -9.033963693445510E-018
  8.108509942665881E-003 -8.464254271336333E-018
  7.399098223539919E-003 -7.853851319076502E-018
  6.540001797521609E-003 -7.609690138172569E-018
  5.870130174817510E-003 -8.138706030131091E-018
  5.619007725926305E-003 -8.789802512541578E-018
  5.786133995056406E-003 -8.952576633144199E-018
  6.147807022172704E-003 -8.952576633144199E-018
  6.385610469990337E-003 -8.301480150733712E-018
  6.264240904002982E-003 -6.917900125611427E-018
  5.760585943674958E-003 -6.307497173351595E-018
  5.074394799040888E-003 -6.856859830385443E-018
  4.516903554864416E-003 -8.108185882518098E-018
  4.340474564426644E-003 -9.440898994952065E-018
  4.603187544699789E-003 -9.807140766307963E-018
  5.141313194942335E-003 -8.545641331637644E-018
  5.662360966808663E-003 -6.266803643200940E-018
  5.905638389372934E-003 -4.679755967325377E-018
  5.781838741882785E-003 -4.883223618078654E-018
  5.416533789103154E-003 -6.185416582899628E-018
  5.076135362561713E-003 -7.975931909528468E-018
  5.018892084965294E-003 -8.789802512541578E-018
  5.353032291265818E-003 -7.650383668323225E-018
  5.978551035669357E-003 -5.330852449735864E-018
  6.642457003836649E-003 -3.255482412052436E-018
  7.075565320258278E-003 -2.929934170847192E-018
  7.135617536617212E-003 -4.232127135668167E-018
  6.879491540686044E-003 -5.697094221091763E-018
  6.526814390149909E-003 -6.999287185912738E-018
  6.336431032438679E-003 -6.999287185912738E-018
  6.463824543239479E-003 -6.185416582899628E-018
  6.876850583017569E-003 -5.615707160790452E-018
  7.374575742059488E-003 -5.127384798982587E-018
  7.697677450504344E-003 -5.015477591068284E-018
  7.669442876192675E-003 -5.890388489307376E-018
  7.290532920142186E-003 -7.650383668323225E-018
  6.736620947611367E-003 -8.861016190305225E-018
  6.261322486881217E-003 -8.993270163294855E-018
  6.058301877745715E-003 -8.301480150733712E-018
  6.158077854618829E-003 -7.568996608021914E-018
  6.415308746120731E-003 -7.162061306515359E-018
  6.592351592016417E-003 -7.080674246214049E-018
  6.492253375609719E-003 -7.487609547720604E-018
  6.067878506122788E-003 -8.098012499980435E-018
  5.447831480921182E-003 -8.301480150733712E-018
  4.866107462031316E-003 -8.179399560281745E-018
  4.535237180695602E-003 -8.382867211035023E-018
  4.533020400930345E-003 -8.301480150733712E-018
  4.764440177586936E-003 -7.568996608021914E-018
  5.018262390436649E-003 -6.348190703502250E-018
  5.085763058861626E-003 -5.208771859283898E-018
  4.875681011046552E-003 -5.045997738681276E-018
  4.462774249813248E-003 -5.900561871845040E-018
  4.044763795868956E-003 -7.487609547720604E-018
  3.832859167300015E-003 -8.565988096712973E-018
  3.936705024329921E-003 -8.138706030131091E-018
  4.306375977338567E-003 -6.282063717007435E-018
  4.761763220536341E-003 -3.967619189688907E-018
  5.091653968143775E-003 -2.563692399491294E-018
  5.167419095143249E-003 -3.418256532655058E-018
  5.009490200709491E-003 -5.859868341694385E-018
  4.771652247068653E-003 -7.975931909528468E-018
  4.653330576091373E-003 -8.382867211035023E-018
  4.788740391507881E-003 -7.080674246214049E-018
  5.173286565925307E-003 -4.801836557777343E-018
  5.666331626301477E-003 -2.848547110545882E-018
  6.067513730134718E-003 -2.522998869340638E-018
  6.224163878567756E-003 -4.150740075366856E-018
  6.111320958236576E-003 -6.592351884406183E-018
  5.841595045172007E-003 -8.708415452240267E-018
  5.600678178485201E-003 -9.074657223596166E-018
  5.544530520936587E-003 -7.650383668323225E-018
  5.714466417215925E-003 -5.371545979886519E-018
  6.015899069132880E-003 -4.110046545216201E-018
  6.271413969418473E-003 -4.232127135668167E-018
  6.318403079726785E-003 -5.310505684660537E-018
  6.097671190204763E-003 -6.958593655762082E-018
  5.684969927770732E-003 -7.762290876237527E-018
  5.249010692703259E-003 -7.650383668323225E-018
  4.959705014187368E-003 -7.324835427117981E-018
  4.897197510778502E-003 -6.673738944707494E-018
  5.011204220542715E-003 -6.104029522598318E-018
  5.152112715342114E-003 -5.778481281393074E-018
  5.155863420923662E-003 -5.859868341694385E-018
  4.935508592906960E-003 -6.226110113050284E-018
  4.529346877223930E-003 -6.917900125611427E-018
  4.079965855836651E-003 -7.609690138172569E-018
  3.756644622529458E-003 -7.894544849227157E-018
  3.664308029487898E-003 -7.568996608021914E-018
  3.788871517694024E-003 -6.836513065310116E-018
  4.008122959481057E-003 -5.819174811543729E-018
  4.161037578663046E-003 -4.740796262551360E-018
  4.136702013086076E-003 -4.252473900743495E-018
  3.934068264726297E-003 -4.801836557777343E-018
  3.660573553282612E-003 -6.104029522598318E-018
  3.471544649652650E-003 -7.243448366816670E-018
  3.484458123816363E-003 -7.446916017569948E-018
  3.715107109477204E-003 -6.165069817824301E-018
  4.069896363812702E-003 -4.211780370592839E-018
  4.397371237393304E-003 -3.011321231148503E-018
  4.569940027319470E-003 -3.174095351751125E-018
  4.550991394319686E-003 -4.557675376873410E-018
  4.411402602086788E-003 -6.185416582899628E-018
  4.287505950182399E-003 -6.836513065310116E-018
  4.304375841936435E-003 -6.348190703502250E-018
  4.506591370717002E-003 -5.045997738681276E-018
  4.833822449864158E-003 -3.560683888182352E-018
  5.153710790010807E-003 -2.970627700997848E-018
  5.333344531584045E-003 -3.621724183408335E-018
  5.310071796238096E-003 -5.208771859283898E-018
  5.123373524467414E-003 -6.673738944707494E-018
  4.891157468138133E-003 -6.877206595460771E-018
  4.744152301574755E-003 -6.185416582899628E-018
  4.754569033364567E-003 -5.188425094208570E-018
  4.897796883318112E-003 -4.476288316572099E-018
  5.067457436615911E-003 -4.639062437174722E-018
  5.134907584351063E-003 -5.290158919585209E-018
  5.020248743175247E-003 -5.859868341694385E-018
  4.736063028687599E-003 -6.022642462297007E-018
  4.380424280816470E-003 -6.104029522598318E-018
  4.083639869477763E-003 -6.104029522598318E-018
  3.938317718173253E-003 -5.941255401995696E-018
  3.951045004135189E-003 -5.859868341694385E-018
  4.041663581436011E-003 -5.697094221091763E-018
  4.089809633058154E-003 -5.615707160790452E-018
  4.002609683018338E-003 -5.493626570338486E-018
  3.766270244316808E-003 -5.595360395715125E-018
  3.453654418148065E-003 -6.165069817824301E-018
  3.184388473596811E-003 -7.019633950988065E-018
  3.059989554605360E-003 -7.487609547720604E-018
  3.109752088048898E-003 -6.673738944707494E-018
  3.276656822592779E-003 -5.412239510037175E-018
  3.450253441789424E-003 -4.049006249990217E-018
  3.527774370616874E-003 -3.560683888182352E-018
  3.469729765492316E-003 -4.272820665818822E-018
  3.319875910717149E-003 -5.697094221091763E-018
  3.179388804937725E-003 -6.999287185912738E-018
  3.150143839712769E-003 -7.121367776364703E-018
  3.278483264301213E-003 -6.022642462297007E-018
  3.529982787940593E-003 -4.191433605517511E-018
  3.808339153084756E-003 -3.092708291449814E-018
  4.007350689482728E-003 -3.296175942203092E-018
  4.067258762970102E-003 -4.476288316572099E-018
  4.004901381392046E-003 -5.534320100489141E-018
  3.901865662936460E-003 -6.104029522598318E-018
  3.857831321236987E-003 -5.615707160790452E-018
  3.934993640128772E-003 -4.801836557777343E-018
  4.123827296998040E-003 -3.947272424613579E-018
  4.348395589081610E-003 -3.275829177127764E-018
  4.507713955089588E-003 -3.194442116826453E-018
  4.530217947771274E-003 -3.458950062805713E-018
  4.411642592209481E-003 -4.130393310291528E-018
  4.216045986386156E-003 -5.269812154509881E-018
  4.039972137858453E-003 -6.022642462297007E-018
  3.959726728864321E-003 -6.205763347974956E-018
  3.990614465587356E-003 -6.022642462297007E-018
  4.080090219215174E-003 -5.005304208530620E-018
  4.138051808959075E-003 -4.069353015065545E-018
  4.087269037145631E-003 -3.784498304010957E-018
  3.906220457849247E-003 -4.435594786421444E-018
  3.641113621517074E-003 -5.717440986167091E-018
  3.380954442467002E-003 -6.592351884406183E-018
  3.209736380805439E-003 -6.836513065310116E-018
  3.162084469924236E-003 -6.307497173351595E-018
  3.206427870768731E-003 -5.371545979886519E-018
  3.264418998749269E-003 -4.639062437174722E-018
  3.255432388186939E-003 -4.557675376873410E-018
  3.141482512151376E-003 -5.066344503756604E-018
  2.948065688287477E-003 -5.717440986167091E-018
  2.749951954648030E-003 -6.287150408276267E-018
  2.630233438341995E-003 -6.572005119330855E-018
  2.635362436645789E-003 -6.327843938426922E-018
  2.750703970848748E-003 -5.697094221091763E-018
  2.909534000998699E-003 -4.832356705390335E-018
  3.029995494669938E-003 -4.252473900743495E-018
  3.059432175286284E-003 -4.476288316572099E-018
  3.001897466759162E-003 -5.575013630639797E-018
  2.914228739535792E-003 -6.388884233652906E-018
  2.873415494892265E-003 -6.592351884406183E-018
  2.933513525263891E-003 -5.859868341694385E-018
  3.095684890952457E-003 -4.720449497476032E-018
  3.307391176089598E-003 -3.947272424613579E-018
  3.490677930167364E-003 -3.581030653257680E-018
  3.583734965586565E-003 -3.825191834161613E-018
  3.573015073584629E-003 -4.720449497476032E-018
  3.498708193298296E-003 -5.371545979886519E-018
  3.431089363538122E-003 -5.778481281393074E-018
  3.431064455067677E-003 -5.900561871845040E-018
  3.516565589099799E-003 -5.778481281393074E-018
  3.652922978614787E-003 -5.259638771972217E-018
  3.772061970180251E-003 -4.702646078035120E-018
  3.809679739510624E-003 -4.407617984442869E-018
  3.739974972404494E-003 -4.667039239153297E-018
  3.589132456005508E-003 -5.843336595070681E-018
  3.420559204831882E-003 -7.182408071590687E-018
  3.300293692618879E-003 -8.098012499980435E-018
  3.261648420814086E-003 -7.853851319076502E-018
  3.288288183083403E-003 -6.510964824104872E-018
  3.324654203204617E-003 -4.720449497476032E-018
  3.307649752232616E-003 -3.540337123107024E-018
  3.202023447941681E-003 -3.947272424613579E-018
  3.020123202508561E-003 -5.636053925865780E-018
  2.815477080057999E-003 -7.711423963549208E-018
  2.654059232959641E-003 -8.952576633144199E-018
  2.579193171019130E-003 -8.423560741185679E-018
  2.589270654594676E-003 -6.307497173351595E-018
  2.640192381056085E-003 -3.987965954764234E-018
  2.670788585079979E-003 -3.011321231148503E-018
  2.636993768111039E-003 -3.876058746849931E-018
  2.536018053417810E-003 -5.727614368704754E-018
  2.407518747902880E-003 -7.436742635032284E-018
  2.311517432110954E-003 -7.792811023850519E-018
  2.295468903296641E-003 -6.399057616190569E-018
  2.368575644464873E-003 -4.272820665818822E-018
  2.497185217860737E-003 -2.746813285169243E-018
  2.623405527119600E-003 -2.665426224867932E-018
  2.696424759598458E-003 -3.906578894462923E-018
  2.699318655658176E-003 -5.452933040187831E-018
  2.656894691230777E-003 -6.388884233652906E-018
  2.620678194051710E-003 -6.307497173351595E-018
  2.639615520371164E-003 -5.452933040187831E-018
  2.732658198769943E-003 -4.435594786421444E-018
  2.878080691378768E-003 -4.008312719839562E-018
  3.025050807164468E-003 -4.557675376873410E-018
  3.120817771576890E-003 -5.778481281393074E-018
  3.138537924235557E-003 -6.714432474858149E-018
  3.090669023893290E-003 -6.917900125611427E-018
  3.020934075568051E-003 -6.307497173351595E-018
  2.979578019800836E-003 -5.473279805263158E-018
  2.995611418903559E-003 -5.269812154509881E-018
  3.061144610440857E-003 -5.880215106769713E-018
  3.136121289166631E-003 -6.490618059029544E-018
  3.170568920697653E-003 -6.500791441567208E-018
  3.132024393820265E-003 -6.226110113050284E-018
  3.023168082869580E-003 -6.073509374985326E-018
  2.880232688817213E-003 -6.287150408276267E-018
  2.753326699018602E-003 -6.999287185912738E-018
  2.679615422594653E-003 -7.691077198473880E-018
  2.664021384955691E-003 -7.853851319076502E-018
  2.677803523289578E-003 -7.080674246214049E-018
  2.675501263462454E-003 -6.022642462297007E-018
  2.620733477447239E-003 -5.371545979886519E-018
  2.506665391260282E-003 -5.636053925865780E-018
  2.360069817990227E-003 -6.633045414556839E-018
  2.227005372335713E-003 -7.874198084151830E-018
  2.148171282174156E-003 -8.342173680884368E-018
  2.137493889075722E-003 -7.507956312795931E-018
  2.175528936124028E-003 -5.920908636920368E-018
  2.221016456289219E-003 -4.679755967325377E-018
  2.233994541162335E-003 -4.639062437174722E-018
  2.197701022577591E-003 -5.615707160790452E-018
  2.127369393033541E-003 -7.019633950988065E-018
  2.061359248263999E-003 -7.914891614302486E-018
  2.039748649292586E-003 -7.446916017569948E-018
  2.082244596481525E-003 -5.981948932146352E-018
  2.177432401910926E-003 -4.323687578507142E-018
  2.289014855089746E-003 -3.540337123107024E-018
  2.375367957845819E-003 -4.028659484914890E-018
  2.411579040406822E-003 -5.371545979886519E-018
  2.401981518263737E-003 -6.714432474858149E-018
  2.376571447694917E-003 -6.917900125611427E-018
  2.373551119914720E-003 -6.104029522598318E-018
  2.417727381962536E-003 -4.822183322852671E-018
  2.506568084521889E-003 -3.743804773860302E-018
  2.611362635945189E-003 -3.560683888182352E-018
  2.692617086733043E-003 -4.598368907024066E-018
  2.721113111271317E-003 -6.185416582899628E-018
  2.693132874387480E-003 -7.141714541440032E-018
  2.631701986332034E-003 -7.029807333525729E-018
  2.573411819892531E-003 -6.104029522598318E-018
  2.548204198080454E-003 -4.883223618078654E-018
  2.563197150768978E-003 -4.293167430894150E-018
  2.599262363076191E-003 -4.639062437174722E-018
  2.622009940790774E-003 -5.575013630639797E-018
  2.600990404604088E-003 -6.551658354255528E-018
  2.526555040446488E-003 -6.907726743073763E-018
  2.415243790633498E-003 -6.582178501868520E-018
  2.300935452469164E-003 -6.144723052748973E-018
  2.216769577967904E-003 -5.981948932146352E-018
  2.177788386239598E-003 -6.063335992447662E-018
  2.173706038255035E-003 -6.429577763803561E-018
  2.175564692075822E-003 -6.958593655762082E-018
  2.152428103072501E-003 -7.243448366816670E-018
  2.088863012970298E-003 -7.182408071590687E-018
  1.993672989771837E-003 -6.846686447847780E-018
  1.895257632160877E-003 -6.500791441567208E-018
  1.826320862877619E-003 -6.368537468577578E-018
  1.806405247879412E-003 -6.714432474858149E-018
  1.831777539649516E-003 -7.090847628751712E-018
  1.878038646801930E-003 -7.070500863676385E-018
  1.913824039545352E-003 -6.424491072534729E-018
  1.917959349222741E-003 -5.666574073478772E-018
  1.890689006695593E-003 -5.513973335413813E-018
  1.852980363945985E-003 -5.941255401995696E-018
  1.834491901391655E-003 -6.470271293954216E-018
  1.856945048622976E-003 -6.449924528878889E-018
  1.922020059565464E-003 -5.839521576619058E-018
  2.010281566198064E-003 -5.086691268831931E-018
  2.091538807856404E-003 -4.862876853003326E-018
  2.140833480732177E-003 -5.554666865564469E-018
  2.151297234649568E-003 -6.510964824104872E-018
  2.136972642297539E-003 -7.060327481138721E-018
  2.124255356615917E-003 -6.775472770084133E-018
  2.136808602823772E-003 -5.961602167071024E-018
  2.182256333028893E-003 -5.168078329133243E-018
  2.247854148800342E-003 -5.035824356143612E-018
  2.307346570181308E-003 -5.585187013177460E-018
  2.335115676658410E-003 -6.536398280449032E-018
  2.319835192957989E-003 -7.177321380321856E-018
  2.270237272511110E-003 -7.263795131891997E-018
  2.209993608913591E-003 -6.678825635976326E-018
  2.164662237543886E-003 -6.048075918641167E-018
  2.147906633610011E-003 -5.493626570338486E-018
  2.154473547500738E-003 -5.208771859283898E-018
  2.163629721643538E-003 -5.473279805263158E-018
  2.151021218447221E-003 -6.185416582899628E-018
  2.102375325133264E-003 -6.877206595460771E-018
  2.021563210172923E-003 -7.019633950988065E-018
  1.928717661874107E-003 -6.409230998728234E-018
  1.849568582989960E-003 -5.717440986167091E-018
  1.801913658296484E-003 -5.534320100489141E-018
  1.786608333138293E-003 -6.063335992447662E-018
  1.787889110243055E-003 -6.856859830385443E-018
  1.782695480348182E-003 -7.243448366816670E-018
  1.753768490312508E-003 -6.978940420837409E-018
  1.699333259426834E-003 -6.226110113050284E-018
  1.634145997342217E-003 -5.615707160790452E-018
  1.581467680874238E-003 -5.802643064920025E-018
  1.560469818164069E-003 -6.579635156234103E-018
  1.575990122388390E-003 -7.446916017569948E-018
  1.616166167715690E-003 -7.675817124667385E-018
  1.659102209049822E-003 -6.882293286729603E-018
  1.684796822065816E-003 -5.941255401995696E-018
  1.685765757343134E-003 -5.473279805263158E-018
  1.670617192501847E-003 -5.880215106769713E-018
  1.658765386302368E-003 -6.633045414556839E-018
  1.669314519306076E-003 -7.202754836666016E-018
  1.710259001787371E-003 -7.182408071590687E-018
  1.773869192976406E-003 -6.612698649481510E-018
  1.840673012524511E-003 -6.042989227372334E-018
  1.889737612721856E-003 -5.941255401995696E-018
  1.909576537260399E-003 -6.083682757522990E-018
  1.903765781335683E-003 -6.470271293954216E-018
  1.888323008501641E-003 -6.714432474858149E-018
  1.882421067193638E-003 -6.856859830385443E-018
  1.897594487548559E-003 -6.694085709782822E-018
  1.931327099351536E-003 -6.170156509093133E-018
  1.968433361151419E-003 -5.440216312015751E-018
  1.989360990818293E-003 -4.974784060917629E-018
  1.980800783600655E-003 -5.054978927952807E-018
  1.942810753370090E-003 -5.765764553220994E-018
  1.888643823660105E-003 -6.521138206642536E-018
  1.837486125489048E-003 -6.917900125611427E-018
  1.804155277100805E-003 -6.643218797094502E-018
  1.791392997712342E-003 -6.083682757522990E-018
  1.788888696260975E-003 -5.656400690941107E-018
  1.779450363260004E-003 -5.656400690941107E-018
  1.748849953921683E-003 -5.920908636920368E-018
  1.693927343993725E-003 -6.307497173351595E-018
  1.624566201504871E-003 -6.592351884406183E-018
  1.558552679588626E-003 -6.653392179632167E-018
  1.512211253470911E-003 -6.551658354255528E-018
  1.491962686102630E-003 -6.083682757522990E-018
  1.491368050303058E-003 -5.310505684660537E-018
  1.495169379814394E-003 -5.086691268831931E-018
  1.488010816726929E-003 -5.498713261607318E-018
  1.463017620702933E-003 -6.261716951932108E-018
  1.425566652876409E-003 -6.739865931202309E-018
  1.390273382724895E-003 -6.709345783589317E-018
  1.372942135522774E-003 -5.997209005952847E-018
  1.381937169355622E-003 -5.178251711670906E-018
  1.413674694761966E-003 -4.959523987111133E-018
  1.454619459185909E-003 -5.778481281393074E-018
  1.488596478457651E-003 -6.989113803375074E-018
  1.505362289634080E-003 -7.630036903247898E-018
  1.505766054634047E-003 -7.304488662042654E-018
  1.500763624248807E-003 -6.083682757522990E-018
  1.504933275634336E-003 -4.923917148229310E-018
  1.528116540474367E-003 -4.628889054637058E-018
  1.569763621558823E-003 -5.371545979886519E-018
  1.619016686122954E-003 -6.572005119330855E-018
  1.660398487530078E-003 -7.324835427117981E-018
  1.681934026922963E-003 -6.928073508149090E-018
  1.681266015465197E-003 -5.544493483026805E-018
  1.666487372913924E-003 -4.333860961044805E-018
  1.651333963008480E-003 -3.967619189688907E-018
  1.647445032788799E-003 -4.354207726120133E-018
  1.657943397278967E-003 -5.351199214811192E-018
  1.675800081714936E-003 -6.142179707114557E-018
  1.687794325934093E-003 -6.088769448791822E-018
  1.681829267089273E-003 -5.335939141004696E-018
  1.653577267345211E-003 -4.527155229260419E-018
  1.608855585352177E-003 -4.430508095152612E-018
  1.560506374374285E-003 -4.934090530766973E-018
  1.521556444961554E-003 -5.747961133780082E-018
  1.498423035016707E-003 -6.510964824104872E-018
  1.487846897449913E-003 -6.490618059029544E-018
  1.479151457705556E-003 -5.880215106769713E-018
  1.460508358531737E-003 -5.127384798982587E-018
  1.425733601723585E-003 -4.781489792702016E-018
  1.377904547745467E-003 -4.995130825992957E-018
  1.327873891716623E-003 -5.656400690941107E-018
  1.288560629204585E-003 -6.165069817824301E-018
  1.268179964130839E-003 -6.165069817824301E-018
  1.266101540541844E-003 -5.625880543328116E-018
  1.273538958239135E-003 -4.974784060917629E-018
  1.278613256761278E-003 -4.773859755798768E-018
  1.272964158410659E-003 -5.211315204918313E-018
  1.256288776616134E-003 -5.747961133780082E-018
  1.236374460765621E-003 -5.966688858339855E-018
  1.224682673389385E-003 -5.437672966381334E-018
  1.229958912947306E-003 -4.532241920529251E-018
  1.253376401279072E-003 -4.110046545216201E-018
  1.287830461554562E-003 -4.567848759411075E-018
  1.321702757786515E-003 -5.605533778252788E-018
  1.344982166916836E-003 -6.195589965437293E-018
  1.354385622575384E-003 -5.676747456016435E-018
  1.354722722992489E-003 -4.313514195969478E-018
  1.355834453476872E-003 -3.174095351751125E-018
  1.366850623781363E-003 -3.153748586675798E-018
  1.390936444365221E-003 -4.293167430894150E-018
  1.423379265962213E-003 -5.605533778252788E-018
  1.454005180336832E-003 -6.114202905135981E-018
  1.472548208610475E-003 -5.585187013177460E-018
  1.474014903633416E-003 -4.547501994335746E-018
  1.461138082221478E-003 -3.687851169903150E-018
  1.442640057322502E-003 -3.423343223923890E-018
  1.428319535171829E-003 -3.876058746849931E-018
  1.423682049575095E-003 -4.578022141948738E-018
  1.427035888317904E-003 -4.791663175239679E-018
  1.430588859495013E-003 -4.277907357087655E-018
  1.424883944381519E-003 -3.591204035795343E-018
  1.404109143976397E-003 -3.336869472353747E-018
  1.369380651607192E-003 -3.667504404827822E-018
  1.328244001069511E-003 -4.252473900743495E-018
  1.290718377944566E-003 -4.771316410164352E-018
  1.264080667646441E-003 -4.710276114938369E-018
  1.249235138939669E-003 -4.110046545216201E-018
  1.240608285360780E-003 -3.631897565945999E-018
  1.229562773605780E-003 -3.703111243709646E-018
  1.209412818397424E-003 -4.394901256270789E-018
  1.179283806390045E-003 -5.081604577563099E-018
  1.144731131323292E-003 -5.259638771972217E-018
  1.114828017990152E-003 -4.990044134724125E-018
  1.097356369186824E-003 -4.644149128443553E-018
  1.094740287739343E-003 -4.519525192357171E-018
  1.102916806121462E-003 -4.567848759411075E-018
  1.113707662007186E-003 -4.616172326464978E-018
  1.119345251689205E-003 -4.595825561389650E-018
  1.116658368008590E-003 -4.445768168959108E-018
  1.108650249865942E-003 -4.364381108657797E-018
  1.102656837815919E-003 -4.588195524486402E-018
  1.106145586964891E-003 -4.781489792702016E-018
  1.122480225150138E-003 -4.791663175239679E-018
  1.148957279461441E-003 -4.812009940315007E-018
  1.178148301056325E-003 -4.832356705390335E-018
  1.201769562001796E-003 -4.934090530766973E-018
  1.214941929113976E-003 -5.127384798982587E-018
  1.218527914243058E-003 -5.147731564057914E-018
  1.218315781409205E-003 -4.964610678379965E-018
  1.221552757745159E-003 -4.812009940315007E-018
  1.232759606575007E-003 -4.796749866508511E-018
  1.251116021667725E-003 -4.990044134724125E-018
  1.270814855683771E-003 -5.168078329133243E-018
  1.284147917303502E-003 -5.038367701778028E-018
  1.285606752284592E-003 -4.700102732400705E-018
  1.274758491262718E-003 -4.374554491195461E-018
  1.256357561224857E-003 -4.275364011453238E-018
  1.237678443061457E-003 -4.478831662206516E-018
  1.224562137393682E-003 -5.020564282337117E-018
  1.218341928346476E-003 -5.534320100489141E-018
  1.215300807695001E-003 -5.651313999672276E-018
  1.208911183857799E-003 -5.264725463241049E-018
  1.193592274035115E-003 -4.522068537991587E-018
  1.167916158012454E-003 -4.084613088872041E-018
  1.135525305752756E-003 -4.262647283281158E-018
  1.103294382354197E-003 -5.132471490251419E-018
  1.077772889841017E-003 -5.839521576619058E-018
  1.061862370112248E-003 -5.686920838554099E-018
  1.053523493558143E-003 -4.842530087927999E-018
  1.047177316427380E-003 -3.820105142892781E-018
  1.036991080160148E-003 -3.458950062805713E-018
  1.020228405366705E-003 -4.046462904355802E-018
  9.988384096385552E-004 -4.993859153175749E-018
  9.784451104953573E-004 -5.422412892574839E-018
  9.653253347224326E-004 -4.857790161734494E-018
  9.630476842135800E-004 -3.888457556817709E-018
  9.706030414946702E-004 -3.123228439062806E-018
  9.830177449509086E-004 -3.052014761299159E-018
  9.940762964821567E-004 -3.708197934978478E-018
  9.996412823337461E-004 -4.649235819712385E-018
  9.997594423190226E-004 -4.995130825992957E-018
  9.984329360464533E-004 -4.578022141948738E-018
  1.001222410723226E-003 -3.662417713558990E-018
  1.012023975876419E-003 -2.909587405771865E-018
  1.030788941887363E-003 -2.950280935922520E-018
  1.053413966712599E-003 -3.825191834161613E-018
  1.073830313718176E-003 -4.893397000616318E-018
  1.087126406813303E-003 -5.534320100489141E-018
  1.091996272602366E-003 -5.493626570338486E-018
  1.091200780710799E-003 -4.781489792702016E-018
  1.089828981732249E-003 -3.860798673043436E-018
  1.092344128700396E-003 -3.413169841386226E-018
  1.100041720922333E-003 -3.631897565945999E-018
  1.110295620203971E-003 -4.511895155453923E-018
  1.117974284410306E-003 -5.463742259134098E-018
  1.118224225030058E-003 -5.851602468382533E-018
  1.109088114085621E-003 -5.434811702542617E-018
  1.092539022175555E-003 -4.388542892184748E-018
  1.073394353987515E-003 -3.387736385042066E-018
  1.056731954425862E-003 -3.189355425557621E-018
  1.045233152346364E-003 -3.962532498420075E-018
  1.037893513707776E-003 -5.066344503756604E-018
  1.030775757979573E-003 -5.783567972661906E-018
  1.019359186556511E-003 -5.590273704446293E-018
  1.001179851761274E-003 -4.791663175239679E-018
  9.773184558797793E-004 -3.784498304010957E-018
  9.519416770942486E-004 -3.255482412052436E-018
  9.301725218196539E-004 -3.408083150117394E-018
  9.154686165345987E-004 -4.074439706334377E-018
  9.079360217104336E-004 -4.705189423669537E-018
  9.044754422098145E-004 -4.888310309347486E-018
  9.006483081900754E-004 -4.346577689216885E-018
  8.932181555566480E-004 -3.542880468741440E-018
  8.819732490231117E-004 -3.038026360309871E-018
  8.698500413051063E-004 -3.006234539879672E-018
  8.613167951773945E-004 -3.425886569558306E-018
  8.599233399160665E-004 -3.929469005172667E-018
  8.663619361390305E-004 -3.985422609129818E-018
  8.780852687958670E-004 -3.464036754074545E-018
  8.906651710158215E-004 -2.721379828825083E-018
  9.001276399978195E-004 -2.283924379705537E-018
  9.049825306416700E-004 -2.406004970157504E-018
  9.068538272613517E-004 -2.919760788309529E-018
  9.093950103391448E-004 -3.357216237429075E-018
  9.161109552767218E-004 -3.413169841386226E-018
  9.282914970684135E-004 -3.169008660482293E-018
  9.441811865115469E-004 -3.021494613686167E-018
  9.598197633765159E-004 -3.113055056525142E-018
  9.710733625312531E-004 -3.479296827881041E-018
  9.757377333175042E-004 -3.886232129387596E-018
  9.745739280655848E-004 -4.018486102377226E-018
  9.707349646023006E-004 -3.865885364312268E-018
  9.679239305462595E-004 -3.596290727064175E-018
  9.683064447592493E-004 -3.218603900353405E-018
  9.713162558112229E-004 -2.875252239707249E-018
  9.739885613511930E-004 -2.684501317126052E-018
  9.726152760018529E-004 -2.782420124051067E-018
  9.648015966903974E-004 -2.978257737901096E-018
  9.507997721273090E-004 -2.914674097040697E-018
  9.334060709688252E-004 -2.800223543491978E-018
  9.164980161074674E-004 -2.919760788309529E-018
  9.030254470000932E-004 -3.113055056525142E-018
  8.935519674577237E-004 -3.219875573170613E-018
  8.861264919752966E-004 -3.194442116826453E-018
  8.775295669897144E-004 -3.219875573170613E-018
  8.651917225846801E-004 -3.128315130331638E-018
  8.487273842127655E-004 -2.980801083535512E-018
  8.302536735531341E-004 -2.851090456180298E-018
  8.133368818031112E-004 -2.965541009729016E-018
  8.011575679617024E-004 -3.191898771192037E-018
  7.949005014375122E-004 -3.392823076310898E-018
  7.932377389134570E-004 -3.469123445343377E-018
  7.931657661165343E-004 -3.186812079923205E-018
  7.917183394464926E-004 -2.974442719449472E-018
  7.876092181385428E-004 -2.918489115492321E-018
  7.819129721258315E-004 -2.726466520093915E-018
  7.774297007155304E-004 -2.459415228480239E-018
  7.771008107797203E-004 -2.207624010673058E-018
  7.823530599247534E-004 -2.339877983662688E-018
  7.922731861831565E-004 -2.716293137556251E-018
  8.040499187118783E-004 -3.219875573170613E-018
  8.144249656773413E-004 -3.255482412052436E-018
  8.213511458054815E-004 -2.965541009729016E-018
  8.249568378419832E-004 -2.599299238373117E-018
  8.273077505268770E-004 -2.334791292393857E-018
  8.311186855358680E-004 -2.182190554328899E-018
  8.381356426164555E-004 -2.172017171791235E-018
  8.480756019580746E-004 -2.512825486802974E-018
  8.586936330933500E-004 -3.133401821600470E-018
  8.669252050525874E-004 -3.596290727064175E-018
  8.704683594303229E-004 -3.458950062805713E-018
  8.689417382461169E-004 -2.634906077254941E-018
  8.639985768176486E-004 -1.617567823488554E-018
  8.583533228675342E-004 -1.487857196133340E-018
  8.542680709483620E-004 -2.355138057469184E-018
  8.523297470025612E-004 -3.648429312569703E-018
  8.511769916155982E-004 -4.511895155453923E-018
  8.483088243155443E-004 -4.275364011453238E-018
  8.415172356499002E-004 -3.115598402159558E-018
  8.301541218462700E-004 -1.996526323016533E-018
  8.155453399899320E-004 -1.876989078198983E-018
  8.003385224330873E-004 -2.558605708222461E-018
  7.871533918661675E-004 -3.464036754074545E-018
  7.772758818420595E-004 -4.318600887238310E-018
  7.701014763623986E-004 -4.527155229260419E-018
  7.636148857412178E-004 -3.926925659538251E-018
  7.556257590290632E-004 -2.980801083535512E-018
  7.450741371384936E-004 -2.360224748738016E-018
  7.326926928812342E-004 -2.584039164566621E-018
  7.206738863173655E-004 -3.438603297730386E-018
  7.115366339292658E-004 -4.178716877345431E-018
  7.068191162761325E-004 -4.389814565001957E-018
  7.063090645242873E-004 -4.110046545216201E-018
  7.082198245679850E-004 -3.647793476161099E-018
  7.102005726112261E-004 -3.233863974159900E-018
  7.106182081425533E-004 -3.006234539879672E-018
  7.094104882937488E-004 -3.085078254546566E-018
  7.080547484236780E-004 -3.573400616354432E-018
  7.086848444268717E-004 -4.049006249990217E-018
  7.128514907014138E-004 -4.150740075366856E-018
  7.206070937652012E-004 -3.972705880957738E-018
  7.304090338530030E-004 -3.769238230204461E-018
  7.398829246912457E-004 -3.799758377817453E-018
  7.470198028882625E-004 -3.962532498420075E-018
  7.511526696892817E-004 -3.947272424613579E-018
  7.531884795665970E-004 -3.570857270720016E-018
  7.549846165036642E-004 -3.082534908912150E-018
  7.582251879020553E-004 -2.797680197857562E-018
  7.634180184582771E-004 -3.041841378761495E-018
  7.695571956145978E-004 -3.759064847666797E-018
  7.746253650590211E-004 -4.722992843110449E-018
  7.766508305887883E-004 -5.299060629305664E-018
  7.747376201790475E-004 -5.098136324186803E-018
  7.695105399508020E-004 -4.056000450484861E-018
  7.627436092948148E-004 -2.757622504115511E-018
  7.563870054445862E-004 -2.027682307038129E-018
  7.515302644701108E-004 -2.402189951705880E-018
  7.478648991757268E-004 -3.550510505644688E-018
  7.439288788243385E-004 -4.547501994335746E-018
  7.379859682224865E-004 -4.738252916916944E-018
  7.290503158226642E-004 -4.130393310291528E-018
  7.174955146405474E-004 -2.996061157342008E-018
  7.049218835823625E-004 -1.874445732564567E-018
  6.933636567490077E-004 -1.482770504864508E-018
  6.842748228047616E-004 -2.116063567834083E-018
  6.778454594925916E-004 -3.415713187020642E-018
  6.730120645450902E-004 -4.524611883626003E-018
  6.681427241391652E-004 -4.590738870120818E-018
  6.620119293234149E-004 -3.456406717171297E-018
  6.545289817961586E-004 -1.832480529596703E-018
  6.468267031720421E-004 -8.125989301959010E-019
  6.406712913801733E-004 -1.362597423638354E-018
  6.375238757839044E-004 -3.104471265008988E-018
  6.377685159396523E-004 -4.615536490056373E-018
  6.405229971904959E-004 -4.659409202250049E-018
  6.441258166951467E-004 -3.286002559665428E-018
  6.470243062156385E-004 -1.632827897295050E-018
  6.485757887206183E-004 -8.927143176800040E-019
  6.493292073967012E-004 -1.739648413940520E-018
  6.506442288303479E-004 -3.311436016009587E-018
  6.538672732795115E-004 -4.389814565001957E-018
  6.595211816123661E-004 -4.288080739625318E-018
  6.669504747957299E-004 -3.280915868396596E-018
  6.746095608016752E-004 -2.182190554328899E-018
  6.808290312704326E-004 -1.978722903575621E-018
  6.846382632819056E-004 -2.823113654201722E-018
  6.861988531127438E-004 -3.975249226592155E-018
  6.866219638444758E-004 -4.595825561389650E-018
  6.872807810791508E-004 -4.323687578507142E-018
  6.890013748545869E-004 -3.369932965601155E-018
  6.915747168077218E-004 -2.610744293727989E-018
  6.938506456686182E-004 -2.713749791921835E-018
  6.943539971403556E-004 -3.649065148978307E-018
  6.920802577606278E-004 -4.653686674572613E-018
  6.870359170866864E-004 -5.016113427476889E-018
  6.802340976148839E-004 -4.338947652313637E-018
  6.731562050989339E-004 -2.983344429169928E-018
  6.669797781527204E-004 -2.072826692049012E-018
  6.619944728121970E-004 -2.522998869340638E-018
  6.575188351244719E-004 -4.211780370592839E-018
  6.523532935372749E-004 -5.826804848446978E-018
  6.455128921172319E-004 -6.065879338082079E-018
  6.368354233739645E-004 -4.687386004228625E-018
  6.271347616804417E-004 -2.853633801814714E-018
  6.178214963908779E-004 -1.986352940478869E-018
  6.102035352072043E-004 -2.467045265383487E-018
  6.048497790070065E-004 -4.054092941259049E-018
  6.013596379546742E-004 -5.767036226038202E-018
  5.986553642659374E-004 -6.339288993781794E-018
  5.956285393413840E-004 -5.466921441177118E-018
  5.917826735239634E-004 -3.870972055581100E-018
  5.875220584833171E-004 -2.969991864589244E-018
  5.839351119965705E-004 -3.606464109601840E-018
  5.821977877825624E-004 -5.352470887628400E-018
  5.829272516366501E-004 -6.701715746686069E-018
  5.858379665408363E-004 -6.666108907804246E-018
  5.898826264018145E-004 -5.513973335413813E-018
  5.937943266000962E-004 -4.199063642420759E-018
  5.967300428514988E-004 -3.731088045688222E-018
  5.986655899361363E-004 -4.438138132055860E-018
  6.003331234177024E-004 -5.681834147285267E-018
  6.027442702877244E-004 -6.452467874513305E-018
  6.065664147136691E-004 -6.266803643200940E-018
  6.116950748609790E-004 -5.348655869176776E-018
  6.172531842813752E-004 -4.260103937646743E-018
  6.220124209698533E-004 -3.883688783753180E-018
  6.250025330356103E-004 -4.794206520874096E-018
  6.259762498057682E-004 -6.058249301178830E-018
  6.254810958838747E-004 -6.500791441567208E-018
  6.245067761705245E-004 -5.793741355199570E-018
  6.239075539430965E-004 -4.449583187410732E-018
  6.239176946816799E-004 -3.620452510591127E-018
  6.240220281487917E-004 -3.874469155828422E-018
  6.232462893219948E-004 -5.016113427476889E-018
  6.207026382757000E-004 -6.001659860813075E-018
  6.160896327391819E-004 -5.997844842361451E-018
  6.098753209741253E-004 -5.047269411498484E-018
  6.030683741758347E-004 -3.915480604183379E-018
  5.967071990354378E-004 -3.474210136612209E-018
  5.913477981617536E-004 -3.918023949817795E-018
  5.868271001200995E-004 -5.048541084315692E-018
  5.824242816323412E-004 -6.282063717007435E-018
  5.773244207523857E-004 -6.517323188190912E-018
  5.711261642169542E-004 -5.485996533435238E-018
  5.641153897693951E-004 -4.118948254936657E-018
  5.571584791738009E-004 -3.361031255880699E-018
  5.512778550716595E-004 -3.729816372871013E-018
  5.471440980022173E-004 -4.813917449540819E-018
  5.447606207792234E-004 -5.926631164597804E-018
  5.435080071684073E-004 -6.120879187426324E-018
  5.425172800838624E-004 -5.229436542563527E-018
  5.411634410559623E-004 -3.897677184742467E-018
  5.394089284516836E-004 -3.057101452567991E-018
  5.378127967462557E-004 -3.302534306289132E-018
  5.372062211780681E-004 -4.530970247712042E-018
  5.382163930591920E-004 -5.839521576619058E-018
  5.409004743339985E-004 -6.193046619802876E-018
  5.446874411921895E-004 -5.162991637864411E-018
  5.486553762175902E-004 -3.601377418333008E-018
  5.519892856947073E-004 -2.703576409384171E-018
  5.543691354367284E-004 -3.151205241041382E-018
  5.560798912290468E-004 -4.578022141948738E-018
  5.577897993432832E-004 -5.913278600017120E-018
  5.601242185296016E-004 -5.994665660318432E-018
  5.632712378516682E-004 -4.829813359755919E-018
  5.668341190722824E-004 -3.400453113214146E-018
  5.700079428870323E-004 -2.726466520093915E-018
  5.719803914809842E-004 -3.077448217643319E-018
  5.723363832325682E-004 -4.167271821990560E-018
  5.712476292743536E-004 -5.149003236875122E-018
  5.693483731360952E-004 -5.104494688272843E-018
  5.673703902048975E-004 -3.775596594290501E-018
  5.657396278430120E-004 -2.227970775748386E-018
  5.643541564478790E-004 -1.659533026456418E-018
  5.626608343340870E-004 -2.398374933254256E-018
  5.599837586025719E-004 -3.837908562333692E-018
  5.559214264389473E-004 -4.889581982164694E-018
  5.505950324548734E-004 -4.768773064529936E-018
  5.446145524130302E-004 -3.526348722117737E-018
  5.387845469184791E-004 -2.137682005726619E-018
  5.337124904828637E-004 -1.711671611961945E-018
  5.295326374996356E-004 -2.595484219921493E-018
  5.258921911828470E-004 -4.224497098764919E-018
  5.222017087164438E-004 -5.255823753520593E-018
  5.180081787566110E-004 -4.880680272444238E-018
  5.132849479381102E-004 -3.528892067752152E-018
  5.084812613894578E-004 -2.200629810178414E-018
  5.043074004885172E-004 -1.685284401004879E-018
  5.013755260470406E-004 -2.420947125759697E-018
  4.998929121246238E-004 -3.735220982344148E-018
  4.995727851343493E-004 -4.677848458099565E-018
  4.998073041304527E-004 -4.750333808680420E-018
  5.000043178994569E-004 -4.118948254936657E-018
  4.999023833097028E-004 -3.329239435450499E-018
  4.996935522690784E-004 -3.006234539879672E-018
  4.998908052287472E-004 -3.265655794590100E-018
  5.010169008136953E-004 -3.898948857559675E-018
  5.032873074240381E-004 -4.328774269775974E-018
  5.064604120827909E-004 -4.155826766635688E-018
  5.099346318440766E-004 -3.568313925085600E-018
  5.130367413446181E-004 -3.138488512869302E-018
  5.153428492716096E-004 -2.968084355363432E-018
  5.168583497813085E-004 -3.153748586675798E-018
  5.179626062221080E-004 -3.687851169903150E-018
  5.191534037727645E-004 -4.206693679324008E-018
  5.207343086522675E-004 -4.241028845388623E-018
  5.226166389653108E-004 -3.798486705000245E-018
  5.243425829324034E-004 -3.263112448955684E-018
  5.253140280879132E-004 -3.196985462460869E-018
  5.251000612865374E-004 -3.755885665623777E-018
  5.236552995221658E-004 -4.426693076700988E-018
  5.213322104998433E-004 -4.798021539325720E-018
  5.186841840867229E-004 -4.605681025723012E-018
  5.161696137941495E-004 -4.009902310861072E-018
  5.139190204202054E-004 -3.480886418902551E-018
  5.116902023683435E-004 -3.591839872203947E-018
  5.090321032751163E-004 -4.262647283281158E-018
  5.055642802127740E-004 -4.984957443455293E-018
  5.012174886785615E-004 -5.334667468187488E-018
  4.963044419831802E-004 -5.382991035241391E-018
  4.913840873580283E-004 -5.232297806402245E-018
  4.869954216199154E-004 -4.901027037519566E-018
  4.834064603678344E-004 -4.881951945261446E-018
  4.805133878300376E-004 -5.183338402939738E-018
  4.779412009244944E-004 -5.619522179242076E-018
  4.752869673343463E-004 -5.842700758662077E-018
  4.723704128101007E-004 -5.696458384683159E-018
  4.693548795815693E-004 -5.311777357477744E-018
  4.666744488303396E-004 -4.989090380111218E-018
  4.648094740824758E-004 -4.833946296411845E-018
  4.640345631585553E-004 -4.722992843110449E-018
  4.642761490537519E-004 -4.626345709002642E-018
  4.651552001794712E-004 -4.735709571282528E-018
  4.661889986870411E-004 -4.995130825992957E-018
  4.670401028492141E-004 -5.193511785477402E-018
  4.676769520705050E-004 -5.037096028960820E-018
  4.683609038971991E-004 -4.567848759411075E-018
  4.694702654516922E-004 -4.043919558721385E-018
  4.712603355076675E-004 -3.664961059193407E-018
  4.736916839465178E-004 -3.619180837773920E-018
  4.764197270564492E-004 -4.064266323796713E-018
  4.789495662524226E-004 -4.778946447067599E-018
  4.808702469325914E-004 -5.109581379541675E-018
  4.820408508077291E-004 -4.761143027626688E-018
  4.826290415137589E-004 -3.970162535323322E-018
  4.829843749292848E-004 -3.152476913858589E-018
  4.834186227408703E-004 -2.908315732954657E-018
  4.840145671197994E-004 -3.423343223923890E-018
  4.845671549760045E-004 -4.247387209474663E-018
  4.846871926018869E-004 -4.668310911970505E-018
  4.840088654603447E-004 -4.491548390378596E-018
  4.823868078825094E-004 -3.906260976258621E-018
  4.799758495688480E-004 -3.233228137751297E-018
  4.771518818477242E-004 -2.996538034648461E-018
  4.743191047630739E-004 -3.283777132235314E-018
  4.717097458373644E-004 -3.809295923946512E-018
  4.692845810603139E-004 -4.196520296786343E-018
  4.667859828965597E-004 -4.435594786421444E-018
  4.639114692937582E-004 -4.526519392851815E-018
  4.605107534715431E-004 -4.216867061861671E-018
  4.566980731396707E-004 -3.605192436784631E-018
  4.528193277331408E-004 -3.356580401020471E-018
  4.492933839959283E-004 -3.748255628720530E-018
  4.464149504800165E-004 -4.387907055776145E-018
  4.442259128288779E-004 -4.754148827132044E-018
  4.425231673875913E-004 -4.640334109991929E-018
  4.409958373141548E-004 -4.066332792124676E-018
  4.394147038350861E-004 -3.426363446864759E-018
  4.377696933850889E-004 -3.229731037503974E-018
  4.362812854228827E-004 -3.601377418333008E-018
  4.352815101849326E-004 -4.138659183603380E-018
  4.350312298188558E-004 -4.310970850335062E-018
  4.355740434366473E-004 -3.977792572226570E-018
  4.367057573831283E-004 -3.405539804482978E-018
  4.380744315913334E-004 -3.312707688826795E-018
  4.393549627735654E-004 -3.877330419667140E-018
  4.404026972395264E-004 -4.622530690551018E-018
  4.413035984662237E-004 -4.945535586121846E-018
  4.422960901077397E-004 -4.831085032573127E-018
  4.436098436406539E-004 -4.374554491195461E-018
  4.453111769840474E-004 -3.965075844054490E-018
  4.472396848728021E-004 -4.083341416054833E-018
  4.490697830253474E-004 -4.663224220701673E-018
  4.504624324181295E-004 -5.283800555499169E-018
  4.512238595376783E-004 -5.452933040187831E-018
  4.513855892363828E-004 -4.982414097820877E-018
  4.511641642037268E-004 -4.255017246377910E-018
  4.508248521795995E-004 -3.782590794785145E-018
  4.505252813653016E-004 -3.921838968269419E-018
  4.502244911486945E-004 -4.434958950012840E-018
  4.497058483717410E-004 -4.988136625498313E-018
  4.486995375145946E-004 -5.059191344159809E-018
  4.470363804590679E-004 -4.582314037706816E-018
  4.447487337621534E-004 -4.035256287654156E-018
  4.420642223389547E-004 -3.998457255506200E-018
  4.392970513839286E-004 -4.665767566336089E-018
  4.366970936152586E-004 -5.574059876026891E-018
  4.343388236166322E-004 -6.172064018318944E-018
  4.321091372296014E-004 -6.150445580426409E-018
  4.297983936167285E-004 -5.633510580231364E-018
  4.272428713684187E-004 -4.866056035046346E-018
  4.244397504426822E-004 -4.255017246377910E-018
  4.215719500768587E-004 -4.170927881340033E-018
  4.189301562986497E-004 -4.572140655169151E-018
  4.167754563711932E-004 -5.021756475603249E-018
  4.152176049153402E-004 -5.275057804880864E-018
  4.141743094277778E-004 -5.139147772541761E-018
  4.134319438610869E-004 -4.703917750852328E-018
  4.127727773048207E-004 -4.333860961044805E-018
  4.120983504087522E-004 -4.351028544077113E-018
  4.114819740192619E-004 -4.854610979691474E-018
  4.111230137221045E-004 -5.380447689606975E-018
  4.112295112790571E-004 -5.493626570338486E-018
  4.118942793509845E-004 -4.839986742293583E-018
  4.130321803816769E-004 -3.958717479968451E-018
  4.144120505071610E-004 -3.609007455236255E-018
  4.157648546827565E-004 -4.027387812097681E-018
  4.169086190884380E-004 -5.077789559111475E-018
  4.178225920076199E-004 -6.243913532491196E-018
  4.186317918989432E-004 -6.538941626083448E-018
  4.195124182138148E-004 -5.639868944317404E-018
  4.205714058867294E-004 -4.174901858893807E-018
  4.217665581201937E-004 -3.231320628525485E-018
  4.229105365951544E-004 -3.343227836439787E-018
  4.237556942490148E-004 -4.564033740959450E-018
  4.241128243067722E-004 -6.034087517651878E-018
  4.239391794072973E-004 -6.638767942234274E-018
  4.233487818918824E-004 -5.838885740210453E-018
  4.225409286612471E-004 -4.159641785087312E-018
  4.216871937031612E-004 -2.849818783363089E-018
  4.208390154294022E-004 -2.795454770427448E-018
  4.199056679098253E-004 -3.825191834161613E-018
  4.187132880982643E-004 -5.237940854528606E-018
  4.171113537105395E-004 -6.010800009186757E-018
  4.150677084457079E-004 -5.654970059021749E-018
  4.127003414365857E-004 -4.422560140045062E-018
  4.102292570335146E-004 -3.227187691869559E-018
  4.078753870326364E-004 -3.158835277944629E-018
  4.057617784455720E-004 -4.340219325130846E-018
  4.038701298256323E-004 -5.814723956683502E-018
  4.020748181307890E-004 -6.412410180771253E-018
  4.002341218632624E-004 -5.723481432048829E-018
  3.982876363686594E-004 -4.409048616362228E-018
  3.963063786519581E-004 -3.506558313899937E-018
  3.944686881745615E-004 -3.618862919569617E-018
  3.929758214386458E-004 -4.549409503561559E-018
  3.919537272443521E-004 -5.616660915403359E-018
  3.913943101328215E-004 -6.103075767985412E-018
  3.911672551517507E-004 -5.624608870510908E-018
  3.910947435521748E-004 -4.680391803733981E-018
  3.910474438337565E-004 -4.228947953625147E-018
  3.910093705340286E-004 -4.702646078035120E-018
  3.910770461101588E-004 -5.825533175629769E-018
  3.913947202753264E-004 -6.720790838944190E-018
  3.920621685844539E-004 -6.620328686384759E-018
  3.930659494982953E-004 -5.740331096876834E-018
  3.942714805941151E-004 -4.585652178851986E-018
  3.954796956099016E-004 -3.774324921473293E-018
  3.965169389251244E-004 -3.808660087537909E-018
  3.973092321376646E-004 -4.782761465519223E-018
  3.979013369080710E-004 -5.988307296232391E-018
  3.984116559095700E-004 -6.419404381265897E-018
  3.989489832362827E-004 -5.591545377263501E-018
  3.995373753988456E-004 -4.235942154119791E-018
  4.000902033332340E-004 -3.212245536267365E-018
  4.004470126184444E-004 -3.292360923751468E-018
  4.004524265170315E-004 -4.471837461711872E-018
  4.000337671188955E-004 -5.898018526210625E-018
  3.992354025684022E-004 -6.558016718341567E-018
  3.981919399884302E-004 -6.241688105061082E-018
  3.970558096706046E-004 -5.450707612757716E-018
  3.959192243748028E-004 -4.933613653460520E-018
  3.947728264358482E-004 -5.070000563106076E-018
  3.935226537680946E-004 -5.658228720615844E-018
  3.920549725202638E-004 -5.921703432431123E-018
  3.903126490444422E-004 -5.460602816866616E-018
  3.883410175887763E-004 -4.794286000425170E-018
  3.862784183845256E-004 -4.651461247142500E-018
  3.842970097400189E-004 -5.210361450305408E-018
  3.825263583490389E-004 -5.975272649856009E-018
  3.810011341287177E-004 -6.301734905898621E-018
  3.796604835878998E-004 -5.894163767983463E-018
  3.783981647419306E-004 -5.072384949638341E-018
  3.771350083565791E-004 -4.494727572421615E-018
  3.758736517522826E-004 -4.427646831313894E-018
  3.747058217831044E-004 -4.693108531906061E-018
  3.737687539874926E-004 -5.270447990918485E-018
  3.731750752709856E-004 -5.808365592597462E-018
  3.729545580026737E-004 -5.821718157178146E-018
  3.730391481478642E-004 -5.268540481692673E-018
  3.732987251670350E-004 -4.482646680658140E-018
  3.736074451381176E-004 -3.998139337301898E-018
  3.739043013890748E-004 -4.074439706334377E-018
  3.742153289478850E-004 -4.621259017733810E-018
  3.746262932545321E-004 -5.360100924531648E-018
  3.752218214078857E-004 -5.809001429006066E-018
  3.760249342672586E-004 -5.540678464575181E-018
  3.769701923951672E-004 -4.747154626637400E-018
  3.779248883931737E-004 -3.956174134334034E-018
  3.787463962708568E-004 -3.573400616354432E-018
  3.793443432152709E-004 -3.560683888182352E-018
  3.797141486026397E-004 -3.832821871064861E-018
  3.799245480980450E-004 -4.163456803538936E-018
  3.800669615667680E-004 -4.103052344721556E-018
  3.801951157204307E-004 -3.768602393795857E-018
  3.802881126443890E-004 -3.506001957042409E-018
  3.802568070501007E-004 -3.535886268246796E-018
  3.799894540375039E-004 -3.746348119494717E-018
  3.794112693446339E-004 -3.915480604183379E-018
  3.785253424373028E-004 -3.677677787365487E-018
  3.774129406436766E-004 -3.066003162288446E-018
  3.761935950918127E-004 -2.635859831867846E-018
  3.749671373703729E-004 -2.775584882658574E-018
  3.737692440831731E-004 -3.249759884375000E-018
  3.725641505285521E-004 -3.644495074791466E-018
  3.712775859911136E-004 -3.602569611599140E-018
  3.698510614379961E-004 -3.198773752360068E-018
  3.682873320741655E-004 -2.787387595993285E-018
  3.666621301417679E-004 -2.655809199187796E-018
  3.650959836542995E-004 -2.911971792304130E-018
  3.637017191071309E-004 -3.374224861359231E-018
  3.625362116926636E-004 -3.876376665054233E-018
  3.615821976868147E-004 -4.296187653835019E-018
  3.607692487936872E-004 -4.160913457904520E-018
  3.600216311787084E-004 -3.529209985956454E-018
  3.593064165389115E-004 -2.770021314083289E-018
  3.586555590261967E-004 -2.300456126329241E-018
  3.581502711017964E-004 -2.505195449899726E-018
  3.578767502637279E-004 -3.355308728203263E-018
  3.578777744649110E-004 -4.312878359560873E-018
  3.581265820516884E-004 -4.683570985777001E-018
  3.585369712354898E-004 -4.072532197108565E-018
  3.590037056408380E-004 -2.842188746459842E-018
  3.594509945911126E-004 -1.641729607015506E-018
  3.598628327761496E-004 -1.251326052132655E-018
  3.602792953075383E-004 -2.071555019231804E-018
  3.607616569765366E-004 -3.605192436784631E-018
  3.613461049632828E-004 -4.803108230594551E-018
  3.620116942536706E-004 -4.856518488917287E-018
  3.626800411778239E-004 -3.597562399881384E-018
  3.632467203355687E-004 -2.229242448565594E-018
  3.636270974270428E-004 -1.969821193855166E-018
  3.637917494083823E-004 -2.950280935922520E-018
  3.637726538659813E-004 -4.406982148034265E-018
  3.636374748512291E-004 -5.192240112660194E-018
  3.634466002656454E-004 -4.897212019067942E-018
  3.632166679636295E-004 -3.769874066613065E-018
  3.629103580651933E-004 -2.833922873147990E-018
  3.624575924523561E-004 -2.966176846137620E-018
  3.617960933258309E-004 -3.945046997183465E-018
  3.609088884906580E-004 -4.946171422530449E-018
  3.598383295064680E-004 -5.278713864230337E-018
  3.586692348727705E-004 -4.544640730497029E-018
  3.574906195825100E-004 -3.093026209654116E-018
  3.563569136742208E-004 -1.910529448752843E-018
  3.552694819506354E-004 -2.072985651151163E-018
  3.541878729710127E-004 -3.730611168381769E-018
  3.530639146569764E-004 -5.628423888962532E-018
  3.518794744511153E-004 -6.222771971905113E-018
  3.506670275505294E-004 -5.054263611993128E-018
  3.495018630061912E-004 -3.171869924321011E-018
  3.484703586412961E-004 -1.920861790392658E-018
  3.476317026378632E-004 -2.099531821210380E-018
  3.469937441055380E-004 -3.398863522192636E-018
  3.465156789425047E-004 -4.898165773680848E-018
  3.461355352656725E-004 -5.344205014316548E-018
  3.458070297155642E-004 -4.497270918056031E-018
  3.455255721561130E-004 -3.017043758825939E-018
  3.453294636989387E-004 -2.031497325489752E-018
  3.452760764811555E-004 -2.166930480522403E-018
  3.454064365214800E-004 -3.207794681407137E-018
  3.457177503621104E-004 -4.570392105045490E-018
  3.461588203367241E-004 -5.186517584982758E-018
  3.466506519701989E-004 -4.441317314098880E-018
  3.471208658974264E-004 -2.740454921083203E-018
  3.475332376010348E-004 -1.191557429723880E-018
  3.478966547630427E-004 -9.397662119166993E-019
  3.482492253150391E-004 -2.295369435060409E-018
  3.486268362046871E-004 -4.443224823324692E-018
  3.490337509459297E-004 -5.800735555694214E-018
  3.494314285956050E-004 -5.298424792897061E-018
  3.497515698881487E-004 -3.281551704805200E-018
  3.499261184820756E-004 -1.243696015229407E-018
  3.499178286649907E-004 -7.172234689053023E-019
  3.497349390505594E-004 -2.220340738845138E-018
  3.494223567453668E-004 -4.304612486249022E-018
  3.490345987834177E-004 -5.363915942983272E-018
  3.486055191772348E-004 -4.623166526959621E-018
  3.481313098922906E-004 -2.755079158481095E-018
  3.475757466912712E-004 -1.387077125369607E-018
  3.468943861995461E-004 -1.658579271843512E-018
  3.460641475181539E-004 -3.307938915762265E-018
  3.451019772716630E-004 -4.998627926240279E-018
  3.440624635847042E-004 -5.406516982359739E-018
  3.430158385870104E-004 -4.227040444399335E-018
  3.420184176012362E-004 -2.392334487372518E-018
  3.410914214565024E-004 -1.272149694514436E-018
  3.402193093169949E-004 -1.963939707075579E-018
  3.393679724282680E-004 -4.009584392656770E-018
  3.385123538564366E-004 -5.686602920349797E-018
  3.376581224693742E-004 -5.671342846543302E-018
  3.368455262001531E-004 -4.034699930796628E-018
  3.361334429999130E-004 -1.955832792865878E-018
  3.355724602520451E-004 -9.559800403361012E-019
  3.351816573857703E-004 -1.815312946564395E-018
  3.349415486418961E-004 -3.729816372871013E-018
  3.348066984258560E-004 -5.264725463241049E-018
  3.347308166619602E-004 -5.517152517456833E-018
  3.346905173375629E-004 -4.282994048356486E-018
  3.346949099178557E-004 -2.449241845942575E-018
  3.347761297753703E-004 -1.401383444563197E-018
  3.349663759704433E-004 -1.980630412801433E-018
  3.352742889708920E-004 -3.706290425752666E-018
  3.356736737099849E-004 -5.196055131111818E-018
  3.361106760590036E-004 -5.250101225843157E-018
  3.365254140307082E-004 -3.722822172376370E-018
  3.368762896182914E-004 -1.799417036349296E-018
  3.371539474854015E-004 -9.486679216371552E-019
  3.373776804209422E-004 -1.749821796478185E-018
  3.375767246905964E-004 -3.626810874677167E-018
  3.377670422176583E-004 -5.055535284810335E-018
  3.379364475345469E-004 -4.960159823519737E-018
  3.380461745572685E-004 -3.439874970547593E-018
  3.380478933783051E-004 -1.522192362197956E-018
  3.379067854034032E-004 -5.442759657650167E-019
  3.376181185661478E-004 -1.226528432197099E-018
  3.372084678821381E-004 -3.142939367729530E-018
  3.367211775265358E-004 -4.584380506034778E-018
  3.361941928389244E-004 -4.286173230399506E-018
  3.356423702234499E-004 -2.647940723631322E-018
  3.350537139241681E-004 -8.472520144648186E-019
  3.344012443210366E-004 -4.660680875067257E-019
  3.336636620272998E-004 -1.753636814929808E-018
  3.328432870646244E-004 -3.584209835300700E-018
  3.319714043854655E-004 -4.404120884195547E-018
  3.310981357151804E-004 -3.602013254741612E-018
  3.302724009785772E-004 -1.879532423833399E-018
  3.295228217278806E-004 -5.658944036575524E-019
  3.288497332542841E-004 -6.479173003674672E-019
  3.282322812595196E-004 -1.992711304564909E-018
  3.276463346160513E-004 -3.472620545590699E-018
  3.270831581019541E-004 -3.628082547494375E-018
  3.265585604880882E-004 -2.179011372285879E-018
  3.261075968073672E-004 -4.393629583453581E-019
  3.257678545374967E-004  2.047393235704852E-019
  3.255605310981758E-004 -7.954313471635932E-019
  3.254795878789016E-004 -2.660339533599100E-018
  3.254947411171357E-004 -3.915480604183379E-018
  3.255664703014190E-004 -3.803573396269077E-018
  3.256647557259111E-004 -2.435889281361891E-018
  3.257813926842319E-004 -7.833504554001175E-019
  3.259294071485075E-004 -1.754908487747016E-019
  3.261302285928152E-004 -1.144505535487185E-018
  3.263959305257029E-004 -3.067274835105655E-018
  3.267164215927948E-004 -4.489005044744179E-018
  3.270586292101110E-004 -4.243572191023039E-018
  3.273780945878195E-004 -2.676235443814200E-018
  3.276366511914908E-004 -7.852579646259294E-019
  3.278166542114778E-004  1.716758303230777E-020
  3.279242490174306E-004 -8.920784812713999E-019
  3.279802295564132E-004 -2.795136852223146E-018
  3.280037849195539E-004 -4.200335315237967E-018
  3.279981889112307E-004 -3.890047147839219E-018
  3.279462627158859E-004 -2.018144760909069E-018
  3.278179817626491E-004 -1.735833395488897E-019
  3.275859390223077E-004  3.605192436784632E-019
  3.272401546473266E-004 -6.822524664320828E-019
  3.267941898815220E-004 -2.674327934588388E-018
  3.262793513588687E-004 -4.003226028570730E-018
  3.257302676885524E-004 -3.648747230774005E-018
  3.251697293906908E-004 -1.904012125564652E-018
  3.246009341796044E-004 -1.885254951510835E-019
  3.240111077304105E-004  1.287568727423083E-019
  3.233842136143876E-004 -1.248146870089635E-018
  3.227155569845620E-004 -3.414123595999132E-018
  3.220201689297904E-004 -4.543686975884122E-018
  3.213303654581373E-004 -3.767648639182951E-018
  3.206838300885700E-004 -2.023231452177901E-018
  3.201086981144491E-004 -6.669923926255870E-019
  3.196136517281476E-004 -6.348826539910855E-019
  3.191881953684970E-004 -1.819445883220321E-018
  3.188126830528620E-004 -3.301898469880527E-018
  3.184723984687284E-004 -3.979700081452383E-018
  3.181679008421701E-004 -3.306349324740755E-018
  3.179160263583351E-004 -1.654446335187586E-018
  3.177411239190719E-004 -2.352594711834768E-019
  3.176614376054841E-004 -1.150863899573225E-019
  3.176781269568364E-004 -1.471325449509636E-018
  3.177728840277330E-004 -3.145482713363946E-018
  3.179153617094751E-004 -3.652244331021327E-018
  3.180762994436321E-004 -2.602478420416137E-018
  3.182392229125386E-004 -8.710958797874682E-019
  3.184044996859799E-004  1.500573924305420E-019
  3.185837972069564E-004 -5.531776754854726E-019
  3.187882419628481E-004 -2.491207048910438E-018
  3.190169504618832E-004 -4.075075542742981E-018
  3.192522932334261E-004 -4.088428107323665E-018
  3.194644906283927E-004 -2.619010167039841E-018
  3.196230234506578E-004 -6.530039916362992E-019
  3.197086728702069E-004  4.444496496141900E-019
  3.197197515535144E-004 -2.797680197857562E-019
  3.196693331561715E-004 -2.425715898824227E-018
  3.195752111552758E-004 -4.423513894657968E-018
  3.194482195307518E-004 -4.808194921863383E-018
  3.192853254623105E-004 -3.368025456375343E-018
  3.190711872446186E-004 -1.276759508476815E-018
  3.187871921487678E-004 -2.289011070974369E-020
  3.184229222404663E-004 -5.407788655176947E-019
  3.179837401828685E-004 -2.374213149727304E-018
  3.174903784361358E-004 -4.125942455431300E-018
  3.169708081045275E-004 -4.684206822185605E-018
  3.164488368741767E-004 -3.775914512494803E-018
  3.159355767163908E-004 -2.083953829199582E-018
  3.154282537164602E-004 -8.895351356369840E-019
  3.149167656032971E-004 -1.088234013325731E-018
  3.143941750822086E-004 -2.274386833576477E-018
  3.138652517239900E-004 -3.410944413956112E-018
  3.133483339424560E-004 -3.429383669805628E-018
  3.128694933012457E-004 -2.395513669415538E-018
  3.124521890716695E-004 -1.220487986315361E-018
  3.121080093788459E-004 -6.987842130557866E-019
  3.118334275510898E-004 -1.038956691658922E-018
  3.116141708794587E-004 -1.897335843274310E-018
  3.114346560993076E-004 -2.627276040351693E-018
  3.112872541415246E-004 -2.742998266717619E-018
  3.111763436932981E-004 -2.197450628135394E-018
  3.111150442511373E-004 -1.402655117380405E-018
  3.111165477565938E-004 -1.126066279637669E-018
  3.111848875356475E-004 -1.588955185101375E-018
  3.113102262329727E-004 -2.149762897490095E-018
  3.114712220773303E-004 -2.378664004587532E-018
  3.116431597126949E-004 -2.132595314457787E-018
  3.118074330736349E-004 -1.521556525789351E-018
  3.119573133233096E-004 -1.054852601874022E-018
  3.120970400532930E-004 -9.976273250996625E-019
  3.122349503650341E-004 -1.292655418691915E-018
  3.123745858973999E-004 -1.762538524650264E-018
  3.125087481181770E-004 -2.044849890070436E-018
  3.126197837320385E-004 -1.807047073252543E-018
  3.126859364067004E-004 -1.263406943896131E-018
  3.126902983396996E-004 -7.610961810989778E-019
  3.126275270106694E-004 -5.207500186466689E-019
  3.125047705403335E-004 -5.976862240877520E-019
  3.123364324875324E-004 -9.677430138952749E-019
  3.121357419216987E-004 -1.379129170262057E-018
  3.119077641222198E-004 -1.615024477854138E-018
  3.116476122820507E-004 -1.406470135832029E-018
  3.113447182952843E-004 -8.793617530993202E-019
  3.109907007335278E-004 -2.552883180545025E-019
  3.105864406006751E-004  1.271672817207983E-020
  3.101444647402383E-004 -2.355773893877788E-019
  3.096853379615876E-004 -8.294485950239069E-019
  3.092300312138433E-004 -1.284389545380063E-018
  3.087923800462900E-004 -1.225574677584193E-018
  3.083756276854727E-004 -8.469340962605166E-019
  3.079747625420951E-004 -4.415883857754720E-019
  3.075831868015200E-004 -2.215889883984910E-019
  3.071999285881402E-004 -3.109240038073518E-019
  3.068333831759083E-004 -7.045067407332225E-019
  3.064995276970759E-004 -1.115257060691401E-018
  3.062155990171051E-004 -1.222077577336872E-018
  3.059926841594950E-004 -9.067027186692917E-019
  3.058312203536805E-004 -4.603455598292898E-019
  3.057217708737490E-004 -2.886697295062121E-019
  3.056505541950621E-004 -4.889581982164694E-019
  3.056066464596599E-004 -8.838126079595481E-019
  3.055869339076884E-004 -1.202366648670148E-018
  3.055961924214846E-004 -1.237973487551971E-018
  3.056423740434478E-004 -8.710958797874682E-019
  3.057297943066334E-004 -4.450854860227940E-019
  3.058540210545753E-004 -2.441611809039327E-019
  3.060012883855228E-004 -5.557210211198885E-019
  3.061527628388270E-004 -9.696505231210869E-019
  3.062913533645488E-004 -9.550262857231952E-019
  3.064074154394522E-004 -5.538135118940765E-019
  3.065003600854225E-004 -1.735833395488897E-019
