  0.999999981859646       0.000000000000000E+000
  0.825902951295970      -1.363752862013178E-015
  0.369432854397222      -2.169606825930055E-015
 -0.201875722011444      -2.169606825930055E-015
 -0.680913072087672      -1.425741628468322E-015
 -0.896100872100887      -1.549719161378611E-016
 -0.772864420803827       1.208780945875316E-015
 -0.359453165295554       2.169606825930055E-015
  0.191808994805263       2.293584358840344E-015
  0.680590948758876       1.611707927833755E-015
  0.931309504459696       3.409382155032944E-016
  0.856153700922565      -1.115797796192600E-015
  0.485762175280661      -2.107618059474911E-015
 -4.314646205462434E-002 -2.293584358840344E-015
 -0.538248695270149      -1.673696694288900E-015
 -0.821570576389353      -4.029269819584388E-016
 -0.793481261232407       1.022814646509883E-015
 -0.467721253771568       1.983640526564622E-015
  3.483550173548997E-002  2.231595592385200E-015
  0.530968801020763       1.797674227199188E-015
  0.841864084369698       6.508820477790165E-016
  0.857514425729832      -6.818764310065888E-016
  0.575582846128896      -1.735685460744044E-015
  0.101008231074932      -2.169606825930055E-015
 -0.393052029974983      -1.859662993654333E-015
 -0.728418102772000      -8.678427303720221E-016
 -0.786163526316082       4.029269819584388E-016
 -0.548789331963801       1.487730394923466E-015
 -0.105351129492744       2.107618059474911E-015
  0.381877823298718       1.921651760109477E-015
  0.736742896668324       1.053809029737455E-015
  0.832852837571404      -1.859662993654333E-016
  0.638543121124420      -1.332758478785605E-015
  0.227171639938688      -1.983640526564622E-015
 -0.250555670235932      -1.921651760109477E-015
 -0.621806895710909      -1.115797796192600E-015
 -0.754165734736617       1.239775329102889E-016
 -0.602866059132847       1.363752862013178E-015
 -0.225878616062315       2.107618059474911E-015
  0.238203986600309       2.045629293019766E-015
  0.621069884290988       1.239775329102889E-015
  0.785689689604215       6.198876645514443E-017
  0.675313335520492      -1.115797796192600E-015
  0.332950030622096      -1.859662993654333E-015
 -0.115332480085859      -1.921651760109477E-015
 -0.506834183407309      -1.332758478785605E-015
 -0.701285456734823      -2.479550658205777E-016
 -0.631110553337372       8.678427303720221E-016
 -0.324887665863955       1.673696694288900E-015
  0.104120855331023       1.921651760109477E-015
  0.499808700708175       1.425741628468322E-015
  0.719989041242420       4.959101316411555E-016
  0.687446130293617      -6.198876645514443E-016
  0.416951605141904      -1.549719161378611E-015
  8.807933894936131E-003 -1.921651760109477E-015
 -0.388341491018646      -1.611707927833755E-015
 -0.631656624903048      -7.438651974617332E-016
 -0.635482515079835       4.029269819584388E-016
 -0.401491744147434       1.456736011695894E-015
 -1.699290699410732E-002  1.921651760109477E-015
  0.377588310313166       1.735685460744044E-015
  0.639955142715114       9.608258800547387E-016
  0.677217246962840      -1.859662993654333E-016
  0.478727264190323      -1.239775329102889E-015
  0.118879670925845      -1.735685460744044E-015
 -0.270757697932644      -1.611707927833755E-015
 -0.549553388051809      -8.678427303720221E-016
 -0.618577415019969       1.239775329102889E-016
 -0.455702066341824       1.115797796192600E-015
 -0.122594049593693       1.735685460744044E-015
  0.258562753146020       1.673696694288900E-015
  0.549843624649382       1.022814646509883E-015
  0.647455960214206       3.099438322757222E-017
  0.518680380975979      -9.608258800547387E-016
  0.212740700201534      -1.611707927833755E-015
 -0.157977185185643      -1.673696694288900E-015
 -0.459211416396055      -1.084803412965028E-015
 -0.583455498506798      -9.298314968271665E-017
 -0.488325275521612       8.988371135995942E-016
 -0.210976793975533       1.549719161378611E-015
  0.146306670996073       1.673696694288900E-015
  0.453793074058020       1.177786562647744E-015
  0.601373484092858       2.479550658205777E-016
  0.537953175250031      -7.128708142341610E-016
  0.289076890176680      -1.363752862013178E-015
 -5.327379445131743E-002 -1.549719161378611E-015
 -0.364671927207744      -1.177786562647744E-015
 -0.533472486471833      -3.409382155032944E-016
 -0.500841455040295       5.888932813238721E-016
 -0.281241144597500       1.332758478785605E-015
  4.374646951515143E-002  1.611707927833755E-015
  0.355681427714351       1.301764095558033E-015
  0.542396695696609       5.578988980962999E-016
  0.538297287027401      -3.719325987308666E-016
  0.347355046926323      -1.146792179420172E-015
  4.075029090545773E-002 -1.487730394923466E-015
 -0.269652054917176      -1.301764095558033E-015
 -0.472118758604417      -6.198876645514443E-016
 -0.495269965780492       3.099438322757222E-016
 -0.333232969099427       1.146792179420172E-015
 -4.687449579066078E-002  1.549719161378611E-015
  0.259009994555399       1.394747245240750E-015
  0.474013346892629       7.283680058479471E-016
  0.521935833454949      -1.704691077516472E-016
  0.387750747164812      -9.918202632823110E-016
  0.122182989505996      -1.425741628468322E-015
 -0.177443609922437      -1.332758478785605E-015
 -0.402872567870931      -7.438651974617332E-016
 -0.474030138570112       1.239775329102889E-016
 -0.367461837534727       9.298314968271664E-016
 -0.123999541372334       1.425741628468322E-015
  0.166816395743370       1.394747245240750E-015
  0.399633654828382       8.988371135995942E-016
  0.491423648030938       9.298314968271665E-017
  0.411057060900739      -7.128708142341610E-016
  0.189791417364148      -1.239775329102889E-015
 -9.084081481726501E-002 -1.270769712330461E-015
 -0.329071527922794      -8.678427303720221E-016
 -0.439803155972234      -1.394747245240750E-016
 -0.385002763761522       6.043904729376582E-016
 -0.186734853572808       1.177786562647744E-015
  8.161633638115035E-002  1.301764095558033E-015
  0.322471845251116       9.918202632823110E-016
  0.449511610627165       3.564354071170805E-016
  0.418580268076894      -3.874297903446527E-016
  0.242985756829087      -9.918202632823110E-016
 -1.209632061067747E-002 -1.208780945875316E-015
 -0.253805302280941      -1.022814646509883E-015
 -0.395400586042530      -4.184241735722249E-016
 -0.387387865395105       3.564354071170805E-016
 -0.234802683350033       1.022814646509883E-015
  5.372935070867091E-003  1.301764095558033E-015
  0.245449930165673       1.115797796192600E-015
  0.399020041462995       5.578988980962999E-016
  0.412028423466070      -1.859662993654333E-016
  0.281762535361141      -8.058539639168777E-016
  5.709627951012480E-002 -1.115797796192600E-015
 -0.179831163026871      -1.022814646509883E-015
 -0.343644044803368      -5.424017064825138E-016
 -0.376493595123079       1.394747245240750E-016
 -0.268476337475397       7.593623890755193E-016
 -6.050863835521869E-002  1.115797796192600E-015
  0.171124784881810       1.084803412965028E-015
  0.342725111866609       6.663792393928027E-016
  0.393398160599857       7.748595806893054E-017
  0.306632200953744      -5.578988980962999E-016
  0.115596086516743      -9.918202632823110E-016
 -0.109512923658077      -1.053809029737455E-015
 -0.287259421566408      -6.973736226203748E-016
 -0.354428643454455      -7.748595806893054E-017
 -0.288501892723020       5.888932813238721E-016
 -0.115164217929895       1.053809029737455E-015
  0.101638490345607       1.146792179420172E-015
  0.283261174245628       8.368483471444498E-016
  0.364864497358146       2.324578742067916E-016
  0.318535892901779      -4.184241735722249E-016
  0.162787968243091      -8.988371135995942E-016
 -4.478272172930203E-002 -1.053809029737455E-015
 -0.228788053767282      -8.058539639168777E-016
 -0.323426920284117      -2.169606825930055E-016
 -0.296011463151922       4.339213651860110E-016
 -0.158234915994705       8.988371135995942E-016
  3.869095540946945E-002  1.084803412965028E-015
  0.223040881767470       8.988371135995942E-016
  0.328677662064064       4.339213651860110E-016
  0.318756111870997      -2.014634909792194E-016
  0.198538770609322      -7.593623890755193E-016
  1.287574282867971E-002 -1.022814646509883E-015
 -0.170516230602150      -8.833399219858081E-016
 -0.285749238328255      -4.184241735722249E-016
 -0.292432565374822       2.324578742067916E-016
 -0.189816451746303       7.748595806893054E-016
 -1.646694955838199E-002  1.053809029737455E-015
  0.164193995901392       9.608258800547387E-016
  0.287070146669047       5.269045148687276E-016
  0.308825628198010      -4.649157484135833E-017
  0.223140575440360      -6.043904729376582E-016
  6.242460323513379E-002 -8.988371135995942E-016
 -0.114423474505187      -8.678427303720221E-016
 -0.243596491061284      -4.804129400273693E-016
 -0.279397690408152       4.649157484135833E-017
 -0.210397476141215       5.888932813238721E-016
 -6.302212142801808E-002  9.298314968271664E-016
  0.108524900073102       9.453286884409527E-016
  0.242176356419499       6.508820477790165E-016
  0.290438470598328       1.239775329102889E-016
  0.237244928816844      -4.184241735722249E-016
  0.103252460308193      -7.748595806893054E-016
 -6.214922502209326E-002 -8.523455387582360E-016
 -0.199036282461210      -5.888932813238721E-016
 -0.258657642208514      -1.084803412965028E-016
 -0.220790764968945       4.029269819584388E-016
 -0.100572614873856       7.903567723030915E-016
  5.748807464422619E-002  8.988371135995942E-016
  0.195966401854368       6.818764310065888E-016
  0.265366247786360       2.479550658205777E-016
  0.241791814909853      -2.479550658205777E-016
  0.135141199446735      -6.508820477790165E-016
 -1.497685112938539E-002 -8.058539639168777E-016
 -0.153944161367926      -6.663792393928027E-016
 -0.232001580597949      -2.866980448550430E-016
 -0.222060930675527       2.247092783998985E-016
 -0.129088747132417       6.663792393928027E-016
  1.218015835396601E-002  8.678427303720221E-016
  0.150194801770365       7.593623890755193E-016
  0.235382410290620       4.106755777653318E-016
  0.237936865107295      -8.523455387582360E-017
  0.158222105188633      -5.269045148687276E-016
  2.616664237741094E-002 -7.593623890755193E-016
 -0.109959869064671      -6.818764310065888E-016
 -0.201186046079387      -3.564354071170805E-016
 -0.215451961293297       1.084803412965028E-016
 -0.148865062387788       5.269045148687276E-016
 -2.665326748651792E-002  7.748595806893054E-016
  0.106364161119745       7.593623890755193E-016
  0.202196393537888       4.804129400273693E-016
  0.226979901414857       4.649157484135833E-017
  0.172924408323961      -4.029269819584388E-016
  6.069726654437064E-002 -6.818764310065888E-016
 -6.845834768165554E-002 -6.973736226203748E-016
 -0.167874578768998      -4.416699609929041E-016
 -0.202317462381268       7.748595806893054E-018
 -0.160466252293395       4.649157484135832E-016
 -5.859838220304383E-002  7.438651974617332E-016
  6.570327521067867E-002  7.903567723030915E-016
  0.167398926753099       5.578988980962999E-016
  0.210297447327171       1.549719161378611E-016
  0.179919288805910      -2.789494490481500E-016
  8.834938717677707E-002 -6.043904729376582E-016
 -3.053469540896041E-002 -6.818764310065888E-016
 -0.133588901745465      -5.114073232549415E-016
 -0.184055985527254      -1.394747245240750E-016
 -0.164669959623878       3.021952364688291E-016
 -8.354373555407868E-002  6.508820477790165E-016
  2.915860402791708E-002  7.748595806893054E-016
  0.132419171406520       6.198876645514443E-016
  0.189281328244655       2.634522574343638E-016
  0.180062136919353      -1.394747245240750E-016
  0.109142224327462      -4.649157484135832E-016
  2.998197905763216E-003 -6.198876645514443E-016
 -9.967204405454139E-002 -5.269045148687276E-016
 -0.162053303361093      -2.402064700136847E-016
 -0.162409125456442       1.472233203309680E-016
 -0.101643264969641       4.959101316411555E-016
 -2.602335254240729E-003  6.818764310065888E-016
  9.849378877122711E-002  6.198876645514443E-016
  0.165284954498225       3.641840029239735E-016
  0.174335569412752      -7.748595806893054E-018
  0.123340008976828      -3.564354071170805E-016
  3.160094054421907E-002 -5.578988980962999E-016
 -6.726324871448849E-002 -5.424017064825138E-016
 -0.137632962185383      -3.176924280826152E-016
 -0.154716200939464       2.324578742067916E-017
 -0.113274189423967       3.641840029239735E-016
 -2.917739229208251E-002  5.888932813238721E-016
  6.664754429988369E-002  6.198876645514443E-016
  0.139578357536186       4.339213651860110E-016
  0.163795330883008       1.084803412965028E-016
  0.131408211597729      -2.247092783998985E-016
  5.498968754045091E-002 -4.494185567997971E-016
 -3.728405938947332E-002 -5.114073232549415E-016
 -0.112015931878985      -3.719325987308666E-016
 -0.142671156633719      -9.298314968271665E-017
 -0.118992120951145       2.479550658205777E-016
 -5.040793244473843E-002  4.959101316411555E-016
  3.768464746532398E-002  5.733960897100859E-016
  0.113312554578004       4.649157484135832E-016
  0.149520807111115       2.014634909792194E-016
  0.133968087949182      -1.084803412965028E-016
  7.311090349022531E-002 -3.564354071170805E-016
 -1.043461390499093E-002 -4.649157484135832E-016
 -8.628969744623984E-002 -3.874297903446527E-016
 -0.127354808341389      -1.627205119447541E-016
 -0.119485528648471       1.239775329102889E-016
 -6.635069099899078E-002  3.874297903446527E-016
  1.218970500034049E-002  5.114073232549415E-016
  8.749336579100543E-002  4.649157484135832E-016
  0.132571458069298       2.595779595309173E-016
  0.131751549672768      -1.937148951723264E-017
  8.611082049707797E-002 -2.789494490481500E-016
  1.280110325899985E-002 -4.184241735722249E-016
 -6.138671213955734E-002 -3.951783861515458E-016
 -0.109808558942754      -2.130863846895590E-016
 -0.115531425087606       5.036587274480485E-017
 -7.724529496267010E-002  2.944466406619360E-016
 -9.463065774462631E-003  4.494185567997971E-016
  6.296441338646726E-002  4.494185567997971E-016
  0.113950063371850       2.944466406619360E-016
  0.125558080297894       5.424017064825138E-017
  9.430151369338273E-002 -2.014634909792194E-016
  3.214248485921020E-002 -3.641840029239735E-016
 -3.807176899203307E-002 -3.796811945377596E-016
 -9.100124907138857E-002 -2.440807679171312E-016
 -0.107953840378801      -1.549719161378611E-017
 -8.347931909364274E-002  2.324578742067916E-016
 -2.709386140496253E-002  4.029269819584388E-016
  4.039870244595851E-002  4.339213651860110E-016
  9.457327857768229E-002  3.176924280826152E-016
  0.116215099704943       1.084803412965028E-016
  9.812538815235571E-002 -1.278518308137354E-016
  4.749353995835711E-002 -3.099438322757222E-016
 -1.693755236381522E-002 -3.641840029239735E-016
 -7.180343047811537E-002 -2.789494490481500E-016
 -9.758632273736995E-002 -8.136025597237706E-017
 -8.555258460505301E-002  1.627205119447541E-016
 -4.069611628118169E-002  3.564354071170805E-016
  2.029792337602623E-002  4.261727693791180E-016
  7.524964037377033E-002  3.564354071170805E-016
  0.104542849247377       1.704691077516472E-016
  9.811968724900602E-002 -6.198876645514443E-017
  5.891971368387740E-002 -2.634522574343638E-016
  1.592593490395561E-003 -3.486868113101874E-016
 -5.296903642894226E-002 -2.944466406619360E-016
 -8.523937271381778E-002 -1.239775329102889E-016
 -8.404220325227961E-002  9.298314968271665E-017
 -5.041167958401634E-002  2.866980448550430E-016
  2.998426712245793E-003  3.874297903446527E-016
  5.666484240178611E-002  3.641840029239735E-016
  9.132454104238583E-002  2.247092783998985E-016
  9.488240882026092E-002  1.162289371033958E-017
  6.662181270706372E-002 -1.937148951723263E-016
  1.725579632776281E-002 -3.099438322757222E-016
 -3.512413194437637E-002 -3.021952364688291E-016
 -7.167339563495785E-002 -1.665948098482007E-016
 -7.956963129628290E-002  2.712008532412569E-017
 -5.650382851909197E-002  2.169606825930055E-016
 -1.131729947071496E-002  3.409382155032944E-016
  3.937383822077248E-002  3.564354071170805E-016
  7.728220161330787E-002  2.557036616274708E-016
  8.904076654800694E-002  8.136025597237706E-017
  7.090846477865033E-002 -1.201032350068423E-016
  2.993589357787834E-002 -2.557036616274708E-016
 -1.876218843558174E-002 -2.866980448550430E-016
 -5.757745525230985E-002 -2.014634909792194E-016
 -7.277074143982870E-002 -3.874297903446527E-017
 -5.932948065752850E-002  1.510976182344146E-016
 -2.260487563076201E-002  2.944466406619360E-016
  2.379911743726492E-002  3.409382155032944E-016
  6.305835283645191E-002  2.750751511447034E-016
  8.122307356811141E-002  1.239775329102889E-016
  7.216839953048210E-002 -6.586306435859096E-017
  3.964600777854807E-002 -2.169606825930055E-016
 -4.245144694601443E-003 -2.789494490481500E-016
 -4.355384055061239E-002 -2.247092783998985E-016
 -6.426965929771079E-002 -7.748595806893054E-017
 -5.931180928617359E-002  1.007317454896097E-016
 -3.093922523451207E-002  2.479550658205777E-016
  1.023434638729969E-002  3.176924280826152E-016
  4.920342016178331E-002  2.789494490481500E-016
  7.203466567914006E-002  1.510976182344146E-016
  7.084366417526823E-002 -1.549719161378611E-017
  4.650866491494134E-002 -1.627205119447541E-016
  8.190611017463168E-003 -2.402064700136847E-016
 -3.010822399536467E-002 -2.208349804964520E-016
 -5.465685573035092E-002 -1.123546391999493E-016
 -5.691428020790338E-002  5.036587274480485E-017
 -3.649389195591535E-002  1.975891930757729E-016
 -1.147535523904441E-003  2.828237469515965E-016
  3.616854493501624E-002  2.750751511447034E-016
  6.203823322193874E-002  1.762805546068170E-016
  6.740469335675399E-002  2.518293637240243E-017
  5.073458885885140E-002 -1.239775329102889E-016
  1.842427739319407E-002 -2.130863846895590E-016
 -1.764499754911580E-002 -2.169606825930055E-016
 -4.447174702169916E-002 -1.317261287171819E-016
 -5.261692773800582E-002  1.162289371033958E-017
 -3.951956285830406E-002  1.588462140413076E-016
 -1.028272212371905E-002  2.557036616274708E-016
  2.430330750946844E-002  2.673265553378104E-016
  5.173870231706366E-002  1.917777462206031E-016
  6.232794809978068E-002  6.198876645514443E-017
  5.260119739027874E-002 -7.942310702065380E-017
  2.643766047169209E-002 -1.820920014619868E-016
 -6.467224580426888E-003 -2.092120867861125E-016
 -3.418983899758805E-002 -1.472233203309680E-016
 -4.689548207273994E-002 -2.712008532412569E-017
 -4.032275871285926E-002  1.104174902482260E-016
 -1.720241135514560E-002  2.169606825930055E-016
  1.385774163876230E-002  2.518293637240242E-016
  4.157260424384417E-002  2.092120867861125E-016
  5.607663434694047E-002  1.007317454896097E-016
  5.243169122272530E-002 -3.293153217929548E-017
  3.230012656101260E-002 -1.394747245240750E-016
  3.219458746555456E-003 -1.898405972688798E-016
 -2.421426430581647E-002 -1.627205119447541E-016
 -4.020375886596207E-002 -6.586306435859096E-017
 -3.924550881327737E-002  6.392591540686769E-017
 -2.201706684187212E-002  1.782177035585402E-016
  4.987937376222148E-003  2.324578742067916E-016
  3.190170086827839E-002  2.169606825930055E-016
  4.908481534379976E-002  1.317261287171819E-016
  5.057547624623729E-002  7.748595806893054E-018
  3.615238331124264E-002 -1.084803412965028E-016
  1.129972174857651E-002 -1.704691077516472E-016
 -1.487140778152738E-002 -1.627205119447541E-016
 -3.295953238909263E-002 -8.329740492410033E-017
 -3.664667111268578E-002  3.293153217929548E-017
 -2.489992794962370E-002  1.414118734757982E-016
 -2.235513268754071E-003  2.053377888826659E-016
  2.301049680038108E-002  2.092120867861125E-016
  4.174505102316665E-002  1.414118734757982E-016
  4.739049946140544E-002  3.486868113101874E-017
  3.818990283739301E-002 -7.167451121376074E-017
  1.773895057832661E-002 -1.394747245240750E-016
 -6.410194819516113E-003 -1.549719161378611E-016
 -2.553394214990920E-002 -1.026688944413330E-016
 -3.288539744544077E-002 -7.748595806893054E-018
 -2.607053280625418E-002  9.685744758616317E-017
 -7.816980287779834E-003  1.743434056550937E-016
  1.510716624798999E-002  1.975891930757729E-016
  3.439953682166018E-002  1.588462140413076E-016
  4.322791855385449E-002  6.973736226203749E-017
  3.864669770695527E-002 -3.293153217929548E-017
  2.257193631938353E-002 -1.084803412965028E-016
  9.954679718053735E-004 -1.356004266206284E-016
 -1.824433378758375E-002 -1.007317454896097E-016
 -2.830708524217433E-002 -2.130863846895590E-017
 -2.577890770109376E-002  7.361166016548401E-017
 -1.182389676136484E-002  1.510976182344146E-016
  8.327353648546896E-003  1.801548525102635E-016
  2.733457773115484E-002  1.530347671861378E-016
  3.841937043978115E-002  7.942310702065380E-017
  3.778004341460960E-002 -1.356004266206285E-017
  2.589054494153590E-002 -9.298314968271665E-017
  7.241663220197037E-003 -1.278518308137354E-016
 -1.135031136524003E-002 -1.046060433930562E-016
 -2.323200760437943E-002 -3.486868113101874E-017
 -2.429095461466297E-002  5.617731959997463E-017
 -1.437417375863008E-002  1.336632776689052E-016
  2.740270117619871E-003  1.704691077516472E-016
  2.077812301803320E-002  1.530347671861378E-016
  3.326696089548941E-002  9.298314968271665E-017
  3.585661647590188E-002  7.748595806893054E-018
  2.783101258271060E-002 -6.973736226203749E-017
  1.228742993881865E-002 -1.142917881516725E-016
 -5.052681305947427E-003 -1.065431923447795E-016
 -1.794667774907770E-002 -5.230302169652811E-017
 -2.187544283352565E-002  2.808865979998732E-017
 -1.562353469583439E-002  1.055746178689179E-016
 -1.643500466343495E-003  1.510976182344146E-016
  1.490000371578830E-002  1.510976182344146E-016
  2.803596981344058E-002  1.055746178689179E-016
  3.314039162762696E-002  3.196295770343384E-017
  2.856143068131940E-002 -4.068012798618853E-017
  1.614630816559714E-002 -8.910885177927012E-017
  5.051016926662774E-004 -9.685744758616317E-017
 -1.269788528137270E-002 -6.005161750342117E-017
 -1.879288642959199E-002  7.748595806893054E-018
 -1.575328936697075E-002  7.942310702065380E-017
 -4.863055098426962E-003  1.297889797654587E-016
  9.814458264324902E-003  1.433490224275215E-016
  2.295015769989631E-002  1.142917881516725E-016
  2.988252014400725E-002  5.520874512411301E-017
  2.826989496343164E-002 -1.452861713792448E-017
  1.887701412535141E-002 -6.780021331031422E-017
  5.233420366716865E-003 -8.717170282754685E-017
 -7.689242890216612E-003 -6.780021331031422E-017
 -1.528647169152730E-002 -1.356004266206285E-017
 -1.495897359409604E-002  5.133444722066648E-017
 -6.997616774270901E-003  1.046060433930562E-016
  5.584500049952274E-003  1.297889797654587E-016
  1.818947054353205E-002  1.162289371033958E-016
  2.631329835354811E-002  7.070593673789912E-017
  2.715369556853912E-002  8.717170282754686E-018
  2.057375266785721E-002 -4.649157484135833E-017
  9.091365704247864E-003 -7.361166016548401E-017
 -3.080004123764773E-003 -6.586306435859096E-017
 -1.157509128969982E-002 -2.712008532412569E-017
 -1.344018248639223E-002  2.905723427584895E-017
 -8.156849050034189E-003  8.039168149651544E-017
  2.227671784691225E-003  1.123546391999493E-016
  1.388987283755113E-002  1.113860647240877E-016
  2.263623448062312E-002  7.893881978272299E-017
  2.540982754043411E-002  2.663579808619487E-017
  2.135661349876844E-002 -2.518293637240243E-017
  1.208044483674229E-002 -5.811446855169790E-017
  1.014143922551063E-003 -6.198876645514443E-017
 -7.848447950228144E-003 -3.583725560688037E-017
 -1.139182820243962E-002  1.065431923447795E-017
 -8.471452461568701E-003  6.005161750342117E-017
 -2.772572695567038E-004  9.685744758616317E-017
  1.014499205320473E-002  1.065431923447795E-016
  1.902413536511999E-002  8.717170282754685E-017
  2.322700573992413E-002  4.455442588963506E-017
  2.136242801583726E-002 -4.842872379308159E-018
  1.423755818448124E-002 -4.261727693791180E-017
  4.518645588181198E-003 -5.811446855169790E-017
 -4.264111655789431E-003 -4.455442588963506E-017
 -8.996960748856446E-003 -8.232883044823869E-018
 -8.084382406293601E-003  3.729011732067282E-017
 -1.983067602869207E-003  7.554880911720728E-017
  7.009231140202251E-003  9.492029863443991E-017
  1.561706391656189E-002  8.814027730340849E-017
  2.077927945297360E-002  5.666160683790545E-017
  2.073638862711667E-002  1.210718094827040E-017
  1.562764344738699E-002 -2.808865979998732E-017
  7.396349343000431E-003 -4.939729826894322E-017
 -9.463519183123304E-004 -4.552300036549669E-017
 -6.421205838536240E-003 -1.743434056550937E-017
 -7.142952017575698E-003  2.324578742067916E-017
 -2.966715009541187E-003  6.198876645514443E-017
  4.501996909211023E-003  8.620312835168523E-017
  1.252196394967091E-002  8.620312835168523E-017
  1.822126230379287E-002  6.247305369307524E-017
  1.962465610575701E-002  2.518293637240243E-017
  1.633633820845200E-002 -1.162289371033958E-017
  9.642838771237797E-003 -3.486868113101874E-017
  2.013479304396490E-003 -3.874297903446527E-017
 -3.808799518190599E-003 -2.130863846895590E-017
 -5.792007844314676E-003  1.162289371033958E-017
 -3.322131010432204E-003  4.697586207928914E-017
  2.612699180984622E-003  7.264308568962238E-017
  9.813711168904353E-003  7.990739425858462E-017
  1.568492449900334E-002  6.586306435859096E-017
  1.816810617677483E-002  3.583725560688037E-017
  1.646295937856496E-002  2.905723427584895E-018
  1.128115845924815E-002 -2.421436189654079E-017
  4.555268449919361E-003 -3.390010665515711E-017
 -1.280136742689442E-003 -2.421436189654079E-017
 -4.168293861078313E-003  2.421436189654079E-018
 -3.153467645814488E-003  3.486868113101874E-017
  1.306195784939904E-003  6.198876645514443E-017
  7.537326708509303E-003  7.458023464134565E-017
  1.327783814592196E-002  6.780021331031422E-017
  1.649729691977997E-002  4.407013865170425E-017
  1.611403979337868E-002  1.356004266206285E-017
  1.235624563791748E-002 -1.549719161378611E-017
  6.647434418302824E-003 -2.905723427584895E-017
  1.069298809407058E-003 -2.518293637240243E-017
 -2.396052964112405E-003 -3.874297903446527E-018
 -2.568997200942925E-003  2.712008532412569E-017
  5.283891028545322E-004  5.520874512411301E-017
  5.711081454052790E-003  7.167451121376074E-017
  1.108272293854952E-002  7.022164949996830E-017
  1.472867589395541E-002  5.230302169652811E-017
  1.539760300885647E-002  2.518293637240243E-017
  1.292934364870448E-002 -1.937148951723264E-018
  8.283467043417580E-003 -2.130863846895590E-017
  3.168793401181148E-003 -2.421436189654079E-017
 -5.838565383383282E-004 -1.065431923447795E-017
 -1.675818520451797E-003  1.501290437585529E-017
  2.117180923834365E-004  4.213298969998098E-017
  4.330223638008258E-003  6.198876645514443E-017
  9.158108812419814E-003  6.731592607238340E-017
  1.296199172935866E-002  5.763018131376709E-017
  1.441829938319810E-002  3.632154284481119E-017
  1.307263226235435E-002  1.017003199654713E-017
  9.477971384326630E-003 -1.065431923447795E-017
  4.971244603746167E-003 -1.840291504137100E-017
  1.177396804004112E-003 -1.210718094827040E-017
 -5.754651303256012E-004  6.537877712066014E-018
  2.803328889472618E-004  3.099438322757222E-017
  3.371076916553811E-003  5.302945255342434E-017
  7.539913638501631E-003  6.416805902583310E-017
  1.127883028053919E-002  6.065697655083469E-017
  1.327347209143449E-002  4.370692322325613E-017
  1.286426520028166E-002  1.937148951723264E-017
  1.026246010253608E-002 -2.905723427584895E-018
  6.451192381913925E-003 -1.549719161378611E-017
  2.815411889406278E-003 -1.404432989999366E-017
  6.395416018147482E-004  4.842872379308159E-019
  6.547846590123430E-004  2.276150018274835E-017
  2.795279153611471E-003  4.407013865170425E-017
  6.243726641896582E-003  5.738803769480168E-017
  9.742160762512778E-003  5.859875578962872E-017
  1.205017254001390E-002  4.697586207928914E-017
  1.238395928070933E-002  2.736222894309110E-017
  1.068110982787872E-002  6.295734093100607E-018
  7.602249201523800E-003 -8.717170282754686E-018
  4.276485290997452E-003 -1.259146818620121E-017
  1.888197068389579E-003 -3.874297903446527E-018
  1.256109113667040E-003  1.404432989999366E-017
  2.553961283537143E-003  3.438439389308792E-017
  5.267590661664861E-003  4.988158550687403E-017
  8.396752561469416E-003  5.448231426721678E-017
  1.082310200422786E-002  4.746014931721995E-017
  1.170923452946681E-002  3.099438322757222E-017
  1.078666599745076E-002  1.065431923447795E-017
  8.434131682734505E-003 -4.358585141377343E-018
  5.524699399073794E-003 -1.017003199654713E-017
  3.102617619782024E-003 -4.358585141377343E-018
  2.009226060150234E-003  1.089646285344336E-017
  2.591698779670791E-003  3.002580875171058E-017
  4.595087067032856E-003  4.600728760342751E-017
  7.270308198175071E-003  5.327159617238975E-017
  9.653421015725798E-003  4.976051369739133E-017
  1.091236211313795E-002  3.620047103532849E-017
  1.063664623296298E-002  1.791862780344019E-017
  8.969482101300693E-003  1.452861713792448E-018
  6.540481093293817E-003 -6.780021331031423E-018
  4.228817633170699E-003 -3.874297903446527E-018
  2.845617996889509E-003  8.717170282754686E-018
  2.850103447267726E-003  2.639365446722946E-017
  4.198544446304576E-003  4.249620512842909E-017
  6.375151452266079E-003  5.163712674437324E-017
  8.588340469542219E-003  5.024480093532215E-017
  1.005803845984044E-002  3.922726627239609E-017
  1.028995678210090E-002  2.251935656378294E-017
  9.240648066141034E-003  5.811446855169791E-018
  7.318686313861628E-003 -4.842872379308159E-018
  5.226756381314777E-003 -5.327159617238975E-018
  3.705286840201934E-003  3.874297903446527E-018
  3.270958714550921E-003  1.985577675516345E-017
  4.042214389308778E-003  3.704797370170741E-017
  5.710310908823221E-003  4.842872379308159E-017
  7.661388608784243E-003  5.053234648284357E-017
  9.201770450401223E-003  4.255674103317045E-017
  9.804001541224659E-003  2.808865979998732E-017
  9.286564662203189E-003  1.162289371033958E-017
  7.866367145643370E-003 -9.685744758616318E-019
  6.069767659963952E-003 -5.327159617238975E-018
  4.538018569773427E-003  0.000000000000000E+000
  3.798835791105608E-003  1.307575542413203E-017
  4.085283136735604E-003  2.881509065688355E-017
  5.263846969385332E-003  4.140655884308476E-017
  6.893235663805459E-003  4.653697676991434E-017
  8.388928751329334E-003  4.273834874739450E-017
  9.232330088267831E-003  3.075223960860681E-017
  9.149856852119729E-003  1.549719161378611E-017
  8.200367457795016E-003  1.937148951723264E-018
  6.743493994334134E-003 -5.327159617238975E-018
  5.304010405146565E-003 -3.390010665515711E-018
  4.383159750713982E-003  6.780021331031423E-018
  4.284615021140428E-003  2.106649484999049E-017
  5.015283384163057E-003  3.438439389308792E-017
  6.292952389847867E-003  4.201191789049827E-017
  7.654404547615844E-003  4.140655884308476E-017
  8.622841090539211E-003  3.317367579826089E-017
  8.874252455007729E-003  1.985577675516345E-017
  8.344877998917250E-003  7.022164949996829E-018
  7.244449629408199E-003 -1.452861713792448E-018
  5.973933904586616E-003 -2.421436189654079E-018
  4.979722816151987E-003  4.116441522411935E-018
  4.597151081415100E-003  1.646576608964774E-017
  4.938021287023414E-003  3.002580875171058E-017
  5.859579279276986E-003  3.989316122455096E-017
  7.022789145314312E-003  4.249620512842909E-017
  8.016531227986260E-003  3.729011732067282E-017
  8.502368867162739E-003  2.590936722929865E-017
  8.329063449527921E-003  1.283361180516662E-017
  7.578333276729560E-003  2.421436189654079E-018
  6.528520217799527E-003 -1.452861713792448E-018
  5.551666202995635E-003  2.905723427584895E-018
  4.981912793443206E-003  1.356004266206285E-017
  5.001633256230329E-003  2.663579808619487E-017
  5.583888898420705E-003  3.680583008274201E-017
  6.508985921274055E-003  4.068012798618853E-017
  7.446757922987940E-003  3.716904551119012E-017
  8.073910954001595E-003  2.736222894309110E-017
  8.184853538985388E-003  1.501290437585529E-017
  7.758203712545414E-003  4.842872379308159E-018
  6.957760965943534E-003  2.421436189654079E-019
  6.069971417661535E-003  2.663579808619487E-018
  5.401585536937428E-003  1.113860647240876E-017
  5.173955868313347E-003  2.324578742067916E-017
  5.450233610771823E-003  3.438439389308792E-017
  6.119159460492287E-003  4.019584074825772E-017
  6.938966964970704E-003  3.898512265343068E-017
  7.624294101289367E-003  3.159974227498574E-017
  7.944969101128997E-003  2.155078208792131E-017
  7.802619822209361E-003  1.210718094827040E-017
  7.259820392664398E-003  6.295734093100607E-018
  6.513516751342849E-003  6.780021331031423E-018
  5.823678449054096E-003  1.283361180516662E-017
  5.422920465501835E-003  2.203506932585212E-017
  5.438383867369992E-003  3.147867046550303E-017
  5.851926839577446E-003  3.777440455860364E-017
  6.510823598390079E-003  3.874297903446527E-017
  7.183685916865561E-003  3.438439389308792E-017
  7.641232895049490E-003  2.590936722929865E-017
  7.733832589382093E-003  1.695005332757856E-017
  7.439752191311559E-003  1.041217561551254E-017
  6.868764935736094E-003  8.717170282754686E-018
  6.221276160100432E-003  1.186503732930499E-017
  5.718082472593236E-003  1.840291504137100E-017
  5.525277261561194E-003  2.615151084826406E-017
  5.699700174859607E-003  3.268938856033007E-017
  6.172677639295851E-003  3.535296836894956E-017
  6.776442952238904E-003  3.353689122670900E-017
  7.303195019401197E-003  2.808865979998732E-017
  7.576100820118499E-003  2.058220761205968E-017
  7.508108517434919E-003  1.452861713792448E-017
  7.129153782938246E-003  1.113860647240876E-017
  6.573413240204325E-003  1.283361180516662E-017
  6.031828796859559E-003  1.791862780344019E-017
  5.686614709185070E-003  2.469864913447161E-017
  5.650096977062325E-003  3.123652684653762E-017
  5.928289365935838E-003  3.474760932153604E-017
  6.420905291039981E-003  3.390010665515711E-017
  6.957084493646541E-003  2.990473694222788E-017
  7.354185978928052E-003  2.397221827757539E-017
  7.479519937455407E-003  1.767648418447478E-017
  7.294263522272456E-003  1.404432989999366E-017
  6.865113879303077E-003  1.380218628102825E-017
  6.340260019439408E-003  1.743434056550937E-017
  5.898256568099931E-003  2.373007465860998E-017
  5.687344739155474E-003  2.978366513274517E-017
  5.775742831835881E-003  3.365796303619170E-017
  6.129501967527111E-003  3.402117846463982E-017
  6.625082584834008E-003  3.087331141808951E-017
  7.092065199985993E-003  2.554615180085054E-017
  7.371314243361759E-003  2.009792037412886E-017
  7.368832981460753E-003  1.695005332757856E-017
  7.087147420462753E-003  1.598147885171692E-017
  6.623758808280150E-003  1.791862780344019E-017
  6.137387508640941E-003  2.203506932585212E-017
  5.793617741972888E-003  2.687794170516028E-017
  5.708476324907500E-003  3.051009598964140E-017
  5.909113812316497E-003  3.196295770343384E-017
  6.324900069189250E-003  3.051009598964140E-017
  6.811886002853165E-003  2.699901351464299E-017
  7.202229948361589E-003  2.227721294481753E-017
  7.361692320179044E-003  1.840291504137100E-017
  7.235555058564022E-003  1.695005332757856E-017
  6.867267988238729E-003  1.816077142240560E-017
  6.383433873958530E-003  2.155078208792131E-017
  5.950256550539748E-003  2.615151084826406E-017
  5.716365339363313E-003  3.026795237067599E-017
  5.761637221986399E-003  3.220510132239925E-017
  6.069630017715427E-003  3.172081408446844E-017
  6.533172035823855E-003  2.869401884740084E-017
  6.991267580119141E-003  2.445650551550620E-017
  7.284673328547305E-003  2.034006399309427E-017
  7.311004609561439E-003  1.791862780344019E-017
  7.060310884686594E-003  1.791862780344019E-017
  6.618730647217420E-003  2.106649484999049E-017
  6.138833419971724E-003  2.615151084826406E-017
  5.786801014510807E-003  3.099438322757222E-017
  5.684692160367918E-003  3.390010665515711E-017
  5.867839922296561E-003  3.414225027412252E-017
  6.272276701702835E-003  3.135759865602033E-017
  6.756709237091985E-003  2.663579808619487E-017
  7.151549974274696E-003  2.179292570688671E-017
  7.318029143157170E-003  1.840291504137100E-017
  7.196792940334092E-003  1.767648418447478E-017
  6.828946628906436E-003  1.985577675516345E-017
  6.342039248712042E-003  2.421436189654079E-017
  5.905715911117475E-003  2.881509065688355E-017
  5.672419996651658E-003  3.220510132239925E-017
  5.723861945677836E-003  3.317367579826089E-017
  6.042071066280950E-003  3.196295770343384E-017
  6.515324805097402E-003  2.833080341895273E-017
  6.977052520457644E-003  2.373007465860998E-017
  7.264201904352708E-003  2.009792037412886E-017
  7.274627333521910E-003  1.816077142240560E-017
  7.003285810647221E-003  1.864505866033641E-017
  6.544379324331927E-003  2.155078208792131E-017
  6.058518661285844E-003  2.566722361033324E-017
  5.716321100203228E-003  3.002580875171058E-017
  5.638237593569610E-003  3.268938856033007E-017
  5.851844158401476E-003  3.293153217929548E-017
  6.281772177357604E-003  3.087331141808951E-017
  6.775988697382634E-003  2.736222894309110E-017
  7.159294807202913E-003  2.397221827757539E-017
  7.295228634650309E-003  2.106649484999049E-017
  7.134490121393614E-003  1.961363313619804E-017
  6.732675524744430E-003  2.082435123102508E-017
  6.230908914624846E-003  2.397221827757539E-017
  5.806087958519636E-003  2.784651618102191E-017
  5.608272897926568E-003  3.123652684653762E-017
  5.707387677327671E-003  3.293153217929548E-017
  6.068189106708278E-003  3.196295770343384E-017
  6.562495590486038E-003  2.893616246636625E-017
  7.014461352426417E-003  2.518293637240243E-017
  7.262917729199070E-003  2.155078208792131E-017
  7.218673734301262E-003  1.961363313619804E-017
  6.896381593677034E-003  2.034006399309427E-017
  6.409553653152757E-003  2.300364380171375E-017
  5.930396483552447E-003  2.687794170516028E-017
  5.628661937992691E-003  3.026795237067599E-017
  5.611233164087437E-003  3.196295770343384E-017
  5.883966163124840E-003  3.135759865602033E-017
  6.349436523648274E-003  2.881509065688355E-017
  6.841477568180314E-003  2.506186456291972E-017
  7.184278660178281E-003  2.130863846895590E-017
  7.255022064996963E-003  1.888720227930182E-017
  7.027725434375546E-003  1.912934589826723E-017
  6.582614978762623E-003  2.106649484999049E-017
  6.077625668796263E-003  2.445650551550620E-017
  5.692139846005056E-003  2.808865979998732E-017
  5.563007722671189E-003  3.075223960860681E-017
  5.735683793873429E-003  3.123652684653762E-017
  6.147948612298290E-003  2.942044970429707E-017
  6.652066935210948E-003  2.615151084826406E-017
  7.067504073306421E-003  2.227721294481753E-017
  7.245389644498119E-003  1.985577675516345E-017
  7.121697985283099E-003  1.961363313619804E-017
  6.740127591760865E-003  2.155078208792131E-017
  6.236483442429521E-003  2.494079275343702E-017
  5.790130969351987E-003  2.881509065688355E-017
  5.559874184804968E-003  3.147867046550303E-017
  5.627191718363998E-003  3.196295770343384E-017
  5.967139091026688E-003  3.002580875171058E-017
  6.457327621182431E-003  2.663579808619487E-017
  6.921760962968915E-003  2.300364380171375E-017
  7.193830447143240E-003  2.009792037412886E-017
  7.175912165430476E-003  1.937148951723264E-017
  6.874231161716630E-003  2.082435123102508E-017
  6.396524070503605E-003  2.421436189654079E-017
  5.913363216318687E-003  2.808865979998732E-017
  5.597022943492234E-003  3.123652684653762E-017
  5.559805788194880E-003  3.317367579826089E-017
  5.813922160058617E-003  3.268938856033007E-017
  6.267273044635304E-003  3.038902418015870E-017
  6.756602782243062E-003  2.687794170516028E-017
  7.106092266650808E-003  2.324578742067916E-017
  7.190357686426820E-003  2.179292570688671E-017
  6.979268507629792E-003  2.179292570688671E-017
  6.548549499210433E-003  2.397221827757539E-017
  6.052425443533858E-003  2.712008532412569E-017
  5.668185252684338E-003  3.051009598964140E-017
  5.532595893439262E-003  3.317367579826089E-017
  5.692983040949427E-003  3.317367579826089E-017
  6.090490084298686E-003  3.147867046550303E-017
  6.581448036240848E-003  2.857294703791814E-017
  6.989103652511371E-003  2.518293637240243E-017
  7.167078360667275E-003  2.300364380171375E-017
  7.051764892503184E-003  2.251935656378294E-017
  6.684893351477623E-003  2.373007465860998E-017
  6.198250726746976E-003  2.639365446722946E-017
  5.766141308617230E-003  2.929937789481436E-017
  5.542738337114510E-003  3.123652684653762E-017
  5.606852210785348E-003  3.172081408446844E-017
  5.933913346867702E-003  3.038902418015870E-017
  6.405139528313287E-003  2.760437256205650E-017
  6.850478039366103E-003  2.457757732498891E-017
  7.109798073255691E-003  2.227721294481753E-017
  7.090306803062956E-003  2.155078208792131E-017
  6.799591740401002E-003  2.276150018274835E-017
  6.342514210371591E-003  2.542507999136783E-017
  5.883200600411574E-003  2.857294703791814E-017
  5.585907133113472E-003  3.123652684653762E-017
  5.556070361310755E-003  3.244724494136466E-017
  5.802708944147034E-003  3.159974227498574E-017
  6.235592732587298E-003  2.893616246636625E-017
  6.698055309963365E-003  2.566722361033324E-017
  7.023520038853874E-003  2.300364380171375E-017
  7.095340390029104E-003  2.155078208792131E-017
  6.888449522964614E-003  2.203506932585212E-017
  6.477939720042016E-003  2.445650551550620E-017
  6.011636566018911E-003  2.760437256205650E-017
  5.656680688446013E-003  3.099438322757222E-017
  5.539423419263012E-003  3.293153217929548E-017
  5.700257286178590E-003  3.293153217929548E-017
  6.079536534264419E-003  3.075223960860681E-017
  6.539496393999313E-003  2.772544437153921E-017
  6.914121560730558E-003  2.421436189654079E-017
  7.068910394738255E-003  2.179292570688671E-017
  6.949014042969089E-003  2.082435123102508E-017
  6.598514261142328E-003  2.179292570688671E-017
  6.144062261455708E-003  2.445650551550620E-017
  5.748943078568882E-003  2.808865979998732E-017
  5.554226841533343E-003  3.147867046550303E-017
  5.628221492931865E-003  3.317367579826089E-017
  5.942344970710087E-003  3.341581941722630E-017
  6.381941858578446E-003  3.196295770343384E-017
  6.787963478040652E-003  2.917830608533166E-017
  7.014360024948853E-003  2.566722361033324E-017
  6.980470804769276E-003  2.300364380171375E-017
  6.699613780558293E-003  2.203506932585212E-017
  6.273738325130764E-003  2.324578742067916E-017
  5.856262386600778E-003  2.590936722929865E-017
  5.596639209760852E-003  2.881509065688355E-017
  5.586686137535079E-003  3.075223960860681E-017
  5.827954730993678E-003  3.123652684653762E-017
  6.231740994705059E-003  3.063116779912410E-017
  6.651530052570976E-003  2.845187522843543E-017
  6.936011030333487E-003  2.566722361033324E-017
  6.983476926152007E-003  2.300364380171375E-017
  6.778047053596975E-003  2.179292570688671E-017
  6.394808810121227E-003  2.300364380171375E-017
  5.972232136200941E-003  2.518293637240243E-017
  5.661986721949535E-003  2.833080341895273E-017
  5.574350093051474E-003  3.123652684653762E-017
  5.738860090997862E-003  3.293153217929548E-017
  6.094253813544575E-003  3.281046036981277E-017
  6.511111416368539E-003  3.026795237067599E-017
  6.838841343236217E-003  2.639365446722946E-017
  6.959948722029991E-003  2.324578742067916E-017
  6.832027233578408E-003  2.155078208792131E-017
  6.502464319825667E-003  2.179292570688671E-017
  6.090765505541463E-003  2.421436189654079E-017
  5.745082334142723E-003  2.784651618102191E-017
  5.588757165283645E-003  3.147867046550303E-017
  5.676174693975549E-003  3.390010665515711E-017
  5.973724761912176E-003  3.402117846463982E-017
  6.372537063393510E-003  3.208402951291655E-017
  6.728175272796551E-003  2.833080341895273E-017
  6.912819480140104E-003  2.494079275343702E-017
  6.861082469189514E-003  2.227721294481753E-017
  6.593035210565030E-003  2.155078208792131E-017
  6.206335592433248E-003  2.348793103964457E-017
  5.840525864533729E-003  2.736222894309110E-017
  5.626548836207636E-003  3.123652684653762E-017
  5.639748113151349E-003  3.365796303619170E-017
  5.873223934993237E-003  3.365796303619170E-017
  6.240965381413175E-003  3.135759865602033E-017
  6.609398545663408E-003  2.748330075257380E-017
  6.845782533531047E-003  2.397221827757539E-017
  6.865918090200067E-003  2.227721294481753E-017
  6.664020350948259E-003  2.251935656378294E-017
  6.314158363063088E-003  2.469864913447161E-017
  5.942974165568020E-003  2.760437256205650E-017
  5.683724682380633E-003  3.123652684653762E-017
  5.628324402803849E-003  3.390010665515711E-017
  5.794649154809484E-003  3.438439389308792E-017
  6.120731014834703E-003  3.293153217929548E-017
  6.487707637676439E-003  2.978366513274517E-017
  6.763033250430644E-003  2.615151084826406E-017
  6.848243249623406E-003  2.373007465860998E-017
  6.714059020500805E-003  2.251935656378294E-017
  6.410317944336383E-003  2.300364380171375E-017
  6.047373341094452E-003  2.518293637240243E-017
  5.755897729621396E-003  2.833080341895273E-017
  5.639729781642281E-003  3.099438322757222E-017
  5.738780510546973E-003  3.196295770343384E-017
  6.015249024107494E-003  3.147867046550303E-017
  6.367899984481299E-003  2.954152151377977E-017
  6.669021691017980E-003  2.639365446722946E-017
  6.810574675232570E-003  2.324578742067916E-017
  6.742854989473675E-003  2.130863846895590E-017
  6.491836528942457E-003  2.082435123102508E-017
  6.149147799076151E-003  2.251935656378294E-017
  5.838534019586211E-003  2.542507999136783E-017
  5.671077103709557E-003  2.905723427584895E-017
  5.705377806958468E-003  3.123652684653762E-017
  5.926972430977530E-003  3.196295770343384E-017
  6.254208920618206E-003  3.111545503705492E-017
  6.568225559948299E-003  2.881509065688355E-017
  6.756029425453564E-003  2.590936722929865E-017
  6.751062675537493E-003  2.324578742067916E-017
  6.556693299576209E-003  2.179292570688671E-017
  6.244343571619998E-003  2.203506932585212E-017
  5.927167862200312E-003  2.397221827757539E-017
  5.718975752702159E-003  2.663579808619487E-017
  5.693310800246635E-003  2.954152151377977E-017
  5.857397850256643E-003  3.099438322757222E-017
  6.150184678496268E-003  3.099438322757222E-017
  6.464950841417884E-003  2.929937789481436E-017
  6.688117372155265E-003  2.639365446722946E-017
  6.740145571039261E-003  2.348793103964457E-017
  6.603798418967424E-003  2.203506932585212E-017
  6.329725712884462E-003  2.251935656378294E-017
  6.017586508182660E-003  2.469864913447161E-017
  5.779736935526295E-003  2.736222894309110E-017
  5.700712058204618E-003  3.002580875171058E-017
  5.807112520182655E-003  3.123652684653762E-017
  6.058620558884792E-003  3.026795237067599E-017
  6.363165255104834E-003  2.808865979998732E-017
  6.610542656185233E-003  2.494079275343702E-017
  6.712216943320464E-003  2.155078208792131E-017
  6.632929275318553E-003  1.937148951723264E-017
  6.402831635872411E-003  1.912934589826723E-017
  6.105980190946220E-003  2.106649484999049E-017
  5.849565940443487E-003  2.373007465860998E-017
  5.725142689843864E-003  2.639365446722946E-017
  5.775875143815652E-003  2.808865979998732E-017
  5.981521517039246E-003  2.857294703791814E-017
  6.266367515205675E-003  2.736222894309110E-017
  6.527021688364444E-003  2.469864913447161E-017
  6.669872208475008E-003  2.203506932585212E-017
  6.644636839774958E-003  1.961363313619804E-017
  6.461983928963065E-003  1.888720227930182E-017
  6.189055567148555E-003  1.961363313619804E-017
  5.924734659603737E-003  2.179292570688671E-017
  5.763761967192098E-003  2.445650551550620E-017
  5.762722512629000E-003  2.687794170516028E-017
  5.920110924291335E-003  2.808865979998732E-017
  6.177493391565969E-003  2.784651618102191E-017
  6.441123499777514E-003  2.663579808619487E-017
  6.616021450599133E-003  2.445650551550620E-017
  6.640130222483111E-003  2.179292570688671E-017
  6.506267482106771E-003  2.009792037412886E-017
  6.264112459006478E-003  1.985577675516345E-017
  6.001729459182498E-003  2.130863846895590E-017
  5.813492922146450E-003  2.397221827757539E-017
  5.766093854491953E-003  2.615151084826406E-017
  5.874870173838421E-003  2.808865979998732E-017
  6.098857823121651E-003  2.929937789481436E-017
  6.356136471003755E-003  2.881509065688355E-017
  6.553729390732381E-003  2.712008532412569E-017
  6.621147358776139E-003  2.469864913447161E-017
  6.535476650480439E-003  2.203506932585212E-017
  6.329085417152018E-003  2.034006399309427E-017
  6.077371228409245E-003  2.082435123102508E-017
  5.871177258104137E-003  2.324578742067916E-017
  5.783965174368720E-003  2.663579808619487E-017
  5.845605093134568E-003  2.929937789481436E-017
  6.032130862146198E-003  3.051009598964140E-017
  6.274963768147871E-003  2.978366513274517E-017
  6.486068786929765E-003  2.736222894309110E-017
  6.589819278363057E-003  2.421436189654079E-017
  6.550038706603337E-003  2.130863846895590E-017
  6.382552946847612E-003  1.961363313619804E-017
  6.148906080753364E-003  2.009792037412886E-017
  5.933714287268827E-003  2.227721294481753E-017
  5.813986472894737E-003  2.566722361033324E-017
  5.831532779884139E-003  2.833080341895273E-017
  5.978344057717292E-003  3.002580875171058E-017
  6.200048247646394E-003  2.954152151377977E-017
  6.415991848462592E-003  2.760437256205650E-017
  6.548534674598224E-003  2.494079275343702E-017
  6.550920010765719E-003  2.203506932585212E-017
  6.423718256696077E-003  2.009792037412886E-017
  6.214066660335112E-003  1.985577675516345E-017
  5.998180014552184E-003  2.106649484999049E-017
  5.853615567795700E-003  2.324578742067916E-017
  5.831382458172027E-003  2.566722361033324E-017
  5.937923026444472E-003  2.760437256205650E-017
  6.133326210435571E-003  2.833080341895273E-017
  6.346222844214337E-003  2.760437256205650E-017
  6.499810566089194E-003  2.518293637240243E-017
  6.539521204971917E-003  2.251935656378294E-017
  6.452366097029272E-003  2.034006399309427E-017
  6.271105283145825E-003  1.961363313619804E-017
  6.061923871435743E-003  2.009792037412886E-017
  5.900243238181829E-003  2.203506932585212E-017
  5.843504210856281E-003  2.469864913447161E-017
  5.910741401413335E-003  2.687794170516028E-017
  6.076208222896081E-003  2.784651618102191E-017
  6.279173739179302E-003  2.736222894309110E-017
  6.446173795634946E-003  2.590936722929865E-017
  6.517567355552871E-003  2.300364380171375E-017
  6.468800667744217E-003  2.009792037412886E-017
  6.318801189378300E-003  1.816077142240560E-017
  6.122641902231244E-003  1.767648418447478E-017
  5.951305497304781E-003  1.888720227930182E-017
  5.865979933438423E-003  2.179292570688671E-017
  5.896191077932207E-003  2.494079275343702E-017
  6.029584296581482E-003  2.712008532412569E-017
  6.216883453702931E-003  2.784651618102191E-017
  6.390057004161970E-003  2.663579808619487E-017
  6.486998386430145E-003  2.421436189654079E-017
  6.473769716178661E-003  2.130863846895590E-017
  6.356444987220106E-003  1.840291504137100E-017
  6.178426376582853E-003  1.719219694654396E-017
  6.004379915927725E-003  1.767648418447478E-017
  5.896731519950476E-003  1.985577675516345E-017
  5.893263658829757E-003  2.276150018274835E-017
  5.993850037635052E-003  2.566722361033324E-017
  6.160980246137915E-003  2.760437256205650E-017
  6.333711606070019E-003  2.736222894309110E-017
  6.449864412309100E-003  2.518293637240243E-017
  6.468379846705357E-003  2.179292570688671E-017
  6.383803929236803E-003  1.840291504137100E-017
  6.227792813257017E-003  1.622362247068233E-017
  6.057264013638459E-003  1.573933523275152E-017
  5.933622079657635E-003  1.767648418447478E-017
  5.900638207526041E-003  2.106649484999049E-017
  5.968949935121536E-003  2.445650551550620E-017
  6.112665797663131E-003  2.687794170516028E-017
  6.279139225565992E-003  2.736222894309110E-017
  6.408229751277355E-003  2.590936722929865E-017
  6.454007762867609E-003  2.324578742067916E-017
  6.401071989890592E-003  1.985577675516345E-017
  6.269686230209416E-003  1.719219694654396E-017
  6.108034765164375E-003  1.598147885171692E-017
  5.974546843528519E-003  1.670790970861315E-017
  5.916770804140383E-003  1.961363313619804E-017
  5.954433740775461E-003  2.300364380171375E-017
  6.072718843692675E-003  2.590936722929865E-017
  6.228042070766250E-003  2.712008532412569E-017
  6.364088518578891E-003  2.639365446722946E-017
  6.432211701195988E-003  2.421436189654079E-017
  6.408808825333638E-003  2.106649484999049E-017
  6.303469074295986E-003  1.840291504137100E-017
  6.155089197987486E-003  1.670790970861315E-017
  6.017511304548416E-003  1.622362247068233E-017
  5.939981926583651E-003  1.767648418447478E-017
  5.949521878818565E-003  2.034006399309427E-017
  6.041515654916836E-003  2.300364380171375E-017
  6.181791854005247E-003  2.518293637240243E-017
  6.319293822029642E-003  2.566722361033324E-017
  6.404646735548331E-003  2.469864913447161E-017
  6.407871619508764E-003  2.300364380171375E-017
  6.328893730160465E-003  2.082435123102508E-017
  6.197166860512906E-003  1.864505866033641E-017
  6.060695004665191E-003  1.767648418447478E-017
  5.968538302911246E-003  1.864505866033641E-017
  5.953175985867695E-003  2.106649484999049E-017
  6.019064318876868E-003  2.373007465860998E-017
  6.141416134132521E-003  2.542507999136783E-017
  6.275501732854443E-003  2.566722361033324E-017
  6.372986973245716E-003  2.469864913447161E-017
  6.399343583489371E-003  2.300364380171375E-017
  6.346062769456665E-003  2.130863846895590E-017
  6.233355599957263E-003  2.009792037412886E-017
  6.102500198609796E-003  1.985577675516345E-017
  6.000726562920127E-003  2.082435123102508E-017
  5.964170986277565E-003  2.251935656378294E-017
  6.005049598813579E-003  2.445650551550620E-017
  6.107600372049020E-003  2.542507999136783E-017
  6.234130425016041E-003  2.494079275343702E-017
  6.338856968266559E-003  2.373007465860998E-017
  6.384462510264141E-003  2.227721294481753E-017
  6.355380193132499E-003  2.106649484999049E-017
  6.263082597706788E-003  2.058220761205968E-017
  6.141585363261349E-003  2.106649484999049E-017
  6.034916718999311E-003  2.251935656378294E-017
  5.981165524517443E-003  2.421436189654079E-017
  5.998885133055139E-003  2.566722361033324E-017
  6.080703558686911E-003  2.615151084826406E-017
  6.196334185506188E-003  2.542507999136783E-017
  6.303773977325333E-003  2.397221827757539E-017
  6.364552328091665E-003  2.203506932585212E-017
  6.357496860724851E-003  2.058220761205968E-017
  6.286092966487034E-003  1.985577675516345E-017
  6.176884160141201E-003  1.985577675516345E-017
  6.069614195865443E-003  2.106649484999049E-017
  6.002768070245241E-003  2.300364380171375E-017
  5.999769863699451E-003  2.469864913447161E-017
  6.060784992312706E-003  2.542507999136783E-017
  6.162991414474457E-003  2.494079275343702E-017
  6.269102012047246E-003  2.373007465860998E-017
  6.340960074741634E-003  2.179292570688671E-017
  6.353253114846398E-003  1.961363313619804E-017
  6.302418424199759E-003  1.816077142240560E-017
  6.207610984649013E-003  1.840291504137100E-017
  6.103499778428754E-003  2.009792037412886E-017
  6.027596551822608E-003  2.276150018274835E-017
  6.006745823200401E-003  2.542507999136783E-017
  6.047639640675505E-003  2.712008532412569E-017
  6.134705267448927E-003  2.736222894309110E-017
  6.236018019516456E-003  2.615151084826406E-017
  6.315000163083446E-003  2.397221827757539E-017
  6.343621321778623E-003  2.130863846895590E-017
  6.312338635023746E-003  2.009792037412886E-017
  6.233254642107491E-003  2.009792037412886E-017
  6.135457434608423E-003  2.106649484999049E-017
  6.054329930812202E-003  2.276150018274835E-017
  6.018754735661384E-003  2.445650551550620E-017
  6.040839509597248E-003  2.542507999136783E-017
  6.111815245843952E-003  2.566722361033324E-017
  6.205489973399785E-003  2.469864913447161E-017
  6.287907253282801E-003  2.276150018274835E-017
  6.329650686558309E-003  2.058220761205968E-017
  6.316337764800796E-003  1.888720227930182E-017
  6.253561976893673E-003  1.816077142240560E-017
  6.164590479141573E-003  1.888720227930182E-017
  6.081750677606332E-003  2.034006399309427E-017
  6.034691280037315E-003  2.251935656378294E-017
  6.039778536054463E-003  2.445650551550620E-017
  6.094417814414776E-003  2.566722361033324E-017
  6.178266192109753E-003  2.590936722929865E-017
  6.260798512288456E-003  2.469864913447161E-017
  6.312416288921128E-003  2.276150018274835E-017
  6.315058653197513E-003  2.034006399309427E-017
  6.268513451438845E-003  1.864505866033641E-017
  6.190226964609233E-003  1.816077142240560E-017
  6.108777624863042E-003  1.937148951723264E-017
  6.053451289926035E-003  2.179292570688671E-017
  6.043718711272680E-003  2.445650551550620E-017
  6.082394008519423E-003  2.639365446722946E-017
  6.154874827081805E-003  2.687794170516028E-017
  6.234645547071200E-003  2.615151084826406E-017
  6.292973849204534E-003  2.397221827757539E-017
  6.309256779724782E-003  2.155078208792131E-017
  6.278292735486026E-003  1.961363313619804E-017
  6.211915511611854E-003  1.888720227930182E-017
  6.134489143359939E-003  1.888720227930182E-017
  6.073973606009776E-003  2.009792037412886E-017
  6.051835397334122E-003  2.155078208792131E-017
  6.075441979407819E-003  2.324578742067916E-017
  6.135632186176095E-003  2.445650551550620E-017
  6.210255859481199E-003  2.469864913447161E-017
  6.272321292749955E-003  2.373007465860998E-017
  6.299755915107652E-003  2.203506932585212E-017
  6.283252334811600E-003  2.034006399309427E-017
  6.229413020603532E-003  1.840291504137100E-017
  6.158136991212668E-003  1.743434056550937E-017
  6.095274731957373E-003  1.743434056550937E-017
  6.063260108655206E-003  1.840291504137100E-017
  6.073112498892951E-003  2.034006399309427E-017
  6.120658372995528E-003  2.227721294481753E-017
  6.188263298393299E-003  2.373007465860998E-017
  6.251367756490400E-003  2.397221827757539E-017
  6.287407024080148E-003  2.251935656378294E-017
  6.283877177074042E-003  2.034006399309427E-017
  6.242665846794074E-003  1.791862780344019E-017
  6.179151523563011E-003  1.670790970861315E-017
  6.116475855336755E-003  1.622362247068233E-017
  6.077119367563864E-003  1.695005332757856E-017
  6.074845590441825E-003  1.888720227930182E-017
  6.109898627297541E-003  2.106649484999049E-017
  6.169126685474276E-003  2.276150018274835E-017
  6.230910287952953E-003  2.348793103964457E-017
  6.273051639624301E-003  2.276150018274835E-017
  6.280747896356385E-003  2.034006399309427E-017
  6.251786073599435E-003  1.767648418447478E-017
  6.197139211404888E-003  1.573933523275152E-017
  6.136822167877520E-003  1.525504799482070E-017
  6.092568592745072E-003  1.622362247068233E-017
  6.080006655790095E-003  1.816077142240560E-017
  6.103148736414162E-003  2.058220761205968E-017
  6.153135566911451E-003  2.251935656378294E-017
  6.211618137016260E-003  2.348793103964457E-017
  6.257490579361910E-003  2.276150018274835E-017
  6.274505333646196E-003  2.106649484999049E-017
  6.257024498836682E-003  1.864505866033641E-017
  6.211873604535045E-003  1.670790970861315E-017
  6.155694743875441E-003  1.573933523275152E-017
  6.108820324244734E-003  1.646576608964774E-017
  6.087920708346805E-003  1.840291504137100E-017
  6.100082942192638E-003  2.058220761205968E-017
  6.140421893743623E-003  2.227721294481753E-017
  6.194024243072849E-003  2.300364380171375E-017
  6.241458537331462E-003  2.251935656378294E-017
  6.265817514025906E-003  2.106649484999049E-017
  6.258741862546182E-003  1.912934589826723E-017
  6.223280987301763E-003  1.743434056550937E-017
  6.172615504745211E-003  1.670790970861315E-017
  6.125166415214761E-003  1.695005332757856E-017
  6.097903591213460E-003  1.791862780344019E-017
  6.100282880457496E-003  1.985577675516345E-017
  6.130976354002444E-003  2.179292570688671E-017
  6.178523279981156E-003  2.300364380171375E-017
  6.225604771224822E-003  2.324578742067916E-017
  6.255350087913955E-003  2.227721294481753E-017
  6.257379708423032E-003  2.034006399309427E-017
  6.231422022187137E-003  1.864505866033641E-017
  6.187246008094526E-003  1.743434056550937E-017
  6.140994117539493E-003  1.767648418447478E-017
  6.109289334059402E-003  1.888720227930182E-017
  6.103266247639791E-003  2.082435123102508E-017
  6.124668064279824E-003  2.276150018274835E-017
  6.165375440430770E-003  2.373007465860998E-017
  6.210479826033626E-003  2.348793103964457E-017
  6.243740947081544E-003  2.203506932585212E-017
  6.253432095224571E-003  1.961363313619804E-017
  6.236470662693653E-003  1.719219694654396E-017
  6.199380950582248E-003  1.598147885171692E-017
  6.155796247593015E-003  1.598147885171692E-017
  6.121453076455207E-003  1.743434056550937E-017
  6.108514079166464E-003  1.961363313619804E-017
  6.121266368373420E-003  2.179292570688671E-017
  6.154715019373297E-003  2.276150018274835E-017
  6.196527996890824E-003  2.179292570688671E-017
  6.231579458356507E-003  1.985577675516345E-017
  6.247419172892746E-003  1.791862780344019E-017
  6.238691552396715E-003  1.573933523275152E-017
  6.208937367193445E-003  1.477076075688989E-017
  6.169175834078910E-003  1.525504799482070E-017
  6.133829244583334E-003  1.719219694654396E-017
  6.115495734038619E-003  1.961363313619804E-017
  6.120463576926833E-003  2.203506932585212E-017
  6.146562789906754E-003  2.324578742067916E-017
  6.184085040925881E-003  2.276150018274835E-017
  6.219390508855361E-003  2.058220761205968E-017
  6.239863422505832E-003  1.719219694654396E-017
  6.238417021154107E-003  1.428647351895907E-017
  6.215940549512908E-003  1.307575542413203E-017
  6.180845819237851E-003  1.404432989999366E-017
  6.145924904662403E-003  1.670790970861315E-017
  6.123690898239355E-003  1.937148951723264E-017
  6.121897604448930E-003  2.155078208792131E-017
  6.140841149454313E-003  2.251935656378294E-017
  6.173380501931937E-003  2.203506932585212E-017
  6.207623334020573E-003  2.009792037412886E-017
  6.231269140477183E-003  1.743434056550937E-017
  6.236024652476640E-003  1.501290437585529E-017
  6.220507697872196E-003  1.380218628102825E-017
  6.190624507073090E-003  1.404432989999366E-017
  6.157328423279598E-003  1.622362247068233E-017
  6.132608135947732E-003  1.937148951723264E-017
  6.125173608627313E-003  2.179292570688671E-017
  6.137391042831571E-003  2.300364380171375E-017
  6.164543912105827E-003  2.251935656378294E-017
  6.196644909248027E-003  2.034006399309427E-017
  6.222105535171659E-003  1.719219694654396E-017
  6.231916237989912E-003  1.428647351895907E-017
  6.222830273838032E-003  1.283361180516662E-017
  6.198427529089366E-003  1.356004266206285E-017
  6.167713737637180E-003  1.549719161378611E-017
  6.141799723257036E-003  1.767648418447478E-017
  6.129883901633145E-003  1.961363313619804E-017
  6.135989734476562E-003  2.082435123102508E-017
  6.157614079722139E-003  2.082435123102508E-017
  6.186737530913508E-003  1.937148951723264E-017
  6.212793606232695E-003  1.719219694654396E-017
  6.226498765262246E-003  1.525504799482070E-017
  6.223155938087071E-003  1.404432989999366E-017
  6.204257132520090E-003  1.380218628102825E-017
  6.176840675049612E-003  1.477076075688989E-017
  6.150872687133307E-003  1.622362247068233E-017
  6.135625575031094E-003  1.767648418447478E-017
  6.136368596838201E-003  1.864505866033641E-017
  6.152550656477210E-003  1.888720227930182E-017
  6.178100094621641E-003  1.840291504137100E-017
  6.203696799612420E-003  1.743434056550937E-017
  6.220167912697343E-003  1.573933523275152E-017
  6.221770852262130E-003  1.428647351895907E-017
  6.208189592613762E-003  1.380218628102825E-017
  6.184551860311065E-003  1.404432989999366E-017
  6.159496137365918E-003  1.549719161378611E-017
  6.142015450823113E-003  1.743434056550937E-017
  6.138230197687993E-003  1.888720227930182E-017
  6.149247198383042E-003  1.985577675516345E-017
  6.170852497227740E-003  1.985577675516345E-017
  6.195115279050931E-003  1.888720227930182E-017
  6.213294357258017E-003  1.719219694654396E-017
  6.218982999841561E-003  1.477076075688989E-017
  6.210361514700415E-003  1.307575542413203E-017
  6.190766812849744E-003  1.259146818620121E-017
  6.167405117628567E-003  1.404432989999366E-017
  6.148702134115592E-003  1.646576608964774E-017
  6.141264098186168E-003  1.912934589826723E-017
  6.147544983728799E-003  2.058220761205968E-017
  6.165042542850138E-003  2.034006399309427E-017
  6.187283530360688E-003  1.864505866033641E-017
  6.206213043809554E-003  1.598147885171692E-017
  6.215107047894098E-003  1.380218628102825E-017
  6.210955729491557E-003  1.234932456723580E-017
  6.195473865310900E-003  1.210718094827040E-017
  6.174401311482029E-003  1.307575542413203E-017
  6.155375092262658E-003  1.452861713792448E-017
  6.145160908679789E-003  1.622362247068233E-017
  6.147246924563491E-003  1.743434056550937E-017
  6.160654718715635E-003  1.816077142240560E-017
  6.180370919583945E-003  1.767648418447478E-017
  6.199215423813919E-003  1.598147885171692E-017
  6.210451135697717E-003  1.356004266206285E-017
  6.210187402666465E-003  1.186503732930499E-017
  6.198720534841299E-003  1.113860647240876E-017
  6.180351019682585E-003  1.186503732930499E-017
  6.161770816822254E-003  1.307575542413203E-017
  6.149624283981846E-003  1.477076075688989E-017
  6.148130998091715E-003  1.646576608964774E-017
  6.157620220367796E-003  1.743434056550937E-017
  6.174484759760895E-003  1.743434056550937E-017
  6.192544549571951E-003  1.670790970861315E-017
  6.205305843582407E-003  1.598147885171692E-017
  6.208290883503421E-003  1.525504799482070E-017
  6.200602952127105E-003  1.477076075688989E-017
  6.185180877277127E-003  1.428647351895907E-017
  6.167676235332324E-003  1.428647351895907E-017
  6.154380668745998E-003  1.452861713792448E-017
  6.149962725196768E-003  1.477076075688989E-017
  6.155827643000253E-003  1.501290437585529E-017
  6.169675402343683E-003  1.549719161378611E-017
  6.186392810482223E-003  1.549719161378611E-017
  6.199935471041080E-003  1.549719161378611E-017
  6.205507713066807E-003  1.573933523275152E-017
  6.201254905887799E-003  1.573933523275152E-017
  6.188871804508984E-003  1.525504799482070E-017
  6.172929628120027E-003  1.477076075688989E-017
  6.159186722006794E-003  1.404432989999366E-017
  6.152506329302598E-003  1.356004266206285E-017
  6.155133811592995E-003  1.307575542413203E-017
  6.165942855921856E-003  1.307575542413203E-017
  6.180902020913680E-003  1.307575542413203E-017
  6.194571641112050E-003  1.331789904309744E-017
  6.202076105693652E-003  1.331789904309744E-017
  6.200836996988415E-003  1.380218628102825E-017
  6.191451687217334E-003  1.404432989999366E-017
  6.177419370614584E-003  1.404432989999366E-017
  6.163834454564934E-003  1.380218628102825E-017
  6.155534314839331E-003  1.380218628102825E-017
  6.155374292175659E-003  1.356004266206285E-017
  6.163244443862669E-003  1.380218628102825E-017
  6.176165515225438E-003  1.380218628102825E-017
  6.189409151170900E-003  1.380218628102825E-017
  6.198222113008027E-003  1.356004266206285E-017
  6.199526321515463E-003  1.331789904309744E-017
  6.192987263491972E-003  1.331789904309744E-017
  6.181080864485379E-003  1.380218628102825E-017
  6.168154201288131E-003  1.404432989999366E-017
  6.158835306288243E-003  1.428647351895907E-017
  6.156373205092736E-003  1.428647351895907E-017
  6.161503040187906E-003  1.428647351895907E-017
  6.172231873219846E-003  1.356004266206285E-017
  6.184603910438082E-003  1.259146818620121E-017
  6.194152581432273E-003  1.234932456723580E-017
  6.197507020758694E-003  1.283361180516662E-017
  6.193575657538984E-003  1.380218628102825E-017
  6.183892042769551E-003  1.428647351895907E-017
  6.172015621209094E-003  1.428647351895907E-017
  6.162220082556785E-003  1.380218628102825E-017
  6.157952044088292E-003  1.356004266206285E-017
  6.160615465697949E-003  1.259146818620121E-017
  6.169109887124272E-003  1.162289371033958E-017
  6.180272742597164E-003  1.113860647240876E-017
  6.190049925336640E-003  1.113860647240876E-017
  6.194961952350847E-003  1.162289371033958E-017
  6.193335952895866E-003  1.210718094827040E-017
  6.185867837062513E-003  1.283361180516662E-017
  6.175326971096022E-003  1.307575542413203E-017
  6.165525824517585E-003  1.307575542413203E-017
  6.159937288306233E-003  1.331789904309744E-017
  6.160460680121003E-003  1.356004266206285E-017
  6.166774386718519E-003  1.404432989999366E-017
  6.176494787942975E-003  1.452861713792448E-017
  6.186068660907849E-003  1.477076075688989E-017
  6.192065654627068E-003  1.477076075688989E-017
  6.192401139174010E-003  1.452861713792448E-017
  6.187053981389235E-003  1.404432989999366E-017
  6.178032933323044E-003  1.380218628102825E-017
  6.168618664018292E-003  1.380218628102825E-017
  6.162166674421159E-003  1.428647351895907E-017
  6.160907467108998E-003  1.477076075688989E-017
  6.165172559708854E-003  1.525504799482070E-017
  6.173314212705029E-003  1.525504799482070E-017
  6.182333582034921E-003  1.501290437585529E-017
  6.188978698760631E-003  1.477076075688989E-017
  6.190910703100666E-003  1.477076075688989E-017
  6.187520500439627E-003  1.549719161378611E-017
  6.180111297434821E-003  1.622362247068233E-017
  6.171394679410337E-003  1.646576608964774E-017
  6.164494070208418E-003  1.646576608964774E-017
  6.161821373657946E-003  1.598147885171692E-017
  6.164230436915599E-003  1.501290437585529E-017
  6.170743922275197E-003  1.452861713792448E-017
  6.178939409753407E-003  1.452861713792448E-017
  6.185843452951071E-003  1.501290437585529E-017
  6.189004069181577E-003  1.598147885171692E-017
  6.187355192473989E-003  1.695005332757856E-017
  6.181568798377422E-003  1.791862780344019E-017
  6.173779525263993E-003  1.864505866033641E-017
  6.166792956721577E-003  1.840291504137100E-017
  6.163070730787814E-003  1.719219694654396E-017
  6.163859253233297E-003  1.598147885171692E-017
  6.168769978195912E-003  1.501290437585529E-017
  6.175951711112388E-003  1.452861713792448E-017
  6.182781221760792E-003  1.452861713792448E-017
  6.186815030810157E-003  1.452861713792448E-017
  6.186657372423424E-003  1.525504799482070E-017
  6.182436404950207E-003  1.598147885171692E-017
  6.175726912687730E-003  1.719219694654396E-017
  6.168958582321071E-003  1.767648418447478E-017
  6.164531645300906E-003  1.791862780344019E-017
  6.163961442649373E-003  1.791862780344019E-017
  6.167356433797224E-003  1.719219694654396E-017
  6.173408861194937E-003  1.598147885171692E-017
  6.179890672848229E-003  1.477076075688989E-017
  6.184467251643397E-003  1.356004266206285E-017
  6.185532091439057E-003  1.307575542413203E-017
  6.182764331870501E-003  1.307575542413203E-017
  6.177216172346287E-003  1.380218628102825E-017
  6.170908897166896E-003  1.525504799482070E-017
  6.166091910863943E-003  1.719219694654396E-017
  6.164436076057250E-003  1.816077142240560E-017
  6.166450327978208E-003  1.864505866033641E-017
  6.171324812406723E-003  1.816077142240560E-017
  6.177247423453858E-003  1.670790970861315E-017
  6.182070861575098E-003  1.501290437585529E-017
  6.184084998068213E-003  1.380218628102825E-017
  6.182617020311153E-003  1.356004266206285E-017
  6.178249136099844E-003  1.428647351895907E-017
  6.172584411106497E-003  1.598147885171692E-017
  6.167653838759924E-003  1.791862780344019E-017
  6.165183601633152E-003  1.912934589826723E-017
  6.165986608415374E-003  1.985577675516345E-017
  6.169692436650400E-003  1.961363313619804E-017
  6.174904630140191E-003  1.864505866033641E-017
  6.179720123171652E-003  1.719219694654396E-017
  6.182417955731582E-003  1.573933523275152E-017
  6.182068297255424E-003  1.477076075688989E-017
  6.178846566709848E-003  1.501290437585529E-017
  6.173947141321721E-003  1.622362247068233E-017
  6.169136053179600E-003  1.791862780344019E-017
  6.166109796961776E-003  1.937148951723264E-017
  6.165892792096584E-003  2.009792037412886E-017
  6.168487216962673E-003  1.985577675516345E-017
  6.172894407076629E-003  1.937148951723264E-017
  6.177492103993472E-003  1.864505866033641E-017
  6.180625483255799E-003  1.816077142240560E-017
  6.181196885807597E-003  1.791862780344019E-017
  6.179044350027642E-003  1.816077142240560E-017
  6.174978829240625E-003  1.888720227930182E-017
  6.170474332112807E-003  1.937148951723264E-017
  6.167128888076580E-003  1.912934589826723E-017
  6.166093210307959E-003  1.840291504137100E-017
  6.167671083789270E-003  1.767648418447478E-017
  6.171229889816426E-003  1.743434056550937E-017
  6.175446258328623E-003  1.767648418447478E-017
  6.178792041496968E-003  1.816077142240560E-017
  6.180082398818990E-003  1.888720227930182E-017
  6.178889642357395E-003  1.985577675516345E-017
  6.175678610009864E-003  2.058220761205968E-017
  6.171621602456004E-003  2.082435123102508E-017
  6.168165831711802E-003  2.034006399309427E-017
  6.166512725036944E-003  1.961363313619804E-017
  6.167196215434863E-003  1.864505866033641E-017
  6.169907761958028E-003  1.791862780344019E-017
  6.173624798605168E-003  1.767648418447478E-017
  6.176990150782537E-003  1.767648418447478E-017
  6.178801908718013E-003  1.840291504137100E-017
  6.178437139134931E-003  1.888720227930182E-017
  6.176060313454993E-003  2.009792037412886E-017
  6.172547216977056E-003  2.106649484999049E-017
  6.169157792336831E-003  2.130863846895590E-017
  6.167079842453420E-003  2.106649484999049E-017
  6.167008650504427E-003  2.058220761205968E-017
  6.168911070027214E-003  1.937148951723264E-017
  6.172053721843129E-003  1.840291504137100E-017
  6.175279291811200E-003  1.743434056550937E-017
  6.177427148865975E-003  1.695005332757856E-017
  6.177745601491141E-003  1.719219694654396E-017
  6.176149564291872E-003  1.888720227930182E-017
  6.173235651715050E-003  2.106649484999049E-017
  6.170054874340190E-003  2.300364380171375E-017
  6.167729185247821E-003  2.397221827757539E-017
  6.167051590606026E-003  2.348793103964457E-017
  6.168212165943456E-003  2.203506932585212E-017
  6.170744349366142E-003  1.985577675516345E-017
  6.173705517217944E-003  1.767648418447478E-017
  6.176022367385623E-003  1.622362247068233E-017
  6.176874746342184E-003  1.622362247068233E-017
  6.175980832842380E-003  1.791862780344019E-017
  6.173684765959357E-003  2.082435123102508E-017
  6.170820191790420E-003  2.348793103964457E-017
  6.168403318010753E-003  2.518293637240243E-017
  6.167268302628895E-003  2.542507999136783E-017
  6.167775635076942E-003  2.421436189654079E-017
  6.169695237787503E-003  2.203506932585212E-017
  6.172301682327260E-003  1.985577675516345E-017
  6.174642824195371E-003  1.767648418447478E-017
  6.175882574853545E-003  1.719219694654396E-017
  6.175594567116075E-003  1.816077142240560E-017
  6.173903764069999E-003  2.058220761205968E-017
  6.171429373584056E-003  2.324578742067916E-017
  6.169053947721924E-003  2.494079275343702E-017
  6.167604560165770E-003  2.494079275343702E-017
  6.167561089714586E-003  2.373007465860998E-017
  6.168894325016699E-003  2.203506932585212E-017
  6.171088191480944E-003  2.009792037412886E-017
  6.173333896584783E-003  1.888720227930182E-017
  6.174823184726920E-003  1.888720227930182E-017
  6.175034514261491E-003  1.985577675516345E-017
  6.173910990128781E-003  2.155078208792131E-017
  6.171869610825903E-003  2.324578742067916E-017
  6.169642544271605E-003  2.445650551550620E-017
  6.168010591967253E-003  2.494079275343702E-017
  6.167525731362912E-003  2.421436189654079E-017
  6.168321185597932E-003  2.276150018274835E-017
  6.170074150291490E-003  2.130863846895590E-017
  6.172130738444952E-003  2.009792037412886E-017
  6.173745084781909E-003  1.985577675516345E-017
  6.174345315380144E-003  2.009792037412886E-017
  6.173731673878591E-003  2.082435123102508E-017
  6.172138356521981E-003  2.227721294481753E-017
  6.170140443543812E-003  2.373007465860998E-017
  6.168442530798122E-003  2.494079275343702E-017
  6.167626609475239E-003  2.518293637240243E-017
  6.167949283945917E-003  2.469864913447161E-017
  6.169258813601420E-003  2.373007465860998E-017
  6.171058423312613E-003  2.251935656378294E-017
  6.172690006523675E-003  2.203506932585212E-017
  6.173570433705079E-003  2.155078208792131E-017
  6.173395730761715E-003  2.179292570688671E-017
  6.172241785811310E-003  2.227721294481753E-017
  6.170528507976572E-003  2.324578742067916E-017
  6.168863378059569E-003  2.421436189654079E-017
  6.167822527809875E-003  2.542507999136783E-017
  6.167748130852773E-003  2.590936722929865E-017
  6.168633223049822E-003  2.566722361033324E-017
  6.170132491556189E-003  2.469864913447161E-017
  6.171692187331989E-003  2.348793103964457E-017
  6.172750453175652E-003  2.179292570688671E-017
  6.172935701217300E-003  2.058220761205968E-017
  6.172193118840572E-003  2.058220761205968E-017
  6.170796426925313E-003  2.155078208792131E-017
  6.169243517636325E-003  2.300364380171375E-017
  6.168075571795335E-003  2.421436189654079E-017
  6.167685266926138E-003  2.566722361033324E-017
  6.168181936102219E-003  2.615151084826406E-017
  6.169359816988908E-003  2.566722361033324E-017
  6.170778083872496E-003  2.421436189654079E-017
  6.171921763304391E-003  2.227721294481753E-017
  6.172384895775970E-003  2.058220761205968E-017
  6.172010898876467E-003  1.961363313619804E-017
  6.170941742008028E-003  2.009792037412886E-017
  6.169560826435866E-003  2.130863846895590E-017
  6.168352250281395E-003  2.348793103964457E-017
  6.167728015400826E-003  2.542507999136783E-017
  6.167884759294908E-003  2.663579808619487E-017
  6.168739707450651E-003  2.712008532412569E-017
  6.169966462402489E-003  2.639365446722946E-017
  6.171115627549242E-003  2.494079275343702E-017
  6.171775793819815E-003  2.300364380171375E-017
  6.171717306249317E-003  2.130863846895590E-017
  6.170968681452947E-003  2.058220761205968E-017
  6.169800439018908E-003  2.130863846895590E-017
  6.168624262368728E-003  2.324578742067916E-017
  6.167844965183441E-003  2.542507999136783E-017
  6.167718411392680E-003  2.712008532412569E-017
  6.168265156857936E-003  2.760437256205650E-017
  6.169268804720952E-003  2.712008532412569E-017
  6.170357616600861E-003  2.542507999136783E-017
  6.171138725950588E-003  2.324578742067916E-017
  6.171336575098017E-003  2.179292570688671E-017
  6.170886882938156E-003  2.155078208792131E-017
  6.169954229756773E-003  2.227721294481753E-017
  6.168868914302262E-003  2.397221827757539E-017
  6.168007162321587E-003  2.590936722929865E-017
  6.167658056314595E-003  2.736222894309110E-017
  6.167924172214348E-003  2.760437256205650E-017
  6.168689964342428E-003  2.687794170516028E-017
  6.169667375312885E-003  2.542507999136783E-017
  6.170500853372604E-003  2.373007465860998E-017
  6.170893565452001E-003  2.227721294481753E-017
  6.170710077193291E-003  2.155078208792131E-017
  6.170020078409722E-003  2.203506932585212E-017
  6.169069222526091E-003  2.300364380171375E-017
  6.168189003766762E-003  2.421436189654079E-017
  6.167678660273873E-003  2.566722361033324E-017
  6.167701107404664E-003  2.615151084826406E-017
  6.168229006682135E-003  2.615151084826406E-017
  6.169058682519880E-003  2.566722361033324E-017
  6.169885443043221E-003  2.445650551550620E-017
  6.170412528668164E-003  2.300364380171375E-017
  6.170454795425583E-003  2.203506932585212E-017
  6.170000984323023E-003  2.130863846895590E-017
  6.169213746930119E-003  2.203506932585212E-017
  6.168368840905438E-003  2.348793103964457E-017
  6.167756141926504E-003  2.542507999136783E-017
  6.167577945570864E-003  2.687794170516028E-017
  6.167880169163264E-003  2.784651618102191E-017
  6.168539756633251E-003  2.808865979998732E-017
  6.169311424914216E-003  2.760437256205650E-017
  6.169916090264268E-003  2.639365446722946E-017
  6.170139153116638E-003  2.494079275343702E-017
  6.169904091077815E-003  2.373007465860998E-017
  6.169296203203354E-003  2.300364380171375E-017
  6.168529311597074E-003  2.324578742067916E-017
  6.167868297859489E-003  2.445650551550620E-017
  6.167535482825350E-003  2.566722361033324E-017
  6.167633881679343E-003  2.663579808619487E-017
  6.168113756489213E-003  2.736222894309110E-017
  6.168793207580786E-003  2.736222894309110E-017
  6.169424461266783E-003  2.712008532412569E-017
  6.169781751549633E-003  2.663579808619487E-017
  6.169739677945398E-003  2.590936722929865E-017
  6.169314905287991E-003  2.566722361033324E-017
  6.168657428249469E-003  2.590936722929865E-017
  6.167995498021609E-003  2.663579808619487E-017
  6.167554377388778E-003  2.736222894309110E-017
  6.167477794221486E-003  2.808865979998732E-017
  6.167779426157533E-003  2.857294703791814E-017
  6.168340721138296E-003  2.833080341895273E-017
  6.168954877712145E-003  2.736222894309110E-017
  6.169400727140907E-003  2.639365446722946E-017
  6.169520167421971E-003  2.542507999136783E-017
  6.169272088527315E-003  2.469864913447161E-017
  6.168744455773109E-003  2.469864913447161E-017
  6.168121156374505E-003  2.518293637240243E-017
  6.167616039412897E-003  2.663579808619487E-017
  6.167397766169985E-003  2.808865979998732E-017
  6.167531833948281E-003  2.978366513274517E-017
  6.167959650972750E-003  3.075223960860681E-017
  6.168521258180217E-003  3.099438322757222E-017
  6.169012967758334E-003  3.026795237067599E-017
  6.169259189998971E-003  2.881509065688355E-017
  6.169173161601046E-003  2.687794170516028E-017
  6.168785617185004E-003  2.542507999136783E-017
  6.168231990902500E-003  2.542507999136783E-017
  6.167703347313033E-003  2.663579808619487E-017
  6.167378780233697E-003  2.833080341895273E-017
  6.167363159274537E-003  3.002580875171058E-017
  6.167651823435606E-003  3.099438322757222E-017
  6.168134061358655E-003  3.075223960860681E-017
  6.168633505115690E-003  2.905723427584895E-017
  6.168970738651404E-003  2.736222894309110E-017
  6.169025931159650E-003  2.566722361033324E-017
  6.168779666363194E-003  2.542507999136783E-017
  6.168318094057918E-003  2.615151084826406E-017
  6.167801186032051E-003  2.760437256205650E-017
  6.167405752822195E-003  2.857294703791814E-017
  6.167263485918294E-003  2.905723427584895E-017
  6.167415703656550E-003  2.905723427584895E-017
  6.167800319694930E-003  2.881509065688355E-017
  6.168275083348568E-003  2.857294703791814E-017
  6.168668436752517E-003  2.736222894309110E-017
  6.168839837629486E-003  2.615151084826406E-017
  6.168728367236129E-003  2.590936722929865E-017
  6.168372839722723E-003  2.615151084826406E-017
  6.167896811022837E-003  2.736222894309110E-017
  6.167464221334551E-003  2.833080341895273E-017
  6.167221566181473E-003  2.929937789481436E-017
  6.167246966853582E-003  2.954152151377977E-017
  6.167523821156874E-003  2.905723427584895E-017
  6.167947896222692E-003  2.784651618102191E-017
  6.168364934636436E-003  2.663579808619487E-017
  6.168625234380792E-003  2.542507999136783E-017
  6.168635916822812E-003  2.445650551550620E-017
  6.168392655909928E-003  2.469864913447161E-017
  6.167980048695453E-003  2.590936722929865E-017
  6.167540897090402E-003  2.736222894309110E-017
  6.167225526977909E-003  2.881509065688355E-017
  6.167139107096036E-003  2.978366513274517E-017
  6.167305408884135E-003  2.857294703791814E-017
  6.167659479229873E-003  2.639365446722946E-017
  6.168071442150008E-003  2.397221827757539E-017
  6.168392735721276E-003  2.203506932585212E-017
  6.168508346342690E-003  2.179292570688671E-017
  6.168376693849315E-003  2.251935656378294E-017
  6.168043349538876E-003  2.397221827757539E-017
  6.167624080129767E-003  2.542507999136783E-017
  6.167263495761348E-003  2.639365446722946E-017
  6.167084051233378E-003  2.663579808619487E-017
  6.167143367903277E-003  2.590936722929865E-017
  6.167414738140241E-003  2.421436189654079E-017
  6.167797397508371E-003  2.227721294481753E-017
  6.168152652353344E-003  2.106649484999049E-017
  6.168352930421254E-003  2.106649484999049E-017
  6.168326423995138E-003  2.203506932585212E-017
  6.168081714083183E-003  2.348793103964457E-017
  6.167703938657800E-003  2.494079275343702E-017
  6.167324130958792E-003  2.590936722929865E-017
  6.167072750289926E-003  2.590936722929865E-017
  6.167033868884811E-003  2.518293637240243E-017
  6.167216092380062E-003  2.421436189654079E-017
  6.167550266769965E-003  2.300364380171375E-017
  6.167914526317828E-003  2.251935656378294E-017
  6.168177629553525E-003  2.203506932585212E-017
  6.168245188087806E-003  2.227721294481753E-017
  6.168092514369192E-003  2.300364380171375E-017
  6.167772661369454E-003  2.373007465860998E-017
  6.167397048008188E-003  2.469864913447161E-017
  6.167095725725312E-003  2.542507999136783E-017
  6.166971440899171E-003  2.566722361033324E-017
  6.167063709810234E-003  2.469864913447161E-017
  6.167335463381459E-003  2.300364380171375E-017
  6.167686771294120E-003  2.130863846895590E-017
  6.167990585760489E-003  1.961363313619804E-017
  6.168137733948960E-003  1.888720227930182E-017
  6.168075234746406E-003  1.985577675516345E-017
  6.167824495184457E-003  2.106649484999049E-017
  6.167473137960647E-003  2.276150018274835E-017
  6.167143553279381E-003  2.469864913447161E-017
  6.166949448023446E-003  2.518293637240243E-017
  6.166955808962425E-003  2.494079275343702E-017
  6.167156373552933E-003  2.373007465860998E-017
  6.167476418630989E-003  2.251935656378294E-017
  6.167799686059561E-003  2.130863846895590E-017
  6.168009756448310E-003  2.058220761205968E-017
  6.168031155775294E-003  2.082435123102508E-017
  6.167855684042232E-003  2.179292570688671E-017
  6.167544780732973E-003  2.300364380171375E-017
  6.167207272398615E-003  2.421436189654079E-017
  6.166960548203467E-003  2.542507999136783E-017
  6.166889005382119E-003  2.590936722929865E-017
  6.167014470694256E-003  2.542507999136783E-017
  6.167288964783271E-003  2.373007465860998E-017
  6.167612203210734E-003  2.130863846895590E-017
  6.167867464306527E-003  1.937148951723264E-017
  6.167963003944918E-003  1.840291504137100E-017
  6.167864326388934E-003  1.888720227930182E-017
  6.167605959374853E-003  2.009792037412886E-017
  6.167278714259093E-003  2.227721294481753E-017
  6.166997116737663E-003  2.421436189654079E-017
  6.166858680242705E-003  2.542507999136783E-017
  6.166909500713139E-003  2.590936722929865E-017
  6.167128312011690E-003  2.518293637240243E-017
  6.167434518393143E-003  2.397221827757539E-017
  6.167717188331277E-003  2.203506932585212E-017
  6.167874588027080E-003  2.034006399309427E-017
  6.167850169916505E-003  1.937148951723264E-017
  6.167652285087667E-003  1.961363313619804E-017
  6.167350745981464E-003  2.106649484999049E-017
  6.167051620890348E-003  2.300364380171375E-017
  6.166859351631737E-003  2.494079275343702E-017
  6.166839719544058E-003  2.590936722929865E-017
  6.166996791301051E-003  2.566722361033324E-017
  6.167271926167762E-003  2.445650551550620E-017
  6.167565042540964E-003  2.300364380171375E-017
  6.167770440375878E-003  2.130863846895590E-017
  6.167814362101638E-003  2.034006399309427E-017
  6.167680945186642E-003  2.034006399309427E-017
  6.167417432644262E-003  2.179292570688671E-017
  6.167116936258774E-003  2.397221827757539E-017
  6.166885031668029E-003  2.566722361033324E-017
  6.166802164717445E-003  2.639365446722946E-017
  6.166895254456355E-003  2.590936722929865E-017
  6.167128518400535E-003  2.469864913447161E-017
  6.167416645602074E-003  2.324578742067916E-017
  6.167655478546047E-003  2.251935656378294E-017
  6.167759174279054E-003  2.251935656378294E-017
  6.167690587764187E-003  2.300364380171375E-017
  6.167474122054136E-003  2.348793103964457E-017
  6.167186599437032E-003  2.397221827757539E-017
  6.166929555691560E-003  2.421436189654079E-017
  6.166792943943723E-003  2.397221827757539E-017
  6.166823221200511E-003  2.324578742067916E-017
  6.167007140825091E-003  2.251935656378294E-017
  6.167276906247879E-003  2.227721294481753E-017
  6.167534699433114E-003  2.251935656378294E-017
  6.167687715521137E-003  2.276150018274835E-017
  6.167681157552513E-003  2.324578742067916E-017
  6.167517459877663E-003  2.348793103964457E-017
  6.167254995101444E-003  2.373007465860998E-017
  6.166986872997111E-003  2.373007465860998E-017
  6.166807525420818E-003  2.324578742067916E-017
  6.166779066744027E-003  2.227721294481753E-017
  6.166909413643236E-003  2.130863846895590E-017
  6.167149872980653E-003  2.082435123102508E-017
  6.167412914903791E-003  2.130863846895590E-017
  6.167603650642272E-003  2.227721294481753E-017
  6.167653697486911E-003  2.324578742067916E-017
  6.167545344668639E-003  2.373007465860998E-017
  6.167317478781447E-003  2.373007465860998E-017
  6.167051291796869E-003  2.300364380171375E-017
  6.166841016719118E-003  2.227721294481753E-017
  6.166760235627712E-003  2.155078208792131E-017
  6.166835805989059E-003  2.130863846895590E-017
  6.167038645474523E-003  2.106649484999049E-017
  6.167294534735307E-003  2.106649484999049E-017
  6.167510934357555E-003  2.130863846895590E-017
  6.167610129845096E-003  2.179292570688671E-017
  6.167556833558963E-003  2.227721294481753E-017
  6.167370439206772E-003  2.300364380171375E-017
  6.167117674160939E-003  2.348793103964457E-017
  6.166888421502065E-003  2.300364380171375E-017
  6.166763468539771E-003  2.227721294481753E-017
  6.166785753182924E-003  2.179292570688671E-017
  6.166945342745391E-003  2.106649484999049E-017
  6.167183399740422E-003  2.058220761205968E-017
  6.167413571148942E-003  2.082435123102508E-017
  6.167553029701297E-003  2.155078208792131E-017
  6.167552009968282E-003  2.227721294481753E-017
  6.167411306197280E-003  2.324578742067916E-017
  6.167181579487326E-003  2.397221827757539E-017
  6.166944865862244E-003  2.373007465860998E-017
  6.166785030157060E-003  2.251935656378294E-017
  6.166757805415673E-003  2.082435123102508E-017
  6.166871121362038E-003  1.937148951723264E-017
  6.167082665317843E-003  1.816077142240560E-017
  6.167315407862113E-003  1.767648418447478E-017
  6.167485401909990E-003  1.816077142240560E-017
  6.167531824696818E-003  1.985577675516345E-017
  6.167438511577118E-003  2.203506932585212E-017
  6.167239357512059E-003  2.373007465860998E-017
  6.167005788566399E-003  2.494079275343702E-017
  6.166820927733303E-003  2.469864913447161E-017
  6.166749796754132E-003  2.276150018274835E-017
  6.166816235734125E-003  2.034006399309427E-017
  6.166994733404335E-003  1.816077142240560E-017
  6.167219963590512E-003  1.670790970861315E-017
  6.167410471045135E-003  1.670790970861315E-017
  6.167497921280516E-003  1.791862780344019E-017
  6.167451411565908E-003  2.058220761205968E-017
  6.167288193929448E-003  2.348793103964457E-017
  6.167067091900711E-003  2.566722361033324E-017
  6.166867112035433E-003  2.639365446722946E-017
  6.166759024057673E-003  2.518293637240243E-017
  6.166780131801767E-003  2.276150018274835E-017
  6.166921228959201E-003  1.937148951723264E-017
  6.167130299097129E-003  1.719219694654396E-017
  6.167331491782279E-003  1.695005332757856E-017
  6.167452455600746E-003  1.840291504137100E-017
  6.167450179563593E-003  2.106649484999049E-017
  6.167326113321088E-003  2.348793103964457E-017
  6.167125252003689E-003  2.518293637240243E-017
  6.166919654202256E-003  2.566722361033324E-017
  6.166782426447118E-003  2.421436189654079E-017
  6.166761565221576E-003  2.155078208792131E-017
  6.166863015702330E-003  1.888720227930182E-017
  6.167048925955346E-003  1.695005332757856E-017
  6.167251585228277E-003  1.646576608964774E-017
  6.167397918548739E-003  1.743434056550937E-017
  6.167435678255830E-003  1.961363313619804E-017
  6.167351945282432E-003  2.203506932585212E-017
  6.167177389502013E-003  2.469864913447161E-017
  6.166974894068055E-003  2.590936722929865E-017
  6.166816757274985E-003  2.566722361033324E-017
  6.166758735335873E-003  2.397221827757539E-017
  6.166820244851792E-003  2.130863846895590E-017
  6.166977753812757E-003  1.888720227930182E-017
  6.167173604768472E-003  1.767648418447478E-017
  6.167336969143224E-003  1.791862780344019E-017
  6.167409319588527E-003  2.009792037412886E-017
  6.167365260399395E-003  2.324578742067916E-017
  6.167221302880761E-003  2.639365446722946E-017
  6.167029557373679E-003  2.784651618102191E-017
  6.166858742016646E-003  2.663579808619487E-017
  6.166769426755844E-003  2.397221827757539E-017
  6.166792430045049E-003  2.034006399309427E-017
  6.166918072730757E-003  1.719219694654396E-017
  6.167100033190623E-003  1.525504799482070E-017
  6.167272283979198E-003  1.549719161378611E-017
  6.167372920465842E-003  1.791862780344019E-017
  6.167366283093274E-003  2.179292570688671E-017
  6.167255468298461E-003  2.518293637240243E-017
  6.167080841010416E-003  2.687794170516028E-017
  6.166905217048285E-003  2.663579808619487E-017
  6.166791151211460E-003  2.469864913447161E-017
  6.166778541444033E-003  2.155078208792131E-017
  6.166870566443602E-003  1.840291504137100E-017
  6.167032911218943E-003  1.622362247068233E-017
  6.167206427329109E-003  1.622362247068233E-017
  6.167328561090947E-003  1.840291504137100E-017
  6.167355788361694E-003  2.179292570688671E-017
  6.167279010492876E-003  2.542507999136783E-017
  6.167126466955910E-003  2.784651618102191E-017
  6.166953245821965E-003  2.808865979998732E-017
  6.166821283345531E-003  2.663579808619487E-017
  6.166777112171916E-003  2.324578742067916E-017
  6.166835351611771E-003  1.912934589826723E-017
  6.166973796193719E-003  1.573933523275152E-017
  6.167141744697372E-003  1.452861713792448E-017
  6.167278451768442E-003  1.598147885171692E-017
  6.167334989147243E-003  1.888720227930182E-017
  6.167291650024346E-003  2.251935656378294E-017
  6.167164706831049E-003  2.518293637240243E-017
  6.167000210424030E-003  2.615151084826406E-017
  6.166857185282469E-003  2.469864913447161E-017
  6.166786350654110E-003  2.155078208792131E-017
  6.166812037700267E-003  1.767648418447478E-017
  6.166923748489495E-003  1.501290437585529E-017
  6.167080281205141E-003  1.404432989999366E-017
  6.167224812792153E-003  1.573933523275152E-017
  6.167305420520519E-003  1.912934589826723E-017
  6.167293632391934E-003  2.324578742067916E-017
  6.167194380012708E-003  2.615151084826406E-017
  6.167043877856966E-003  2.712008532412569E-017
  6.166896316016641E-003  2.590936722929865E-017
  6.166804253080269E-003  2.227721294481753E-017
  6.166799801965556E-003  1.816077142240560E-017
  6.166883342390800E-003  1.549719161378611E-017
  6.167023724902628E-003  1.477076075688989E-017
  6.167169770817893E-003  1.622362247068233E-017
  6.167268826129586E-003  1.937148951723264E-017
  6.167285644565867E-003  2.300364380171375E-017
  6.167214828973443E-003  2.590936722929865E-017
  6.167082441575349E-003  2.663579808619487E-017
  6.166936322878794E-003  2.494079275343702E-017
  6.166828711007878E-003  2.130863846895590E-017
  6.166797474148581E-003  1.767648418447478E-017
  6.166852697537292E-003  1.501290437585529E-017
  6.166973374004885E-003  1.428647351895907E-017
  6.167115273923766E-003  1.598147885171692E-017
  6.167227051502132E-003  1.888720227930182E-017
  6.167268724247565E-003  2.203506932585212E-017
  6.167225875992745E-003  2.469864913447161E-017
  6.167114539805896E-003  2.518293637240243E-017
  6.166975113499924E-003  2.397221827757539E-017
  6.166857610034287E-003  2.058220761205968E-017
  6.166803625803633E-003  1.670790970861315E-017
  6.166831526698668E-003  1.404432989999366E-017
  6.166930126146321E-003  1.331789904309744E-017
  6.167063026439203E-003  1.525504799482070E-017
  6.167181947846071E-003  1.888720227930182E-017
  6.167244166740159E-003  2.276150018274835E-017
  6.167227765612418E-003  2.542507999136783E-017
  6.167139252973944E-003  2.542507999136783E-017
  6.167010907757552E-003  2.348793103964457E-017
  6.166888916418907E-003  2.034006399309427E-017
  6.166816659698257E-003  1.695005332757856E-017
  6.166819195521792E-003  1.477076075688989E-017
  6.166894487058873E-003  1.452861713792448E-017
  6.167014443614733E-003  1.670790970861315E-017
  6.167135289029736E-003  2.009792037412886E-017
  6.167213433734239E-003  2.348793103964457E-017
  6.167221097215907E-003  2.566722361033324E-017
  6.167156083139410E-003  2.615151084826406E-017
  6.167042270127376E-003  2.445650551550620E-017
  6.166920749492600E-003  2.058220761205968E-017
  6.166834895351118E-003  1.670790970861315E-017
  6.166814789980249E-003  1.380218628102825E-017
  6.166866595598820E-003  1.331789904309744E-017
  6.166970625335581E-003  1.477076075688989E-017
  6.167088703479314E-003  1.840291504137100E-017
  6.167178067631758E-003  2.227721294481753E-017
  6.167206751929281E-003  2.518293637240243E-017
  6.167164918719270E-003  2.615151084826406E-017
  6.167068123651235E-003  2.421436189654079E-017
  6.166951438605918E-003  2.058220761205968E-017
  6.166856647487894E-003  1.646576608964774E-017
  6.166817187516635E-003  1.331789904309744E-017
  6.166846261768040E-003  1.259146818620121E-017
  6.166932347370634E-003  1.380218628102825E-017
  6.167043621846302E-003  1.695005332757856E-017
  6.167139614289582E-003  2.034006399309427E-017
  6.167185817704665E-003  2.348793103964457E-017
  6.167165987954298E-003  2.469864913447161E-017
  6.167087747357759E-003  2.469864913447161E-017
  6.166979564207999E-003  2.276150018274835E-017
  6.166880294947246E-003  1.985577675516345E-017
  6.166825128264869E-003  1.719219694654396E-017
  6.166833014280746E-003  1.549719161378611E-017
  6.166900068102260E-003  1.573933523275152E-017
  6.167001240500960E-003  1.743434056550937E-017
  6.167099556303488E-003  2.009792037412886E-017
  6.167159515991689E-003  2.251935656378294E-017
  6.167159804584839E-003  2.397221827757539E-017
  6.167100759431186E-003  2.373007465860998E-017
  6.167003983388261E-003  2.227721294481753E-017
  6.166904338322042E-003  1.961363313619804E-017
  6.166837283236782E-003  1.719219694654396E-017
  6.166826154293951E-003  1.525504799482070E-017
  6.166873948301829E-003  1.501290437585529E-017
  6.166962500220841E-003  1.670790970861315E-017
  6.167059258208382E-003  1.985577675516345E-017
  6.167129132864917E-003  2.276150018274835E-017
  6.167147109057643E-003  2.445650551550620E-017
  6.167107088720199E-003  2.421436189654079E-017
  6.167023840835608E-003  2.203506932585212E-017
  6.166927445342690E-003  1.888720227930182E-017
  6.166852316918975E-003  1.573933523275152E-017
  6.166824812123640E-003  1.331789904309744E-017
  6.166853881293721E-003  1.283361180516662E-017
  6.166928078880345E-003  1.477076075688989E-017
