  0.999999965156707       0.000000000000000E+000
  0.803374219745946       0.000000000000000E+000
  0.342538234446694      -1.250195417487060E-016
 -9.320872562839218E-002 -2.500390834974120E-016
 -0.242631542235044      -2.500390834974120E-016
 -3.560382032744520E-002 -1.666927223316080E-016
  0.374095671590991      -8.334636116580400E-017
  0.719814331304620       0.000000000000000E+000
  0.795659039552211      -4.167318058290200E-017
  0.576857638775039      -1.250195417487060E-016
  0.215491875436692      -2.083659029145100E-016
 -7.228188278056256E-002 -2.083659029145100E-016
 -0.143422854235100      -1.250195417487060E-016
 -4.829894225038191E-004  0.000000000000000E+000
  0.235643808901378       4.167318058290200E-017
  0.418295116682950       2.083659029145100E-017
  0.462798771208331      -6.250977087435300E-017
  0.376425191887152      -1.041829514572550E-016
  0.226996945741461      -9.376465631152951E-017
  8.796058781409939E-002 -4.688232815576475E-017
  2.836705590186080E-003  1.562744271858825E-017
 -1.569838133066085E-002  5.730062330149025E-017
  3.083943003833332E-002  5.469604951505888E-017
  0.134432510975958       1.041829514572550E-017
  0.270731736075925      -2.083659029145100E-017
  0.388528676396925      -6.250977087435300E-017
  0.422380867312004      -7.292806602007850E-017
  0.332465907660277      -6.250977087435300E-017
  0.145832012299496       0.000000000000000E+000
 -3.891322439168570E-002  6.250977087435300E-017
 -0.100764984281730       6.250977087435300E-017
  2.455555347276621E-002  2.083659029145100E-017
  0.289304491343346      -4.167318058290200E-017
  0.548020937754251      -1.041829514572550E-016
  0.642184716617250      -1.458561320401570E-016
  0.504270148124914      -8.334636116580400E-017
  0.210412018159089      -8.334636116580400E-017
 -5.930537453963159E-002 -6.250977087435300E-017
 -0.132420838057388      -4.167318058290200E-017
  4.390180764675644E-002 -4.167318058290200E-017
  0.365445844440250      -4.167318058290200E-017
  0.634998430164880      -1.041829514572550E-016
  0.687175642105457      -1.875293126230590E-016
  0.492509727424430      -2.083659029145100E-016
  0.173357422511477      -1.666927223316080E-016
 -7.683126106817256E-002 -8.334636116580400E-017
 -0.116043393531327      -6.250977087435300E-017
  6.183916453994871E-002 -4.167318058290200E-017
  0.332051158237488      -4.167318058290200E-017
  0.524353324110125      -1.041829514572550E-016
  0.529176729438022      -1.875293126230590E-016
  0.356736853028865      -2.292024932059610E-016
  0.117591433949912      -1.875293126230590E-016
 -5.414815645033750E-002 -9.376465631152951E-017
 -8.067890751639485E-002  1.041829514572550E-017
  2.500674735948690E-002  8.334636116580400E-017
  0.182716447910007       4.167318058290200E-017
  0.301556710370410      -4.167318058290200E-017
  0.329292786981772      -1.250195417487060E-016
  0.268258990126374      -1.666927223316080E-016
  0.158847044778738      -1.562744271858825E-016
  5.090546428245527E-002 -9.376465631152951E-017
 -1.683781716833218E-002 -1.302286893215688E-017
 -2.350163284768331E-002  3.906860679647063E-017
  3.380861000895889E-002  4.167318058290200E-017
  0.138372972846615       0.000000000000000E+000
  0.252191899277955      -5.730062330149025E-017
  0.323679234152211      -1.041829514572550E-016
  0.310264201922048      -1.041829514572550E-016
  0.207252717786069      -1.041829514572550E-016
  6.233619118941019E-002 -6.250977087435300E-017
 -4.154581840995902E-002 -5.209147572862750E-017
 -3.226877084557558E-002 -3.125488543717650E-017
  0.102628287719423      -4.167318058290200E-017
  0.298524992571036      -8.334636116580400E-017
  0.445343189259779      -1.458561320401570E-016
  0.453403166954262      -1.666927223316080E-016
  0.312693296995561      -1.875293126230590E-016
  0.104983116202219      -1.458561320401570E-016
 -4.297390950207110E-002 -9.376465631152951E-017
 -3.778528090096555E-002 -3.125488543717650E-017
  0.120670702366189      -6.250977087435300E-017
  0.337410895007926      -1.250195417487060E-016
  0.480896001459688      -1.771110174773335E-016
  0.464745630434740      -2.187841980602355E-016
  0.300321968269325      -2.083659029145100E-016
  8.729241864839990E-002 -1.666927223316080E-016
 -5.017171248656229E-002 -1.250195417487060E-016
 -3.950244225353293E-002 -1.041829514572550E-016
  9.980102187082480E-002 -1.041829514572550E-016
  0.274149459802400      -1.250195417487060E-016
  0.376984149938059      -1.666927223316080E-016
  0.352190341544605      -1.666927223316080E-016
  0.221353955426932      -1.666927223316080E-016
  6.263651708884162E-002 -1.354378368944315E-016
 -4.012931432237470E-002 -8.334636116580400E-017
 -4.418989382941209E-002 -6.250977087435300E-017
  3.571926177038211E-002 -4.167318058290200E-017
  0.145061963543155      -5.209147572862750E-017
  0.224549114969773      -5.730062330149025E-017
  0.239725869799926      -8.855550873866675E-017
  0.191277064212332      -1.198103941758433E-016
  0.106867050984036      -1.146012466029805E-016
  2.463781834251831E-002 -8.334636116580400E-017
 -2.187474118556912E-002 -2.865031165074512E-017
 -1.369802148780931E-002  2.344116407788238E-017
  4.793485042638573E-002  4.688232815576475E-017
  0.140053618163619       2.604573786431375E-017
  0.223337514014198      -3.906860679647063E-017
  0.256996612678673      -9.636923009796089E-017
  0.219818699023173      -1.146012466029805E-016
  0.126428938593382      -8.334636116580400E-017
  2.597693076791769E-002 -3.125488543717650E-017
 -2.123172972134826E-002  2.083659029145100E-017
  2.109128063003374E-002  2.083659029145100E-017
  0.139399493487443      -3.125488543717650E-017
  0.272678776728464      -1.041829514572550E-016
  0.345483968555345      -1.458561320401570E-016
  0.313570525141091      -1.250195417487060E-016
  0.193521830135155      -1.041829514572550E-016
  5.582735751879676E-002 -8.334636116580400E-017
 -1.645631253860565E-002 -5.209147572862750E-017
  2.140018137411813E-002 -4.167318058290200E-017
  0.147512229323968      -8.334636116580400E-017
  0.286173172987766      -1.250195417487060E-016
  0.354082039868070      -1.146012466029805E-016
  0.310963158567694      -1.146012466029805E-016
  0.182952127784619      -1.041829514572550E-016
  4.488745111711789E-002 -9.376465631152951E-017
 -2.618588918594952E-002 -8.334636116580400E-017
  3.425719741865992E-003 -9.376465631152951E-017
  0.107045216256630      -1.041829514572550E-016
  0.217477430147299      -9.376465631152951E-017
  0.268985252828410      -8.334636116580400E-017
  0.234569454046365      -8.334636116580400E-017
  0.137230277107573      -8.334636116580400E-017
  3.172459422257475E-002 -8.334636116580400E-017
 -2.895367259302871E-002 -7.813721359294125E-017
 -2.138669612108987E-002 -6.250977087435300E-017
  4.048579445582700E-002 -3.125488543717650E-017
  0.118169589175033      -1.041829514572550E-017
  0.171268483936373      -2.083659029145100E-017
  0.176574274110273      -4.688232815576475E-017
  0.135509160215996      -8.855550873866675E-017
  6.974772501382115E-002 -1.146012466029805E-016
  9.945706490082220E-003 -9.897380388439226E-017
 -1.688863718238196E-002 -4.167318058290200E-017
  2.333386618374412E-003  1.562744271858825E-017
  6.118291549905259E-002  5.209147572862750E-017
  0.134868692835773       2.604573786431375E-017
  0.189451510668429      -5.209147572862750E-017
  0.197352510251943      -1.146012466029805E-016
  0.152789922904551      -1.562744271858825E-016
  7.815541444900287E-002 -1.250195417487060E-016
  1.519406782949543E-002 -4.167318058290200E-017
  3.167157675910429E-003  3.646403301003925E-017
  5.529568926350092E-002  5.209147572862750E-017
  0.148106068537435       0.000000000000000E+000
  0.232179591602380      -9.376465631152951E-017
  0.259940983585269      -1.719018699044708E-016
  0.214522798381785      -1.666927223316080E-016
  0.121555291842213      -1.041829514572550E-016
  3.536664455718046E-002 -2.083659029145100E-017
  6.981662624308314E-003  3.125488543717650E-017
  5.325691190165529E-002  3.125488543717650E-017
  0.146393592053358      -3.125488543717650E-017
  0.230590447132231      -1.041829514572550E-016
  0.255621333242581      -1.458561320401570E-016
  0.206597857290802      -1.302286893215688E-016
  0.111844416864608      -7.292806602007850E-017
  2.476074767840671E-002 -1.041829514572550E-017
 -8.377553950481564E-003  1.041829514572550E-017
  2.526012138358537E-002  0.000000000000000E+000
  9.986147864714016E-002 -3.125488543717650E-017
  0.168452368949226      -6.250977087435300E-017
  0.191037542585057      -8.334636116580400E-017
  0.156225911725822      -8.855550873866675E-017
  8.473496217227451E-002 -6.771891844721575E-017
  1.491008812749778E-002 -3.646403301003925E-017
 -1.947493617316235E-002 -1.562744271858825E-017
 -6.089456989055286E-003  5.209147572862750E-018
  4.245979301235243E-002  1.562744271858825E-017
  9.806518213391775E-002  2.083659029145100E-017
  0.132537066809922       5.209147572862750E-018
  0.130640050960524      -3.125488543717650E-017
  9.542881937282226E-002 -8.334636116580400E-017
  4.514013596787939E-002 -9.376465631152951E-017
  4.284977119385274E-003 -5.209147572862750E-017
 -7.102922528328000E-003  2.083659029145100E-017
  1.780011730671986E-002  7.553263980650988E-017
  6.907644050181538E-002  8.855550873866675E-017
  0.123638479913813       4.167318058290200E-017
  0.155412785509235      -5.469604951505888E-017
  0.148357882854852      -1.198103941758433E-016
  0.105974124925363      -1.146012466029805E-016
  5.135835483908094E-002 -5.209147572862750E-017
  1.615982318861209E-002  4.167318058290200E-017
  2.326559306342161E-002  1.041829514572550E-016
  7.276868722522098E-002  9.376465631152951E-017
  0.140133026109211       1.041829514572550E-017
  0.188938258986537      -9.116008252509814E-017
  0.191677453605368      -1.588790009723139E-016
  0.146435069224800      -1.354378368944315E-016
  7.895702774108995E-002 -5.209147572862750E-017
  2.814173254086848E-002  3.646403301003925E-017
  2.323107978295895E-002  7.813721359294125E-017
  6.641512073177047E-002  6.250977087435300E-017
  0.131509080595666      -3.125488543717650E-017
  0.179568076157509      -1.198103941758433E-016
  0.181918918141315      -1.562744271858825E-016
  0.136669313243411      -1.250195417487060E-016
  6.900656740825471E-002 -4.688232815576475E-017
  1.567114282249358E-002  2.083659029145100E-017
  3.447031210007940E-003  3.125488543717650E-017
  3.455914858376676E-002  0.000000000000000E+000
  8.700345965222903E-002 -4.167318058290200E-017
  0.128538462226408      -7.813721359294125E-017
  0.135274779779318      -8.855550873866675E-017
  0.104016480230166      -8.074178737937263E-017
  5.216121663230670E-002 -6.771891844721575E-017
  6.590869142164271E-003 -4.167318058290200E-017
 -1.119277344282845E-002 -1.041829514572550E-017
  4.562509197976538E-003  2.083659029145100E-017
  4.264820238349057E-002  3.125488543717650E-017
  8.212493737585713E-002  1.041829514572550E-017
  0.103295721557768      -2.083659029145100E-017
  9.682931518728108E-002 -6.771891844721575E-017
  6.726641906652006E-002 -8.334636116580400E-017
  3.011308024644816E-002 -6.250977087435300E-017
  4.330262526503871E-003 -1.302286893215688E-017
  3.533510228075542E-003  3.906860679647063E-017
  2.953934290060743E-002  7.032349223364713E-017
  7.110249376055496E-002  5.730062330149025E-017
  0.108805367178129       0.000000000000000E+000
  0.124390695326515      -6.250977087435300E-017
  0.110338076067335      -1.041829514572550E-016
  7.463076732693920E-002 -8.855550873866675E-017
  3.748682146561780E-002 -3.125488543717650E-017
  2.094380615221941E-002  3.125488543717650E-017
  3.651436176109349E-002  6.250977087435300E-017
  7.794088900747895E-002  4.948690194219613E-017
  0.123782641179164      -2.604573786431375E-018
  0.149056156320133      -7.292806602007850E-017
  0.139571179971465      -1.067875252436864E-016
  0.100522873011975      -1.041829514572550E-016
  5.393377339310219E-002 -5.730062330149025E-017
  2.609993452262219E-002  0.000000000000000E+000
  3.231791478870085E-002  4.167318058290200E-017
  6.797991130836206E-002  3.646403301003925E-017
  0.111375707824254      -1.041829514572550E-017
  0.136491039351226      -7.032349223364713E-017
  0.128106253190994      -9.897380388439226E-017
  9.026120670878890E-002 -9.116008252509814E-017
  4.333241929478938E-002 -4.948690194219613E-017
  1.186014586682533E-002 -5.209147572862750E-018
  1.058607806261620E-002  2.344116407788238E-017
  3.679596312440326E-002  2.083659029145100E-017
  7.291241171917824E-002 -1.041829514572550E-017
  9.714598041925947E-002 -4.948690194219613E-017
  9.564419774689652E-002 -7.813721359294125E-017
  6.934204741937966E-002 -7.813721359294125E-017
  3.231140750190494E-002 -4.688232815576475E-017
  3.352293538707817E-003 -1.041829514572550E-017
 -4.052884106620586E-003  1.562744271858825E-017
  1.190271109370779E-002  2.083659029145100E-017
  4.143164467071845E-002  7.813721359294125E-018
  6.888117502264487E-002 -2.083659029145100E-017
  8.074328875304997E-002 -4.167318058290200E-017
  7.199267670214640E-002 -5.730062330149025E-017
  4.804142447671712E-002 -4.688232815576475E-017
  2.177012276956133E-002 -2.604573786431375E-017
  7.197769612364032E-003  5.209147572862750E-018
  1.268106527029454E-002  3.125488543717650E-017
  3.672333704838408E-002  3.906860679647063E-017
  6.844143456865005E-002  1.692972961180394E-017
  9.273253726221875E-002 -2.083659029145100E-017
  9.789565352421407E-002 -6.250977087435300E-017
  8.195763939427873E-002 -7.292806602007850E-017
  5.420734977715618E-002 -5.209147572862750E-017
  3.067500546715834E-002 -5.209147572862750E-018
  2.557006631268648E-002  3.125488543717650E-017
  4.321812418432778E-002  3.906860679647063E-017
  7.516587513064557E-002  1.041829514572550E-017
  0.104466847212620      -3.906860679647063E-017
  0.115052932918017      -8.074178737937263E-017
  0.100944816963378      -9.376465631152951E-017
  6.988515014149567E-002 -7.032349223364713E-017
  3.908774083013503E-002 -2.344116407788238E-017
  2.542985217378203E-002  2.344116407788238E-017
  3.577572544586518E-002  3.385945922360788E-017
  6.310841977261024E-002  5.209147572862750E-018
  9.071741477809690E-002 -4.167318058290200E-017
  0.101914123297246      -8.074178737937263E-017
  8.953061517781695E-002 -9.116008252509814E-017
  5.971638464714194E-002 -6.250977087435300E-017
  2.804127235985131E-002 -1.823201650501963E-017
  1.044428372933362E-002  1.823201650501963E-017
  1.440831258613637E-002  2.865031165074512E-017
  3.531193014723998E-002  0.000000000000000E+000
  5.966969325182967E-002 -3.646403301003925E-017
  7.299831082950416E-002 -5.990519708792163E-017
  6.766770873731373E-002 -5.990519708792163E-017
  4.650535833580016E-002 -4.167318058290200E-017
  2.060183421165896E-002 -1.432515582537256E-017
  2.989777274241194E-003  9.116008252509813E-018
  1.838290007552784E-003  1.692972961180394E-017
  1.665505617817047E-002  7.813721359294125E-018
  3.910168487816027E-002 -1.041829514572550E-017
  5.760432727620567E-002 -2.995259854396082E-017
  6.322464546292372E-002 -4.427775436933338E-017
  5.391929842153483E-002 -4.948690194219613E-017
  3.529341655959488E-002 -4.167318058290200E-017
  1.765570452211765E-002 -2.083659029145100E-017
  1.084982996969324E-002  7.813721359294125E-018
  1.931875713236326E-002  2.474345097109806E-017
  3.977709851182096E-002  1.823201650501963E-017
  6.271246420398816E-002 -1.106943859233334E-017
  7.712798057585145E-002 -4.232432402950984E-017
  7.625678717120206E-002 -6.771891844721575E-017
  6.129548833416325E-002 -6.771891844721575E-017
  4.102478427671888E-002 -4.427775436933338E-017
  2.726712089088333E-002 -7.813721359294125E-018
  2.845208718514977E-002  1.562744271858825E-017
  4.479894805768807E-002  1.562744271858825E-017
  6.793404301878879E-002 -1.302286893215688E-017
  8.536661121785598E-002 -5.469604951505888E-017
  8.744469246624306E-002 -8.074178737937263E-017
  7.286140986682162E-002 -7.813721359294125E-017
  4.949074466904417E-002 -5.209147572862750E-017
  2.998022619557896E-002 -1.562744271858825E-017
  2.458877527945985E-002  7.813721359294125E-018
  3.539793714512284E-002  7.813721359294125E-018
  5.523518234650419E-002 -1.823201650501963E-017
  7.188630133363415E-002 -4.948690194219613E-017
  7.509475565502045E-002 -7.162577912686282E-017
  6.228328157045619E-002 -7.162577912686282E-017
  3.977908250550280E-002 -5.339376262184319E-017
  1.900870624753145E-002 -2.604573786431375E-017
  1.001209269645576E-002 -5.209147572862750E-018
  1.602512063342461E-002  0.000000000000000E+000
  3.207398609426150E-002 -1.302286893215688E-017
  4.811542122042672E-002 -3.385945922360788E-017
  5.472189148436332E-002 -4.948690194219613E-017
  4.807561741712917E-002 -5.599833640827456E-017
  3.166301030715496E-002 -5.078918883541181E-017
  1.402793608108646E-002 -3.385945922360788E-017
  4.055960215375852E-003 -1.302286893215688E-017
  6.398383167064622E-003  0.000000000000000E+000
  1.933800975660162E-002  0.000000000000000E+000
  3.597984618970562E-002 -1.302286893215688E-017
  4.794947021324598E-002 -3.385945922360788E-017
  4.963882634467316E-002 -4.688232815576475E-017
  4.091324115790328E-002 -4.688232815576475E-017
  2.703474468210809E-002 -3.646403301003925E-017
  1.591594282623238E-002 -2.083659029145100E-017
  1.407791077107918E-002 -3.906860679647062E-018
  2.329998059414606E-002  2.604573786431375E-018
  3.964070786169724E-002 -7.162577912686281E-018
  5.538274026598979E-002 -2.539459441770591E-017
  6.299542729333396E-002 -4.492889781594122E-017
  5.911822076940923E-002 -5.990519708792163E-017
  4.644582821507999E-002 -5.730062330149025E-017
  3.240370807984796E-002 -3.646403301003925E-017
  2.519575926959300E-002 -1.172058203894119E-017
  2.929734512765745E-002  6.511434466078438E-018
  4.288672969568828E-002  5.209147572862750E-018
  5.872926484150619E-002 -1.692972961180394E-017
  6.812407962908333E-002 -4.818461504898044E-017
  6.575408106102724E-002 -7.292806602007850E-017
  5.269639459856496E-002 -7.162577912686282E-017
  3.584700241550367E-002 -4.688232815576475E-017
  2.405320478045848E-002 -1.562744271858825E-017
  2.314940111312607E-002  2.604573786431375E-018
  3.272979560703088E-002  0.000000000000000E+000
  4.648111835904672E-002 -2.083659029145100E-017
  5.583618044938488E-002 -4.688232815576475E-017
  5.481383797970578E-002 -6.120748398113731E-017
  4.328558247527897E-002 -5.860291019470595E-017
  2.688368644045502E-002 -3.971975024307847E-017
  1.372390541737156E-002 -1.627858616519610E-017
  9.893256165340052E-003  1.302286893215688E-018
  1.624701964234421E-002  2.604573786431375E-018
  2.820044844460072E-002 -1.041829514572550E-017
  3.846285131837920E-002 -3.125488543717650E-017
  4.106968563361255E-002 -4.427775436933338E-017
  3.448253938962642E-002 -4.688232815576475E-017
  2.217964977635792E-002 -3.385945922360788E-017
  1.059185256783460E-002 -1.627858616519610E-017
  5.625339581159429E-003  0.000000000000000E+000
  9.642823200113643E-003  7.162577912686281E-018
  2.040576705197625E-002  1.302286893215688E-018
  3.239588819528483E-002 -1.367401237876472E-017
  3.973159354942868E-002 -2.799916820413728E-017
  3.915858780755444E-002 -3.385945922360788E-017
  3.163038651203767E-002 -3.255717233039219E-017
  2.173440481843459E-002 -2.213887718466669E-017
  1.528726862051951E-002 -1.041829514572550E-017
  1.631739216773879E-002  6.511434466078438E-019
  2.495819572632943E-002  1.302286893215688E-018
  3.733789888120936E-002 -8.464864805901969E-018
  4.755918822042175E-002 -2.539459441770591E-017
  5.078303064184447E-002 -3.906860679647063E-017
  4.581451546292051E-002 -4.558004126254907E-017
  3.579056681083325E-002 -3.776631990325494E-017
  2.653805671506840E-002 -2.213887718466669E-017
  2.342789179653358E-002 -6.511434466078438E-018
  2.841452358018017E-002  1.302286893215688E-018
  3.890882079045057E-002 -5.209147572862750E-018
  4.915754387998030E-002 -2.474345097109806E-017
  5.340750996497165E-002 -4.753347160237259E-017
  4.910424985750305E-002 -5.795176674809810E-017
  3.832276666890429E-002 -5.078918883541181E-017
  2.661025873568690E-002 -2.865031165074512E-017
  1.988813445320155E-002 -4.558004126254906E-018
  2.116666209190725E-002  5.209147572862750E-018
  2.892535619745080E-002 -2.604573786431375E-018
  3.804887736444205E-002 -2.344116407788238E-017
  4.274770697331583E-002 -4.167318058290200E-017
  3.978457935933843E-002 -4.948690194219613E-017
  3.019982838983585E-002 -4.232432402950984E-017
  1.862571172522168E-002 -2.409230752449022E-017
  1.065506662255033E-002 -5.860291019470594E-018
  9.786810148339826E-003  5.209147572862750E-018
  1.563312226003782E-002  1.302286893215688E-018
  2.429981599052398E-002 -1.302286893215688E-017
  3.062551275802256E-002 -2.799916820413728E-017
  3.098552795984577E-002 -3.646403301003925E-017
  2.514379302326873E-002 -3.255717233039219E-017
  1.623191498838493E-002 -2.083659029145100E-017
  8.970049203445601E-003 -6.511434466078438E-018
  7.145991949433333E-003  1.302286893215688E-018
  1.168639955442208E-002  0.000000000000000E+000
  2.027525889045534E-002 -7.813721359294125E-018
  2.864337124446777E-002 -1.725530133510786E-017
  3.281009084402114E-002 -2.474345097109806E-017
  3.111400338719794E-002 -2.604573786431375E-017
  2.501367885935816E-002 -2.083659029145100E-017
  1.827787709095034E-002 -1.172058203894119E-017
  1.499616560191965E-002 -5.209147572862750E-018
  1.743216716428894E-002 -3.255717233039219E-018
  2.482423961007252E-002 -7.162577912686281E-018
  3.376379444983324E-002 -1.448794168702453E-017
  3.997356243524997E-002 -2.002266098319120E-017
  4.056930302597881E-002 -2.669688131092159E-017
  3.560813387017582E-002 -2.865031165074512E-017
  2.807602943786443E-002 -2.604573786431375E-017
  2.228855878729886E-002 -2.083659029145100E-017
  2.154566436712230E-002 -1.172058203894119E-017
  2.631474827166217E-002 -6.511434466078438E-018
  3.395468047105624E-002 -7.813721359294125E-018
  4.015638330496346E-002 -1.627858616519610E-017
  4.131821797741710E-002 -2.799916820413728E-017
  3.653870628614042E-002 -3.646403301003925E-017
  2.811146002763848E-002 -3.483617439351964E-017
  2.024468043154624E-002 -2.279002063127453E-017
  1.672738479183895E-002 -7.813721359294125E-018
  1.885439298778935E-002  2.604573786431375E-018
  2.476474889258499E-002  0.000000000000000E+000
  3.053905211514329E-002 -1.172058203894119E-017
  3.241017413893003E-002 -2.734802475752944E-017
  2.883556617497195E-002 -3.646403301003925E-017
  2.129100857299178E-002 -3.190602888378435E-017
  1.338979333800143E-002 -1.660415788850002E-017
  8.867807854313750E-003 -1.953430339823531E-018
  9.574437944178100E-003  4.558004126254906E-018
  1.455640149209780E-002  0.000000000000000E+000
  2.067983099895036E-002 -1.237172548554903E-017
  2.438783902664817E-002 -2.344116407788238E-017
  2.360613242360663E-002 -2.734802475752944E-017
  1.878310458662074E-002 -1.953430339823531E-017
  1.255963859276149E-002 -7.162577912686281E-018
  8.305021422072314E-003  2.604573786431375E-018
  8.329819319631481E-003  3.906860679647062E-018
  1.271209433034385E-002 -2.604573786431375E-018
  1.931609366845993E-002 -1.123222445398530E-017
  2.495132913696558E-002 -1.676694375015198E-017
  2.704369334565125E-002 -1.758087305841178E-017
  2.495077339261484E-002 -1.562744271858825E-017
  2.025532747504507E-002 -1.041829514572550E-017
  1.590167376848215E-002 -6.511434466078438E-018
  1.463123971142992E-002 -5.209147572862750E-018
  1.753107548178370E-002 -5.209147572862750E-018
  2.345239919625264E-002 -7.162577912686281E-018
  2.960876116254233E-002 -1.066247393820344E-017
  3.304751811437606E-002 -1.595301444189217E-017
  3.222097514269086E-002 -1.823201650501963E-017
  2.781672339185471E-002 -1.953430339823531E-017
  2.238984267962820E-002 -1.692972961180394E-017
  1.898088411875901E-002 -1.204615376224511E-017
  1.946075917291636E-002 -6.837006189382360E-018
  2.350632384533395E-002 -5.860291019470594E-018
  2.877607537011491E-002 -9.767151699117657E-018
  3.219767066990807E-002 -1.692972961180394E-017
  3.166025410104310E-002 -2.181330546136277E-017
  2.717460780848108E-002 -2.376673580118630E-017
  2.085830720477285E-002 -2.083659029145100E-017
  1.575941564787494E-002 -1.334844065546080E-017
  1.418030885364594E-002 -5.209147572862750E-018
  1.643606074455831E-002 -1.302286893215688E-018
  2.072774318750572E-002 -2.604573786431375E-018
  2.417981968797873E-002 -9.767151699117657E-018
  2.444441965509571E-002 -1.692972961180394E-017
  2.097668536722428E-002 -2.116216201475492E-017
  1.529188619775184E-002 -1.839480236667159E-017
  1.009536910621783E-002 -1.009272342242158E-017
  7.795649012125391E-003 -6.511434466078438E-019
  9.226735792318983E-003  5.209147572862750E-018
  1.325929612382518E-002  3.255717233039219E-018
  1.747368053164123E-002 -5.860291019470594E-018
  1.949297459342219E-002 -1.497629927198041E-017
  1.824208887281019E-002 -1.920873167493139E-017
  1.447173654391236E-002 -1.627858616519610E-017
  1.030216839584110E-002 -7.813721359294125E-018
  8.063977621256286E-003  6.511434466078438E-019
  9.066137421124868E-003  4.558004126254906E-018
  1.293331000309215E-002  2.767359648083336E-018
  1.783722879117938E-002 -3.825467748821082E-018
  2.147687468502462E-002 -1.106943859233334E-017
  2.228241311558884E-002 -1.432515582537256E-017
  2.021590139372732E-002 -1.367401237876472E-017
  1.676090587662756E-002 -9.116008252509813E-018
  1.411658569078485E-002 -4.558004126254906E-018
  1.402305320902708E-002  0.000000000000000E+000
  1.683481759095398E-002  6.511434466078438E-019
  2.132975278726898E-002 -1.465072754867649E-018
  2.535616618862788E-002 -7.406756705164223E-018
  2.697747598636981E-002 -1.497629927198041E-017
  2.550551951922295E-002 -1.758087305841178E-017
  2.186658362606797E-002 -1.758087305841178E-017
  1.809788451525789E-002 -1.269729720885295E-017
  1.624171673793041E-002 -5.534719296166672E-018
  1.723582263661106E-002 -3.255717233039219E-019
  2.040631212275690E-002 -6.511434466078438E-019
  2.384300906248417E-002 -6.511434466078438E-018
  2.545225463232980E-002 -1.367401237876472E-017
  2.410728550505390E-002 -1.985987512153923E-017
  2.026209530010676E-002 -2.018544684484316E-017
  1.569345028231840E-002 -1.562744271858825E-017
  1.252057108742030E-002 -7.162577912686281E-018
  1.205057512793634E-002  0.000000000000000E+000
  1.408735578801652E-002  1.302286893215688E-018
  1.707554320890404E-002 -3.255717233039219E-018
  1.898373278097027E-002 -1.106943859233334E-017
  1.842671609468580E-002 -1.725530133510786E-017
  1.540803019033382E-002 -1.758087305841178E-017
  1.128910961051260E-002 -1.172058203894119E-017
  8.024658181171235E-003 -2.930145509735297E-018
  7.100532340549576E-003  3.581288956343141E-018
  8.755628760426199E-003  4.558004126254906E-018
  1.189496996432242E-002 -9.767151699117656E-019
  1.471568682601655E-002 -8.790436529205892E-018
  1.568720976935838E-002 -1.334844065546080E-017
  1.435368774000711E-002 -1.269729720885295E-017
  1.154167524001093E-002 -7.162577912686281E-018
  8.884774148744674E-003 -1.302286893215688E-018
  7.937458098056519E-003  2.930145509735297E-018
  9.354539946917550E-003  2.930145509735297E-018
  1.256257573756789E-002 -4.069646541299024E-019
  1.608131499340958E-002 -4.639397057080887E-018
  1.831233068676582E-002 -8.139293082598048E-018
  1.837440113859027E-002 -1.041829514572550E-017
  1.654929503514869E-002 -1.041829514572550E-017
  1.411073274728692E-002 -7.162577912686281E-018
  1.263307921920984E-002 -2.604573786431375E-018
  1.314738430067316E-002  3.255717233039219E-019
  1.559086712593865E-002  4.883575849558828E-019
  1.884067225971814E-002 -2.767359648083336E-018
  2.131355775589387E-002 -9.604365837465696E-018
  2.181175246585563E-002 -1.530187099528433E-017
  2.016194246781843E-002 -1.758087305841178E-017
  1.730304601521473E-002 -1.530187099528433E-017
  1.477417525239181E-002 -8.790436529205892E-018
  1.387926572033261E-002 -1.953430339823531E-018
  1.498220833924048E-002  1.302286893215688E-018
  1.731666392154214E-002 -1.302286893215688E-018
  1.941364937397853E-002 -8.790436529205892E-018
  1.991095538034503E-002 -1.676694375015198E-017
  1.829903171935433E-002 -2.002266098319120E-017
  1.519483847797318E-002 -1.717390840428188E-017
  1.199776178837997E-002 -9.767151699117657E-018
  1.012316762179773E-002 -2.604573786431375E-018
  1.023910529035125E-002  6.511434466078438E-019
  1.192358474463301E-002 -1.953430339823531E-018
  1.392171751482433E-002 -7.813721359294125E-018
  1.484985391337394E-002 -1.269729720885295E-017
  1.395311084333165E-002 -1.465072754867649E-017
  1.150355595768267E-002 -1.220893962389707E-017
  8.632942894367446E-003 -7.813721359294125E-018
  6.706234798610342E-003 -3.581288956343141E-018
  6.586660704804658E-003 -1.302286893215688E-018
  8.189860284082322E-003 -1.627858616519609E-018
  1.055632067911756E-002 -4.232432402950984E-018
  1.238681637444312E-002 -6.999792051034320E-018
  1.274145653352849E-002 -8.953222390857852E-018
  1.152688147184772E-002 -9.116008252509813E-018
  9.520991264510975E-003 -8.139293082598048E-018
  7.936299921117464E-003 -5.860291019470594E-018
  7.764950076164820E-003 -3.581288956343141E-018
  9.255243308777647E-003 -1.953430339823531E-018
  1.179093478081162E-002 -1.668555081932600E-018
  1.422739441561758E-002 -3.906860679647062E-018
  1.549918588480981E-002 -7.813721359294125E-018
  1.517567080632212E-002 -1.204615376224511E-017
  1.367383812735383E-002 -1.302286893215688E-017
  1.202097570049912E-002 -1.106943859233334E-017
  1.129719227743891E-002 -6.837006189382360E-018
  1.205530187360516E-002 -2.279002063127453E-018
  1.402593867898814E-002 -3.255717233039219E-019
  1.626353217559036E-002 -2.848752578909317E-018
  1.765384566398676E-002 -7.895114290120105E-018
  1.751052850081293E-002 -1.351122651711276E-017
  1.594013626137120E-002 -1.595301444189217E-017
  1.377934671008717E-002 -1.448794168702453E-017
  1.213902036361780E-002 -8.302078944250008E-018
  1.180288606055718E-002 -1.302286893215688E-018
  1.280764734323165E-002  1.627858616519609E-018
  1.443209538881348E-002 -6.511434466078438E-019
  1.559896763815320E-002 -6.837006189382360E-018
  1.546761666423917E-002 -1.334844065546080E-017
  1.389243365316238E-002 -1.562744271858825E-017
  1.149803752502243E-002 -1.296182423403739E-017
  9.334595382654961E-003 -6.267255673600496E-018
  8.306942421777819E-003 -3.255717233039219E-019
  8.692117241618127E-003  1.953430339823531E-018
  1.000636475522461E-002  0.000000000000000E+000
  1.128703655501085E-002 -5.209147572862750E-018
  1.162745376804103E-002 -1.025550928407354E-017
  1.066903333460427E-002 -1.237172548554903E-017
  8.785527720934414E-003 -1.033690221489952E-017
  6.867817118147789E-003 -5.616112226992652E-018
  5.835715622107186E-003 -7.325363774338243E-019
  6.146349589804018E-003  1.790644478171570E-018
  7.562342502809899E-003  4.883575849558828E-019
  9.296048549131146E-003 -3.092931371387258E-018
  1.044210669689329E-002 -6.511434466078438E-018
  1.046022392022421E-002 -7.813721359294125E-018
  9.450919285222558E-003 -6.837006189382360E-018
  8.084177328608888E-003 -4.232432402950984E-018
  7.228027764490825E-003 -2.604573786431375E-018
  7.480621571022902E-003 -1.953430339823531E-018
  8.854717026666712E-003 -1.546465685693629E-018
  1.077743884163261E-002 -2.238305597714463E-018
  1.239915767868832E-002 -3.906860679647062E-018
  1.304325292483787E-002 -6.511434466078438E-018
  1.255747349243761E-002 -9.116008252509813E-018
  1.138294631853330E-002 -1.041829514572550E-017
  1.030794302311827E-002 -8.790436529205892E-018
  1.004028804964518E-002 -4.720789987906868E-018
  1.082716565294192E-002 -6.511434466078438E-019
  1.232441436370762E-002  1.139501031563727E-018
  1.378352616009578E-002 -1.383679824041668E-018
  1.445459935406561E-002 -7.650935497642164E-018
  1.398807944175490E-002 -1.399958410206864E-017
  1.261929460397689E-002 -1.579022858024021E-017
  1.103732885623930E-002 -1.204615376224511E-017
  1.001055997868228E-002 -5.371933434514712E-018
  9.972742926192962E-003  1.627858616519609E-019
  1.079415452718990E-002  1.953430339823531E-018
  1.186063705365310E-002 -1.953430339823531E-018
  1.241503320755556E-002 -8.627650667553931E-018
  1.197286294346588E-002 -1.399958410206864E-017
  1.058529196226300E-002 -1.408097703289462E-017
  8.808125716690500E-003 -9.604365837465696E-018
  7.397607172748981E-003 -2.685966717257356E-018
  6.902400910909118E-003  2.767359648083336E-018
  7.374972039707463E-003  3.255717233039219E-018
  8.356643054097349E-003 -1.953430339823531E-018
  9.138920813478139E-003 -8.302078944250008E-018
  9.153800228758861E-003 -1.286008307050492E-017
  8.279299738937259E-003 -1.180197496976717E-017
  6.897466660328893E-003 -6.348648604426477E-018
  5.679668741959901E-003  8.139293082598047E-020
  5.221312326102049E-003  3.662681887169122E-018
  5.725562962256374E-003  2.685966717257356E-018
  6.903855525883178E-003 -1.546465685693629E-018
  8.140539576594247E-003 -6.267255673600496E-018
  8.827045286568204E-003 -8.546257736727949E-018
  8.683588898994649E-003 -7.976507220946087E-018
  7.898098657043455E-003 -4.558004126254906E-018
  7.013352500360242E-003 -9.767151699117656E-019
  6.628131721320416E-003  8.139293082598047E-019
  7.074714823213897E-003  1.627858616519609E-019
  8.243758218407282E-003 -2.116216201475492E-018
  9.646266160091243E-003 -4.720789987906868E-018
  1.067563528708366E-002 -6.837006189382360E-018
  1.092792141885768E-002 -7.488149635990204E-018
  1.041000028062279E-002 -7.162577912686281E-018
  9.526916402239311E-003 -5.860291019470594E-018
  8.857911821665922E-003 -4.069646541299024E-018
  8.842586638865125E-003 -3.092931371387258E-018
  9.545296730144186E-003 -2.767359648083336E-018
  1.062289795604036E-002 -3.744074817995102E-018
  1.151150362371725E-002 -5.738201623231624E-018
  1.173057511070872E-002 -7.610239032229175E-018
  1.114024325746690E-002 -8.627650667553931E-018
  1.001375044729656E-002 -8.179989548011037E-018
  8.887259883114888E-003 -6.430041535252458E-018
  8.269708218520050E-003 -3.906860679647062E-018
  8.370586236334498E-003 -1.953430339823531E-018
  8.992746161060439E-003 -2.279002063127453E-018
  9.646681137248795E-003 -4.069646541299024E-018
  9.821973361616240E-003 -6.674220327730399E-018
  9.266852040856276E-003 -8.709043598379911E-018
  8.124068747033551E-003 -8.871829460031872E-018
  6.851305089952949E-003 -6.592827396904418E-018
  5.972410745492413E-003 -2.523180855605395E-018
  5.796915140495241E-003  9.767151699117656E-019
  6.260130045196838E-003  1.627858616519609E-018
  6.967985482088546E-003 -8.139293082598047E-019
  7.418247554256090E-003 -4.313825333776965E-018
  7.275035409874174E-003 -7.569542566816184E-018
  6.547553071734895E-003 -8.220686013424028E-018
  5.579048182941478E-003 -5.778898088644614E-018
  4.856335614508404E-003 -1.790644478171570E-018
  4.746259105790204E-003  1.668555081932600E-018
  5.301883836536556E-003  2.279002063127453E-018
  6.240264603118070E-003 -1.424376289454658E-019
  7.099483920969658E-003 -4.069646541299024E-018
  7.487022795653953E-003 -7.406756705164223E-018
  7.285238347111104E-003 -7.813721359294125E-018
  6.705844317629105E-003 -5.209147572862750E-018
  6.167942243548242E-003 -1.139501031563727E-018
  6.068172638054553E-003  1.953430339823531E-018
  6.567124159720761E-003  2.360394993953434E-018
  7.504960960242358E-003 -4.069646541299024E-020
  8.488699957056920E-003 -3.418503094691180E-018
  9.102004965757247E-003 -5.616112226992652E-018
  9.124319165502076E-003 -6.348648604426477E-018
  8.642898072400448E-003 -4.883575849558828E-018
  7.999683070817510E-003 -2.441787924779414E-018
  7.603388213783575E-003 -8.139293082598047E-019
  7.708548968722017E-003 -7.325363774338243E-019
  8.279878196035220E-003 -2.116216201475492E-018
  9.013645671136637E-003 -4.395218264602946E-018
  9.503175965421242E-003 -6.145166277361526E-018
  9.458388308526879E-003 -7.121881447273292E-018
  8.860941015379419E-003 -7.101533214566796E-018
  7.972059858658542E-003 -5.921335717590080E-018
  7.190138945648657E-003 -4.517307660841916E-018
  6.836296007756268E-003 -2.848752578909317E-018
  6.984331598986857E-003 -1.953430339823531E-018
  7.426455276582976E-003 -1.953430339823531E-018
  7.791723806382928E-003 -3.255717233039219E-018
  7.751217077561573E-003 -5.697505157818633E-018
  7.197751325066786E-003 -7.325363774338243E-018
  6.303185191879444E-003 -7.243970843512263E-018
  5.424081049054660E-003 -5.616112226992652E-018
  4.909084356550662E-003 -3.337110163865199E-018
  4.913716472037535E-003 -1.302286893215688E-018
  5.322400128816902E-003 -3.255717233039219E-019
  5.817709541151984E-003 -1.546465685693629E-018
  6.056572777603719E-003 -3.744074817995102E-018
  5.856342451801153E-003 -5.697505157818633E-018
  5.290459480071836E-003 -6.104469811948536E-018
  4.644299412532393E-003 -4.720789987906868E-018
  4.257982664944327E-003 -2.156912666888483E-018
  4.342875875018411E-003 -2.441787924779414E-019
  4.870523404023850E-003  2.441787924779414E-019
  5.591698876361595E-003 -7.223622610805767E-019
  6.172496405351413E-003 -2.401091459366424E-018
  6.372366037724237E-003 -3.744074817995102E-018
  6.168445924297656E-003 -4.395218264602946E-018
  5.761261849111101E-003 -4.395218264602946E-018
  5.461281667916507E-003 -3.418503094691180E-018
  5.519040622748187E-003 -1.790644478171570E-018
  5.990217946929797E-003 -3.255717233039219E-019
  6.706765509599729E-003  2.848752578909316E-019
  7.367663651268734E-003 -1.261590427802697E-018
  7.699175740712484E-003 -3.499896025517160E-018
  7.598351736171002E-003 -5.534719296166672E-018
  7.183673774650586E-003 -6.511434466078438E-018
  6.727145091141120E-003 -5.616112226992652E-018
  6.505580831019209E-003 -3.581288956343141E-018
  6.651513110341854E-003 -1.790644478171570E-018
  7.083459645642081E-003 -1.139501031563727E-018
  7.552036218324539E-003 -2.279002063127453E-018
  7.775967321709642E-003 -4.395218264602946E-018
  7.594046041099264E-003 -6.185862742774516E-018
  7.051197725354611E-003 -6.603001513257666E-018
  6.373009684240514E-003 -6.084121579242040E-018
  5.843601149226265E-003 -4.558004126254906E-018
  5.653685130299632E-003 -3.337110163865199E-018
  5.801069242149527E-003 -3.092931371387258E-018
  6.096611071852452E-003 -3.418503094691180E-018
  6.271023780262028E-003 -4.395218264602946E-018
  6.123453067360071E-003 -5.371933434514712E-018
  5.630943799105378E-003 -6.226559208187506E-018
  4.960217335689012E-003 -6.307952139013486E-018
  4.376888129134029E-003 -5.290540503688730E-018
  4.102755902635511E-003 -3.418503094691180E-018
  4.198991693958903E-003 -1.709251547345590E-018
  4.537662345946371E-003 -9.767151699117656E-019
  4.875229003217324E-003 -1.627858616519609E-018
  4.986462702033864E-003 -2.970841975148287E-018
  4.785569831650801E-003 -4.720789987906868E-018
  4.369746675828915E-003 -5.697505157818633E-018
  3.963426925484676E-003 -5.046361711210790E-018
  3.795206257134109E-003 -2.685966717257356E-018
  3.974763808733904E-003 -2.441787924779414E-019
  4.435598224628906E-003  1.139501031563727E-018
  4.972778914851094E-003  1.627858616519609E-019
  5.353584967528381E-003 -2.360394993953434E-018
  5.440556032928132E-003 -5.127754642036770E-018
  5.261180762206670E-003 -6.837006189382360E-018
  4.988225121287498E-003 -6.023076881122555E-018
  4.842953971006922E-003 -3.092931371387258E-018
  4.974245445378668E-003  0.000000000000000E+000
  5.378414162865761E-003  1.261590427802697E-018
  5.901762120772759E-003 -3.662681887169121E-019
  6.323180635990586E-003 -3.621985421756131E-018
  6.471589693343170E-003 -6.023076881122555E-018
  6.315139453576831E-003 -6.918399120208340E-018
  5.975031596987703E-003 -5.860291019470594E-018
  5.657631963443482E-003 -3.540592490930150E-018
  5.542226649670498E-003 -1.465072754867649E-018
  5.685016699170589E-003 -9.767151699117656E-019
  5.990555694341707E-003 -2.116216201475492E-018
  6.265138248426469E-003 -4.232432402950984E-018
  6.322539555328376E-003 -5.616112226992652E-018
  6.084710833461143E-003 -5.839942786764099E-018
  5.623351952485186E-003 -5.107406409330274E-018
  5.120666891026745E-003 -3.744074817995102E-018
  4.771359887324512E-003 -2.279002063127453E-018
  4.679340822157796E-003 -1.790644478171570E-018
  4.804826230895458E-003 -1.953430339823531E-018
  4.989642015349562E-003 -2.685966717257356E-018
  5.045965538810098E-003 -3.744074817995102E-018
  4.859701338539297E-003 -4.313825333776965E-018
  4.452488792871022E-003 -4.659745289787382E-018
  3.969519284300341E-003 -4.435914730015936E-018
  3.600899058171675E-003 -3.296413698452209E-018
  3.480011468634775E-003 -1.709251547345590E-018
  3.613976802170597E-003 -2.441787924779414E-019
  3.883020663341471E-003  3.255717233039219E-019
  4.107782565488540E-003 -4.273128868363975E-019
  4.147083616834173E-003 -2.095867968768997E-018
  3.973062880881267E-003 -3.581288956343141E-018
  3.683830922647448E-003 -4.232432402950984E-018
  3.448126690052911E-003 -3.052234905974268E-018
  3.413007202828617E-003 -7.325363774338243E-019
  3.624728529230702E-003  9.767151699117656E-019
  4.004866463675678E-003  1.444724522161153E-018
  4.393340253524086E-003 -8.139293082598047E-020
  4.634062007725231E-003 -2.116216201475492E-018
  4.656708860905841E-003 -3.825467748821082E-018
  4.511122939631727E-003 -3.988253610473044E-018
  4.336935194397001E-003 -2.604573786431375E-018
  4.285834117305554E-003 -7.325363774338243E-019
  4.438789348383185E-003  4.069646541299024E-019
  4.762472590896323E-003  4.476611195428926E-019
  5.127490418116572E-003 -5.900987484883585E-019
  5.377748699753120E-003 -2.401091459366424E-018
  5.413184313052678E-003 -4.028950075886034E-018
  5.241529798752284E-003 -4.476611195428926E-018
  4.971924527752461E-003 -3.581288956343141E-018
  4.754603997297606E-003 -2.156912666888483E-018
  4.699657340340513E-003 -1.098804566150736E-018
  4.818619140577925E-003 -8.139293082598047E-019
  5.019892627565300E-003 -1.383679824041668E-018
  5.159771068586084E-003 -2.482484390192404E-018
  5.120969898554388E-003 -3.377806629278190E-018
  4.876135638655773E-003 -3.601637189049636E-018
  4.502370737591993E-003 -3.011538440561278E-018
  4.139562412532632E-003 -2.156912666888483E-018
  3.915633143633957E-003 -1.383679824041668E-018
  3.879349915861047E-003 -1.058108100737746E-018
  3.976727689128916E-003 -1.220893962389707E-018
  4.083083159207029E-003 -1.627858616519609E-018
  4.072629864831626E-003 -2.116216201475492E-018
  3.887533900253808E-003 -2.279002063127453E-018
  3.569219933582761E-003 -2.279002063127453E-018
  3.235651324592520E-003 -1.973778572530026E-018
  3.017684814854882E-003 -1.220893962389707E-018
  2.989420078878787E-003 -2.441787924779414E-019
  3.130085598244330E-003  2.441787924779414E-019
  3.337361024161248E-003 -6.104469811948535E-020
  3.484020212665821E-003 -1.119152798857232E-018
  3.486670232044502E-003 -2.279002063127453E-018
  3.349483790037461E-003 -2.726663182670346E-018
  3.159972912885504E-003 -2.319698528540444E-018
  3.040013860347414E-003 -1.017411635324756E-018
  3.079230806647594E-003  5.697505157818633E-019
  3.286739245068992E-003  1.668555081932600E-018
  3.586713223937471E-003  1.424376289454658E-018
  3.859323183358374E-003 -3.255717233039219E-019
  4.004341175753968E-003 -2.360394993953434E-018
  3.993059738927382E-003 -3.418503094691180E-018
  3.881061898584846E-003 -2.523180855605395E-018
  3.775767807391577E-003 -6.511434466078438E-019
  3.776903109075917E-003  9.767151699117656E-019
  3.922148193632433E-003  1.200545729683212E-018
  4.166912645534921E-003 -4.680093522493877E-019
  4.408501849711164E-003 -2.513006739252147E-018
  4.541096097029404E-003 -4.130691239418509E-018
  4.511723612527366E-003 -4.028950075886034E-018
  4.347315320650701E-003 -2.197609132301473E-018
  4.138802715688295E-003 -2.034823270649512E-020
  3.991376472736984E-003  6.307952139013487E-019
  3.968000954813105E-003 -8.139293082598047E-020
  4.056529822735639E-003 -1.790644478171570E-018
  4.177725108453027E-003 -3.052234905974268E-018
  4.229322767370569E-003 -3.337110163865199E-018
  4.142001661752428E-003 -2.726663182670346E-018
  3.917024138970228E-003 -1.627858616519609E-018
  3.625549260512631E-003 -8.953222390857851E-019
  3.370483526885328E-003 -8.953222390857851E-019
  3.231872084371461E-003 -1.546465685693629E-018
  3.225405300959383E-003 -2.116216201475492E-018
  3.296144631455316E-003 -2.116216201475492E-018
  3.350294505457660E-003 -1.627858616519609E-018
  3.307321322281671E-003 -1.383679824041668E-018
  3.144036644694869E-003 -1.444724522161153E-018
  2.907036307677599E-003 -1.810992710878066E-018
  2.687304846481506E-003 -1.902559758057294E-018
  2.571258896022099E-003 -1.322635125922183E-018
  2.594933612723912E-003 -5.290540503688730E-019
  2.725858820707261E-003 -4.069646541299024E-020
  2.881853854827775E-003 -4.069646541299024E-019
  2.975978620582204E-003 -1.627858616519609E-018
  2.963047433550425E-003 -2.645270251844365E-018
  2.862746107424673E-003 -2.930145509735297E-018
  2.747416124467642E-003 -2.116216201475492E-018
  2.701728641882998E-003 -6.918399120208340E-019
  2.776380165344337E-003  3.662681887169121E-019
  2.960713117709946E-003  4.273128868363975E-019
  3.188568130072103E-003 -5.697505157818633E-019
  3.373644982922497E-003 -1.749948012758580E-018
  3.454959418177586E-003 -2.563877321018385E-018
  3.427954952671416E-003 -2.116216201475492E-018
  3.344933521893056E-003 -1.098804566150736E-018
  3.285135818189172E-003 -1.627858616519609E-019
  3.310992516518388E-003  1.220893962389707E-019
  3.434164741262357E-003 -2.848752578909316E-019
  3.609372927218312E-003 -1.251416311449450E-018
  3.758884351252516E-003 -2.197609132301473E-018
  3.814107965079825E-003 -2.472310273839157E-018
  3.751808194558117E-003 -2.299350295833948E-018
  3.605655411590037E-003 -1.902559758057294E-018
  3.447295827767645E-003 -1.668555081932600E-018
  3.347512437140392E-003 -1.485420987574144E-018
  3.338558235960617E-003 -1.241242195096202E-018
  3.397823613699585E-003 -1.220893962389707E-018
  3.461287481882420E-003 -1.627858616519609E-018
  3.459109489704931E-003 -2.156912666888483E-018
  3.353937593489623E-003 -2.238305597714463E-018
  3.161306614725065E-003 -2.197609132301473E-018
  2.941403053338721E-003 -1.648206849226105E-018
  2.767006818105596E-003 -1.139501031563727E-018
  2.685160439026957E-003 -9.360187044987755E-019
  2.693238916035851E-003 -8.953222390857851E-019
  2.742046620351138E-003 -1.220893962389707E-018
  2.763841649246474E-003 -1.790644478171570E-018
  2.709812473547778E-003 -2.258653830420958E-018
  2.576692323864843E-003 -2.411265575719672E-018
  2.408367996573022E-003 -2.151825608711859E-018
  2.272020968215808E-003 -1.454898638514401E-018
  2.222039014969996E-003 -4.985317013091304E-019
  2.271282446927484E-003 -1.119152798857231E-019
  2.384997211821271E-003 -4.273128868363975E-019
  2.500238051006418E-003 -1.190371613329964E-018
  2.559927358856841E-003 -1.790644478171570E-018
  2.543029353834428E-003 -1.709251547345590E-018
  2.474748787244380E-003 -1.058108100737746E-018
  2.411669142029924E-003 -2.848752578909316E-019
  2.410262473720018E-003  3.255717233039219E-019
  2.495946488502414E-003  3.255717233039219E-019
  2.649251843734209E-003 -8.139293082598047E-020
  2.816206143439518E-003 -8.546257736727950E-019
  2.936965869895536E-003 -1.465072754867649E-018
  2.977085206819482E-003 -1.709251547345590E-018
  2.944682375940257E-003 -1.180197496976717E-018
  2.884592707108336E-003 -4.476611195428926E-019
  2.853043535561939E-003  0.000000000000000E+000
  2.886728556335441E-003 -8.139293082598047E-020
  2.982918240266553E-003 -5.392281667221207E-019
  3.101073790750968E-003 -9.512798790286469E-019
  3.184771752307342E-003 -1.276851602332569E-018
  3.191905044022174E-003 -1.332809242275430E-018
  3.116880642621310E-003 -9.461928208520230E-019
  2.993055388728979E-003 -3.560940723636646E-019
  2.874397042458398E-003  1.424376289454658E-019
  2.806493154526731E-003  2.441787924779414E-019
  2.802589927182606E-003  1.220893962389707E-019
  2.837423728969966E-003  1.627858616519609E-019
  2.861886007148220E-003  1.627858616519609E-019
  2.830341456789336E-003 -8.139293082598047E-020
  2.725741356637204E-003 -5.697505157818633E-019
  2.569065801764567E-003 -9.156704717922804E-019
  2.408235809503758E-003 -5.900987484883585E-019
  2.292735350304425E-003  2.645270251844365E-019
  2.247771297166622E-003  8.546257736727950E-019
  2.261842930887447E-003  6.918399120208340E-019
  2.294176149720546E-003  8.139293082598047E-020
  2.297701500646811E-003 -8.749740063792901E-019
  2.244969662812877E-003 -1.220893962389707E-018
  2.143023261689356E-003 -8.546257736727950E-019
  2.029409227002007E-003  5.087058176623780E-020
  1.951780848143322E-003  7.884940173766858E-019
  1.942313731695683E-003  8.724304772909781E-019
  2.000753440197359E-003  2.670705542727484E-019
  2.095040283718010E-003 -6.384258011662843E-019
  2.178869913911453E-003 -1.231068078742955E-018
  2.216479453758133E-003 -1.383679824041668E-018
  2.201253298872490E-003 -1.261590427802697E-018
  2.158300522445311E-003 -9.767151699117656E-019
  2.129922859845830E-003 -8.546257736727950E-019
  2.152074325298331E-003 -9.360187044987755E-019
  2.234588436676633E-003 -8.953222390857851E-019
  2.355702025048787E-003 -7.121881447273292E-019
  2.473568250788173E-003 -6.104469811948535E-019
  2.548318673170212E-003 -6.714916793143389E-019
  2.562708098041018E-003 -9.767151699117656E-019
  2.530341911087503E-003 -1.302286893215688E-018
  2.487311296249762E-003 -1.404028056748163E-018
  2.471999698043665E-003 -1.139501031563727E-018
  2.504065780360278E-003 -6.613175629610913E-019
  2.573866491024304E-003 -3.357458396571695E-019
  2.647818763755859E-003 -6.892963829325222E-019
  2.686585538644978E-003 -1.471431577588428E-018
  2.666157574772528E-003 -2.228131481361215E-018
  2.590502114850337E-003 -2.464043804302143E-018
  2.489131548053714E-003 -1.989039747059898E-018
  2.401116591796991E-003 -1.159849264270222E-018
  2.354305388458145E-003 -4.883575849558828E-019
  2.350949409288777E-003 -4.883575849558828E-019
  2.367338368147019E-003 -1.037759868031251E-018
  2.367422035693594E-003 -1.729599780052085E-018
  2.322892210993150E-003 -2.238305597714463E-018
  2.228839453282387E-003 -1.912733874410541E-018
  2.106632875635572E-003 -9.563669372052705E-019
  1.992654366989409E-003 -6.104469811948535E-020
  1.919135909410144E-003  4.069646541299024E-019
  1.897496690537161E-003  2.848752578909316E-019
  1.913075927688538E-003 -2.034823270649512E-019
  1.933898690975150E-003 -6.714916793143389E-019
  1.928533292633979E-003 -1.017411635324756E-018
  1.883295728946427E-003 -8.342775409662998E-019
  1.809567513258014E-003 -4.018775959532786E-019
  1.737456907581906E-003  9.156704717922803E-020
  1.699431148068800E-003  3.204846651272981E-019
  1.712871139090081E-003  2.950493742441792E-019
  1.770926521096402E-003  3.560940723636646E-020
  1.846435166323326E-003 -2.848752578909316E-019
  1.906583156716616E-003 -5.900987484883585E-019
  1.930266099697167E-003 -6.511434466078438E-019
  1.918809483354008E-003 -5.697505157818633E-019
  1.894431788830702E-003 -3.866164214234073E-019
  1.887500307889361E-003 -1.017411635324756E-019
  1.919612317390718E-003  1.017411635324756E-019
  1.991644214649798E-003  2.238305597714463E-019
  2.083091067342320E-003  2.238305597714463E-019
  2.162867274637157E-003  8.139293082598047E-020
  2.205605014980713E-003 -2.441787924779414E-019
  2.204649132545932E-003 -6.511434466078438E-019
  2.174863394687186E-003 -9.360187044987755E-019
  2.143926905987593E-003 -9.970634026182609E-019
  2.136975636687073E-003 -8.749740063792901E-019
  2.162922128310296E-003 -4.883575849558828E-019
  2.209752270444200E-003  1.526117452987134E-020
  2.251177166992827E-003  3.917034796000310E-019
  2.260902721566896E-003  3.713552468935359E-019
  2.226758482806170E-003 -1.017411635324756E-020
  2.157119750491133E-003 -8.647998900260425E-019
  2.076297055124731E-003 -1.658380965579352E-018
  2.011525401773762E-003 -1.699077430992342E-018
  1.978646024186422E-003 -9.156704717922804E-019
  1.974167446723597E-003 -3.052234905974268E-019
  1.977857177439066E-003 -1.017411635324756E-019
  1.964305113428635E-003 -2.441787924779414E-019
  1.917109188727954E-003 -9.360187044987755E-019
  1.838020911443129E-003 -1.556639802046877E-018
  1.746208207916209E-003 -1.475246871220896E-018
  1.668171306039689E-003 -8.037551919065572E-019
  1.623857761963638E-003 -1.017411635324756E-019
  1.616478729694384E-003  1.424376289454658E-019
  1.631425189272522E-003 -2.645270251844365E-019
  1.644712562416662E-003 -9.563669372052705E-019
  1.636260524647623E-003 -1.398940998571539E-018
  1.600796291982851E-003 -1.103891624327360E-018
  1.550565238879324E-003 -4.883575849558828E-019
  1.508528234636315E-003 -6.104469811948535E-020
  1.495854206077942E-003  1.424376289454658E-019
  1.520514344841764E-003 -1.017411635324756E-020
  1.573078625362400E-003 -3.103105487740505E-019
  1.631849267735948E-003 -5.799246321351109E-019
  1.674424395410766E-003 -9.563669372052705E-019
  1.689390698245604E-003 -1.220893962389707E-018
  1.681886211855869E-003 -1.505769220280639E-018
  1.670168718517062E-003 -1.526117452987134E-018
  1.675193195148072E-003 -1.119152798857232E-018
  1.708910290956282E-003 -5.087058176623780E-019
  1.767583012665781E-003  3.052234905974268E-020
  1.833623542295013E-003  1.119152798857231E-019
  1.884831890651222E-003 -3.967905377766548E-019
  1.905976086613464E-003 -1.017411635324756E-018
  1.896485881675806E-003 -1.159849264270222E-018
  1.870215007815768E-003 -1.007237518971508E-018
  1.847536699344990E-003 -4.578352358961402E-019
  1.844133676958747E-003  1.271764544155945E-019
  1.862540309060469E-003  2.543529088311890E-019
  1.890923006928286E-003 -6.104469811948535E-020
  1.909637916883833E-003 -4.578352358961402E-019
  1.901931503384557E-003 -6.104469811948535E-019
  1.862986413524423E-003 -3.357458396571695E-019
  1.802489264435984E-003 -1.526117452987134E-020
  1.739439788013504E-003  2.034823270649512E-019
  1.692096299864270E-003  7.121881447273291E-020
  1.668514220188581E-003 -1.220893962389707E-019
  1.662733080355988E-003 -1.017411635324756E-019
  1.658561659923330E-003  1.831340943584561E-019
  1.638805903396143E-003  4.069646541299024E-019
  1.594897006040721E-003  2.238305597714463E-019
  1.531739060175182E-003 -2.136564434181987E-019
  1.465240319968242E-003 -4.069646541299024E-019
  1.413958079335331E-003 -4.374870031896450E-019
  1.389424845310413E-003 -3.153976069506744E-019
  1.390360491739034E-003  3.052234905974268E-020
  1.403807880624915E-003  5.290540503688730E-019
  1.412465892929520E-003  7.274493192572005E-019
  1.404180527507536E-003  5.850116903117347E-019
  1.378463746741395E-003  2.899623160675555E-019
  1.346590529476335E-003  2.034823270649512E-019
  1.325328795217463E-003  3.866164214234073E-019
  1.327772892105609E-003  8.139293082598047E-019
  1.356247469811400E-003  1.129326915210479E-018
  1.401055054917016E-003  1.159849264270222E-018
  1.445644254046305E-003  8.953222390857851E-019
  1.475325084646389E-003  4.680093522493877E-019
  1.484807448897067E-003 -2.034823270649512E-020
  1.480551569468503E-003 -1.424376289454658E-019
  1.476768070673784E-003  3.052234905974268E-019
  1.487326778251702E-003  9.767151699117656E-019
  1.517985267901753E-003  1.475246871220896E-018
  1.563101199663218E-003  1.505769220280639E-018
  1.608520782041728E-003  9.868892862650132E-019
  1.639000590702781E-003  3.153976069506744E-019
  1.646120608860251E-003 -2.747011415376841E-019
  1.632450279532899E-003 -2.950493742441792E-019
  1.609804178417623E-003  3.459199560104170E-019
  1.592621831005463E-003  1.205632787859836E-018
  1.590098024614049E-003  1.877124467174175E-018
  1.601299062264299E-003  1.882211525350798E-018
  1.615832831372834E-003  1.521030394810510E-018
  1.619624893685022E-003  9.970634026182609E-019
  1.602624310311704E-003  6.460563884312200E-019
  1.564277858105048E-003  5.748375739584871E-019
  1.513870386701336E-003  1.032672809854627E-018
  1.465623763121101E-003  1.536291569340381E-018
  1.431256655393949E-003  1.790644478171570E-018
  1.414026293369169E-003  1.831340943584561E-018
  1.407416656087190E-003  1.790644478171570E-018
  1.399097177615479E-003  1.709251547345590E-018
  1.377939725420821E-003  1.587162151106619E-018
  1.340275316400406E-003  1.485420987574144E-018
  1.292039157700509E-003  1.424376289454658E-018
  1.245711021708193E-003  1.373505707688420E-018
  1.213768138501290E-003  1.627858616519609E-018
  1.202212701535993E-003  2.075519736062502E-018
  1.207640314080079E-003  2.655444368197613E-018
  1.219361159955537E-003  2.828404346202821E-018
  1.225351185408204E-003  2.207783248654720E-018
  1.218776585438138E-003  1.108978682503984E-018
  1.201581774317422E-003  3.713552468935359E-019
  1.183265310719776E-003  6.918399120208340E-019
  1.175581521891555E-003  1.821166827231313E-018
  1.186079248812752E-003  2.991190207854782E-018
  1.213964622490311E-003  3.153976069506743E-018
  1.250470718704562E-003  2.248479714067711E-018
  1.283464841762034E-003  8.037551919065572E-019
  1.303758340074223E-003 -1.017411635324756E-019
  1.309715326478817E-003  2.136564434181987E-019
  1.307726494094845E-003  1.322635125922183E-018
  1.308370868287538E-003  2.441787924779414E-018
  1.320400877807640E-003  2.757185531730089E-018
  1.345815366392002E-003  2.044997387002759E-018
  1.378647045035161E-003  1.047933984384499E-018
  1.408057399052320E-003  4.527481777195164E-019
  1.424015413563221E-003  4.781834686026353E-019
  1.422481250045920E-003  8.902351809091615E-019
  1.407331242745907E-003  1.149675147916974E-018
  1.388049751886453E-003  9.970634026182609E-019
  1.374494753767568E-003  7.528846101403194E-019
  1.371588668613856E-003  7.223622610805767E-019
  1.376779088052613E-003  1.047933984384499E-018
  1.381584303354763E-003  1.180197496976717E-018
  1.376328981377094E-003  1.037759868031251E-018
  1.355479766283929E-003  7.477975519636956E-019
  1.320709052031397E-003  3.408328978337932E-019
  1.280076620083643E-003 -1.119152798857231E-019
  1.243823725928207E-003 -2.848752578909316E-019
  1.219081685755006E-003  5.087058176623780E-020
  1.206342806016346E-003  6.714916793143389E-019
  1.199552218763021E-003  1.068282217090994E-018
  1.189708675020010E-003  9.360187044987755E-019
  1.169982395574868E-003  2.034823270649512E-019
  1.139575735348047E-003 -6.714916793143389E-019
  1.104270555771739E-003 -9.665410535585181E-019
  1.073416325993528E-003 -4.273128868363975E-019
  1.055026772487032E-003  4.629222940727640E-019
  1.051641694105613E-003  1.266677485979321E-018
  1.059158286427652E-003  1.337896300452054E-018
  1.069208625937769E-003  5.494022830753682E-019
  1.073749225434923E-003 -5.570328703403038E-019
  1.069364698643904E-003 -1.078456333444241E-018
  1.058982824386095E-003 -4.578352358961402E-019
  1.050125464994773E-003  9.054963554390329E-019
  1.050692756757873E-003  2.065345619709255E-018
  1.064584681007072E-003  2.014475037943017E-018
  1.089513354410151E-003  7.834069592000620E-019
  1.118146086520644E-003 -7.325363774338243E-019
  1.141915365255467E-003 -1.576988034753372E-018
  1.155414353533042E-003 -9.156704717922804E-019
  1.159018189661925E-003  6.511434466078438E-019
  1.158361900053298E-003  1.922907990763789E-018
  1.161012687162590E-003  1.922907990763789E-018
  1.172171274643314E-003  7.630587264935670E-019
  1.191725892458456E-003 -7.884940173766858E-019
  1.214218788152228E-003 -1.541378627517005E-018
  1.231698968920565E-003 -7.935810755533096E-019
  1.237889213932749E-003  6.867528538442102E-019
  1.231416969147573E-003  1.775383303641699E-018
  1.216396287185902E-003  1.444724522161153E-018
  1.200093704382823E-003 -3.281152523922338E-019
  1.188976097561971E-003 -2.141651492358611E-018
  1.185283330021325E-003 -2.599486728254751E-018
  1.185952228087155E-003 -1.358244533158549E-018
  1.184429042808650E-003  5.494022830753682E-019
  1.174350981121100E-003  1.531204511163758E-018
  1.153091547239971E-003  7.884940173766858E-019
  1.123268490976429E-003 -7.986681337299334E-019
  1.091434402706771E-003 -1.927995048940412E-018
  1.064691827051029E-003 -1.760122129111828E-018
  1.047075366563777E-003 -6.104469811948535E-019
  1.037639144381514E-003  7.732328428468145E-019
  1.031243277446633E-003  1.373505707688420E-018
  1.021570320670356E-003  6.562305047844675E-019
  1.004714422727137E-003 -1.083543391620865E-018
  9.814052414258017E-004 -2.624922019137870E-018
  9.566919267674873E-004 -2.630009077314494E-018
  9.372938784471253E-004 -1.068282217090994E-018
  9.280736607327421E-004  1.032672809854627E-018
  9.295355656346227E-004  2.243392655891087E-018
  9.376731931965861E-004  1.766480951832607E-018
  9.462088162149635E-004 -1.106435153415672E-019
  9.499845711961365E-004 -2.050084445179383E-018
  9.476688152639074E-004 -2.747011415376841E-018
  9.423391072056729E-004 -1.709251547345590E-018
  9.396662131329728E-004  2.390917343013176E-019
  9.447148861102120E-004  1.709251547345590E-018
  9.591023128508853E-004  1.704164489168966E-018
  9.800347834990170E-004  4.578352358961402E-019
  1.001711385654666E-003 -1.180197496976717E-018
  1.018307081775814E-003 -2.187435015948225E-018
  1.026914586898535E-003 -1.648206849226105E-018
  1.028873786254516E-003  7.121881447273291E-020
  1.028807604345913E-003  1.688903314639095E-018
  1.031923152346561E-003  2.085693852415750E-018
  1.041056621325453E-003  1.068282217090994E-018
  1.055052670374286E-003 -6.002728648416060E-019
  1.069327460897995E-003 -1.706708018257278E-018
  1.078280431768686E-003 -1.320091596833871E-018
  1.078234767911856E-003  2.034823270649512E-019
  1.069324462209708E-003  1.503225691192327E-018
  1.055335305605382E-003  1.501953926648171E-018
  1.041618527580356E-003  2.352764406688498E-019
  1.032225576131108E-003 -1.256503369626074E-018
  1.027810585050679E-003 -1.917820932587165E-018
  1.025410420501990E-003 -1.368418649511797E-018
  1.020188037232513E-003 -7.121881447273291E-020
  1.008171132281447E-003  8.444516573195474E-019
  9.884997366380272E-004  6.765787374909627E-019
  9.639827392306327E-004 -3.764423050701597E-019
  9.396883426077724E-004 -1.444724522161153E-018
  9.203513904959398E-004 -1.704164489168966E-018
  9.080022533710715E-004 -9.258445881455279E-019
  9.010810098502326E-004  2.238305597714463E-019
  8.954844826051717E-004  9.258445881455279E-019
  8.869504589481597E-004  6.358822720779725E-019
  8.734761398628670E-004 -3.484634850987289E-019
  8.564705619739853E-004 -1.367146884967641E-018
  8.400407827112921E-004 -1.652022142858572E-018
  8.288224768570317E-004 -7.719610783026585E-019
  8.255400890338634E-004  7.512949044601244E-019
  8.296081449872116E-004  1.894611229656319E-018
  8.375063179661162E-004  1.666011552844288E-018
  8.446983413552326E-004 -1.526117452987134E-020
  8.480413319674128E-004 -2.095867968768997E-018
  8.473869359054223E-004 -3.006451382384654E-018
  8.455308772114174E-004 -1.892385641704046E-018
  8.465673093573060E-004  3.713552468935359E-019
  8.535589759290142E-004  2.085693852415750E-018
  8.667861505519919E-004  2.294263237657325E-018
  8.835063791253207E-004  1.022498693501380E-018
  8.993320304910512E-004 -7.477975519636956E-019
  9.104640272616592E-004 -1.663468023755976E-018
  9.155740753891999E-004 -1.220893962389707E-018
  9.163361151774575E-004  2.136564434181987E-019
  9.163479114503810E-004  1.648206849226105E-018
  9.190502386100876E-004  2.284089121304077E-018
  9.257777355540665E-004  1.724512721875461E-018
  9.349858494249957E-004  2.797881997143079E-019
  9.430506626690830E-004 -7.973963691857775E-019
  9.461889151639311E-004 -8.164728373481167E-019
  9.424524618766543E-004  1.297199835039064E-019
  9.327281375576280E-004  1.248236900089060E-018
  9.202236703330472E-004  1.613233324261816E-018
  9.087391976546932E-004  1.003422225339041E-018
  9.006691561750802E-004 -7.630587264935669E-020
  8.958080775521881E-004 -6.867528538442102E-019
  8.915854569905133E-004 -4.069646541299024E-019
  8.845787840782734E-004  3.917034796000310E-019
  8.724710319484984E-004  1.073369275267618E-018
  8.553937546214143E-004  8.902351809091615E-019
  8.359428604306568E-004 -2.238305597714463E-019
  8.178767295239460E-004 -1.353157474981925E-018
  8.042124051475255E-004 -1.363331591335173E-018
  7.957469025856791E-004 -1.678729198285847E-019
  7.907865625821550E-004  1.327722184098806E-018
  7.862074465165013E-004  1.856776234467680E-018
  7.792544204935029E-004  8.342775409662998E-019
  7.691002613722079E-004 -9.512798790286469E-019
  7.573307842323127E-004 -2.251023243156022E-018
  7.471116093584339E-004 -2.061530326076787E-018
  7.415034381398439E-004 -4.648299408889978E-019
  7.418421826108826E-004  1.550916861598175E-018
  7.470511362185503E-004  2.412537340263827E-018
  7.542389957306663E-004  1.292112776862440E-018
  7.602427903513973E-004 -9.207575299689041E-019
  7.632741617748366E-004 -2.513006739252147E-018
  7.637862199118087E-004 -2.314611470363820E-018
  7.641109058886094E-004 -5.290540503688730E-019
  7.670835942574382E-004  1.566813918400124E-018
  7.744112002049941E-004  2.446874982956038E-018
  7.856652176688603E-004  1.510856278457263E-018
  7.984317168073856E-004 -6.104469811948535E-019
  8.095215525847953E-004 -2.345133819423562E-018
  8.165775056453150E-004 -2.345133819423562E-018
  8.192133218135609E-004 -7.121881447273292E-019
  8.190846384761563E-004  1.246329253272826E-018
  8.188738043372034E-004  1.994126805236522E-018
  8.207525381002239E-004  9.818022280883895E-019
  8.251565103791916E-004 -9.919763444416370E-019
  8.305247600858410E-004 -2.350220877600186E-018
  8.341288952568461E-004 -2.099047380129387E-018
  8.335307934865396E-004 -5.652993398773175E-019
  8.278779667947497E-004  1.072097510723462E-018
  8.183452046137282E-004  1.557275684318955E-018
  8.074993017723200E-004  6.015446293857620E-019
  7.979438550917144E-004 -8.342775409662998E-019
  7.909806936485896E-004 -1.747404483670268E-018
  7.860033972485564E-004 -1.772839774553387E-018
  7.809343041797387E-004 -8.800610645559139E-019
  7.734520225149086E-004  1.678729198285847E-019
  7.623367039834755E-004  4.527481777195164E-019
  7.482078462460269E-004 -2.009387979766393E-019
  7.332664617698385E-004 -1.251416311449450E-018
  7.201932619221944E-004 -1.856776234467680E-018
  7.108045061530037E-004 -1.383679824041668E-018
  7.051875594901400E-004 -4.578352358961402E-020
  7.017696638945100E-004  1.098804566150736E-018
  6.982660912266053E-004  1.360788062246861E-018
  6.929835061731902E-004  6.028163939299179E-019
  6.857726201644532E-004 -7.293569660734344E-019
  6.781239060355501E-004 -1.529296864347524E-018
  6.723680808533965E-004 -1.164936322446846E-018
  6.704240144531137E-004  2.543529088311890E-021
  6.727725634824967E-004  9.843457571767014E-019
  6.782030522901380E-004  1.134413973387103E-018
  6.844563403389535E-004  2.619834960961246E-019
  6.894060576810984E-004 -9.589104662935825E-019
  6.921372516643516E-004 -1.536291569340381E-018
  6.933474584212203E-004 -1.164936322446846E-018
  6.948680984746536E-004 -3.052234905974268E-019
  6.985791281823725E-004  5.290540503688730E-019
  7.053107273555139E-004  9.411057626753991E-019
  7.143230459669520E-004  7.071010865507053E-019
  7.236355174628280E-004 -1.526117452987134E-020
  7.310174693361460E-004 -7.071010865507053E-019
  7.351004384510891E-004 -7.630587264935670E-019
  7.360161784125200E-004 -2.797881997143079E-019
  7.352281603619166E-004  2.543529088311890E-019
  7.346617617730354E-004  5.926422775766703E-019
  7.356121106720073E-004  7.096446156390173E-019
  7.380195303247216E-004  5.417716958104325E-019
  7.404956083586664E-004  1.755035070935204E-019
  7.410741809354710E-004 -8.139293082598047E-020
  7.382732461971417E-004  1.039667514847485E-019
  7.318936636995740E-004  4.724605281539335E-019
  7.231305361585338E-004  7.897657819208418E-019
  7.139479942953982E-004  9.843457571767014E-019
  7.060632818213378E-004  1.032672809854627E-018
  7.000895354147856E-004  1.012324577148132E-018
  6.952925418761749E-004  1.086086920709177E-018
  6.900802413218279E-004  1.152218677005286E-018
  6.829490303586988E-004  1.162392793358534E-018
  6.733704473919111E-004  1.070825746179306E-018
  6.621420016725326E-004  9.004092972624090E-019
  6.510207324806221E-004  6.842093247558983E-019
  6.418454815106687E-004  6.384258011662843E-019
  6.356247068411260E-004  9.512798790286469E-019
  6.320776288895146E-004  1.335352771363742E-018
  6.298658373704232E-004  1.490508045750767E-018
  6.273787515739590E-004  1.432006876719594E-018
  6.236418452449566E-004  1.304194540031922E-018
  6.188579331611905E-004  1.156669852909832E-018
  6.142967071044429E-004  9.779869344559216E-019
  6.116020050168301E-004  7.643304910377229E-019
  6.118976187819574E-004  7.999398982740893E-019
  6.151745587557022E-004  1.200545729683212E-018
  6.202842328320853E-004  1.668555081932600E-018
  6.255321545529993E-004  1.950886810735219E-018
  6.295451988376352E-004  1.828797414496249E-018
  6.319443475648323E-004  1.404028056748163E-018
  6.334669752894693E-004  1.103891624327360E-018
  6.354837555070368E-004  1.225981020566331E-018
  6.391807439084514E-004  1.765209187288452E-018
  6.448522571712880E-004  2.535898501046954E-018
  6.516834714789428E-004  3.057321964150892E-018
  6.581329565150958E-004  2.919971393382050E-018
  6.627019825618419E-004  2.207783248654720E-018
  6.646735842843829E-004  1.190371613329964E-018
  6.644272915282141E-004  7.808634301117502E-019
  6.631691136172082E-004  1.294656305950752E-018
  6.622321120794571E-004  2.256110301332646E-018
  6.623302024124407E-004  3.192129005831422E-018
  6.631663726688903E-004  3.426769564228194E-018
  6.635997963903102E-004  2.631916724130728E-018
  6.622732693693414E-004  1.305784245712117E-018
  6.583571105273309E-004  4.463893549987367E-019
  6.520086089640741E-004  6.460563884312200E-019
  6.443047825068352E-004  1.682544491918315E-018
  6.366921269117403E-004  2.850024343453473E-018
  6.302549414670890E-004  3.133627836800248E-018
  6.251959899891890E-004  2.279002063127453E-018
  6.208029828575425E-004  1.050477513472810E-018
  6.159095115326195E-004  4.247693577480856E-019
  6.095938806126866E-004  6.918399120208340E-019
  6.017358824535068E-004  1.617684500166362E-018
  5.931338096503883E-004  2.446874982956038E-018
  5.851245289976579E-004  2.448146747500194E-018
  5.789167953242496E-004  1.699077430992342E-018
  5.749984278626296E-004  7.948528400974655E-019
  5.729327280140019E-004  3.789858341584716E-019
  5.716459670632565E-004  6.962910879253798E-019
  5.700430885052455E-004  1.447268051249465E-018
  5.676156648450536E-004  2.072976206974190E-018
  5.647159498849875E-004  2.182347957771601E-018
  5.623553694944716E-004  1.634217439240389E-018
  5.616432558270036E-004  9.754434053676096E-019
  5.631728342664098E-004  7.656022555818788E-019
  5.666849787963913E-004  1.025042222589692E-018
  5.711861775713839E-004  1.604966854724802E-018
  5.754509829141132E-004  2.192522074124849E-018
  5.786344247110241E-004  2.177260899594978E-018
  5.806655466801975E-004  1.854232705379368E-018
  5.822160296245589E-004  1.480333929397520E-018
  5.842690583966706E-004  1.409115114924787E-018
  5.875274682861179E-004  1.739773896405333E-018
  5.919824242400772E-004  2.299350295833948E-018
  5.968725489140040E-004  2.594399670078128E-018
  6.010503347521016E-004  2.581682024636568E-018
  6.035540481242558E-004  2.385830284836553E-018
  6.040764080905044E-004  2.291719708569013E-018
  6.030815553077397E-004  2.426526750249543E-018
  6.015141940884978E-004  2.514278503796303E-018
  6.002640515194435E-004  2.399819694822268E-018
  5.996770370091776E-004  2.134020905093676E-018
  5.993744942151255E-004  1.862499174916381E-018
  5.984723804411589E-004  1.978865630706650E-018
  5.960762163610078E-004  2.540349676951500E-018
  5.917817059914261E-004  3.101197840924272E-018
  5.859120898957524E-004  3.241727823053504E-018
  5.793685546823652E-004  2.853839637085940E-018
  5.731792167196198E-004  2.127662082372896E-018
  5.679922074474254E-004  1.507040984824795E-018
  5.637842710777143E-004  1.480333929397520E-018
  5.599363378322509E-004  2.111129143298869E-018
  5.556283828562642E-004  2.942863155176857E-018
  5.503355220013546E-004  3.236640764876880E-018
  5.441565671206999E-004  2.719032595405410E-018
  5.378004323699566E-004  1.758850364567672E-018
  5.322420518574893E-004  1.149675147916974E-018
  5.282365199987162E-004  1.307373951392311E-018
  5.259532427364950E-004  2.092052675136529E-018
  5.249234845727338E-004  2.847162873229122E-018
  5.243237496222059E-004  3.140940482929145E-018
  5.234372278893172E-004  2.818230229849574E-018
  5.220428200038255E-004  2.121303259652116E-018
  5.205243141790687E-004  1.587162151106619E-018
  5.196458466077670E-004  1.499410397559859E-018
  5.201197183087000E-004  1.803362123613130E-018
  5.222020712934919E-004  2.169630312330042E-018
  5.255333226756858E-004  2.332416173982003E-018
  5.293056697014030E-004  2.116216201475492E-018
  5.326634449208675E-004  1.500682162104015E-018
  5.351189312108201E-004  8.622563609377307E-019
  5.367615885523310E-004  7.350799065221362E-019
  5.381530523511973E-004  1.131870444298791E-018
  5.399704616732898E-004  1.594792738371555E-018
  5.425945278367991E-004  1.727056250963773E-018
  5.458651193819730E-004  1.406571585836475E-018
  5.491336566194008E-004  1.070825746179306E-018
  5.515803480078363E-004  1.028857516222159E-018
  5.526227954390600E-004  1.119152798857232E-018
  5.521962516913912E-004  1.201817494227368E-018
  5.507580482837391E-004  1.245057488728670E-018
  5.490187778312382E-004  1.348070416805302E-018
  5.475490302085982E-004  1.389084823354331E-018
  5.464745694262101E-004  1.184012790609185E-018
  5.454218073927422E-004  9.481004676682569E-019
  5.437385089256410E-004  9.175781186085142E-019
  5.408666175770673E-004  9.919763444416370E-019
  5.366644322115546E-004  1.150311030189052E-018
  5.315056640118148E-004  1.236155136919578E-018
  5.261051457711262E-004  1.278123366876725E-018
  5.211681613157473E-004  1.159849264270222E-018
  5.170532365734924E-004  1.039031632575407E-018
  5.136278968501366E-004  1.111522211592296E-018
  5.103905530237137E-004  1.538835098428693E-018
  5.067878688640190E-004  2.064073855165099E-018
  5.025533563160615E-004  2.266284417685894E-018
  4.978844235295106E-004  2.046269151546915E-018
  4.933646982914819E-004  1.629130381063765E-018
  4.896765652204481E-004  1.378592765865044E-018
  4.872606770030434E-004  1.331060566027216E-018
  4.861052110013635E-004  1.584141710314249E-018
  4.857752786170593E-004  2.141651492358611E-018
  4.856625270660263E-004  2.533354971958642E-018
  4.853174165360271E-004  2.478669096559937E-018
  4.846847161885817E-004  1.939440929837816E-018
  4.841176961970499E-004  1.377321001320888E-018
  4.841672807324823E-004  1.027585751678003E-018
  4.852632484947116E-004  1.088630449797489E-018
  4.874606524457421E-004  1.635489203784545E-018
  4.903869643229280E-004  2.136564434181987E-018
  4.934157468814653E-004  2.195065603213161E-018
  4.959708939048911E-004  1.765209187288452E-018
  4.977971168897695E-004  1.238698666007890E-018
  4.990531654420343E-004  1.119152798857232E-018
  5.001816331232160E-004  1.648206849226105E-018
  5.016296833753125E-004  2.548616146488514E-018
  5.035736799057631E-004  3.215020767626229E-018
  5.057960585720882E-004  3.242999587597660E-018
  5.077786918995732E-004  2.668162013639172E-018
  5.089598396962415E-004  1.920364461675477E-018
  5.090148775520206E-004  1.611325677445582E-018
  5.080104237996693E-004  2.051356209723539E-018
  5.063516612444301E-004  2.936504332456077E-018
  5.045546496735197E-004  3.803847751570431E-018
  5.029685536919941E-004  3.887784211484724E-018
  5.015973780227815E-004  3.046829906661605E-018
  5.001149123741139E-004  1.957245633455999E-018
  4.980614046200150E-004  1.524527747306939E-018
  4.951131706174946E-004  1.886662701255344E-018
  4.912789285067508E-004  2.833491404379445E-018
  4.869181958659038E-004  3.593370719512623E-018
  4.825740657203120E-004  3.587647779063921E-018
  4.787122191855911E-004  2.969570210604131E-018
  4.755067562822036E-004  2.334323820798237E-018
  4.727860438860521E-004  2.272643240406674E-018
  4.701641945319973E-004  2.996277266031406E-018
  4.672839115118658E-004  4.070918305843180E-018
  4.640379899247867E-004  4.473431784068536E-018
  4.606504048085877E-004  3.973787288783269E-018
  4.575751714058474E-004  2.858608754126525E-018
  4.552695954410387E-004  1.916708138611028E-018
  4.539650403227458E-004  1.944845929150479E-018
  4.535577868137755E-004  3.092295489115180E-018
  4.536763238912806E-004  4.398397675963335E-018
  4.538860494247531E-004  4.807269976909472E-018
  4.539194593605208E-004  4.017504194988630E-018
  4.538081748011504E-004  2.824589052570354E-018
  4.538478916015501E-004  2.121303259652116E-018
  4.544181167027037E-004  2.347677348511874E-018
  4.557561311376064E-004  3.176867831301550E-018
  4.578076211893559E-004  3.914491266911999E-018
  4.602334033688220E-004  3.931024205986026E-018
  4.625667666232918E-004  2.968298446059975E-018
  4.644353562536115E-004  1.599879796548179E-018
  4.657283577498732E-004  8.113857791714928E-019
  4.666210062592944E-004  1.025042222589692E-018
  4.674463368752633E-004  2.074247971518346E-018
  4.684860950455622E-004  3.282424288466494E-018
  4.697948295317496E-004  3.695747765317176E-018
  4.711514829928436E-004  2.890720808866463E-018
  4.721628526079394E-004  1.585890386562463E-018
  4.724614218896925E-004  8.749740063792901E-019
  4.718903361936839E-004  1.245057488728670E-018
  4.705768331756588E-004  2.258653830420958E-018
  4.688567193781950E-004  2.963211387883352E-018
  4.670928081576621E-004  2.671341424999562E-018
  4.654862516749108E-004  1.809085064061832E-018
  4.639817926555960E-004  1.148562353940838E-018
  4.623158900343320E-004  1.081635744804631E-018
  4.601792234540298E-004  1.524209806170900E-018
  4.574041713051617E-004  2.148964138487508E-018
  4.540758579599063E-004  2.476443508607664E-018
  4.505079154680317E-004  2.219229129552124E-018
  4.470975185735439E-004  1.433914523535828E-018
  4.441386891383258E-004  6.466922707032980E-019
  4.416939411398599E-004  5.080699353903000E-019
  4.395914575079532E-004  1.153490441549442E-018
  4.375466478818558E-004  2.086965616959906E-018
  4.353403307198214E-004  2.612840255968389E-018
  4.329565817557369E-004  2.341318525791095E-018
  4.306065389184644E-004  1.562362742495578E-018
  4.286268428854050E-004  8.981837093101360E-019
  4.273088495141835E-004  8.291904827896760E-019
  4.267510355283694E-004  1.426919818542970E-018
  4.268131848561589E-004  2.217957365007968E-018
  4.271952129298972E-004  2.688510246345668E-018
  4.275964072417038E-004  2.431613808426167E-018
  4.278685711073700E-004  1.735958602772865E-018
  4.280813188651222E-004  1.119152798857232E-018
  4.284662674113793E-004  1.082271627076709E-018
  4.292723943824762E-004  1.666011552844288E-018
  4.306119867749411E-004  2.312067941275508E-018
  4.323804081709240E-004  2.478669096559937E-018
  4.342920333595416E-004  2.060258561532631E-018
  4.360117742339892E-004  1.172566909711781E-018
  4.373107360932664E-004  4.934446431325066E-019
  4.381627751516789E-004  7.083728510948613E-019
  4.387317450057855E-004  1.602423325636491E-018
  4.392585953254221E-004  2.415080869352139E-018
  4.399109683035581E-004  2.711402008140475E-018
  4.406769620672291E-004  2.065345619709255E-018
  4.413596649404667E-004  8.660716545701985E-019
  4.416740653914440E-004  1.424376289454658E-019
  4.413929748646683E-004  6.231646266364130E-019
  4.404631226095645E-004  1.966147985265091E-018
  4.390297665920490E-004  3.108510487053168E-018
  4.373581089256269E-004  3.183862536294408E-018
  4.356952115207168E-004  2.191250309580693E-018
  4.341471995907785E-004  1.098327654446678E-018
  4.326370542050672E-004  7.436643171951888E-019
  4.309639762416553E-004  1.391946293578682E-018
  4.289304703342743E-004  2.626511724818065E-018
  4.264675050103270E-004  3.649010418319445E-018
  4.236902264272982E-004  3.749797758443804E-018
  4.208549867817662E-004  3.071629315272646E-018
  4.182417928459258E-004  2.034187388377434E-018
  4.160258541453616E-004  1.235837195783540E-018
  4.142067288865917E-004  1.357926592022510E-018
  4.126316086605956E-004  2.135133699069812E-018
  4.110982711885329E-004  3.094203135931414E-018
  4.094808103259886E-004  3.682394237603538E-018
  4.078100190676651E-004  3.535187491617488E-018
  4.062657694964320E-004  2.619199078689168E-018
  4.050866584856063E-004  1.576988034753372E-018
  4.044465181949727E-004  1.176382203344249E-018
  4.043644221940410E-004  1.718789781426760E-018
  4.046958624682417E-004  2.794066703510611E-018
  4.052085704253725E-004  3.534233668209371E-018
  4.057011056364086E-004  3.463014853736638E-018
  4.061001634670422E-004  2.632552606402806E-018
  4.064850639073521E-004  1.714338605522214E-018
  4.070278083545437E-004  1.565542153855968E-018
  4.078825828641600E-004  2.022105625207952E-018
  4.090851705876640E-004  2.407450282087204E-018
  4.105164706951836E-004  2.320970293084599E-018
  4.119490984455144E-004  1.884755054439110E-018
  4.131512111778262E-004  1.503225691192327E-018
  4.139914518683023E-004  1.501953926648171E-018
  4.144892024756600E-004  1.789372713627414E-018
  4.147845343794564E-004  2.299350295833948E-018
  4.150456626386504E-004  2.547344381944358E-018
  4.153648695860766E-004  2.206511484110564E-018
  4.156991594701184E-004  1.505133338008561E-018
  4.158869574895484E-004  9.143987072481244E-019
  4.157308390928765E-004  6.276158025409588E-019
  4.151009853521281E-004  8.660716545701985E-019
  4.140036224946469E-004  1.410068938332904E-018
  4.125783079192273E-004  1.671098611020912E-018
  4.110265772285620E-004  1.416904672757742E-018
  4.095111449265249E-004  6.959731467893409E-019
  4.080799339139893E-004 -1.776496097617835E-019
  4.066549662839582E-004 -4.828731003592104E-019
  4.050906908961146E-004  1.778085803298030E-019
  4.032689986834215E-004  1.243785724184514E-018
  4.011790176049545E-004  1.884357628019061E-018
  3.989387584816853E-004  1.858683881283913E-018
  3.967475324123180E-004  1.255470060933947E-018
  3.947953410166421E-004  6.235620530564618E-019
  3.931780851512939E-004  4.325589155810408E-019
  3.918635471809380E-004  6.334182282736703E-019
  3.907251905787641E-004  1.278759249148803E-018
  3.896242353435054E-004  1.907487845665898E-018
  3.884949555249815E-004  2.028464447928732E-018
  3.873871989780728E-004  1.394489822666994E-018
  3.864438575565286E-004  5.875552194000465E-019
  3.858263001297587E-004  2.632552606402806E-019
  3.856285212431559E-004  6.562305047844675E-019
  3.858262074280515E-004  1.445360404433231E-018
  3.862875200930044E-004  1.958517398000155E-018
  3.868389396686932E-004  1.629130381063765E-018
  3.873501677114344E-004  7.681457846701907E-019
  3.877925042244755E-004  1.996670334324834E-019
  3.882401189308906E-004  5.239669921922493E-019
  3.888147767901695E-004  1.456170403058557E-018
  3.896049052006814E-004  2.014475037943017E-018
  3.906031609592680E-004  1.683816256462471E-018
  3.916960335712582E-004  6.536869756961557E-019
  3.927105895306208E-004 -3.649964241727562E-019
  3.934927484152116E-004 -6.803940311234305E-019
  3.939749847989594E-004 -1.983952688883274E-019
  3.941976802362516E-004  5.621199285169277E-019
  3.942737426068378E-004  1.247601017816982E-018
  3.943166466798743E-004  1.433278641263750E-018
  3.943712814181952E-004  1.089266332069567E-018
  3.943847951290476E-004  4.648299408889978E-019
  3.942325358739943E-004  5.468587539870563E-020
  3.937843577530973E-004  3.637246596286002E-019
  3.929751156055825E-004  1.293702482542635E-018
  3.918414600988601E-004  2.201106484797902E-018
  3.905056683810376E-004  2.196973250029395E-018
  3.891158922838710E-004  1.197366318322822E-018
  3.877753627330689E-004 -4.228617109318517E-020
  3.864984364601039E-004 -7.866658558444617E-019
  3.852163343318947E-004 -5.102955233425729E-019
  3.838283900130295E-004  6.690872494730441E-019
  3.822702844387371E-004  1.904308434305508E-018
  3.805620880668189E-004  2.365998706476121E-018
  3.788103520851349E-004  1.810197858037968E-018
  3.771635363410587E-004  8.512079064603759E-019
  3.757450916966208E-004  2.319380587404404E-019
  3.746001136570314E-004  3.575248074758400E-019
  3.736836533495669E-004  1.162233822790514E-018
  3.728960221889326E-004  2.178850605275173E-018
  3.721451912376902E-004  2.677064365448264E-018
  3.714022294591294E-004  2.422075574344997E-018
  3.707200536372869E-004  1.975050337074182E-018
  3.702059561949498E-004  1.715610370066370E-018
  3.699633543313189E-004  1.661560376939742E-018
  3.700344991688956E-004  1.863135057188459E-018
  3.703749027100287E-004  2.319062646268365E-018
  3.708727880766231E-004  2.519365561972927E-018
  3.714025648678601E-004  2.262469124053426E-018
  3.718833128962965E-004  1.897472699880670E-018
  3.723110786722362E-004  1.978865630706650E-018
  3.727483595976737E-004  2.654172603653457E-018
  3.732773886357121E-004  3.582560720887297E-018
  3.739431410538287E-004  4.050570073136685E-018
  3.747170793936926E-004  3.604180718137948E-018
  3.755010338091213E-004  2.544800852856046E-018
  3.761687818509748E-004  1.755035070935204E-018
  3.766227128180513E-004  1.832612708128717E-018
  3.768352253162936E-004  2.752098473553465E-018
  3.768531567838667E-004  3.941198322339273E-018
  3.767636780937677E-004  4.510948838121137E-018
  3.766407278393617E-004  3.903045386014595E-018
  3.765011398096946E-004  2.509827327891757E-018
  3.762939051352571E-004  1.297199835039064E-018
  3.759278272700515E-004  1.130598679754635E-018
  3.753221224114583E-004  2.179486487547250E-018
  3.744524286427318E-004  3.505936907101901E-018
  3.733675534275997E-004  4.194915348898384E-018
  3.721683324023435E-004  3.511341906414564E-018
  3.709603813982274E-004  1.921954167355672E-018
  3.698062908196113E-004  7.291979955054149E-019
  3.687026677859396E-004  8.361851877825338E-019
  3.675936806393263E-004  1.975288792926212E-018
  3.664129932846744E-004  3.190539300151227E-018
  3.651308847847550E-004  3.691773501116689E-018
  3.637809448949126E-004  3.202939004456747E-018
  3.624521015511559E-004  2.139902816110397E-018
  3.612505572038778E-004  1.279077190284842E-018
  3.602522795109151E-004  1.127419268394245E-018
  3.594714408338318E-004  1.681590668510198E-018
  3.588612680864337E-004  2.591220258717738E-018
  3.583461583712540E-004  3.149842834738237E-018
  3.578672121995538E-004  3.046511965525566E-018
  3.574164717178715E-004  2.441787924779414E-018
  3.570416448278686E-004  1.807813299517676E-018
  3.568192496771332E-004  1.765845069560530E-018
  3.568111124555755E-004  2.252295007700178E-018
  3.570278695682787E-004  2.551795557848904E-018
  3.574190238643354E-004  2.329872644893691E-018
  3.578945890591612E-004  1.707979782801434E-018
  3.583663749365873E-004  1.028857516222159E-018
  3.587866593070889E-004  9.805304635442335E-019
  3.591637760591798E-004  1.615140971078050E-018
  3.595468692432894E-004  2.568964379195009E-018
  3.599887250470558E-004  3.360001925660006E-018
  3.605072022966022E-004  3.455384266471702E-018
  3.610661980625107E-004  2.584225553724880E-018
  3.615862673772838E-004  1.467616283955960E-018
  3.619789457979631E-004  1.125511621578011E-018
  3.621861993170945E-004  1.810356828605987E-018
  3.622039581828340E-004  2.948586095625558E-018
  3.620775373409756E-004  3.759335992524973E-018
  3.618719818262090E-004  3.671584238978213E-018
  3.616337318953076E-004  2.765452001267102E-018
  3.613643533294071E-004  1.685088021006627E-018
  3.610202390936088E-004  1.224709256022175E-018
  3.605380078647531E-004  1.752173600710853E-018
  3.598715229200710E-004  3.068449903912256E-018
  3.590204228763891E-004  4.099533008086688E-018
  3.580349006729611E-004  4.030221840430189E-018
  3.569944162292627E-004  2.850978166861589E-018
  3.559720106214036E-004  1.698123607584225E-018
  3.550033958258042E-004  1.338214241588093E-018
  3.540771071771669E-004  1.776496097617836E-018
  3.531504420827741E-004  2.711878919844533E-018
  3.521820065253340E-004  3.547269254786969E-018
  3.511629388470523E-004  3.588283661335999E-018
  3.501298849414182E-004  2.805194643271975E-018
  3.491528633188244E-004  1.773793597961504E-018
  3.483047415010230E-004  1.075594863219890E-018
  3.476288098364791E-004  1.235519254647500E-018
  3.471217133851050E-004  2.332734115118042E-018
  3.467405171407580E-004  3.610539540858728E-018
  3.464296317527051E-004  4.177110645280201E-018
  3.461527824377711E-004  3.611175423130806E-018
  3.459127728880565E-004  2.430342043882011E-018
  3.457486491526190E-004  1.821166827231313E-018
  3.457121813522354E-004  2.230039128177449E-018
  3.458366651725920E-004  3.157791363139211E-018
  3.461149789790421E-004  3.829918924725628E-018
  3.464986230777444E-004  3.733900701641854E-018
  3.469180549506222E-004  3.115823133182065E-018
  3.473132352145320E-004  2.613476138240467E-018
  3.476580224285089E-004  2.853839637085940E-018
  3.479656289562206E-004  3.644877183550938E-018
  3.482727152326804E-004  4.283302984717222E-018
  3.486111901630331E-004  4.302379452879562E-018
  3.489832243453255E-004  3.663953651713277E-018
  3.493530016539452E-004  2.765452001267102E-018
  3.496595324807623E-004  2.333687938526159E-018
  3.498434783789757E-004  2.665618484550861E-018
  3.498735243417972E-004  3.492901320524303E-018
  3.497582906930447E-004  3.889055976028879E-018
  3.495377297333646E-004  3.614990716763273E-018
  3.492590190158068E-004  3.046511965525566E-018
  3.489501623618658E-004  2.343226172607329E-018
  3.486054946495142E-004  2.024649154296264E-018
  3.481906473277280E-004  2.358169406001161E-018
  3.476639513778894E-004  3.010584617153160E-018
  3.470024680212928E-004  3.408964860610010E-018
  3.462185250770017E-004  3.377170747006112E-018
  3.453579329547290E-004  3.010266676017122E-018
  3.444809972679208E-004  2.594399670078128E-018
  3.436366311887837E-004  2.423029397753114E-018
  3.428433895776355E-004  2.544800852856046E-018
  3.420873051280914E-004  2.813143171672950E-018
  3.413372381463614E-004  3.141258424065184E-018
  3.405690547354215E-004  3.153340187234665E-018
  3.397853627014313E-004  2.673567012951835E-018
  3.390201395987672E-004  1.893339465112163E-018
  3.383258698391842E-004  1.275261896652374E-018
  3.377502363682725E-004  1.357608650886471E-018
  3.373149149606375E-004  1.889206230343656E-018
  3.370077099258582E-004  2.455777334765130E-018
  3.367919606370414E-004  2.622378490049558E-018
  3.366278529854070E-004  2.304437354010572E-018
  3.364940020293388E-004  1.787465066811180E-018
  3.363977412427909E-004  1.383043941769590E-018
  3.363688193803602E-004  1.333445124547508E-018
  3.364402088367494E-004  1.661560376939742E-018
  3.366265993718355E-004  2.244664420435243E-018
  3.369122402931641E-004  2.906617865668412E-018
  3.372546122635815E-004  3.097382547291804E-018
  3.376018355786983E-004  2.544164970583968E-018
  3.379144052994945E-004  1.614505088805972E-018
  3.381796856619939E-004  9.366545867708534E-019
  3.384116693003691E-004  1.019955164413068E-018
  3.386365266431975E-004  1.690175079183251E-018
  3.388720749693005E-004  2.540985559223578E-018
  3.391124164679878E-004  3.206118415817137E-018
  3.393260312978215E-004  3.113915486365831E-018
  3.394682525317264E-004  2.454505570220974E-018
  3.395013109669394E-004  1.857412116739758E-018
  3.394111732592435E-004  1.795095654076116E-018
  3.392122704745931E-004  2.322242057628755E-018
  3.389378272545042E-004  2.883726103873605E-018
  3.386212335585806E-004  3.157155480867133E-018
  3.382785900225790E-004  2.718396713133332E-018
  3.379017414239814E-004  1.752491541846892E-018
  3.374653183403562E-004  1.091491920021840E-018
  3.369437217111639E-004  1.159849264270222E-018
  3.363287034667187E-004  1.830705061312483E-018
  3.356380121085302E-004  2.394096754373566E-018
  3.349105013259149E-004  2.399501753686229E-018
  3.341904178985584E-004  1.893339465112163E-018
  3.335093317039159E-004  1.103573683191321E-018
  3.328752916319591E-004  4.514764131753605E-019
  3.322747611193715E-004  3.920214207360700E-019
  3.316859493818450E-004  9.999248728426118E-019
  3.310960744591234E-004  1.746768601398190E-018
  3.305131162228850E-004  2.004936803861847E-018
  3.299657347373129E-004  1.708615665073512E-018
  3.294914881565773E-004  1.167479851535157E-018
  3.291197686105464E-004  9.207575299689041E-019
  3.288586187438336E-004  1.169387498351391E-018
  3.286923820328176E-004  1.543286274333239E-018
  3.285912408359091E-004  1.662832141483898E-018
  3.285273283574548E-004  1.414838055373489E-018
  3.284886842205173E-004  1.046026337568265E-018
  3.284836408128551E-004  8.241034246130523E-019
  3.285334955792605E-004  9.182140008805921E-019
  3.286576550095016E-004  1.391310411306604E-018
  3.288594186734651E-004  2.051356209723539E-018
  3.291201095719907E-004  2.472310273839157E-018
  3.294046698519699E-004  2.217957365007968E-018
  3.296756538921618E-004  1.613233324261816E-018
  3.299081056923392E-004  1.246965135544904E-018
  3.300974583311531E-004  1.402756292204007E-018
  3.302564605241397E-004  1.943892105742362E-018
  3.304030778362066E-004  2.434793219786557E-018
  3.305461153544981E-004  2.425890867977465E-018
  3.306764112307837E-004  1.833884472672873E-018
  3.307683258924795E-004  1.335352771363742E-018
  3.307906435792368E-004  1.172566909711781E-018
  3.307209575741811E-004  1.386223353129980E-018
  3.305558232542131E-004  1.645027437865715E-018
  3.303113391229726E-004  1.735958602772865E-018
  3.300140145870711E-004  1.387495117674136E-018
  3.296869727970752E-004  7.884940173766858E-019
  3.293389367389384E-004  5.284181680967951E-019
  3.289618165947727E-004  8.489028332240932E-019
  3.285379958243886E-004  1.551552743870253E-018
  3.280531829797604E-004  1.908282698505995E-018
  3.275077677045011E-004  1.589705680194931E-018
  3.269205250203407E-004  6.028163939299179E-019
  3.263227043792894E-004 -4.362152386454891E-019
  3.257457190001594E-004 -6.279337436769978E-019
  3.252090252121406E-004  8.616204786656527E-020
  3.247145719649324E-004  1.082271627076709E-018
  3.242505778746832E-004  1.821802709503391E-018
  3.238023540931350E-004  1.821484768367352E-018
  3.233641593715030E-004  1.094989272518269E-018
  3.229456275567460E-004  3.885240682396412E-019
  3.225693328892739E-004  3.268434878480779E-019
  3.222608769339502E-004  9.589104662935825E-019
  3.220368809357450E-004  1.797639183164428E-018
  3.218973180516318E-004  2.247207949523555E-018
  3.218262056885260E-004  1.970599161169636E-018
  3.218001488205470E-004  1.337896300452054E-018
  3.218000420948497E-004  8.412722459591575E-019
  3.218196376475519E-004  8.959581213578632E-019
  3.218664825324846E-004  1.599879796548179E-018
  3.219549059055888E-004  2.560697909657995E-018
  3.220950144034936E-004  3.093567253659336E-018
  3.222837396247855E-004  2.830311993019055E-018
  3.225027919527708E-004  2.013839155670939E-018
  3.227246007871444E-004  1.334716889091664E-018
  3.229230272218675E-004  1.166843969263079E-018
  3.230831310872799E-004  1.474610988948818E-018
  3.232048730465113E-004  1.968691514353403E-018
  3.232989627952718E-004  2.212234424559266E-018
  3.233772971536609E-004  1.838335648577418E-018
  3.234432839206534E-004  1.128055150666323E-018
  3.234873128870857E-004  7.694175492143467E-019
  3.234897800461630E-004  8.667075368422765E-019
  3.234299712763310E-004  1.505769220280639E-018
  3.232959853825851E-004  2.336867349886549E-018
  3.230903834164668E-004  2.685330834985278E-018
  3.228286133519675E-004  2.247843831795632E-018
  3.225311644125933E-004  1.339168064996210E-018
  3.222137359333882E-004  6.536869756961557E-019
  3.218806863205094E-004  7.204546142643428E-019
  3.215251714118470E-004  1.469523930772194E-018
  3.211357296075679E-004  2.287904414936545E-018
  3.207056101677108E-004  2.542893206039812E-018
  3.202397230057285E-004  2.054535621083929E-018
  3.197554400746217E-004  1.057154277329629E-018
  3.192768306863071E-004  2.193793838669005E-019
  3.188254368207511E-004  1.863135057188459E-019
  3.184124984518687E-004  9.620898776539723E-019
  3.180366842695633E-004  1.914641521226775E-018
  3.176883710704183E-004  2.350220877600186E-018
  3.173579947328707E-004  2.214777953647578E-018
  3.170438618429301E-004  1.732143309140397E-018
  3.167551845603263E-004  1.112793976136452E-018
  3.165087410569822E-004  8.851481227325376E-019
  3.163210180092853E-004  1.383043941769590E-018
  3.162000954563751E-004  2.190614427308615E-018
  3.161416162928341E-004  2.449418512044350E-018
  3.161309362145932E-004  1.945799752558596E-018
  3.161502165464010E-004  1.172566909711781E-018
  3.161866059014082E-004  8.762457709234460E-019
  3.162371474107685E-004  1.281938660509192E-018
  3.163078847294821E-004  2.093324439680685E-018
  3.164077995839001E-004  2.830947875291133E-018
  3.165409812192336E-004  2.967662563787897E-018
  3.167013266448365E-004  2.511099092435913E-018
  3.168726487294821E-004  1.905739169417684E-018
  3.170341266242066E-004  1.522938041626744E-018
  3.171681714282407E-004  1.477790400309208E-018
  3.172665318015038E-004  1.724512721875461E-018
  3.173314721673034E-004  1.961060927088467E-018
  3.173715434569977E-004  1.963604456176779E-018
  3.173943656072530E-004  1.721333310515071E-018
  3.174003951185705E-004  1.332809242275430E-018
  3.173810490970479E-004  1.001514578522807E-018
  3.173221572055077E-004  1.016139870780600E-018
  3.172108306010015E-004  1.389402764490370E-018
  3.170420251119578E-004  1.872673291269629E-018
  3.168212884993373E-004  2.076791500606658E-018
  3.165622720684024E-004  1.730235662324163E-018
  3.162804045536914E-004  1.154126323821520E-018
  3.159861494517222E-004  7.388952001546040E-019
