  0.999999962640284       0.000000000000000E+000
  0.821022895172094       0.000000000000000E+000
  0.362190299691402       0.000000000000000E+000
 -0.182229748655848       0.000000000000000E+000
 -0.584955981390368       4.237446372853294E-017
 -0.681064924196869       4.237446372853294E-017
 -0.435891944907442       8.474892745706588E-017
  4.255877421219675E-002  8.474892745706588E-017
  0.551008493839727       8.474892745706588E-017
  0.877276167091673       1.694978549141318E-016
  0.888828359591839       1.694978549141318E-016
  0.586454619491739       1.271233911855988E-016
  0.101308280364716       8.474892745706588E-017
 -0.362326596644706       4.237446372853294E-017
 -0.613531604092280       0.000000000000000E+000
 -0.553798660418160       4.237446372853294E-017
 -0.215826139633483       4.237446372853294E-017
  0.253175757646500       1.694978549141318E-016
  0.655389123186548       1.694978549141318E-016
  0.825723271697282       2.542467823711976E-016
  0.699396520239369       1.694978549141318E-016
  0.336062600396474       1.271233911855988E-016
 -0.108369247910170       4.237446372853294E-017
 -0.449039747195180       2.118723186426647E-017
 -0.549476125071165      -2.118723186426647E-017
 -0.376545220112995       0.000000000000000E+000
 -1.089954702856227E-002  4.237446372853294E-017
  0.390013685016003       8.474892745706588E-017
  0.659502309073957       1.906850867783982E-016
  0.690720718825848       2.330595505069312E-016
  0.478627849577438       2.118723186426647E-016
  0.118394478751758       1.271233911855988E-016
 -0.237504571487245       4.237446372853294E-017
 -0.444228917456294      -4.237446372853294E-017
 -0.423853555394307      -2.118723186426647E-017
 -0.194718930130361       8.474892745706588E-017
  0.140066215820488       1.694978549141318E-016
  0.438535967256518       2.542467823711976E-016
  0.579793278068109       2.118723186426647E-016
  0.512633979020863       1.271233911855988E-016
  0.273338489582674       4.237446372853294E-017
 -3.328087872549629E-002  0.000000000000000E+000
 -0.280046448568482      -4.237446372853294E-017
 -0.370491706600629      -2.118723186426647E-017
 -0.276688921853294       4.237446372853294E-017
 -4.706767677815021E-002  1.271233911855988E-016
  0.217413009992471       2.118723186426647E-016
  0.407261927049815       2.754340142354641E-016
  0.449472815881047       2.754340142354641E-016
  0.335065380807853       1.694978549141318E-016
  0.118900641784306       4.237446372853294E-017
 -0.106486009148887      -6.356169559279941E-017
 -0.250733982358428      -1.271233911855988E-016
 -0.262049037403788      -6.356169559279941E-017
 -0.145521651643632       4.237446372853294E-017
  4.286854584647759E-002  1.483106230498653E-016
  0.222424026261375       2.330595505069312E-016
  0.321979978799283       2.436531664390644E-016
  0.307720383557938       1.694978549141318E-016
  0.193768898240017       1.059361593213323E-016
  3.263422303256094E-002  2.118723186426647E-017
 -0.108961911201380      -4.237446372853294E-017
 -0.177854972378560      -4.237446372853294E-017
 -0.154279399988058       1.059361593213324E-017
 -5.651817986825557E-002  8.474892745706588E-017
  7.005125380630114E-002  1.271233911855988E-016
  0.173553719162802       1.483106230498653E-016
  0.216592190746143       1.377170071177321E-016
  0.189171815017890       7.415531152493264E-017
  0.109338711876629       2.118723186426647E-017
  1.276180582146935E-002 -2.118723186426647E-017
 -6.319931804214989E-002 -2.648403983033309E-017
 -9.389183658231573E-002  1.059361593213324E-017
 -7.477090633268887E-002  6.356169559279941E-017
 -1.995987296555348E-002  1.059361593213323E-016
  4.602583453992583E-002  1.165297752534656E-016
  9.896557927725967E-002  1.006393513552657E-016
  0.123428417633709       5.826488762673279E-017
  0.116256290029058      -5.296807966066618E-018
  8.484975528374016E-002 -5.296807966066617E-017
  4.223726855239318E-002 -6.885850355886603E-017
  1.719764146076237E-003 -4.237446372853294E-017
 -2.676403244764191E-002  2.648403983033309E-018
 -3.788668240826807E-002  5.429228165218283E-017
 -3.051012091885414E-002  8.739733144009918E-017
 -6.860840371412058E-003  8.739733144009918E-017
  2.785679852658171E-002  5.296807966066617E-017
  6.553423015802468E-002  0.000000000000000E+000
  9.581287858634245E-002 -5.031967567763287E-017
  0.108200869222650      -6.621009957583272E-017
  9.566512888529108E-002 -4.767127169459956E-017
  5.847316258879931E-002 -1.059361593213324E-017
  6.240874999659517E-003  3.707765576246632E-017
 -4.361187676344649E-002  6.885850355886603E-017
 -7.138818922054607E-002  6.621009957583272E-017
 -6.300860540368176E-002  3.442925177943301E-017
 -1.705360305074416E-002 -2.118723186426647E-017
  5.253187005840809E-002 -7.415531152493264E-017
  0.120115232001237      -9.534254338919912E-017
  0.157786308445790      -8.474892745706588E-017
  0.147064568827997      -4.237446372853294E-017
  8.792819908140309E-002  1.059361593213324E-017
  7.916051695269194E-004  5.296807966066617E-017
 -8.023854185676560E-002  7.415531152493264E-017
 -0.120735875911124       6.356169559279941E-017
 -0.100680551365579       2.118723186426647E-017
 -2.417874676661528E-002 -5.296807966066617E-017
  8.049860729671650E-002 -1.165297752534656E-016
  0.171316550336569      -1.271233911855988E-016
  0.209528312254623      -8.474892745706588E-017
  0.176407780117035      -2.118723186426647E-017
  8.238168950387544E-002  4.237446372853294E-017
 -3.583905851974755E-002  8.474892745706588E-017
 -0.129550510915345       7.415531152493264E-017
 -0.158195302307921       2.118723186426647E-017
 -0.106961886541640      -5.296807966066617E-017
  5.839887686176786E-003 -1.059361593213323E-016
  0.135232275004425      -1.483106230498653E-016
  0.227643010749761      -1.324201991516654E-016
  0.243300006150348      -6.885850355886603E-017
  0.173523692511547       3.178084779639970E-017
  4.535977236239587E-002  8.474892745706588E-017
 -8.882117424795534E-002  8.474892745706588E-017
 -0.172765609698765       6.356169559279941E-017
 -0.169993601492485      -1.059361593213324E-017
 -7.966307932745033E-002 -9.534254338919912E-017
  6.228783203303922E-002 -1.483106230498653E-016
  0.197534397960991      -1.483106230498653E-016
  0.269510221237582      -8.474892745706588E-017
  0.247254968666705       2.118723186426647E-017
  0.138857281224287       8.474892745706588E-017
 -1.136781221127503E-002  1.059361593213323E-016
 -0.141017178524957       6.356169559279941E-017
 -0.195596409060762      -2.118723186426647E-017
 -0.151491754394023      -8.474892745706588E-017
 -2.618654519807114E-002 -1.271233911855988E-016
  0.128714837294272      -1.059361593213323E-016
  0.248865907046315      -4.237446372853294E-017
  0.284063100568953       4.237446372853294E-017
  0.219352753705503       8.474892745706588E-017
  8.144627946115339E-002  1.059361593213323E-016
 -7.231943884654714E-002  6.356169559279941E-017
 -0.177895252810857      -2.118723186426647E-017
 -0.191291193473831      -7.415531152493264E-017
 -0.106969534151946      -1.059361593213323E-016
  3.986260117080593E-002 -8.474892745706588E-017
  0.188013978050788      -2.118723186426647E-017
  0.275910326191895       5.296807966066617E-017
  0.267283050409253       9.534254338919912E-017
  0.166187319150910       1.059361593213323E-016
  1.510819903387902E-002  8.474892745706588E-017
 -0.122966865866645       2.118723186426647E-017
 -0.190917178211232      -2.118723186426647E-017
 -0.161220818862467      -6.356169559279941E-017
 -4.715561376444405E-002 -6.356169559279941E-017
  0.103101362410373      -2.118723186426647E-017
  0.226853347558452       0.000000000000000E+000
  0.273093744423128       4.237446372853294E-017
  0.223553681733064       8.474892745706588E-017
  9.987635750859145E-002  8.474892745706588E-017
 -4.589538404062504E-002  8.474892745706588E-017
 -0.153333510681233       6.356169559279941E-017
 -0.178801508202126       2.118723186426647E-017
 -0.113272777528811      -2.118723186426647E-017
  1.450145160576446E-002 -4.237446372853294E-017
  0.150547725953921      -2.118723186426647E-017
  0.238460156084951       1.059361593213324E-017
  0.242775847839043       4.237446372853294E-017
  0.163224188575069       8.474892745706588E-017
  3.412020060018373E-002  8.474892745706588E-017
 -9.054049142328034E-002  6.356169559279941E-017
 -0.159802624230467       3.178084779639970E-017
 -0.146704023883231       2.118723186426647E-017
 -5.882687111130121E-002  0.000000000000000E+000
  6.567048644104083E-002 -2.118723186426647E-017
  0.174542425700204      -1.059361593213324E-017
  0.223331414299229       1.059361593213324E-017
  0.193451102909216       5.296807966066617E-017
  9.911347460689385E-002  8.474892745706588E-017
 -1.944669318261687E-002  8.474892745706588E-017
 -0.113260722012340       7.415531152493264E-017
 -0.144989612113329       5.296807966066617E-017
 -0.103879068736716       1.059361593213324E-017
 -9.318405694205526E-003 -2.118723186426647E-017
  9.809284785135239E-002 -3.178084779639970E-017
  0.173881875700276       0.000000000000000E+000
  0.188031014380805       3.178084779639970E-017
  0.136735178558337       7.415531152493264E-017
  4.299927620071157E-002  9.534254338919912E-017
 -5.375651907434802E-002  9.534254338919912E-017
 -0.114405525610715       6.356169559279941E-017
 -0.116047522559287       2.118723186426647E-017
 -6.067596184289054E-002 -2.118723186426647E-017
  2.666672250361904E-002 -3.178084779639970E-017
  0.109048812051280      -1.059361593213324E-017
  0.153164553143820       3.178084779639970E-017
  0.142682089797027       6.356169559279941E-017
  8.408221572618385E-002  8.474892745706588E-017
  2.961218330503107E-003  7.415531152493264E-017
 -6.724071529522022E-002  4.237446372853294E-017
 -9.913163111751082E-002  1.059361593213324E-017
 -8.210786273620473E-002 -1.589042389819985E-017
 -2.574980935790811E-002 -2.118723186426647E-017
  4.511100413782517E-002  0.000000000000000E+000
  0.101202127858380       3.178084779639970E-017
  0.120799104770152       5.826488762673279E-017
  9.798691491702430E-002  7.945211949099926E-017
  4.408594648551927E-002  6.885850355886603E-017
 -1.791420831089227E-002  4.237446372853294E-017
 -6.323814429991009E-002  7.945211949099926E-018
 -7.528258549456693E-002 -2.383563584729978E-017
 -5.165738338502202E-002 -2.118723186426647E-017
 -4.163996747501234E-003  0.000000000000000E+000
  4.685218374837154E-002  2.648403983033309E-017
  8.111936874894887E-002  5.031967567763287E-017
  8.638350175380818E-002  6.091329160976610E-017
  6.258629184081663E-002  5.826488762673279E-017
  2.092936723693493E-002  3.707765576246632E-017
 -2.138377213366089E-002  1.589042389819985E-017
 -4.829532162029549E-002 -5.296807966066618E-018
 -5.096937650233039E-002 -1.059361593213324E-017
 -3.053041848765306E-002  0.000000000000000E+000
  3.278344816476337E-003  2.118723186426647E-017
  3.659491664698949E-002  3.972605974549963E-017
  5.704586237383694E-002  4.767127169459956E-017
  5.820600349265812E-002  4.237446372853294E-017
  4.135205952799049E-002  2.648403983033309E-017
  1.416840446442907E-002  5.296807966066618E-018
 -1.274205707539079E-002 -7.945211949099926E-018
 -2.997885238301227E-002 -9.269413940616580E-018
 -3.251608573661843E-002  3.972605974549963E-018
 -2.092371368879184E-002  2.118723186426647E-017
 -4.945281260014371E-004  3.972605974549963E-017
  2.110153181740939E-002  5.031967567763287E-017
  3.661278739171473E-002  4.237446372853294E-017
  4.146641528068663E-002  1.589042389819985E-017
  3.487737485611692E-002 -1.191781792364989E-017
  1.967437913249650E-002 -3.178084779639970E-017
  1.114251041282893E-003 -3.178084779639970E-017
 -1.483319068128267E-002 -1.456622190668320E-017
 -2.322642525061892E-002  1.721462588971651E-017
 -2.151110778533208E-002  4.634706970308290E-017
 -1.021804665069653E-002  5.694068563521614E-017
  7.150407026698439E-003  4.767127169459956E-017
  2.505879345130158E-002  1.853882788123316E-017
  3.754006373143713E-002 -1.721462588971651E-017
  4.008996250870125E-002 -4.369866572004959E-017
  3.130442198556232E-002 -5.031967567763287E-017
  1.366269341504737E-002 -3.178084779639970E-017
 -6.968816980513794E-003  2.648403983033309E-018
 -2.313967474422022E-002  3.972605974549963E-017
 -2.844199596426990E-002  6.091329160976610E-017
 -2.005534114143618E-002  5.958908961824944E-017
 -1.855734930259177E-004  3.178084779639970E-017
  2.432721723709061E-002 -7.945211949099926E-018
  4.429622831588120E-002 -4.634706970308290E-017
  5.164957200165815E-002 -6.091329160976610E-017
  4.276384094637149E-002 -4.502286771156625E-017
  2.027596050706396E-002 -7.945211949099926E-018
 -7.521965320167521E-003  3.178084779639970E-017
 -2.966411217919686E-002  5.826488762673279E-017
 -3.681843184856125E-002  6.091329160976610E-017
 -2.522026664272344E-002  3.707765576246632E-017
  1.442676413204977E-003 -5.296807966066618E-018
  3.312366582607611E-002 -4.237446372853294E-017
  5.722041142251492E-002 -6.223749360128276E-017
  6.365512948375829E-002 -5.429228165218283E-017
  4.917010077290619E-002 -2.118723186426647E-017
  1.899226939769714E-002  2.118723186426647E-017
 -1.496505336634485E-002  5.826488762673279E-017
 -3.877222909586057E-002  6.885850355886603E-017
 -4.219139562389742E-002  5.296807966066617E-017
 -2.306818156477485E-002  1.059361593213324E-017
  1.149028019256811E-002 -3.707765576246632E-017
  4.776623841119034E-002 -6.885850355886603E-017
  7.093291248607329E-002 -6.621009957583272E-017
  7.119148703950753E-002 -3.442925177943301E-017
  4.798726947359559E-002  1.589042389819985E-017
  1.047939382545664E-002  6.356169559279941E-017
 -2.603601645610351E-002  8.474892745706588E-017
 -4.635333367494199E-002  6.885850355886603E-017
 -4.168838555858262E-002  3.178084779639970E-017
 -1.346161656964033E-002 -2.648403983033309E-017
  2.710514754173624E-002 -6.885850355886603E-017
  6.349099569260601E-002 -7.945211949099926E-017
  8.066605765951312E-002 -4.767127169459956E-017
  7.136537410386154E-002  1.059361593213324E-017
  3.921337393207123E-002  5.826488762673279E-017
 -2.652207729981583E-003  9.004573542313250E-017
 -3.693914340119823E-002  8.474892745706588E-017
 -4.934843002544401E-002  4.502286771156625E-017
 -3.454291524635812E-002 -2.648403983033309E-018
  1.567064795466238E-003 -5.296807966066617E-017
  4.420526359798155E-002 -7.415531152493264E-017
  7.581709508271743E-002 -6.621009957583272E-017
  8.334541394564815E-002 -2.383563584729978E-017
  6.366586468259253E-002  3.707765576246632E-017
  2.490857364842009E-002  7.945211949099926E-017
 -1.689656469300250E-002  9.534254338919912E-017
 -4.446243759931291E-002  7.680371550796595E-017
 -4.641206208097993E-002  3.178084779639970E-017
 -2.198713258930457E-002 -2.118723186426647E-017
  1.865932270347718E-002 -5.826488762673279E-017
  5.869990190340564E-002 -6.885850355886603E-017
  8.162542323375802E-002 -4.767127169459956E-017
  7.807689819005351E-002 -2.648403983033309E-018
  4.967911821963788E-002  5.296807966066617E-017
  8.299695320891710E-003  9.004573542313250E-017
 -2.893062460587817E-002  8.474892745706588E-017
 -4.674023816976152E-002  5.296807966066617E-017
 -3.801040129699452E-002  2.648403983033309E-018
 -6.637956505353418E-003 -4.237446372853294E-017
  3.418693640144652E-002 -5.826488762673279E-017
  6.752741913111131E-002 -4.767127169459956E-017
  7.973157624263033E-002 -7.945211949099926E-018
  6.602076834152844E-002  3.442925177943301E-017
  3.234067860788872E-002  6.885850355886603E-017
 -7.240223988561568E-003  8.474892745706588E-017
 -3.644594605965561E-002  6.885850355886603E-017
 -4.352790917144493E-002  3.178084779639970E-017
 -2.602487882442094E-002 -1.324201991516654E-017
  8.384499407662699E-003 -4.767127169459956E-017
  4.522059848303180E-002 -5.296807966066617E-017
  6.928007029219038E-002 -2.648403983033309E-017
  7.089435038478135E-002  1.853882788123316E-017
  4.978699043521567E-002  6.091329160976610E-017
  1.499024746229205E-002  8.474892745706588E-017
 -1.906113363094323E-002  7.945211949099926E-017
 -3.856773342667455E-002  4.767127169459956E-017
 -3.600349272069853E-002  5.296807966066618E-018
 -1.304620197481626E-002 -3.178084779639970E-017
  2.033737150613135E-002 -4.237446372853294E-017
  5.017944470137261E-002 -2.648403983033309E-017
  6.432541349358006E-002  5.296807966066618E-018
  5.734929996436855E-002  3.972605974549963E-017
  3.258081486436917E-002  6.621009957583272E-017
  4.957962256135343E-004  7.415531152493264E-017
 -2.576499134580092E-002  5.826488762673279E-017
 -3.582949612361162E-002  2.648403983033309E-017
 -2.623001164736529E-002 -2.648403983033309E-018
 -1.592690199291063E-003 -2.648403983033309E-017
  2.750857271023685E-002 -2.648403983033309E-017
  4.904686982899491E-002 -1.059361593213324E-017
  5.447299148068349E-002  2.118723186426647E-017
  4.205867288710247E-002  5.296807966066617E-017
  1.734933938799831E-002  6.885850355886603E-017
 -9.350491405529281E-003  6.356169559279941E-017
 -2.732474003408936E-002  3.972605974549963E-017
 -2.979020340563468E-002  1.059361593213324E-017
 -1.647639997543440E-002 -1.589042389819985E-017
  6.531941144824093E-003 -2.648403983033309E-017
  2.951102922578055E-002 -1.324201991516654E-017
  4.316464358981088E-002  1.324201991516654E-017
  4.233952398494745E-002  3.972605974549963E-017
  2.790678995132828E-002  5.826488762673279E-017
  6.136343781372644E-003  6.091329160976610E-017
 -1.406510499424716E-002  4.502286771156625E-017
 -2.483872971910673E-002  2.251143385578312E-017
 -2.245649617060208E-002  1.324201991516654E-018
 -8.597729671378326E-003 -1.059361593213324E-017
  1.059693390837614E-002 -1.059361593213324E-017
  2.719727127820512E-002  2.648403983033309E-018
  3.472082229788385E-002  2.251143385578312E-017
  3.061554580789902E-002  3.972605974549963E-017
  1.704509038902085E-002  4.899547368611621E-017
 -2.342676720657076E-004  4.369866572004959E-017
 -1.434508916217441E-002  2.913244381336639E-017
 -2.004945087974659E-002  1.059361593213324E-017
 -1.569357629623387E-002 -5.296807966066618E-018
 -3.626219485270003E-003 -1.059361593213324E-017
  1.097067254329670E-002  0.000000000000000E+000
  2.227337378147391E-002  1.721462588971651E-017
  2.610514637148235E-002  3.178084779639970E-017
  2.142796817694465E-002  3.972605974549963E-017
  1.052027848130086E-002  3.707765576246632E-017
 -2.127511152418122E-003  2.515983783881643E-017
 -1.167660150703814E-002  9.931514936374908E-018
 -1.479150355902935E-002 -6.621009957583272E-019
 -1.077893618788796E-002 -3.972605974549963E-018
 -1.644722748943112E-003  1.324201991516654E-018
  8.859325579168907E-003  1.191781792364989E-017
  1.675493683027452E-002  2.184933286002480E-017
  1.931132222987028E-002  2.648403983033309E-017
  1.593808208364418E-002  2.383563584729978E-017
  8.227478175218997E-003  1.589042389819985E-017
 -7.882961856178967E-004  7.945211949099926E-018
 -7.825416717023411E-003  2.648403983033309E-018
 -1.052171461602507E-002  3.310504978791636E-018
 -8.189330063307035E-003  8.607312944858253E-018
 -1.929476352977101E-003  1.456622190668320E-017
  5.869223377253933E-003  1.986302987274982E-017
  1.242553021247411E-002  1.986302987274982E-017
  1.552586428661491E-002  1.456622190668320E-017
  1.423430286868542E-002  7.945211949099926E-018
  9.144091597333280E-003  0.000000000000000E+000
  2.120528908450059E-003 -2.648403983033309E-018
 -4.357499648361334E-003  1.324201991516654E-018
 -8.035728851754189E-003  8.938363442737416E-018
 -7.635470850902651E-003  1.754567638759567E-017
 -3.281387425959274E-003  2.184933286002480E-017
  3.531964325085188E-003  1.986302987274982E-017
  1.043270179842970E-002  1.191781792364989E-017
  1.497522659639136E-002  2.317353485154145E-018
  1.549743155503183E-002 -5.627858463945781E-018
  1.173946960526465E-002 -7.283110953341599E-018
  4.992911140497215E-003 -2.648403983033309E-018
 -2.303104230155809E-003  7.945211949099926E-018
 -7.408968770170521E-003  1.787672688547483E-017
 -8.292324102575225E-003  2.251143385578312E-017
 -4.429406843487704E-003  1.920092887699149E-017
  2.919243037173756E-003  1.059361593213324E-017
  1.110148741102499E-002 -1.986302987274981E-018
  1.702819042308485E-002 -1.357307041304571E-017
  1.835365948627119E-002 -1.622147439607901E-017
  1.443104142991183E-002 -7.945211949099926E-018
  6.649205117233461E-003  3.972605974549963E-018
 -2.021023219835983E-003  1.589042389819985E-017
 -8.135571372053408E-003  2.317353485154145E-017
 -9.131014810042521E-003  2.317353485154145E-017
 -4.389507620697944E-003  1.456622190668320E-017
  4.432071012687470E-003  6.621009957583272E-019
  1.397890733624685E-002 -1.191781792364989E-017
  2.048848444432504E-002 -1.986302987274982E-017
  2.129916466631219E-002 -1.655252489395818E-017
  1.596899034994231E-002 -3.972605974549963E-018
  6.530151877326786E-003  1.191781792364989E-017
 -3.258834730420526E-003  2.515983783881643E-017
 -9.392747173359415E-003  3.045664580488305E-017
 -9.247800811646016E-003  2.383563584729978E-017
 -2.692652904172615E-003  9.269413940616580E-018
  7.791930934972036E-003 -7.945211949099926E-018
  1.806356217124156E-002 -2.118723186426647E-017
  2.397660938565246E-002 -2.383563584729978E-017
  2.308239577995873E-002 -1.390412091092487E-017
  1.566984658527605E-002  5.296807966066618E-018
  4.701008159215601E-003  2.251143385578312E-017
 -5.356272740668506E-003  3.310504978791636E-017
 -1.033857996345475E-002  3.178084779639970E-017
 -8.103758379233130E-003  1.589042389819985E-017
  5.575446037415314E-004 -5.296807966066618E-018
  1.220621929926254E-002 -2.118723186426647E-017
  2.213578532260680E-002 -2.648403983033309E-017
  2.629442937939008E-002 -1.853882788123316E-017
  2.295976597691834E-002 -2.648403983033309E-018
  1.347037708937883E-002  1.589042389819985E-017
  1.701214045654364E-003  2.913244381336639E-017
 -7.512343273479502E-003  3.310504978791636E-017
 -1.035892355794783E-002  2.383563584729978E-017
 -5.626321448925151E-003  8.607312944858253E-018
  4.786857749003210E-003 -1.059361593213324E-017
  1.664066000188448E-002 -2.251143385578312E-017
  2.509214967432346E-002 -2.251143385578312E-017
  2.668757444149580E-002 -1.059361593213324E-017
  2.078555480560601E-002  1.059361593213324E-017
  9.822079545812453E-003  2.780824182184974E-017
 -1.693271071057548E-003  3.707765576246632E-017
 -9.035272943494481E-003  3.310504978791636E-017
 -9.207129075534086E-003  1.853882788123316E-017
 -2.167807806917444E-003  0.000000000000000E+000
  9.162166079512382E-003 -1.721462588971651E-017
  2.011471865914834E-002 -2.251143385578312E-017
  2.620202211274998E-002 -1.390412091092487E-017
  2.495935470380097E-002  3.310504978791636E-018
  1.694365011846946E-002  2.251143385578312E-017
  5.481738263141463E-003  3.707765576246632E-017
 -4.718678507843163E-003  3.840185775398297E-017
 -9.513763475723443E-003  2.847034281760807E-017
 -7.018142460022028E-003  1.059361593213324E-017
  1.645800656183178E-003 -6.621009957583271E-018
  1.284231818153438E-002 -1.456622190668320E-017
  2.194295417123655E-002 -1.191781792364989E-017
  2.523577483665954E-002  1.986302987274981E-018
  2.143339314478495E-002  2.052513086850814E-017
  1.216558061743227E-002  3.575345377094966E-017
  1.268649006244080E-003  4.105026173701628E-017
 -6.818554982949004E-003  3.442925177943301E-017
 -8.879685560624512E-003  1.853882788123316E-017
 -4.214667814482955E-003  2.648403983033309E-018
  5.119116355375090E-003 -7.945211949099926E-018
  1.519814821429859E-002 -9.269413940616580E-018
  2.187027832489620E-002  6.621009957583272E-019
  2.245343186989040E-002  1.589042389819985E-017
  1.679908897634625E-002  3.178084779639970E-017
  7.298822639477086E-003  3.972605974549963E-017
 -2.145892562971203E-003  3.840185775398297E-017
 -7.746445780691682E-003  2.979454480912472E-017
 -7.366017423582135E-003  1.390412091092487E-017
 -1.348559858811068E-003  0.000000000000000E+000
  7.682839505745376E-003 -6.621009957583271E-018
  1.594986656795504E-002 -3.972605974549963E-018
  2.008317372001041E-002  6.621009957583271E-018
  1.847815669151549E-002  2.251143385578312E-017
  1.189642955608055E-002  3.575345377094966E-017
  3.089861108218447E-003  4.105026173701628E-017
 -4.371539753130814E-003  3.641555476670800E-017
 -7.568119125365680E-003  2.317353485154145E-017
 -5.390528967067967E-003  7.945211949099926E-018
  1.069397769477657E-003 -2.648403983033309E-018
  9.030315500769005E-003 -5.296807966066618E-018
  1.519855633280144E-002  1.324201991516654E-018
  1.711216624558846E-002  1.522832290244153E-017
  1.410291935753192E-002  2.979454480912472E-017
  7.501573385372408E-003  3.906395874974131E-017
  3.118931363493165E-005  3.906395874974131E-017
 -5.336746653379033E-003  2.979454480912472E-017
 -6.582491865769545E-003  1.522832290244153E-017
 -3.409781681190205E-003  2.648403983033309E-018
  2.703676419066194E-003 -2.648403983033309E-018
  9.167730878113008E-003  0.000000000000000E+000
  1.335855279433651E-002  9.931514936374908E-018
  1.366517132431817E-002  2.251143385578312E-017
  1.008698441239952E-002  3.178084779639970E-017
  4.163832983345770E-003  3.442925177943301E-017
 -1.703087811814651E-003  3.078769630276221E-017
 -5.240942651530441E-003  2.218038335790396E-017
 -5.197684717256380E-003  1.257991891940822E-017
 -1.788014468519242E-003  5.296807966066618E-018
  3.461544791147353E-003  3.310504978791636E-018
  8.376836707980785E-003  7.945211949099926E-018
  1.102129314179510E-002  1.622147439607901E-017
  1.044215071372956E-002  2.449773684305810E-017
  6.992087116337508E-003  3.045664580488305E-017
  2.123534906378806E-003  3.045664580488305E-017
 -2.234446441089263E-003  2.482878734093727E-017
 -4.450002142002835E-003  1.688357539183734E-017
 -3.803372152953535E-003  9.269413940616580E-018
 -7.138304081779622E-004  5.296807966066618E-018
  3.485688853129953E-003  6.621009957583271E-018
  7.111715660978668E-003  1.257991891940822E-017
  8.793814541126491E-003  1.953197937487065E-017
  7.978318173119291E-003  2.482878734093727E-017
  5.090469673047383E-003  2.681509032821225E-017
  1.315679908448848E-003  2.449773684305810E-017
 -1.892246563461821E-003  1.886987837911232E-017
 -3.372584900538631E-003  1.257991891940822E-017
 -2.673832664152473E-003  8.276262446979090E-018
 -1.792904844141645E-004  7.283110953341599E-018
  3.084620541942488E-003  9.931514936374908E-018
  5.864872198201844E-003  1.456622190668320E-017
  7.155051633297184E-003  1.920092887699149E-017
  6.548941243601040E-003  2.168380761108521E-017
  4.354461198763899E-003  2.118723186426647E-017
  1.442946261200956E-003  1.820777738335400E-017
 -1.095003486595459E-003  1.423517140880403E-017
 -2.352422223492856E-003  1.059361593213324E-017
 -1.921641053581716E-003  8.607312944858253E-018
 -1.693055917611779E-005  8.607312944858253E-018
  2.628044658457894E-003  1.059361593213324E-017
  5.040698798656658E-003  1.340754516410613E-017
  6.362399352395698E-003  1.605594914713943E-017
  6.148835855103287E-003  1.622147439607901E-017
  4.516270793038089E-003  1.456622190668320E-017
  2.088018018419303E-003  1.224886842152905E-017
 -2.355271432215820E-004  9.931514936374908E-018
 -1.600697278648713E-003  8.772838193797835E-018
 -1.504878477947809E-003  8.772838193797835E-018
  2.455702914364021E-005  1.042809068319365E-017
  2.439574853030205E-003  1.175229267471031E-017
  4.867131092899970E-003  1.274544416834780E-017
  6.423957038544432E-003  1.274544416834780E-017
  6.539731127031180E-003  1.175229267471031E-017
  5.171962234867591E-003  1.059361593213324E-017
  2.831382617079216E-003  1.026256543425407E-017
  4.029534283059072E-004  1.026256543425407E-017
 -1.177644246370183E-003  1.059361593213324E-017
 -1.275951834851939E-003  1.075914118107282E-017
  1.925541556041773E-004  1.042809068319365E-017
  2.715258500828166E-003  9.931514936374908E-018
  5.362391706203687E-003  9.600464438495743E-018
  7.133642340238388E-003  9.269413940616580E-018
  7.343625867922257E-003  8.938363442737416E-018
  5.897661782856159E-003  9.269413940616580E-018
  3.345806527567666E-003  9.931514936374908E-018
  6.855894043331886E-004  1.092466643001240E-017
 -1.017961039786780E-003  1.191781792364989E-017
 -1.051063680531703E-003  1.208334317258947E-017
  6.563938600369555E-004  1.158676742577073E-017
  3.485691268679516E-003  1.026256543425407E-017
  6.357629705075006E-003  8.276262446979090E-018
  8.151612026810882E-003  6.952060455462436E-018
  8.152912619463834E-003  6.621009957583271E-018
  6.348819373093578E-003  7.614161451220763E-018
  3.449800175643547E-003  9.269413940616580E-018
  6.195787873155677E-004  1.158676742577073E-017
 -9.842351840910705E-004  1.307649466622696E-017
 -6.774360973763029E-004  1.241439367046863E-017
  1.465128222113739E-003  1.009704018531449E-017
  4.625822557936044E-003  7.283110953341599E-018
  7.562330047290180E-003  5.462333215006199E-018
  9.104208979099129E-003  5.462333215006199E-018
  8.628904403122448E-003  6.952060455462436E-018
  6.322600631368280E-003  9.931514936374908E-018
  3.115690823287662E-003  1.257991891940822E-017
  3.139723301891921E-004  1.423517140880403E-017
 -9.282514760535185E-004  1.456622190668320E-017
 -7.986955609871435E-005  1.324201991516654E-017
  2.544282890076359E-003  1.059361593213324E-017
  5.903802305918532E-003  7.945211949099926E-018
  8.650724713473496E-003  5.958908961824945E-018
  9.676937020717286E-003  5.958908961824945E-018
  8.567880366074435E-003  7.945211949099926E-018
  5.775840318802598E-003  1.125571692789156E-017
  2.439754918589106E-003  1.456622190668320E-017
 -7.683737043509834E-005  1.622147439607901E-017
 -7.418094973559464E-004  1.555937340032069E-017
  7.231344872239556E-004  1.257991891940822E-017
  3.727343129696229E-003  8.607312944858253E-018
  7.051488797715139E-003  5.296807966066618E-018
  9.345416138831365E-003  4.303656472429127E-018
  9.679726545053439E-003  5.627858463945781E-018
  7.924946512862321E-003  8.938363442737416E-018
  4.802892232130127E-003  1.357307041304571E-017
  1.589579628996845E-003  1.721462588971651E-017
 -4.078235617234936E-004  1.804225213441442E-017
 -3.849774945455726E-004  1.638699964501860E-017
  1.633598195329372E-003  1.324201991516654E-017
  4.809133108569195E-003  9.931514936374908E-018
  7.836131379273624E-003  7.945211949099926E-018
  9.478513044666280E-003  8.110737198039507E-018
  9.073560199600039E-003  1.009704018531449E-017
  6.797566406416987E-003  1.324201991516654E-017
  3.586366007221791E-003  1.622147439607901E-017
  7.462956730087248E-004  1.820777738335400E-017
 -5.823023514626959E-004  1.787672688547483E-017
  1.119097639141368E-004  1.522832290244153E-017
  2.510267097445086E-003  1.158676742577073E-017
  5.604235435605688E-003  8.607312944858253E-018
  8.115209469378808E-003  7.614161451220763E-018
  9.018843531082238E-003  8.607312944858253E-018
  7.958360594064108E-003  1.175229267471031E-017
  5.379715002277670E-003  1.456622190668320E-017
  2.337647855338333E-003  1.688357539183734E-017
  5.693624565288345E-005  1.721462588971651E-017
 -5.682373094080031E-004  1.522832290244153E-017
  6.683100825585627E-004  1.191781792364989E-017
  3.213637814914174E-003  8.938363442737416E-018
  5.994508210354835E-003  7.945211949099926E-018
  7.863012275809943E-003  8.441787695918672E-018
  8.063594684847684E-003  1.092466643001240E-017
  6.531131573760882E-003  1.390412091092487E-017
  3.902497987776213E-003  1.589042389819985E-017
  1.243196315355465E-003  1.605594914713943E-017
 -3.935399051239166E-004  1.456622190668320E-017
 -3.923764055096225E-004  1.208334317258947E-017
  1.185992975291657E-003  9.931514936374908E-018
  3.646111658095978E-003  8.938363442737416E-018
  5.954638578888598E-003  9.269413940616580E-018
  7.166032840447339E-003  1.075914118107282E-017
  6.801423741829357E-003  1.291096941728738E-017
  5.028803969374683E-003  1.423517140880403E-017
  2.577337163071367E-003  1.456622190668320E-017
  4.280143547918015E-004  1.324201991516654E-017
 -5.879883458484723E-004  1.092466643001240E-017
 -1.186056529968300E-004  8.772838193797835E-018
  1.582530743101404E-003  7.614161451220763E-018
  3.776742278464619E-003  8.276262446979090E-018
  5.551706136558856E-003  1.026256543425407E-017
  6.192250364740860E-003  1.224886842152905E-017
  5.459763707660200E-003  1.390412091092487E-017
  3.671372001264206E-003  1.423517140880403E-017
  1.554223642258484E-003  1.390412091092487E-017
 -5.874914333977769E-005  1.257991891940822E-017
 -5.642164089912402E-004  1.075914118107282E-017
  1.800389413753393E-004  9.269413940616580E-018
  1.815813953816901E-003  8.607312944858253E-018
  3.645556926961436E-003  8.607312944858253E-018
  4.921824925213862E-003  9.434939189556162E-018
  5.144993569741261E-003  1.125571692789156E-017
  4.250817601995304E-003  1.324201991516654E-017
  2.618183193225910E-003  1.456622190668320E-017
  9.016538152666679E-004  1.522832290244153E-017
 -2.374803549236087E-004  1.473174715562278E-017
 -3.911661743203226E-004  1.340754516410613E-017
  4.463198455875476E-004  1.191781792364989E-017
  1.893652400089811E-003  1.059361593213324E-017
  3.348504361728273E-003  1.026256543425407E-017
  4.232293566490665E-003  1.125571692789156E-017
  4.214297102059553E-003  1.324201991516654E-017
  3.328799346968032E-003  1.464898453115299E-017
  1.944976282729573E-003  1.506279765350194E-017
  6.085259800671322E-004  1.448345928221341E-017
 -1.772028558956622E-004  1.315925729069675E-017
 -1.430040911753425E-004  1.166953005024052E-017
  6.539295589867047E-004  1.026256543425407E-017
  1.867542007285285E-003  9.931514936374908E-018
  3.009061205304721E-003  1.075914118107282E-017
  3.640214763753037E-003  1.257991891940822E-017
  3.537452860070565E-003  1.464898453115299E-017
  2.766396073398834E-003  1.572489864926027E-017
  1.643144785098432E-003  1.555937340032069E-017
  6.030969947877554E-004  1.431793403327383E-017
  3.152133970883045E-005  1.216610579705926E-017
  1.213805832434266E-004  1.009704018531449E-017
  8.100318013318894E-004  9.186651316146790E-018
  1.814215399057033E-003  9.848752311905117E-018
  2.745282444226265E-003  1.125571692789156E-017
  3.258021278658140E-003  1.274544416834780E-017
  3.176628792241989E-003  1.373859566198529E-017
  2.552718213025610E-003  1.390412091092487E-017
  1.637340222265053E-003  1.307649466622696E-017
  7.811052148571237E-004  1.125571692789156E-017
  3.018298279781370E-004  9.269413940616580E-018
  3.690456889169663E-004  8.110737198039507E-018
  9.465247118169838E-004  8.110737198039507E-018
  1.811513521081820E-003  9.269413940616580E-018
  2.641215166019716E-003  1.096604774224729E-017
  3.133330744191557E-003  1.249715629493842E-017
  3.116298642819718E-003  1.307649466622696E-017
  2.609708503209694E-003  1.257991891940822E-017
  1.814053937731865E-003  1.142124217683114E-017
  1.034658473884553E-003  1.009704018531449E-017
  5.681526941816163E-004  9.269413940616580E-018
  5.930686237874485E-004  9.103888691676999E-018
  1.104387791062472E-003  9.724608375200431E-018
  1.915878495523959E-003  1.092466643001240E-017
  2.729435968818620E-003  1.212472448482437E-017
  3.246142508910632E-003  1.257991891940822E-017
  3.278223597716171E-003  1.200058054811968E-017
  2.820279404645896E-003  1.075914118107282E-017
  2.052706913780881E-003  9.269413940616580E-018
  1.275098119888095E-003  8.276262446979090E-018
  7.936424928663121E-004  8.027974573569717E-018
  8.044053726499193E-004  8.607312944858253E-018
  1.316828047349408E-003  9.931514936374908E-018
  2.147477992461979E-003  1.146262348906604E-017
  2.987882611655596E-003  1.247646563882098E-017
  3.521861566322628E-003  1.289027876116993E-017
  3.548020724197305E-003  1.257991891940822E-017
  3.059939336717169E-003  1.158676742577073E-017
  2.251854654985428E-003  1.075914118107282E-017
  1.445965410935226E-003  1.075914118107282E-017
  9.681403688304156E-004  1.117295430342177E-017
  1.019807969275457E-003  1.150400480130093E-017
  1.596496879347054E-003  1.154538611353583E-017
  2.486251854656727E-003  1.117295430342177E-017
  3.350226532288129E-003  1.063499724436813E-017
  3.855101274827150E-003  1.038670937095876E-017
  3.805615495634734E-003  1.042809068319365E-017
  3.224324846357659E-003  1.109019167895198E-017
  2.345707801229934E-003  1.208334317258947E-017
  1.525434979027192E-003  1.291096941728738E-017
  1.099719587891383E-003  1.324201991516654E-017
  1.250413344003829E-003  1.282820679281759E-017
  1.930200099760715E-003  1.216610579705926E-017
  2.878925921214720E-003  1.142124217683114E-017
  3.725798259227730E-003  1.113157299118688E-017
  4.137382504021052E-003  1.129709824012646E-017
  3.952199886126208E-003  1.183505529918010E-017
  3.247341347910639E-003  1.257991891940822E-017
  2.309368677516766E-003  1.307649466622696E-017
  1.520273757963510E-003  1.307649466622696E-017
  1.203876650695952E-003  1.274544416834780E-017
  1.494589379756108E-003  1.233163104599884E-017
  2.281975286583769E-003  1.216610579705926E-017
  3.254176535969668E-003  1.241439367046863E-017
  4.023238034582221E-003  1.291096941728738E-017
  4.281899092781238E-003  1.357307041304571E-017
  3.928291231005126E-003  1.423517140880403E-017
  3.107701128995475E-003  1.456622190668320E-017
  2.154106933179111E-003  1.456622190668320E-017
  1.454973138485436E-003  1.382135828645508E-017
  1.294145003142189E-003  1.274544416834780E-017
  1.736744475062887E-003  1.158676742577073E-017
  2.602949630810751E-003  1.075914118107282E-017
  3.541336359091763E-003  1.067637855660303E-017
  4.171859108493151E-003  1.142124217683114E-017
  4.240163113646870E-003  1.224886842152905E-017
  3.720375632720953E-003  1.291096941728738E-017
  2.824665369772710E-003  1.291096941728738E-017
  1.915999248747148E-003  1.266268154387801E-017
  1.360017796120908E-003  1.216610579705926E-017
  1.376628418801411E-003  1.183505529918010E-017
  1.951735125160167E-003  1.166953005024052E-017
  2.844666404540603E-003  1.208334317258947E-017
  3.687625014058722E-003  1.315925729069675E-017
  4.135997784729981E-003  1.406964615986445E-017
  4.007948626100755E-003  1.464898453115299E-017
  3.356596360803564E-003  1.481450978009257E-017
  2.446054197707296E-003  1.456622190668320E-017
  1.642045119408635E-003  1.373859566198529E-017
  1.262485449579324E-003  1.266268154387801E-017
  1.449230000156944E-003  1.183505529918010E-017
  2.112847669274040E-003  1.166953005024052E-017
  2.971941811304178E-003  1.224886842152905E-017
  3.669790019761597E-003  1.307649466622696E-017
  3.919866957529373E-003  1.481450978009257E-017
  3.620759548428098E-003  1.622147439607901E-017
  2.894306717699835E-003  1.622147439607901E-017
  2.032702728060165E-003  1.539384815138111E-017
  1.377505044010204E-003  1.419379009656914E-017
  1.180747525350178E-003  1.328340122740144E-017
  1.504748153479773E-003  1.307649466622696E-017
  2.200484544204061E-003  1.373859566198529E-017
  2.971810783498000E-003  1.464898453115299E-017
  3.497859828247026E-003  1.514556027797174E-017
  3.562956837410289E-003  1.531108552691132E-017
  3.141369148411575E-003  1.481450978009257E-017
  2.403610807212410E-003  1.398688353539466E-017
  1.643473796058322E-003  1.291096941728738E-017
  1.157022483823564E-003  1.224886842152905E-017
  1.123475003845865E-003  1.233163104599884E-017
  1.535950449977420E-003  1.307649466622696E-017
  2.208771059786945E-003  1.406964615986445E-017
  2.856469112383041E-003  1.464898453115299E-017
  3.210873627922769E-003  1.456622190668320E-017
  3.128196557890771E-003  1.340754516410613E-017
  2.643353756175359E-003  1.220748710929416E-017
  1.951152437446485E-003  1.150400480130093E-017
  1.323940810016916E-003  1.158676742577073E-017
  1.000555293007780E-003  1.212472448482437E-017
  1.091894680043931E-003  1.299373204175717E-017
  1.540424220943103E-003  1.373859566198529E-017
  2.148165897969082E-003  1.382135828645508E-017
  2.659865277510446E-003  1.332478253963633E-017
  2.866386458546921E-003  1.229024973376395E-017
  2.686442902667818E-003  1.125571692789156E-017
  2.194807894122781E-003  1.042809068319365E-017
  1.587563847658315E-003  1.030394674648897E-017
  1.100351013011662E-003  1.080052249330771E-017
  9.137155215475445E-004  1.154538611353583E-017
  1.083566260693462E-003  1.216610579705926E-017
  1.523402995392661E-003  1.216610579705926E-017
  2.043468210153590E-003  1.150400480130093E-017
  2.429242133607758E-003  1.042809068319365E-017
  2.526813309909232E-003  9.352176565086371E-018
  2.301200654569740E-003  9.021126067207208E-018
  1.845705403570891E-003  9.310795252851476E-018
  1.340531360607083E-003  1.013842149754938E-017
  9.789311277057335E-004  1.092466643001240E-017
  8.911347154699258E-004  1.142124217683114E-017
  1.095925976508566E-003  1.158676742577073E-017
  1.497653570330638E-003  1.117295430342177E-017
  1.927955297801221E-003  1.034532805872386E-017
  2.214070265596398E-003  9.434939189556162E-018
  2.246056243584764E-003  8.938363442737416E-018
  2.016875899490162E-003  8.938363442737416E-018
  1.620993870988267E-003  9.269413940616580E-018
  1.213824624364923E-003  9.765989687435326E-018
  9.493815476622557E-004  9.993586904727251E-018
  9.210867424867067E-004  9.828061655787669E-018
  1.128343589769044E-003  9.062507379442104E-018
  1.480553728083370E-003  8.152118510274403E-018
  1.835392591957697E-003  7.448636202281180E-018
  2.055225654629061E-003  7.365873577811389E-018
  2.059382034593910E-003  8.027974573569717E-018
  1.852601734995993E-003  9.186651316146790E-018
  1.519905013370398E-003  1.009704018531449E-017
  1.191270475165031E-003  1.034532805872386E-017
  9.907404534208678E-004  9.972896248609803E-018
  9.897767011918354E-004  9.186651316146790E-018
  1.182220754663723E-003  8.421097039801224E-018
  1.489373938543994E-003  7.758996044042897E-018
  1.792102279099401E-003  7.407254890046285E-018
  1.976930469724010E-003  7.965902605217374E-018
  1.978413553787556E-003  9.103888691676999E-018
  1.802147292007596E-003  1.038670937095876E-017
  1.520536494012646E-003  1.125571692789156E-017
  1.243796618822436E-003  1.142124217683114E-017
  1.077722932568821E-003  1.063499724436813E-017
  1.084267223821164E-003  9.207341972264237E-018
  1.259440015320150E-003  7.862449324630135E-018
  1.536266851422745E-003  6.962405783521160E-018
  1.811104942485236E-003  6.869297830992644E-018
  1.983069445535638E-003  7.448636202281180E-018
  1.991711654531994E-003  8.400406383683776E-018
  1.839016936667002E-003  9.434939189556162E-018
  1.587802036315605E-003  9.931514936374908E-018
  1.337416512512670E-003  9.683227062965536E-018
  1.186036305145733E-003  8.938363442737416E-018
  1.193720694350037E-003  7.945211949099926E-018
  1.360024208179862E-003  7.158967016636913E-018
  1.624474471017125E-003  7.019305087844141E-018
  1.889672683410816E-003  7.588298131073953E-018
  2.058305275441333E-003  8.379715727566329E-018
  2.070117557628533E-003  8.979744754972313E-018
  1.924865427862517E-003  9.186651316146790E-018
  1.682486289746091E-003  9.021126067207208E-018
  1.440306339409256E-003  8.441787695918672E-018
  1.295832505993441E-003  7.986593261334821E-018
  1.309256841681833E-003  7.924521292982478E-018
  1.480058330860569E-003  8.400406383683776E-018
  1.746837326308294E-003  9.398730541350628E-018
  2.010680218754363E-003  1.045912666736983E-017
  2.173264915617231E-003  1.115226364730432E-017
  2.175088326809941E-003  1.129709824012646E-017
  2.018947996873057E-003  1.100742905448219E-017
  1.769346082389221E-003  1.042809068319365E-017
  1.527756930919801E-003  9.765989687435326E-018
  1.393152037042390E-003  9.310795252851476E-018
  1.423100116410793E-003  9.103888691676999E-018
  1.610754731676804E-003  9.145270003911894E-018
  1.886995786084599E-003  9.791853007582136E-018
  2.147182406506817E-003  1.071775986883792E-017
  2.292223067631341E-003  1.131778889624391E-017
  2.267850096951785E-003  1.150400480130093E-017
  2.086485695273780E-003  1.133847955236135E-017
  1.822813773942920E-003  1.067637855660303E-017
  1.584541459450536E-003  9.931514936374908E-018
  1.469754689221067E-003  9.683227062965536E-018
  1.527761527043645E-003  1.026256543425407E-017
  1.739106972781959E-003  1.131778889624391E-017
  2.022926428589627E-003  1.241439367046863E-017
  2.268921182870086E-003  1.289027876116993E-017
  2.381328562015859E-003  1.270406285611290E-017
  2.317328348840316E-003  1.166953005024052E-017
  2.104421084178596E-003  1.042809068319365E-017
  1.829661188247198E-003  9.683227062965536E-018
  1.604916290696722E-003  9.434939189556162E-018
  1.522015152265706E-003  9.869442968022565E-018
  1.615804975938082E-003  1.086259446166005E-017
  1.850038744935049E-003  1.193850857976734E-017
  2.131860501012556E-003  1.273509884028907E-017
  2.349123945498999E-003  1.285924277699376E-017
  2.415531311492739E-003  1.222817776541160E-017
  2.305378029052791E-003  1.125571692789156E-017
  2.063857852333362E-003  1.005565887307959E-017
  1.788754564820954E-003  9.352176565086371E-018
  1.590926116838215E-003  9.393557877321267E-018
  1.549574588222567E-003  1.032463740260641E-017
  1.680398113264607E-003  1.175229267471031E-017
  1.929481174820873E-003  1.311787597846186E-017
  2.195328511159619E-003  1.384204894257253E-017
  2.370038099082046E-003  1.332478253963633E-017
  2.382880103964619E-003  1.185574595529755E-017
  2.228635117041983E-003  9.931514936374908E-018
  1.969297980842351E-003  8.648694257093149E-018
  1.708605009138990E-003  8.441787695918672E-018
  1.549860911362916E-003  9.455629845673610E-018
  1.554246639254525E-003  1.086259446166005E-017
  1.716478811869677E-003  1.171091136247541E-017
  1.967535201227180E-003  1.195919923588478E-017
  2.203114845190863E-003  1.150400480130093E-017
  2.326084427223321E-003  1.046947199542855E-017
  2.285602847241360E-003  9.310795252851476E-018
  2.097129836839123E-003  8.400406383683776E-018
  1.835430394115666E-003  8.110737198039507E-018
  1.603709216492131E-003  8.959054098854865E-018
  1.491638642151079E-003  1.044878133931110E-017
  1.539385896361336E-003  1.187643661141499E-017
  1.722101021351423E-003  1.249715629493842E-017
  1.960856460677062E-003  1.226955907764650E-017
  2.155246013714261E-003  1.121433561565667E-017
  2.224160248156238E-003  9.972896248609803E-018
  2.138151210952768E-003  8.710766225445492E-018
  1.930456030680140E-003  7.779686700160344E-018
  1.682579654033239E-003  7.572780138985868E-018
  1.490680773783105E-003  8.255571790861643E-018
  1.426648226682824E-003  9.517701814025953E-018
  1.509651093843685E-003  1.100742905448219E-017
  1.699430740527093E-003  1.204196186035458E-017
  1.913622232995407E-003  1.212472448482437E-017
  2.061662086353891E-003  1.127640758400901E-017
  2.081305641988478E-003  9.931514936374908E-018
  1.963014113114456E-003  8.731456881562939E-018
  1.752665542465560E-003  8.441787695918672E-018
  1.531971449953105E-003  8.959054098854865E-018
  1.384959107803007E-003  1.016945748172556E-017
  1.364288633404849E-003  1.163849406606434E-017
  1.470918962023153E-003  1.278682548058269E-017
  1.654955536926027E-003  1.324201991516654E-017
  1.836823889092308E-003  1.286958810505248E-017
  1.939785959077320E-003  1.187643661141499E-017
  1.920501022337889E-003  1.061430658825068E-017
  1.785462681561005E-003  9.476320501791057E-018
  1.587118003590516E-003  8.710766225445492E-018
  1.401766005797108E-003  8.690075569328044E-018
  1.298553677883624E-003  9.672881734906812E-018
  1.312178525686261E-003  1.132813422430263E-017
  1.430065790594247E-003  1.284889744893504E-017
  1.598704680601990E-003  1.344892647634102E-017
  1.746059423609523E-003  1.297304138563972E-017
  1.810669200578792E-003  1.183505529918010E-017
  1.765681594328373E-003  1.071775986883792E-017
  1.628444359064287E-003  1.007634952919704E-017
  1.452307991577451E-003  1.009704018531449E-017
  1.304450042403283E-003  1.073845052495537E-017
  1.238941268190282E-003  1.189712726753244E-017
  1.275848651702794E-003  1.319029327487292E-017
  1.394421016251442E-003  1.417309944045169E-017
  1.542570514323097E-003  1.452484059444830E-017
  1.658363473489677E-003  1.382135828645508E-017
  1.694656664587078E-003  1.245577498270353E-017
  1.637093131407856E-003  1.117295430342177E-017
  1.508630980504790E-003  1.044878133931110E-017
  1.359308039001643E-003  1.034532805872386E-017
  1.245775415171195E-003  1.084190380554261E-017
  1.208966704691606E-003  1.156607676965328E-017
  1.258685075052126E-003  1.231094038988140E-017
  1.370861550585022E-003  1.272475351223035E-017
  1.498084895801790E-003  1.264199088776056E-017
  1.588820012217838E-003  1.220748710929416E-017
  1.607534646338752E-003  1.165918472218179E-017
  1.547902531007633E-003  1.135917020847880E-017
  1.434234118217978E-003  1.123502627177411E-017
  1.311023101243683E-003  1.142124217683114E-017
  1.225085444810536E-003  1.173160201859286E-017
  1.207445806808045E-003  1.224886842152905E-017
  1.261944856255662E-003  1.292648740937547E-017
  1.364690773082545E-003  1.330409188351889E-017
  1.474163938288846E-003  1.314373929860867E-017
  1.547716615217599E-003  1.241956633449800E-017
  1.557930476934422E-003  1.170056603441669E-017
  1.502596780864169E-003  1.117295430342177E-017
  1.404744644795953E-003  1.123502627177411E-017
  1.303056128897141E-003  1.179367398694520E-017
  1.236640888310446E-003  1.266268154387801E-017
  1.230136977883511E-003  1.320063860293165E-017
  1.284771477447072E-003  1.334030053172442E-017
  1.378570561575820E-003  1.314115296659399E-017
  1.475351338650063E-003  1.276613482446525E-017
  1.538831839665936E-003  1.231094038988140E-017
  1.546385009906964E-003  1.179367398694520E-017
  1.497262397119497E-003  1.140055152071370E-017
  1.412340968042610E-003  1.158676742577073E-017
  1.325709984377201E-003  1.235232170211629E-017
  1.271467270038171E-003  1.342823582022357E-017
  1.270805883867936E-003  1.433862468939127E-017
  1.324243188521102E-003  1.480416445203385E-017
  1.411809140965310E-003  1.464898453115299E-017
  1.500968449304243E-003  1.403861017568828E-017
  1.559154823443403E-003  1.330409188351889E-017
  1.566119132096707E-003  1.280751613670014E-017
  1.521438958213651E-003  1.270406285611290E-017
  1.444421737574669E-003  1.315925729069675E-017
  1.366530598051560E-003  1.386273959868997E-017
  1.319277585768422E-003  1.460760321891809E-017
  1.322211098186566E-003  1.518694159020663E-017
  1.375551969696861E-003  1.547661077585090E-017
  1.460243741700821E-003  1.560075471255558E-017
  1.545357593239339E-003  1.530074019885259E-017
  1.599998997573884E-003  1.469036584338788E-017
  1.605156945981202E-003  1.404895550374701E-017
  1.560964347850154E-003  1.373859566198529E-017
  1.486592602861189E-003  1.382135828645508E-017
  1.412821732352632E-003  1.427655272103893E-017
  1.370138467722006E-003  1.469036584338788E-017
  1.376942289071863E-003  1.479381912397512E-017
  1.432413671593962E-003  1.465932985921171E-017
  1.516816995563623E-003  1.440069665774362E-017
  1.599146138655040E-003  1.407999148792318E-017
  1.649172262619581E-003  1.392481156704232E-017
  1.649225323597194E-003  1.406964615986445E-017
  1.601115728288981E-003  1.423517140880403E-017
  1.525469080340294E-003  1.435931534550872E-017
  1.453694614670091E-003  1.481450978009257E-017
  1.415694499623684E-003  1.522832290244153E-017
  1.428114127637526E-003  1.558006405643814E-017
  1.487755002396445E-003  1.588007857014113E-017
  1.572772394086013E-003  1.640769030113604E-017
  1.651229083996395E-003  1.671805014289776E-017
  1.693668748953604E-003  1.667666883066287E-017
  1.684760047972064E-003  1.646976226948839E-017
  1.629397286152169E-003  1.630423702054881E-017
  1.550811561662994E-003  1.609733045937433E-017
  1.481402863072364E-003  1.582835192984751E-017
  1.449901100359356E-003  1.555937340032069E-017
  1.469945445470816E-003  1.554902807226197E-017
  1.534633802328246E-003  1.570420799314282E-017
  1.619236630695263E-003  1.596284119461092E-017
  1.691021039022429E-003  1.598353185072837E-017
  1.722286123114631E-003  1.584904258596496E-017
  1.701411417834632E-003  1.545592011973345E-017
  1.637497228344871E-003  1.512486962185429E-017
  1.556728076351244E-003  1.477312846785767E-017
  1.491902187606341E-003  1.460760321891809E-017
  1.469313230130876E-003  1.454553125056575E-017
  1.498239921439725E-003  1.447311395415468E-017
  1.567258714712952E-003  1.449897727430149E-017
  1.648857538209828E-003  1.450414993833085E-017
  1.710493338426687E-003  1.439035132968489E-017
  1.727646126390566E-003  1.394550222315977E-017
  1.693622485796954E-003  1.353168910081081E-017
  1.622175660566640E-003  1.330409188351889E-017
  1.541907139406825E-003  1.315925729069675E-017
  1.484725575686079E-003  1.305580401010951E-017
  1.473025706418033E-003  1.295235072952228E-017
  1.510750344554615E-003  1.293166007340483E-017
  1.581914677504435E-003  1.336875018388591E-017
  1.657149828428477E-003  1.395843388323317E-017
  1.705588062494675E-003  1.455587657862447E-017
  1.707273180492139E-003  1.452484059444830E-017
  1.661096012170590E-003  1.390412091092487E-017
  1.585090716630652E-003  1.293166007340483E-017
  1.509029248160595E-003  1.195919923588478E-017
  1.462357108379333E-003  1.166953005024052E-017
  1.462367839877878E-003  1.204713452438394E-017
  1.507376240223950E-003  1.276096216043588E-017
  1.577592366420723E-003  1.344634014432634E-017
  1.643268207040431E-003  1.389894824689551E-017
  1.676761303886309E-003  1.392481156704232E-017
  1.663615840048964E-003  1.358341574110443E-017
  1.608211554787474E-003  1.309718532234441E-017
  1.531771185287037E-003  1.284889744893504E-017
  1.463622741362977E-003  1.297304138563972E-017
  1.429319165682119E-003  1.354203442886954E-017
  1.440436861642455E-003  1.395067488718913E-017
  1.490133221244284E-003  1.376445898213210E-017
  1.556167268706848E-003  1.289803775721398E-017
  1.610058597074295E-003  1.192557691969393E-017
  1.628609459095062E-003  1.130744356818518E-017
  1.603122795809843E-003  1.137986086459625E-017
  1.542650548647717E-003  1.200058054811968E-017
  1.470067516642765E-003  1.301442269787462E-017
  1.412670293426567E-003  1.392481156704232E-017
  1.391170903214294E-003  1.433862468939127E-017
  1.411529821079684E-003  1.411102747209935E-017
  1.462850755387930E-003  1.324201991516654E-017
  1.522065462415117E-003  1.227731807369054E-017
  1.563398622839433E-003  1.161521707793222E-017
  1.568726091968880E-003  1.135399754444944E-017
  1.534661226797794E-003  1.150400480130093E-017
  1.473602033821798E-003  1.211437915676564E-017
  1.408449475387943E-003  1.274544416834780E-017
  1.363246675265869E-003  1.301959536190398E-017
  1.353570241535178E-003  1.275061683237716E-017
  1.380516594161425E-003  1.204196186035458E-017
  1.430600172156758E-003  1.131520256422922E-017
  1.481464434840454E-003  1.075914118107282E-017
  1.510989010064218E-003  1.057809794004515E-017
  1.506081350061897E-003  1.073845052495537E-017
  1.467660237803979E-003  1.131778889624391E-017
  1.409944717930410E-003  1.207299784453075E-017
  1.354477917581717E-003  1.274544416834780E-017
  1.321398260832713E-003  1.314891196263803E-017
  1.321497212757879E-003  1.302994068996270E-017
  1.352193660825150E-003  1.247129297479162E-017
  1.398913791285062E-003  1.168246171031392E-017
  1.441179736590832E-003  1.099449739440878E-017
  1.460864285683666E-003  1.074879585301409E-017
  1.449284929957562E-003  1.112122766312815E-017
  1.410367197952213E-003  1.185574595529755E-017
  1.358743033416332E-003  1.269371752805418E-017
  1.313684073317340E-003  1.322132925904909E-017
  1.291385439839410E-003  1.328340122740144E-017
  1.298688351608502E-003  1.290838308527270E-017
  1.330667278804559E-003  1.222559143339692E-017
  1.372911045849280E-003  1.159581958782211E-017
  1.407456527251193E-003  1.131002990019986E-017
  1.419933175301825E-003  1.160228541785881E-017
  1.405080681102395E-003  1.219714178123543E-017
  1.368531625354749E-003  1.272475351223035E-017
  1.324281372974298E-003  1.303511335399207E-017
  1.288971956866519E-003  1.290062408922866E-017
  1.275322981012585E-003  1.235232170211629E-017
  1.287297361678530E-003  1.154538611353583E-017
  1.318827483850732E-003  1.069189654869111E-017
  1.356481151027490E-003  1.030911941051833E-017
  1.384903353243554E-003  1.056257994795706E-017
  1.392832073094560E-003  1.122468094371539E-017
  1.377338186997450E-003  1.205230718841330E-017
  1.344706154183571E-003  1.250750162299715E-017
  1.307724092276483E-003  1.213506981288309E-017
  1.280545924211050E-003  1.122468094371539E-017
  1.273185630435431E-003  1.016945748172556E-017
  1.287776769483752E-003  9.434939189556162E-018
  1.317980849181799E-003  9.450457181644248E-018
  1.351672930961491E-003  1.017980280978428E-017
  1.375771026209780E-003  1.131778889624391E-017
  1.381290530401360E-003  1.222817776541160E-017
  1.366679663404518E-003  1.255922826329077E-017
  1.338210142707314E-003  1.239370301435119E-017
  1.307360137678926E-003  1.175229267471031E-017
  1.286276479981700E-003  1.097639307030602E-017
  1.283103386260718E-003  1.026256543425407E-017
  1.298964093171861E-003  9.807370999670222E-018
  1.327702113934003E-003  9.672881734906812E-018
  1.358408586144334E-003  9.724608375200431E-018
  1.379702231716439E-003  1.001427756084470E-017
  1.384089149148823E-003  1.042809068319365E-017
  1.370740985173001E-003  1.067637855660303E-017
  1.345670340459105E-003  1.090397577389495E-017
  1.319293690928796E-003  1.084190380554261E-017
  1.302363827053319E-003  1.034532805872386E-017
  1.301852049602002E-003  9.600464438495743E-018
  1.318348033755771E-003  9.103888691676999E-018
  1.345939687219088E-003  8.896982130502521E-018
  1.374576569972161E-003  9.186651316146790E-018
  1.393976897238535E-003  9.879788296081289E-018
  1.397565982214118E-003  1.061430658825068E-017
  1.384943734179687E-003  1.119364495953922E-017
  1.361958618429191E-003  1.133847955236135E-017
  1.338388505122563E-003  1.092466643001240E-017
  1.324141309312753E-003  1.009704018531449E-017
  1.325444116218992E-003  9.145270003911894E-018
  1.342480610563820E-003  8.483169008153567E-018
  1.369370814748005E-003  8.452133023977396E-018
  1.396483608297351E-003  8.979744754972313E-018
  1.414177861874979E-003  9.828061655787669E-018
  1.416524172365249E-003  1.069706921272047E-017
  1.403573170391765E-003  1.133847955236135E-017
  1.381301497598831E-003  1.166953005024052E-017
  1.359264894002862E-003  1.146262348906604E-017
  1.346873448835823E-003  1.069706921272047E-017
  1.349735514956988E-003  9.993586904727251E-018
  1.367488528784679E-003  9.414248533438714E-018
  1.393957155914185E-003  9.041816723324656E-018
  1.419574678673421E-003  9.290104596734028E-018
  1.435122759082301E-003  1.001427756084470E-017
  1.435330315131300E-003  1.088328511777750E-017
  1.420925870406576E-003  1.148331414518349E-017
  1.398340494731042E-003  1.173160201859286E-017
  1.377176832025257E-003  1.150400480130093E-017
  1.366435401437112E-003  1.098673839836474E-017
  1.370978769634911E-003  1.060396126019196E-017
  1.389623441957634E-003  1.044878133931110E-017
  1.415611563052465E-003  1.050050797960472E-017
  1.439278547184940E-003  1.089363044583623E-017
  1.451866423694144E-003  1.142124217683114E-017
  1.448978410763132E-003  1.179367398694520E-017
  1.432309367890729E-003  1.195919923588478E-017
  1.408966645526854E-003  1.187643661141499E-017
  1.388649096018751E-003  1.179367398694520E-017
  1.379801430383140E-003  1.169022070635796E-017
  1.386268976784948E-003  1.142124217683114E-017
  1.405780649208196E-003  1.113157299118688E-017
  1.430862285587486E-003  1.119364495953922E-017
  1.451816086759357E-003  1.161780340994690E-017
  1.460579361409922E-003  1.225921374958778E-017
  1.453925583040339E-003  1.289027876116993E-017
  1.434733483844485E-003  1.320063860293165E-017
  1.410821373192213E-003  1.317994794681420E-017
  1.391816117681621E-003  1.286958810505248E-017
  1.385310426167322E-003  1.260060957552566E-017
  1.393844330119467E-003  1.259026424746694E-017
  1.413914143785269E-003  1.273509884028907E-017
  1.437398433550035E-003  1.289027876116993E-017
  1.454822381791303E-003  1.297304138563972E-017
  1.459147916921247E-003  1.309718532234441E-017
  1.448571128420639E-003  1.299373204175717E-017
  1.427212124822991E-003  1.280751613670014E-017
  1.403431798373562E-003  1.274544416834780E-017
  1.386462337661017E-003  1.279717080864142E-017
  1.382710780962178E-003  1.292131474534610E-017
  1.393218406693702E-003  1.284889744893504E-017
  1.413286271986575E-003  1.244542965464481E-017
  1.434401777514480E-003  1.194885390782606E-017
  1.447677030333468E-003  1.160745808188817E-017
  1.447408908959643E-003  1.134882488042008E-017
  1.433332625753498E-003  1.124537159983284E-017
  1.410676570134770E-003  1.128675291206773E-017
  1.388016359271988E-003  1.146262348906604E-017
  1.373809396364872E-003  1.181436464306265E-017
  1.373012534093151E-003  1.227990440570522E-017
  1.385138208764877E-003  1.258509158343758E-017
  1.404513032753302E-003  1.265233621581928E-017
  1.422610610350377E-003  1.241439367046863E-017
  1.431499299131271E-003  1.194885390782606E-017
  1.427009363281407E-003  1.146262348906604E-017
  1.410353425575208E-003  1.128675291206773E-017
  1.387570558299980E-003  1.151435012935966E-017
  1.367045619681850E-003  1.206265251647202E-017
  1.356124127513749E-003  1.250750162299715E-017
  1.358191590009577E-003  1.260578223955503E-017
  1.371380453666722E-003  1.243508432658608E-017
  1.389398229063819E-003  1.202127120423713E-017
  1.404112703486629E-003  1.162297607397626E-017
  1.408831726781898E-003  1.129709824012646E-017
  1.400953792732079E-003  1.128675291206773E-017
  1.382939371607257E-003  1.139020619265497E-017
  1.361242989561094E-003  1.161780340994690E-017
  1.343668512304173E-003  1.192816325170861E-017
  1.336232843070717E-003  1.192816325170861E-017
  1.340800221293710E-003  1.145745082503668E-017
  1.354417781269652E-003  1.059361593213324E-017
  1.370585378047042E-003  9.848752311905117E-018
  1.381915324342462E-003  9.507356485967229E-018
  1.383093322783827E-003  9.569428454319572E-018
  1.372953607898582E-003  9.993586904727251E-018
  1.354859230010712E-003  1.053154396378089E-017
  1.335271428376491E-003  1.084190380554261E-017
  1.321116503969445E-003  1.096604774224729E-017
  1.317024531116291E-003  1.084190380554261E-017
  1.323541467728544E-003  1.057292527601579E-017
  1.337003880053533E-003  1.040740002707621E-017
  1.351088188536246E-003  1.043843601125238E-017
  1.359380201338387E-003  1.045912666736983E-017
  1.357920724603769E-003  1.030394674648897E-017
  1.346717662830288E-003  1.006600420113832E-017
  1.329649916146057E-003  9.745299031317879E-018
  1.312840577409355E-003  9.455629845673610E-018
  1.302181809680680E-003  9.393557877321267E-018
  1.301012493843614E-003  9.631500422671915E-018
  1.308863433546001E-003  1.031946473857705E-017
  1.321738655259287E-003  1.099191106239410E-017
  1.333781662637037E-003  1.144193283294859E-017
  1.339632403304758E-003  1.171091136247541E-017
  1.336526803741033E-003  1.156607676965328E-017
  1.325318179283623E-003  1.109019167895198E-017
  1.310047426082817E-003  1.069706921272047E-017
  1.296270852369923E-003  1.063499724436813E-017
  1.288837539139067E-003  1.076948650913154E-017
  1.290004955754518E-003  1.084190380554261E-017
  1.298623276540134E-003  1.109019167895198E-017
  1.310678321086421E-003  1.163849406606434E-017
  1.320941795327892E-003  1.220748710929416E-017
  1.325050937324389E-003  1.253853760717332E-017
  1.321191421254935E-003  1.251784695105587E-017
  1.310736878791157E-003  1.196954456394351E-017
  1.297625255442371E-003  1.128675291206773E-017
  1.286751916910920E-003  1.100742905448219E-017
  1.282034633178308E-003  1.112122766312815E-017
  1.284913924356865E-003  1.134882488042008E-017
  1.293859983579348E-003  1.171091136247541E-017
  1.305048825171192E-003  1.206265251647202E-017
  1.313911089176362E-003  1.244542965464481E-017
  1.316926955051490E-003  1.272475351223035E-017
  1.312963752134009E-003  1.240404834240991E-017
  1.303650872498246E-003  1.176263800276903E-017
  1.292674193824391E-003  1.110053700701070E-017
  1.284293617384611E-003  1.065568790048558E-017
  1.281678740524646E-003  1.052119863572217E-017
  1.285710741538878E-003  1.075914118107282E-017
  1.294700161801320E-003  1.128675291206773E-017
  1.305104483009842E-003  1.190747259559117E-017
  1.312941952455175E-003  1.232128571794012E-017
  1.315338512137829E-003  1.207299784453075E-017
  1.311608812455003E-003  1.127640758400901E-017
  1.303467393296858E-003  1.032463740260641E-017
  1.294310830740240E-003  9.683227062965536E-018
  1.287869791527242E-003  9.497011157908505E-018
  1.286764116030892E-003  9.952205592492355E-018
  1.291518064201695E-003  1.081086782136644E-017
  1.300403052049344E-003  1.178332865888648E-017
  1.310149532966962E-003  1.241439367046863E-017
  1.317235826560062E-003  1.255922826329077E-017
  1.319247244491821E-003  1.213506981288309E-017
  1.315782820566520E-003  1.137986086459625E-017
  1.308570973230856E-003  1.060396126019196E-017
  1.300765018737422E-003  1.016945748172556E-017
  1.295703973875343E-003  1.037636404290003E-017
  1.295623530064638E-003  1.120399028759794E-017
  1.300812585187735E-003  1.238335768629246E-017
  1.309531692650103E-003  1.322132925904909E-017
  1.318712770509631E-003  1.330409188351889E-017
  1.325159666315583E-003  1.249715629493842E-017
  1.326781181772248E-003  1.128675291206773E-017
  1.323382141442803E-003  1.012807616949066E-017
  1.316713906753420E-003  9.755644359376602E-018
  1.309773867203695E-003  1.044878133931110E-017
  1.305632278153117E-003  1.192816325170861E-017
  1.306243676781207E-003  1.347996246051719E-017
  1.311701475317337E-003  1.444207796997851E-017
  1.320219272051932E-003  1.466967518727044E-017
  1.328839654664256E-003  1.394550222315977E-017
  1.334590383072768E-003  1.275578949640652E-017
  1.335637007794934E-003  1.174194734665158E-017
  1.331985427080842E-003  1.126606225595029E-017
  1.325464969609416E-003  1.147296881712476E-017
  1.319003052008053E-003  1.225921374958778E-017
  1.315477328914377E-003  1.331443721157761E-017
  1.316594025017751E-003  1.419379009656914E-017
  1.322228990333684E-003  1.457656723474192E-017
  1.330486117786220E-003  1.430758870521510E-017
  1.338447231735063E-003  1.360410639722188E-017
  1.343317841491641E-003  1.293166007340483E-017
  1.343519430409505E-003  1.244542965464481E-017
  1.339301116847106E-003  1.239370301435119E-017
  1.332632760204585E-003  1.289027876116993E-017
  1.326423709823723E-003  1.343858114828230E-017
  1.323375796817354E-003  1.403861017568828E-017
  1.324922113335429E-003  1.458691256280064E-017
  1.330668487191676E-003  1.510417896573684E-017
  1.338555987664854E-003  1.529039487079387E-017
  1.345678476764129E-003  1.502141634126705E-017
  1.349431199152375E-003  1.444207796997851E-017
  1.348536460860670E-003  1.390412091092487E-017
  1.343541870136490E-003  1.369721434975039E-017
  1.336595829507593E-003  1.371790500586784E-017
  1.330591163461460E-003  1.393515689510104E-017
  1.328017595848137E-003  1.410068214404062E-017
  1.329978281348491E-003  1.405930083180573E-017
  1.335759445351888E-003  1.393515689510104E-017
  1.343121819529334E-003  1.388343025480742E-017
  1.349195674139203E-003  1.395584755121849E-017
  1.351621952925930E-003  1.412137280015807E-017
  1.349485403983389E-003  1.402826484762956E-017
  1.343669852538578E-003  1.356272508498698E-017
  1.336496947287231E-003  1.285924277699376E-017
  1.330795370684763E-003  1.220748710929416E-017
  1.328773618073923E-003  1.192816325170861E-017
  1.331146018737914E-003  1.205230718841330E-017
  1.336858636460894E-003  1.236266703017501E-017
  1.343520830139864E-003  1.243508432658608E-017
  1.348366309255289E-003  1.221783243735288E-017
  1.349357300690316E-003  1.183505529918010E-017
  1.345990633286171E-003  1.143158750488987E-017
  1.339486280260162E-003  1.104881036671708E-017
  1.332287549937880E-003  1.069706921272047E-017
  1.327077492409015E-003  1.046947199542855E-017
  1.325707848313963E-003  1.056257994795706E-017
  1.328468803651592E-003  1.096604774224729E-017
  1.333988240934999E-003  1.146262348906604E-017
  1.339795211486101E-003  1.190747259559117E-017
  1.343316560713631E-003  1.215576046900054E-017
  1.342904556413845E-003  1.222817776541160E-017
  1.338484726351118E-003  1.199023522006096E-017
  1.331568940171088E-003  1.145227816100732E-017
  1.324635138257824E-003  1.081086782136644E-017
  1.320128350333185E-003  1.031429207454769E-017
  1.319486337967428E-003  1.025222010619535E-017
  1.322578854437336E-003  1.051085330766344E-017
  1.327779646410726E-003  1.102811971059964E-017
  1.332634715856402E-003  1.159711275382945E-017
  1.334852404088014E-003  1.195919923588478E-017
  1.333215657362898E-003  1.201092587617840E-017
  1.328053133648828E-003  1.184540062723882E-017
  1.321087007069731E-003  1.148331414518349E-017
  1.314726947783286E-003  1.099708372642346E-017
  1.311100096818636E-003  1.072810519689664E-017
  1.311208148492645E-003  1.081086782136644E-017
  1.314546071119123E-003  1.124537159983284E-017
  1.319327522485915E-003  1.176263800276903E-017
  1.323217480658184E-003  1.217645112511799E-017
  1.324271689297955E-003  1.252819227911460E-017
  1.321704862067334E-003  1.251784695105587E-017
  1.316184226435993E-003  1.208334317258947E-017
  1.309539521224454E-003  1.142124217683114E-017
  1.304015198486938E-003  1.080052249330771E-017
  1.301370884007287E-003  1.066603322854430E-017
  1.302191096588086E-003  1.097639307030602E-017
  1.305675182643942E-003  1.132813422430263E-017
  1.309982041873947E-003  1.164883939412307E-017
  1.312981876825670E-003  1.174194734665158E-017
  1.313108063477943E-003  1.125571692789156E-017
  1.309968487023872E-003  1.030394674648897E-017
  1.304478224905180E-003  9.393557877321267E-018
  1.298470638196718E-003  9.010780739148484E-018
  1.293952108107825E-003  9.434939189556162E-018
  1.292303713948919E-003  1.027291076231279E-017
  1.293747705740538E-003  1.130744356818518E-017
  1.297284617009006E-003  1.223852309347033E-017
  1.301115630718208E-003  1.269371752805418E-017
  1.303372097342742E-003  1.252819227911460E-017
  1.302856430992017E-003  1.179367398694520E-017
  1.299500898303646E-003  1.085224913360133E-017
  1.294369309950548E-003  1.034532805872386E-017
  1.289211580076062E-003  1.033498273066514E-017
  1.285757676272513E-003  1.088328511777750E-017
  1.285035978805006E-003  1.188678193947372E-017
  1.286984497682538E-003  1.292131474534610E-017
  1.290501214654317E-003  1.355237975692826E-017
  1.293902978480449E-003  1.356272508498698E-017
  1.295602094576738E-003  1.273509884028907E-017
  1.294728805181561E-003  1.127640758400901E-017
  1.291456071272965E-003  9.900478952198736E-018
  1.286906432631718E-003  9.196996644205514E-018
  1.282688137077325E-003  9.590119110437019E-018
  1.280252163561774E-003  1.105915569477581E-017
  1.280327079720115E-003  1.271440818417163E-017
  1.282651388075838E-003  1.383170361451380E-017
  1.286100581187330E-003  1.401791951957083E-017
  1.289148904822565E-003  1.312822130652058E-017
  1.290476380947231E-003  1.148331414518349E-017
  1.289479864775712E-003  9.776335015494050E-018
  1.286490876027367E-003  8.855600818267625E-018
  1.282622778521474E-003  9.103888691676999E-018
  1.279316651639960E-003  1.027291076231279E-017
  1.277770877058381E-003  1.202127120423713E-017
  1.278479836290074E-003  1.362479705333933E-017
  1.281058581854052E-003  1.447311395415468E-017
  1.284414307096366E-003  1.426620739298021E-017
  1.287188924800025E-003  1.308683999428569E-017
  1.288293692587615E-003  1.161780340994690E-017
  1.287325797800205E-003  1.061430658825068E-017
  1.284708151743439E-003  1.042809068319365E-017
  1.281505155864371E-003  1.118329963148050E-017
  1.278994038313439E-003  1.254888293523205E-017
  1.278164009640490E-003  1.372825033392656E-017
  1.279339048468708E-003  1.422482608074531E-017
  1.282067355811783E-003  1.393515689510104E-017
  1.285313823660294E-003  1.295235072952228E-017
  1.287873845553832E-003  1.162814873800562E-017
  1.288843266709897E-003  1.041774535513493E-017
  1.287961543064901E-003  9.879788296081289E-018
  1.285698422961823E-003  1.041774535513493E-017
  1.283056422081593E-003  1.181436464306265E-017
  1.281171608206012E-003  1.329374655546016E-017
  1.280871140341542E-003  1.424551673686276E-017
  1.282359221350997E-003  1.447311395415468E-017
  1.285149975829779E-003  1.386273959868997E-017
  1.288268156796694E-003  1.259026424746694E-017
  1.290634980641861E-003  1.120399028759794E-017
  1.291486712984631E-003  1.014876682560811E-017
  1.290663944890560E-003  9.910824280257460E-018
  1.288662336997043E-003  1.064534257242685E-017
  1.286429474998761E-003  1.182470997112138E-017
  1.284990561286615E-003  1.274544416834780E-017
  1.285050214454208E-003  1.294200540146355E-017
  1.286724440494685E-003  1.215576046900054E-017
  1.289504222024947E-003  1.062465191630941E-017
  1.292461312434837E-003  8.969399426913589E-018
  1.294613238441838E-003  7.831413340453964E-018
  1.295304246359774E-003  7.634852107338211E-018
  1.294454708568647E-003  8.483169008153567E-018
  1.292584223932232E-003  9.879788296081289E-018
  1.290602276302750E-003  1.139020619265497E-017
  1.289450264240600E-003  1.241439367046863E-017
  1.289735268075648E-003  1.235232170211629E-017
  1.291497600263299E-003  1.134882488042008E-017
  1.294200892891329E-003  9.941860264433632E-018
  1.296946336128521E-003  8.845255490208901E-018
  1.298825712851559E-003  8.400406383683776E-018
  1.299274756261809E-003  8.607312944858253E-018
  1.298289411532821E-003  9.341831237027647E-018
  1.296422000372902E-003  1.053154396378089E-017
  1.294560568925418E-003  1.177298333082775E-017
  1.293579104293306E-003  1.233163104599884E-017
  1.293996010566333E-003  1.187643661141499E-017
  1.295774086781252E-003  1.066603322854430E-017
  1.298339154098727E-003  9.269413940616580E-018
  1.300808584313755E-003  8.462478352036119E-018
  1.302338968607341E-003  8.721111553504215E-018
  1.302456069648226E-003  1.006600420113832E-017
  1.301237899040107E-003  1.191781792364989E-017
  1.299280019924048E-003  1.344892647634102E-017
  1.297457960695758E-003  1.402826484762956E-017
  1.296581186080387E-003  1.346961713245847E-017
  1.297075194107097E-003  1.221783243735288E-017
  1.298816574637485E-003  1.088328511777750E-017
  1.301185080199749E-003  9.941860264433632E-018
  1.303311017073145E-003  9.672881734906812E-018
  1.304419424105548E-003  1.026256543425407E-017
  1.304134829308163E-003  1.139020619265497E-017
  1.302626588344738E-003  1.249715629493842E-017
  1.300538324425872E-003  1.319029327487292E-017
  1.298730543410817E-003  1.337650917992995E-017
  1.297939186586671E-003  1.324201991516654E-017
  1.298485598677734E-003  1.289027876116993E-017
  1.300152337421874E-003  1.250750162299715E-017
  1.302272986803869E-003  1.234197637405757E-017
  1.303999109451633E-003  1.231094038988140E-017
  1.304637484453539E-003  1.214541514094181E-017
  1.303923528262173E-003  1.185574595529755E-017
  1.302122906425520E-003  1.156607676965328E-017
  1.299922182514340E-003  1.155573144159455E-017
  1.298153346482388E-003  1.172125669053414E-017
  1.297462745339607E-003  1.209368850064819E-017
  1.298056283907662E-003  1.259026424746694E-017
  1.299621536312245E-003  1.295235072952228E-017
  1.301456355669935E-003  1.303511335399207E-017
  1.302751230817386E-003  1.273509884028907E-017
  1.302911883030414E-003  1.218679645317671E-017
  1.301793480335103E-003  1.164883939412307E-017
  1.299754071033073E-003  1.111088233506943E-017
  1.297507581594777E-003  1.084190380554261E-017
  1.295836702045195E-003  1.083155847748388E-017
  1.295281241333647E-003  1.099708372642346E-017
  1.295926239595257E-003  1.136951553653752E-017
  1.297373202241738E-003  1.155573144159455E-017
  1.298904043886859E-003  1.125571692789156E-017
  1.299770443680311E-003  1.058327060407451E-017
  1.299492033484764E-003  9.755644359376602E-018
  1.298044563375873E-003  9.310795252851476E-018
  1.295864343665912E-003  9.476320501791057E-018
  1.293669322770799E-003  1.023152945007790E-017
  1.292170245048628E-003  1.148331414518349E-017
  1.291788275708865E-003  1.269371752805418E-017
  1.292491485097056E-003  1.334547319575378E-017
  1.293813804933122E-003  1.325236524322527E-017
  1.295046525502149E-003  1.250750162299715E-017
  1.295523764775866E-003  1.140055152071370E-017
  1.294886942937747E-003  1.041774535513493E-017
  1.293223239430844E-003  9.972896248609803E-018
  1.291024696367341E-003  1.027291076231279E-017
  1.288986854700020E-003  1.110053700701070E-017
  1.287729457755183E-003  1.181436464306265E-017
  1.287551563400112E-003  1.202127120423713E-017
  1.288317987560300E-003  1.162814873800562E-017
  1.289520198404352E-003  1.090397577389495E-017
  1.290484645569673E-003  1.024187477813662E-017
  1.290643262983355E-003  9.952205592492355E-018
  1.289757548698185E-003  9.962550920551079E-018
  1.288007918894232E-003  1.026256543425407E-017
  1.285915131277509E-003  1.062465191630941E-017
  1.284127929503659E-003  1.082121314942516E-017
  1.283163639878374E-003  1.089363044583623E-017
  1.283205590100251E-003  1.077983183719026E-017
  1.284036744523655E-003  1.052119863572217E-017
  1.285133370983471E-003  1.035567338678259E-017
  1.285878560847205E-003  1.039705469901748E-017
  1.285808617827687E-003  1.060396126019196E-017
  1.284793976983670E-003  1.100742905448219E-017
  1.283084220625886E-003  1.167987537829924E-017
  1.281202051360725E-003  1.213506981288309E-017
  1.279731257146182E-003  1.222817776541160E-017
  1.279084782683645E-003  1.176263800276903E-017
  1.279345114993114E-003  1.102811971059964E-017
  1.280238627973703E-003  1.036601871484131E-017
  1.281251212186485E-003  1.019014813784300E-017
  1.281836474139883E-003  1.064534257242685E-017
  1.281632247307023E-003  1.152469545741838E-017
  1.280599719468430E-003  1.243508432658608E-017
  1.279031944837267E-003  1.302476802593334E-017
  1.277431267548537E-003  1.305580401010951E-017
  1.276306923769349E-003  1.260060957552566E-017
  1.275974406755483E-003  1.182470997112138E-017
  1.276435613093968E-003  1.094535708612985E-017
  1.277385132818188E-003  1.020049346590173E-017
  1.278337313056909E-003  9.797025671611498E-018
  1.278821314011393E-003  9.931514936374908E-018
  1.278565873599436E-003  1.040740002707621E-017
  1.277601400923719E-003  1.084190380554261E-017
  1.276241231808973E-003  1.109019167895198E-017
  1.274952252573322E-003  1.079017716524899E-017
  1.274168277694153E-003  1.007634952919704E-017
  1.274120734296881E-003  9.217687300322961E-018
  1.274752612945690E-003  8.700420897386768E-018
  1.275747412260898E-003  8.690075569328044E-018
  1.276658996939311E-003  9.103888691676999E-018
  1.277089134652530E-003  9.828061655787669E-018
  1.276842127176608E-003  1.081086782136644E-017
  1.275996631849395E-003  1.178332865888648E-017
  1.274868590194238E-003  1.225921374958778E-017
  1.273882341606738E-003  1.197988989200223E-017
  1.273402418274927E-003  1.106950102283453E-017
  1.273592577239033E-003  9.900478952198736E-018
  1.274356391446232E-003  8.979744754972313E-018
  1.275380628140116E-003  8.886636802443797E-018
  1.276262101453704E-003  9.559083126260848E-018
  1.276666657030856E-003  1.056257994795706E-017
  1.276457669143257E-003  1.151435012935966E-017
  1.275744768793724E-003  1.183505529918010E-017
  1.274835683804940E-003  1.154538611353583E-017
  1.274112111479094E-003  1.089363044583623E-017
  1.273879560637067E-003  1.000393223278597E-017
  1.274250060576469E-003  9.455629845673610E-018
  1.275102547648079E-003  9.745299031317879E-018
  1.276134608563945E-003  1.076948650913154E-017
  1.276983535988799E-003  1.224886842152905E-017
  1.277368268421200E-003  1.347996246051719E-017
  1.277196737150418E-003  1.392481156704232E-017
  1.276597720507373E-003  1.338685450798868E-017
  1.275866396471111E-003  1.215576046900054E-017
  1.275346422324718E-003  1.072810519689664E-017
  1.275295481441377E-003  9.745299031317879E-018
  1.275786706932514E-003  9.859097639963841E-018
  1.276683488724323E-003  1.106950102283453E-017
  1.277696058041139E-003  1.270406285611290E-017
  1.278496441135726E-003  1.395584755121849E-017
  1.278846213362848E-003  1.426620739298021E-017
  1.278687342283844E-003  1.342823582022357E-017
  1.278161556827582E-003  1.189712726753244E-017
  1.277551928396725E-003  1.033498273066514E-017
  1.277170564904432E-003  9.662536406848086E-018
  1.277236796817041E-003  1.024187477813662E-017
  1.277793221657504E-003  1.181436464306265E-017
  1.278691589627164E-003  1.364548770945677E-017
  1.279652982477374E-003  1.499038035709087E-017
  1.280377882681647E-003  1.525935888661770E-017
  1.280662729238951E-003  1.453518592250703E-017
  1.280477627087844E-003  1.310753065040313E-017
  1.279975540978925E-003  1.167987537829924E-017
  1.279430272457028E-003  1.070741454077920E-017
  1.279128203709947E-003  1.063499724436813E-017
  1.279256454213303E-003  1.136951553653752E-017
  1.279830998665541E-003  1.253853760717332E-017
  1.280692270045599E-003  1.376963164616146E-017
  1.281569219459130E-003  1.434897001745000E-017
  1.282186147286459E-003  1.415240878433424E-017
  1.282370222766349E-003  1.333512786769506E-017
  1.282117754959998E-003  1.232128571794012E-017
  1.281593761812142E-003  1.160745808188817E-017
  1.281065643289219E-003  1.135917020847880E-017
  1.280797481575026E-003  1.134882488042008E-017
  1.280946638512541E-003  1.163849406606434E-017
  1.281503067077302E-003  1.204196186035458E-017
  1.282294712426003E-003  1.246612031076225E-017
  1.283056325431146E-003  1.268337219999546E-017
  1.283534202623865E-003  1.238335768629246E-017
  1.283585504298889E-003  1.165918472218179E-017
  1.283233244161833E-003  1.080052249330771E-017
  1.282655725515998E-003  1.040740002707621E-017
  1.282115086864305E-003  1.067637855660303E-017
  1.281853500224585E-003  1.149365947324221E-017
  1.281998070547488E-003  1.255922826329077E-017
  1.282511768772305E-003  1.335581852381251E-017
  1.283209354188355E-003  1.359376106916315E-017
  1.283831524797636E-003  1.316960261875548E-017
  1.284147649031039E-003  1.227990440570522E-017
  1.284046379456835E-003  1.125571692789156E-017
  1.283578515812140E-003  1.051085330766344E-017
  1.282935574573231E-003  1.026256543425407E-017
  1.282373014682838E-003  1.055223461989834E-017
  1.282108856530636E-003  1.118329963148050E-017
  1.282237927434397E-003  1.180401931500393E-017
  1.282695494729245E-003  1.201092587617840E-017
  1.283284269294931E-003  1.164883939412307E-017
  1.283753591458551E-003  1.114191831924560E-017
  1.283899048970513E-003  1.064534257242685E-017
  1.283642936423177E-003  1.039705469901748E-017
  1.283063865911785E-003  1.060396126019196E-017
  1.282364236918606E-003  1.094535708612985E-017
  1.281788989883870E-003  1.124537159983284E-017
  1.281528265660237E-003  1.146262348906604E-017
  1.281642695551118E-003  1.158676742577073E-017
  1.282040733348482E-003  1.183505529918010E-017
  1.282516532958532E-003  1.192816325170861E-017
  1.282832772380862E-003  1.181436464306265E-017
  1.282815130021223E-003  1.146262348906604E-017
  1.282420809252890E-003  1.110053700701070E-017
  1.281754176480793E-003  1.118329963148050E-017
  1.281023848609260E-003  1.161780340994690E-017
  1.280458880410216E-003  1.222817776541160E-017
  1.280217768376042E-003  1.286958810505248E-017
  1.280326485455310E-003  1.322132925904909E-017
  1.280669833587638E-003  1.317994794681420E-017
  1.281038943206600E-003  1.279717080864142E-017
  1.281215400830361E-003  1.227990440570522E-017
  1.281058151277421E-003  1.173160201859286E-017
  1.280558616083672E-003  1.123502627177411E-017
  1.279842519593497E-003  1.123502627177411E-017
  1.279118363844472E-003  1.190747259559117E-017
  1.278593704044840E-003  1.295235072952228E-017
  1.278392907721087E-003  1.388343025480742E-017
  1.278509052681063E-003  1.434897001745000E-017
  1.278808614315375E-003  1.402826484762956E-017
  1.279086355544569E-003  1.308683999428569E-017
  1.279147912553507E-003  1.203161653229585E-017
  1.278886876773806E-003  1.124537159983284E-017
  1.278325835433606E-003  1.098673839836474E-017
  1.277605600504578E-003  1.132813422430263E-017
  1.276927677703735E-003  1.192816325170861E-017
  1.276473529897169E-003  1.250750162299715E-017
  1.276333047305246E-003  1.295235072952228E-017
  1.276470474973152E-003  1.314891196263803E-017
  1.276740724485906E-003  1.299373204175717E-017
  1.276948782116799E-003  1.244542965464481E-017
  1.276927934794131E-003  1.183505529918010E-017
  1.276605468570230E-003  1.129709824012646E-017
  1.276029993768787E-003  1.107984635089326E-017
  1.275350218081319E-003  1.128675291206773E-017
  1.274754425019523E-003  1.181436464306265E-017
  1.274395336171945E-003  1.255922826329077E-017
  1.274330391184323E-003  1.326271057128399E-017
  1.274500825806170E-003  1.352134377275209E-017
  1.274757125968559E-003  1.341789049216485E-017
  1.274919922928873E-003  1.297304138563972E-017
  1.274851563080945E-003  1.257991891940822E-017
  1.274509829432848E-003  1.257991891940822E-017
  1.273962903590698E-003  1.268337219999546E-017
  1.273360399182683E-003  1.280751613670014E-017
  1.272872774889726E-003  1.291096941728738E-017
  1.272623694390328E-003  1.291096941728738E-017
  1.272642196547869E-003  1.269371752805418E-017
  1.272853168413086E-003  1.235232170211629E-017
  1.273109107152755E-003  1.213506981288309E-017
  1.273249793116016E-003  1.215576046900054E-017
  1.273165757973072E-003  1.244542965464481E-017
  1.272840439596720E-003  1.285924277699376E-017
  1.272354850659040E-003  1.316960261875548E-017
  1.271853709385501E-003  1.305580401010951E-017
  1.271487189270506E-003  1.272475351223035E-017
  1.271351742719481E-003  1.244542965464481E-017
  1.271453309441304E-003  1.225921374958778E-017
  1.271706902370797E-003  1.236266703017501E-017
  1.271971946912066E-003  1.277648015252397E-017
  1.272108704746217E-003  1.335581852381251E-017
  1.272033151467028E-003  1.389377558286615E-017
  1.271748787961589E-003  1.441104198580234E-017
  1.271343403303780E-003  1.468002051532916E-017
  1.270952831682501E-003  1.444207796997851E-017
  1.270706648953761E-003  1.364548770945677E-017
  1.270677500367243E-003  1.273509884028907E-017
  1.270853838810810E-003  1.195919923588478E-017
  1.271146234622473E-003  1.160745808188817E-017
  1.271424041613644E-003  1.181436464306265E-017
  1.271567394183377E-003  1.250750162299715E-017
  1.271513851336849E-003  1.321098393099037E-017
  1.271281563689430E-003  1.344892647634102E-017
  1.270960425417904E-003  1.314891196263803E-017
  1.270675374818705E-003  1.252819227911460E-017
  1.270536791818370E-003  1.175229267471031E-017
  1.270597643946385E-003  1.099708372642346E-017
  1.270833960731074E-003  1.052119863572217E-017
  1.271155748227606E-003  1.070741454077920E-017
  1.271443428403562E-003  1.129709824012646E-017
  1.271595046592237E-003  1.200058054811968E-017
  1.271565616571461E-003  1.242473899852736E-017
  1.271383439333471E-003  1.236266703017501E-017
  1.271137524079341E-003  1.190747259559117E-017
  1.270941614015573E-003  1.129709824012646E-017
  1.270889306992641E-003  1.086259446166005E-017
  1.271017921445232E-003  1.073845052495537E-017
  1.271294990360019E-003  1.079017716524899E-017
  1.271632182512833E-003  1.083155847748388E-017
  1.271920690893965E-003  1.077983183719026E-017
  1.272073904671419E-003  1.070741454077920E-017
  1.272060631952612E-003  1.068672388466175E-017
  1.271916138962214E-003  1.068672388466175E-017
  1.271727134152879E-003  1.073845052495537E-017
  1.271597019333484E-003  1.093501175807112E-017
  1.271605275287648E-003  1.123502627177411E-017
  1.271776871759451E-003  1.164883939412307E-017
  1.272073411119718E-003  1.203161653229585E-017
  1.272409066984368E-003  1.222817776541160E-017
  1.272684697185246E-003  1.232128571794012E-017
  1.272826566546667E-003  1.253853760717332E-017
  1.272814553247206E-003  1.274544416834780E-017
  1.272689046863379E-003  1.275578949640652E-017
  1.272534197609656E-003  1.263164555970184E-017
  1.272444400364192E-003  1.247646563882098E-017
  1.272487303980671E-003  1.248681096687970E-017
  1.272677784556640E-003  1.272475351223035E-017
  1.272972844977741E-003  1.296269605758100E-017
  1.273289122533697E-003  1.311787597846186E-017
  1.273535870925391E-003  1.304545868205079E-017
  1.273650363132363E-003  1.273509884028907E-017
  1.273621897221708E-003  1.243508432658608E-017
  1.273495206648618E-003  1.247646563882098E-017
  1.273352214608280E-003  1.299373204175717E-017
  1.273279519760379E-003  1.381101295839636E-017
  1.273334468167900E-003  1.469036584338788E-017
  1.273523061393760E-003  1.536281216720494E-017
  1.273798178521210E-003  1.536281216720494E-017
  1.274078567718670E-003  1.472140182756405E-017
  1.274280952885996E-003  1.375928631810274E-017
  1.274352565850663E-003  1.264199088776056E-017
  1.274291386424383E-003  1.162814873800562E-017
  1.274146311269572E-003  1.114191831924560E-017
  1.273997400057637E-003  1.151435012935966E-017
  1.273924137606546E-003  1.238335768629246E-017
  1.273974259773925E-003  1.313856663457930E-017
  1.274145345870750E-003  1.341789049216485E-017
  1.274386261435980E-003  1.304545868205079E-017
  1.274617689220186E-003  1.233163104599884E-017
  1.274763510608338E-003  1.155573144159455E-017
  1.274780621235620E-003  1.095570241418857E-017
  1.274675493724182E-003  1.071775986883792E-017
  1.274501109990405E-003  1.086259446166005E-017
  1.274335653126471E-003  1.124537159983284E-017
  1.274251503427211E-003  1.158676742577073E-017
  1.274286818171409E-003  1.184540062723882E-017
  1.274430849400194E-003  1.211437915676564E-017
  1.274628649903520E-003  1.234197637405757E-017
  1.274803136154724E-003  1.223852309347033E-017
  1.274885660005836E-003  1.188678193947372E-017
  1.274842967114175E-003  1.151435012935966E-017
  1.274689951281675E-003  1.128675291206773E-017
  1.274483307894644E-003  1.129709824012646E-017
  1.274298766839273E-003  1.175229267471031E-017
  1.274201040144627E-003  1.233163104599884E-017
  1.274218412909681E-003  1.283855212087631E-017
  1.274331964629912E-003  1.340754516410613E-017
  1.274483538196508E-003  1.405930083180573E-017
  1.274599128636594E-003  1.430758870521510E-017
  1.274618300317467E-003  1.401791951957083E-017
  1.274517946300280E-003  1.346961713245847E-017
  1.274321052111577E-003  1.273509884028907E-017
  1.274087147877287E-003  1.220748710929416E-017
  1.273888410552045E-003  1.209368850064819E-017
  1.273781018210085E-003  1.254888293523205E-017
  1.273783141845116E-003  1.328340122740144E-017
  1.273868216399993E-003  1.405930083180573E-017
  1.273975992533623E-003  1.443173264191979E-017
  1.274036801142409E-003  1.406964615986445E-017
  1.273999276260045E-003  1.312822130652058E-017
  1.273850516586082E-003  1.202127120423713E-017
  1.273620783225197E-003  1.132813422430263E-017
  1.273371048667120E-003  1.151435012935966E-017
  1.273168529498953E-003  1.241439367046863E-017
  1.273060040754218E-003  1.371790500586784E-017
  1.273053758904149E-003  1.479381912397512E-017
  1.273116520488611E-003  1.510417896573684E-017
  1.273187536156595E-003  1.444207796997851E-017
  1.273202878326757E-003  1.316960261875548E-017
  1.273120897462256E-003  1.184540062723882E-017
  1.272938477963793E-003  1.110053700701070E-017
  1.272691807907928E-003  1.116260897536305E-017
  1.272441562499990E-003  1.176263800276903E-017
  1.272248585361257E-003  1.289027876116993E-017
  1.272149839312744E-003  1.404895550374701E-017
  1.272144157905237E-003  1.465932985921171E-017
  1.272193309056039E-003  1.455587657862447E-017
  1.272237730924871E-003  1.379032230227891E-017
  1.272220489816545E-003  1.267302687193673E-017
  1.272109842565932E-003  1.171091136247541E-017
  1.271911480878992E-003  1.137986086459625E-017
  1.271665759911363E-003  1.167987537829924E-017
  1.271431238348186E-003  1.239370301435119E-017
  1.271261263836311E-003  1.309718532234441E-017
  1.271182989699775E-003  1.343858114828230E-017
  1.271187097081482E-003  1.345927180439974E-017
  1.271232121705097E-003  1.310753065040313E-017
  1.271261434239313E-003  1.259026424746694E-017
  1.271225942100262E-003  1.215576046900054E-017
  1.271103429327595E-003  1.208334317258947E-017
  1.270906935381921E-003  1.243508432658608E-017
  1.270679043274684E-003  1.284889744893504E-017
  1.270474579676138E-003  1.315925729069675E-017
  1.270338772692019E-003  1.319029327487292E-017
  1.270289586443391E-003  1.300407736981589E-017
  1.270311143933903E-003  1.280751613670014E-017
  1.270360639556891E-003  1.292131474534610E-017
  1.270385764625944E-003  1.328340122740144E-017
  1.270345567734952E-003  1.379032230227891E-017
  1.270226445352201E-003  1.412137280015807E-017
  1.270047037573193E-003  1.406964615986445E-017
  1.269850304127387E-003  1.364548770945677E-017
  1.269686151180584E-003  1.328340122740144E-017
  1.269591645226153E-003  1.313856663457930E-017
  1.269576666479378E-003  1.324201991516654E-017
  1.269620554850230E-003  1.352134377275209E-017
  1.269680856651343E-003  1.385239427063125E-017
  1.269710486907418E-003  1.409033681598190E-017
  1.269676378343716E-003  1.413171812821680E-017
  1.269572241275489E-003  1.376963164616146E-017
  1.269420527244377E-003  1.304545868205079E-017
  1.269263040182386E-003  1.210403382870692E-017
  1.269144119076586E-003  1.119364495953922E-017
  1.269093158823817E-003  1.057292527601579E-017
  1.269113356909333E-003  1.023152945007790E-017
  1.269180982870775E-003  1.029360141843024E-017
  1.269255241866638E-003  1.060396126019196E-017
  1.269294639241116E-003  1.105915569477581E-017
  1.269273284911355E-003  1.149365947324221E-017
  1.269190737575933E-003  1.183505529918010E-017
  1.269071658986698E-003  1.205230718841330E-017
  1.268955625380224E-003  1.200058054811968E-017
  1.268881296596264E-003  1.173160201859286E-017
  1.268871267102487E-003  1.154538611353583E-017
  1.268923522320933E-003  1.154538611353583E-017
  1.269012710477523E-003  1.185574595529755E-017
  1.269100527884951E-003  1.221783243735288E-017
  1.269150962100219E-003  1.252819227911460E-017
  1.269144325688075E-003  1.251784695105587E-017
  1.269084614189637E-003  1.206265251647202E-017
  1.268997447855836E-003  1.158676742577073E-017
  1.268919595968247E-003  1.124537159983284E-017
  1.268884351972419E-003  1.134882488042008E-017
  1.268908560200112E-003  1.196954456394351E-017
  1.268986329569653E-003  1.299373204175717E-017
  1.269091754324321E-003  1.401791951957083E-017
  1.269189397750298E-003  1.460760321891809E-017
  1.269248290249333E-003  1.427655272103893E-017
  1.269253908023760E-003  1.305580401010951E-017
  1.269213497956375E-003  1.155573144159455E-017
  1.269152802104952E-003  1.050050797960472E-017
  1.269105627407684E-003  1.046947199542855E-017
  1.269100466948430E-003  1.165918472218179E-017
  1.269149446148704E-003  1.371790500586784E-017
  1.269243859148850E-003  1.573524397731899E-017
  1.269357911126633E-003  1.667666883066287E-017
  1.269459054846655E-003  1.605594914713943E-017
  1.269520771441208E-003  1.427655272103893E-017
  1.269532770555914E-003  1.204196186035458E-017
  1.269504682246409E-003  1.026256543425407E-017
  1.269461918587366E-003  9.641845750730639E-018
  1.269435455568668E-003  1.021083879396045E-017
  1.269449622079081E-003  1.157642209771200E-017
  1.269512687394053E-003  1.302476802593334E-017
  1.269613866530603E-003  1.380066763033763E-017
  1.269727802622132E-003  1.354203442886954E-017
  1.269824656491886E-003  1.233163104599884E-017
  1.269881781074006E-003  1.083155847748388E-017
  1.269892406436851E-003  9.745299031317879E-018
  1.269867998412472E-003  9.424593861497438E-018
  1.269833470299423E-003  9.941860264433632E-018
  1.269817223727621E-003  1.123502627177411E-017
  1.269839979177535E-003  1.275578949640652E-017
  1.269906768982983E-003  1.383170361451380E-017
  1.270005168838145E-003  1.397653820733594E-017
  1.270110367634608E-003  1.311787597846186E-017
  1.270195000877371E-003  1.172125669053414E-017
  1.270239844364400E-003  1.053154396378089E-017
  1.270241182933229E-003  1.010738551337321E-017
  1.270212022847459E-003  1.069706921272047E-017
  1.270176756523034E-003  1.203161653229585E-017
  1.270161449315595E-003  1.332478253963633E-017
  1.270183599641391E-003  1.398688353539466E-017
  1.270245380712708E-003  1.396619287927721E-017
  1.270332962012299E-003  1.327305589934272E-017
  1.270422100672146E-003  1.190747259559117E-017
  1.270487739367931E-003  1.039705469901748E-017
  1.270513807334461E-003  9.362521893145095E-018
  1.270499386178438E-003  9.207341972264237E-018
  1.270458869143717E-003  1.003496821696215E-017
  1.270416121024351E-003  1.128675291206773E-017
  1.270394995380571E-003  1.253853760717332E-017
  1.270409966633788E-003  1.328340122740144E-017
  1.270460548310703E-003  1.289027876116993E-017
  1.270531644413737E-003  1.153504078547711E-017
  1.270599630814446E-003  9.931514936374908E-018
  1.270641717592882E-003  8.876291474385073E-018
  1.270644881412803E-003  8.659039585151872E-018
  1.270610864779934E-003  9.103888691676999E-018
  1.270555320358182E-003  9.972896248609803E-018
  1.270501498905207E-003  1.088328511777750E-017
  1.270471019907969E-003  1.140055152071370E-017
  1.270475384963295E-003  1.156607676965328E-017
  1.270511564328503E-003  1.132813422430263E-017
  1.270563350414958E-003  1.064534257242685E-017
  1.270607884898877E-003  9.745299031317879E-018
  1.270624735213487E-003  8.990090083031037E-018
  1.270603918888135E-003  8.524550320388462E-018
  1.270549725502911E-003  8.596967616799529E-018
  1.270478874401131E-003  9.248723284499133E-018
  1.270413794219738E-003  1.029360141843024E-017
  1.270373725803708E-003  1.131778889624391E-017
  1.270367180666331E-003  1.169022070635796E-017
  1.270388715601010E-003  1.142124217683114E-017
  1.270421249701076E-003  1.081086782136644E-017
