  0.999999967389723       0.000000000000000E+000
  0.820672466823113      -5.074320353038812E-016
  0.361774004773871      -8.457200588398020E-016
 -0.180353161902021      -8.457200588398020E-016
 -0.577056198512872      -5.920040411878614E-016
 -0.664354111520229      -8.457200588398020E-017
 -0.411120586868022       4.228600294199010E-016
  6.995793165450283E-002  7.611480529558218E-016
  0.572345051813458       6.765760470718416E-016
  0.884345875012011       1.691440117679604E-016
  0.878322363509041      -3.805740264779109E-016
  0.562723187265270      -8.880060617817921E-016
  7.569914275290866E-002 -1.014864070607762E-015
 -0.375776770013556      -7.188620500138317E-016
 -0.604407863703761      -1.691440117679604E-016
 -0.520743448609697       3.805740264779109E-016
 -0.168318260707515       7.611480529558218E-016
  0.297982294225002       8.034340558978119E-016
  0.679772946788647       4.651460323618911E-016
  0.819460048575235       0.000000000000000E+000
  0.665070677389834      -5.074320353038812E-016
  0.288918550631897      -8.034340558978119E-016
 -0.146382725473795      -8.034340558978119E-016
 -0.458692343771527      -4.651460323618911E-016
 -0.523046552885423       4.228600294199010E-017
 -0.321926613896420       5.074320353038812E-016
  5.110515039825756E-002  7.188620500138317E-016
  0.434324908643520       6.765760470718416E-016
  0.667701587287082       3.382880235359208E-016
  0.659465922343584      -1.268580088259703E-016
  0.421669418737311      -5.497180382458713E-016
  6.106370961694683E-002 -7.188620500138317E-016
 -0.269112641759694      -5.920040411878614E-016
 -0.434706655102213      -2.114300147099505E-016
 -0.375485070016381       2.325730161809455E-016
 -0.126823855824127       5.074320353038812E-016
  0.199311237644681       6.342900441298515E-016
  0.464304207939183       4.651460323618911E-016
  0.561500511750040       1.057150073549753E-016
  0.458686387526374      -2.960020205939307E-016
  0.207580689597293      -5.497180382458713E-016
 -8.190984919902856E-002 -5.074320353038812E-016
 -0.290121510157706      -2.960020205939307E-016
 -0.337425294604664       4.228600294199010E-017
 -0.214663612806458       3.171450220649258E-016
  1.725782890460495E-002  4.651460323618911E-016
  0.256620465670819       4.440030308908960E-016
  0.405123571245007       2.325730161809455E-016
  0.407875743107534       0.000000000000000E+000
  0.272916758734583      -2.537160176519406E-016
  6.359645165485603E-002 -3.594310250069159E-016
 -0.131164683849883      -3.382880235359208E-016
 -0.234907347278124      -1.480010102969654E-016
 -0.213708544720084       8.457200588398020E-017
 -8.656242197401486E-002  2.537160176519406E-016
  8.662324414730678E-002  3.171450220649258E-016
  0.232651641441826       2.748590191229356E-016
  0.295645576262677       1.268580088259703E-016
  0.257872702912443      -6.342900441298515E-017
  0.143200371136921      -2.114300147099505E-016
  3.449814683098819E-003 -2.748590191229356E-016
 -0.105081228549679      -2.272872658131968E-016
 -0.144366961912807      -7.928625551623144E-017
 -0.107542660645502       7.400050514848268E-017
 -1.786939931874974E-002  1.902870132389554E-016
  8.410975873992517E-002  2.220015154454480E-016
  0.158537362172078       1.585725110324629E-016
  0.181429853976463       4.757175330973886E-017
  0.151417870456011      -6.342900441298515E-017
  8.666029883656695E-002 -1.480010102969654E-016
  1.478833566906789E-002 -1.797155125034579E-016
 -3.889594736372008E-002 -1.559296358485885E-016
 -5.998094514057476E-002 -9.250063143560335E-017
 -4.760279142214080E-002 -5.285750367748762E-018
 -1.155472673882816E-002  6.871475478073391E-017
  3.356448425198521E-002  1.004292569872265E-016
  7.401241974781470E-002  8.457200588398020E-017
  0.100259395480193       3.303593979842977E-017
  0.107708352917143      -3.832169016617853E-017
  9.588900834587150E-002 -9.778638180335211E-017
  6.760265949298937E-002 -1.321437591937191E-016
  2.876578687120377E-002 -1.374295095614678E-016
 -1.148235826235943E-002 -1.110007577227240E-016
 -4.160140519661573E-002 -6.342900441298515E-017
 -5.034259815015601E-002 -1.057150073549752E-017
 -3.105763240998051E-002  2.907162702261819E-017
  1.407688172412541E-002  4.228600294199010E-017
  7.236846846540176E-002  2.642875183874381E-017
  0.123304681574029      -2.642875183874381E-017
  0.145612886993814      -7.928625551623144E-017
  0.126326689699376      -1.268580088259703E-016
  6.792165775887914E-002 -1.691440117679604E-016
 -1.025686866243069E-002 -1.585725110324629E-016
 -7.794601872368123E-002 -1.057150073549753E-016
 -0.105696116979955      -3.700025257424134E-017
 -7.780605141660990E-002  1.585725110324629E-017
 -7.153614854809770E-004  6.342900441298515E-017
  9.748876196822617E-002  5.285750367748763E-017
  0.177191261553954      -1.057150073549752E-017
  0.203418553166820      -7.400050514848268E-017
  0.161394456559251      -1.797155125034579E-016
  6.450846542437307E-002 -2.537160176519406E-016
 -4.944170885584887E-002 -2.537160176519406E-016
 -0.132942785426692      -1.797155125034579E-016
 -0.148674494178320      -7.400050514848268E-017
 -8.621832241706023E-002  5.285750367748763E-017
  3.195619386595834E-002  1.268580088259703E-016
  0.158454894868339       1.162865080904728E-016
  0.240133411101518       2.114300147099505E-017
  0.240679552922860      -1.268580088259703E-016
  0.156933336670042      -2.537160176519406E-016
  2.157929497244820E-002 -3.171450220649258E-016
 -0.109514787776362      -2.960020205939307E-016
 -0.180415493255970      -1.691440117679604E-016
 -0.159070134681056      -3.171450220649258E-017
 -5.176120784328490E-002  8.457200588398020E-017
  9.846821247947180E-002  1.480010102969654E-016
  0.229209261247814       9.514350661947772E-017
  0.284843246401742      -3.171450220649258E-017
  0.240428658566620      -1.902870132389554E-016
  0.112998954679609      -2.960020205939307E-016
 -4.485562134311498E-002 -3.171450220649258E-016
 -0.166726957581490      -2.431445169164431E-016
 -0.200416055818025      -9.514350661947772E-017
 -0.130352514797901       3.171450220649258E-017
  1.527432408086201E-002  1.268580088259703E-016
  0.175937601430380       1.268580088259703E-016
  0.284104592117455       6.342900441298515E-017
  0.293821208420853      -6.342900441298515E-017
  0.200387390423366      -1.902870132389554E-016
  4.265718155185357E-002 -2.748590191229356E-016
 -0.113147332107475      -2.960020205939307E-016
 -0.201334025797631      -2.114300147099505E-016
 -0.184541303749775      -4.228600294199010E-017
 -6.962028084235498E-002  1.057150073549753E-016
  9.518418116842602E-002  1.691440117679604E-016
  0.240589168963825       1.480010102969654E-016
  0.305538685075420       4.228600294199010E-017
  0.262961438695939      -1.480010102969654E-016
  0.131107626344011      -2.748590191229356E-016
 -3.430258944442162E-002 -3.171450220649258E-016
 -0.163727515003735      -2.325730161809455E-016
 -0.203170840644967      -6.342900441298515E-017
 -0.136815116709463       1.057150073549753E-016
  6.602344109219768E-003  1.902870132389554E-016
  0.166244563782984       1.691440117679604E-016
  0.275044573809166       6.342900441298515E-017
  0.287947384996805      -8.457200588398020E-017
  0.200587558223746      -2.114300147099505E-016
  5.063501278877329E-002 -2.537160176519406E-016
 -9.854886269565256E-002 -2.325730161809455E-016
 -0.184832377603251      -1.374295095614678E-016
 -0.173333932074349       0.000000000000000E+000
 -7.060876048491062E-002  1.057150073549753E-016
  7.877711863861767E-002  1.480010102969654E-016
  0.211553737835106       1.162865080904728E-016
  0.272548027947525       3.171450220649258E-017
  0.237590415774424      -7.400050514848268E-017
  0.122991779475686      -1.691440117679604E-016
 -2.211200998174139E-002 -2.114300147099505E-016
 -0.136978254352051      -1.691440117679604E-016
 -0.174852483341044      -7.400050514848268E-017
 -0.122125331191978       4.228600294199010E-017
 -3.189484647772081E-003  1.268580088259703E-016
  0.130680538656814       1.480010102969654E-016
  0.223368555482476       1.057150073549753E-016
  0.237381032035922       2.114300147099505E-017
  0.168901934832791      -6.342900441298515E-017
  4.839725610158076E-002 -1.268580088259703E-016
 -7.305745235370507E-002 -1.480010102969654E-016
 -0.145595867219055      -1.268580088259703E-016
 -0.141185445552808      -5.285750367748763E-017
 -6.451441857976344E-002  4.228600294199010E-017
  5.006073400834700E-002  1.268580088259703E-016
  0.153759136400745       1.585725110324629E-016
  0.204048405599672       1.162865080904728E-016
  0.181970083368678       2.114300147099505E-017
  9.905958165490225E-002 -8.457200588398020E-017
 -8.603817525795917E-003 -1.480010102969654E-016
 -9.624110154927484E-002 -1.427152599292166E-016
 -0.129152266371704      -7.928625551623144E-017
 -9.654436404585470E-002  1.057150073549752E-017
 -1.491301777574282E-002  1.057150073549753E-016
  7.995205573106616E-002  1.480010102969654E-016
  0.148520601317080       1.268580088259703E-016
  0.163873043650059       5.285750367748763E-017
  0.122084013068648      -1.585725110324629E-017
  4.266864644059355E-002 -7.400050514848268E-017
 -4.058182653969881E-002 -1.057150073549753E-016
 -9.411046485454287E-002 -8.457200588398020E-017
 -9.821834756223746E-002 -1.585725110324629E-017
 -5.427901314301919E-002  5.285750367748763E-017
  1.703462326084069E-002  9.514350661947772E-017
  8.525558818336440E-002  1.057150073549753E-016
  0.123017770543838       7.928625551623144E-017
  0.116884238234584       2.114300147099505E-017
  7.184724225405324E-002 -3.171450220649258E-017
  8.099007645053159E-003 -6.871475478073391E-017
 -4.808843397774946E-002 -7.400050514848268E-017
 -7.527491008202876E-002 -4.757175330973886E-017
 -6.502984104917693E-002 -1.057150073549752E-017
 -2.429837016906674E-002  4.757175330973886E-017
  2.853613398958912E-002  8.457200588398020E-017
  7.180810019420182E-002  8.985775625172897E-017
  8.934080779056344E-002  5.814325404523638E-017
  7.629697567755490E-002 -2.642875183874381E-018
  4.005925565046751E-002 -5.285750367748763E-017
 -3.738955986504543E-003 -7.928625551623144E-017
 -3.800195307439831E-002 -6.871475478073391E-017
 -5.084417324139833E-002 -2.907162702261819E-017
 -3.957076232371492E-002  2.378587665486943E-017
 -1.073030302834296E-002  6.871475478073391E-017
  2.332564994139335E-002  8.457200588398020E-017
  4.964750645393522E-002  7.135762996460830E-017
  5.947715626488451E-002  2.907162702261819E-017
  5.089810190936046E-002 -1.850012628712067E-017
  2.867462045145031E-002 -5.814325404523638E-017
  1.752731960231969E-003 -7.135762996460830E-017
 -2.032890723010769E-002 -5.814325404523638E-017
 -3.069790422629966E-002 -1.982156387905786E-017
 -2.703705298118766E-002  2.510731424680662E-017
 -1.173569667483349E-002  5.285750367748763E-017
  9.419662666490426E-003  5.550037886136200E-017
  2.935174420554570E-002  3.303593979842977E-017
  4.186545742618937E-002 -2.642875183874381E-018
  4.332433550616702E-002 -3.832169016617853E-017
  3.351801859764128E-002 -6.078612922911077E-017
  1.562414634663734E-002 -6.342900441298515E-017
 -4.684215226051684E-003 -4.492887812586448E-017
 -2.081521478339214E-002 -1.321437591937191E-017
 -2.720667369893965E-002  1.585725110324629E-017
 -2.117128630771961E-002  3.171450220649258E-017
 -4.056334859392763E-003  2.642875183874381E-017
  1.880215634989477E-002  5.285750367748762E-018
  3.954776702358417E-002 -2.378587665486943E-017
  5.041014112125594E-002 -4.889319090167605E-017
  4.664014197092185E-002 -6.078612922911077E-017
  2.866172611329577E-002 -5.814325404523638E-017
  2.449601737295375E-003 -4.228600294199010E-017
 -2.227531994253543E-002 -2.114300147099505E-017
 -3.557469179769675E-002 -1.321437591937191E-018
 -3.128640527001194E-002  3.964312775811572E-018
 -9.862157166412332E-003  0.000000000000000E+000
  2.126819805166916E-002 -1.585725110324629E-017
  5.020392970318466E-002 -3.435737739036696E-017
  6.515610299053431E-002 -4.492887812586448E-017
  5.934153451734779E-002 -4.757175330973886E-017
  3.413548178563017E-002 -4.757175330973886E-017
 -9.879860779233368E-004 -3.700025257424134E-017
 -3.192965725791679E-002 -3.171450220649258E-017
 -4.560141725873876E-002 -2.642875183874381E-017
 -3.546105187769702E-002 -2.642875183874381E-017
 -4.583876430279746E-003 -3.171450220649258E-017
  3.517153781188172E-002 -3.171450220649258E-017
  6.775003600040219E-002 -3.435737739036696E-017
  7.946895035345344E-002 -4.228600294199010E-017
  6.486471306193523E-002 -4.757175330973886E-017
  2.929875561030961E-002 -5.285750367748763E-017
 -1.291612661948473E-002 -5.285750367748763E-017
 -4.424168750000130E-002 -4.228600294199010E-017
 -5.119530911666226E-002 -2.907162702261819E-017
 -3.014419651501515E-002 -1.850012628712067E-017
  1.089479281684647E-002 -1.585725110324629E-017
  5.533038556191131E-002 -2.114300147099505E-017
  8.477477099654543E-002 -3.171450220649258E-017
  8.674254239381897E-002 -4.228600294199010E-017
  6.002735790036126E-002 -5.285750367748763E-017
  1.542602948030589E-002 -5.814325404523638E-017
 -2.859134879833965E-002 -5.814325404523638E-017
 -5.352598476699493E-002 -4.228600294199010E-017
 -4.863012770634411E-002 -2.642875183874381E-017
 -1.553156309601235E-002 -1.057150073549752E-017
  3.229879032091990E-002 -1.057150073549752E-017
  7.507803322352047E-002 -2.114300147099505E-017
  9.496157430532637E-002 -3.964312775811572E-017
  8.355503441692365E-002 -6.078612922911077E-017
  4.550866974440165E-002 -7.400050514848268E-017
 -3.353881620329935E-003 -6.871475478073391E-017
 -4.261952287669088E-002 -5.285750367748763E-017
 -5.583146944790217E-002 -2.642875183874381E-017
 -3.740275302797335E-002 -5.285750367748762E-018
  5.021195648015464E-003  5.285750367748762E-018
  5.375595456371608E-002 -5.285750367748762E-018
  8.848918474122412E-002 -2.378587665486943E-017
  9.479077311004977E-002 -4.492887812586448E-017
  7.014117732302623E-002 -6.342900441298515E-017
  2.494818973432677E-002 -7.400050514848268E-017
 -2.186027078833535E-002 -6.342900441298515E-017
 -5.079444459090946E-002 -4.228600294199010E-017
 -4.995293626587306E-002 -1.057150073549752E-017
 -1.994303680457862E-002  2.114300147099505E-017
  2.647089656780972E-002  2.642875183874381E-017
  6.980261208860890E-002  1.057150073549752E-017
  9.204050240225324E-002 -2.114300147099505E-017
  8.414525383167039E-002 -4.757175330973886E-017
  4.971651058665044E-002 -7.400050514848268E-017
  3.337721737573959E-003 -7.400050514848268E-017
 -3.564290197539638E-002 -5.550037886136200E-017
 -5.123477855613653E-002 -2.114300147099505E-017
 -3.740947419585704E-002  1.850012628712067E-017
 -4.514078777552037E-004  3.700025257424134E-017
  4.385918763795185E-002  3.171450220649258E-017
  7.696912277522983E-002  2.642875183874381E-018
  8.530840940003991E-002 -3.435737739036696E-017
  6.582767933386191E-002 -6.078612922911077E-017
  2.705295458839757E-002 -6.342900441298515E-017
 -1.469068570542193E-002 -4.228600294199010E-017
 -4.221308905264965E-002 -1.057150073549752E-017
 -4.459743252494921E-002  1.585725110324629E-017
 -2.157131417175033E-002  3.700025257424134E-017
  1.663944419005810E-002  3.171450220649258E-017
  5.380221140977155E-002  1.585725110324629E-017
  7.453973347105478E-002 -7.928625551623144E-018
  7.065519066458931E-002 -3.171450220649258E-017
  4.431406781253007E-002 -4.228600294199010E-017
  6.854227605047949E-003 -3.700025257424134E-017
 -2.615576067308571E-002 -1.585725110324629E-017
 -4.145364908665661E-002  7.928625551623144E-018
 -3.346531983905573E-002  2.642875183874381E-017
 -6.346401097803987E-003  3.171450220649258E-017
  2.804831568023786E-002  2.642875183874381E-017
  5.529219012429629E-002  1.057150073549752E-017
  6.439060774684331E-002 -2.642875183874381E-018
  5.215911920755747E-002 -1.321437591937191E-017
  2.423592239057470E-002 -1.585725110324629E-017
 -7.559096541542886E-003 -1.057150073549752E-017
 -3.029197948556701E-002  0.000000000000000E+000
 -3.523375388079359E-002  1.057150073549752E-017
 -2.124207535168294E-002  1.585725110324629E-017
  5.095805062209906E-003  2.114300147099505E-017
  3.247598437052296E-002  2.114300147099505E-017
  4.967564161156663E-002  1.717868869518348E-017
  5.009756250343386E-002  6.607187959685953E-018
  3.422306975959433E-002  0.000000000000000E+000
  9.077354495761480E-003 -7.928625551623144E-018
 -1.492701600173326E-002 -1.057150073549752E-017
 -2.835471101525025E-002 -2.642875183874381E-018
 -2.649021810904973E-002  1.057150073549752E-017
 -1.097943723857082E-002  2.114300147099505E-017
  1.117573692671080E-002  2.642875183874381E-017
  3.071462421372823E-002  2.114300147099505E-017
  3.994002483777757E-002  1.585725110324629E-017
  3.568923184172010E-002  5.285750367748762E-018
  2.031737604275933E-002 -5.285750367748762E-018
  4.262892121556360E-004 -1.057150073549752E-017
 -1.600844974268458E-002 -6.607187959685953E-018
 -2.286447697002575E-002  1.321437591937191E-018
 -1.815168123881016E-002  1.321437591937191E-017
 -4.510751344608782E-003  2.378587665486943E-017
  1.213564248369055E-002  2.907162702261819E-017
  2.511259002943239E-002  2.642875183874381E-017
  2.962556671772362E-002  1.850012628712067E-017
  2.446470756805386E-002  6.607187959685953E-018
  1.219687012803807E-002 -2.642875183874381E-018
 -2.102219853399743E-003 -1.057150073549752E-017
 -1.296536633599135E-002 -1.255365712340331E-017
 -1.662076537139835E-002 -5.946469163717358E-018
 -1.226291633266030E-002  7.928625551623144E-018
 -2.106979664676884E-003  2.114300147099505E-017
  9.677763552340927E-003  3.171450220649258E-017
  1.865319546691863E-002  3.303593979842977E-017
  2.174018948868787E-002  2.312515785890084E-017
  1.820771018134862E-002  7.267906755654548E-018
  9.736449822489649E-003 -9.250063143560335E-018
 -3.693785909641119E-004 -1.982156387905786E-017
 -8.460493485763660E-003 -1.982156387905786E-017
 -1.182467870434723E-002 -9.250063143560335E-018
 -9.542295275747846E-003  7.928625551623144E-018
 -2.675038068503275E-003  2.510731424680662E-017
  6.211363053288451E-003  3.435737739036696E-017
  1.398164140626819E-002  3.171450220649258E-017
  1.799485796440082E-002  1.850012628712067E-017
  1.695932686172471E-002 -6.607187959685953E-019
  1.132524253692073E-002 -1.850012628712067E-017
  3.108964991989085E-003 -2.907162702261819E-017
 -4.788257600661920E-003 -2.642875183874381E-017
 -9.554952997535521E-003 -1.321437591937191E-017
 -9.432021234949975E-003  5.946469163717358E-018
 -4.348487233736539E-003  2.378587665486943E-017
  3.998202713138915E-003  3.105378341052398E-017
  1.267780915919259E-002  2.576803304277522E-017
  1.853213099365768E-002  8.589344347591739E-018
  1.932219865082443E-002 -1.387509471534050E-017
  1.460794530642569E-002 -3.303593979842977E-017
  6.010740871711490E-003 -4.096456535005291E-017
 -3.289668645432491E-003 -3.303593979842977E-017
 -9.690348151681091E-003 -1.321437591937191E-017
 -1.053913390855325E-002  9.250063143560335E-018
 -5.224596014791124E-003  2.642875183874381E-017
  4.471615306498916E-003  2.907162702261819E-017
  1.495318388906218E-002  1.717868869518348E-017
  2.214869192094344E-002 -5.285750367748762E-018
  2.311952244845064E-002 -2.841090822664960E-017
  1.729855522653329E-002 -4.360744053392729E-017
  6.831437326441051E-003 -4.492887812586448E-017
 -4.170687170413302E-003 -3.171450220649258E-017
 -1.121877099146797E-002 -7.928625551623144E-018
 -1.126252047501597E-002  1.321437591937191E-017
 -3.996490179438256E-003  2.444659545083803E-017
  7.909161451396550E-003  2.114300147099505E-017
  1.979669280946950E-002  3.964312775811572E-018
  2.686839189388417E-002 -2.048228267502646E-017
  2.615951282718260E-002 -4.162528414602151E-017
  1.781971253133911E-002 -5.021462849361325E-017
  5.144206359004428E-003 -4.228600294199010E-017
 -6.700515988480244E-003 -2.114300147099505E-017
 -1.276606453730959E-002  2.642875183874381E-018
 -1.037845260648764E-002  1.850012628712067E-017
 -3.012021229031611E-004  2.114300147099505E-017
  1.350459786251231E-002  7.928625551623144E-018
  2.545781980425914E-002 -1.387509471534050E-017
  3.064373463504930E-002 -3.633953377827274E-017
  2.686828157962681E-002 -4.889319090167605E-017
  1.561600869120622E-002 -4.757175330973886E-017
  1.490292177395540E-003 -3.435737739036696E-017
 -9.656260525382321E-003 -1.321437591937191E-017
 -1.313981303729434E-002  9.250063143560335E-018
 -7.407925896797155E-003  1.982156387905786E-017
  5.280508910855740E-003  1.717868869518348E-017
  1.975803850667248E-002  1.321437591937191E-018
  3.007365573069521E-002 -1.982156387905786E-017
  3.196295919311972E-002 -3.832169016617853E-017
  2.463325585099931E-002 -4.757175330973886E-017
  1.111205509139491E-002 -3.964312775811572E-017
 -2.995741444339392E-003 -1.982156387905786E-017
 -1.183064785866388E-002  1.321437591937191E-018
 -1.171504344746506E-002  1.453581351130910E-017
 -2.685574531509085E-003  1.585725110324629E-017
  1.152044536925304E-002  7.928625551623144E-018
  2.502050641365105E-002 -7.928625551623144E-018
  3.223483343532292E-002 -2.246443906293224E-017
  3.020417205780073E-002 -3.303593979842977E-017
  1.981055442178405E-002 -3.700025257424134E-017
  5.394986637154522E-003 -2.907162702261819E-017
 -7.062393086433198E-003 -1.321437591937191E-017
 -1.243424684443054E-002  2.642875183874381E-018
 -8.567832189883393E-003  1.321437591937191E-017
  2.844778807162645E-003  1.321437591937191E-017
  1.700109677898072E-002  3.964312775811572E-018
  2.800815130533130E-002 -9.250063143560335E-018
  3.133563912546548E-002 -2.246443906293224E-017
  2.567758814646297E-002 -3.039306461455538E-017
  1.345501699509119E-002 -2.907162702261819E-017
 -2.332639206670469E-004 -1.982156387905786E-017
 -9.756237284275776E-003 -5.285750367748762E-018
 -1.128697414038640E-002  6.607187959685953E-018
 -4.357290017575249E-003  1.321437591937191E-017
  8.002283471524350E-003  1.189293832743472E-017
  2.057258457922685E-002  2.642875183874381E-018
  2.813859806575440E-002 -8.589344347591739E-018
  2.764103989276056E-002 -1.783940749115207E-017
  1.939677046685944E-002 -1.982156387905786E-017
  6.901083327553935E-003 -1.717868869518348E-017
 -4.677747242151604E-003 -1.057150073549752E-017
 -1.066196136540405E-002 -2.642875183874381E-018
 -8.777805159278647E-003  3.964312775811572E-018
 -3.476433639449087E-005  7.928625551623144E-018
  1.176787049017558E-002  7.928625551623144E-018
  2.167021679120871E-002  5.285750367748762E-018
  2.561686993202448E-002 -1.321437591937191E-018
  2.209617137835766E-002 -6.607187959685953E-018
  1.269063095381707E-002 -1.057150073549752E-017
  1.342426937735995E-003 -9.250063143560335E-018
 -7.327435453360178E-003 -4.625031571780168E-018
 -9.928308071235464E-003  6.607187959685953E-019
 -5.647290995280952E-003  6.607187959685953E-018
  3.499877925692451E-003  1.057150073549752E-017
  1.358190596089722E-002  1.057150073549752E-017
  2.041688267095472E-002  6.607187959685953E-018
  2.128287538102813E-002  0.000000000000000E+000
  1.597394652878825E-002 -4.625031571780168E-018
  6.794185454328460E-003 -6.607187959685953E-018
 -2.468733776825385E-003 -5.285750367748762E-018
 -8.134003990295215E-003 -6.607187959685953E-019
 -8.113438288827636E-003  4.625031571780168E-018
 -2.693098289554156E-003  7.928625551623144E-018
  5.677689654972702E-003  1.057150073549752E-017
  1.346301248522426E-002  1.057150073549752E-017
  1.750998108624830E-002  7.267906755654548E-018
  1.630010409998322E-002  2.642875183874381E-018
  1.048718449197575E-002 -1.321437591937191E-018
  2.537753946071445E-003 -2.642875183874381E-018
 -4.339085021051151E-003 -9.910781939528930E-019
 -7.508357996060194E-003  2.973234581858679E-018
 -5.932364315322789E-003  6.607187959685953E-018
 -5.055773640856990E-004  9.250063143560335E-018
  6.396982737862864E-003  1.189293832743472E-017
  1.193637997244784E-002  1.123221953146612E-017
  1.395652753163847E-002  8.589344347591739E-018
  1.179879593309260E-002  5.285750367748762E-018
  6.480679604876763E-003  1.321437591937191E-018
  2.046064692457981E-004 -1.321437591937191E-018
 -4.570237361913250E-003 -1.982156387905786E-018
 -6.102309731651093E-003  6.607187959685953E-019
 -4.004029652842618E-003  4.625031571780168E-018
  6.871282177668971E-004  8.589344347591739E-018
  5.994314239817816E-003  1.123221953146612E-017
  9.819343843126044E-003  1.156257892945042E-017
  1.075535418256077E-002  9.580422541544632E-018
  8.582111098015995E-003  5.616109765733060E-018
  4.276205190064237E-003  1.321437591937191E-018
 -4.339802460414304E-004 -2.312515785890084E-018
 -3.767778246452354E-003 -3.633953377827274E-018
 -4.564407460187197E-003 -1.982156387905786E-018
 -2.677859145901582E-003  2.312515785890084E-018
  1.032471271000416E-003  6.607187959685953E-018
  5.082450328186065E-003  1.024114133751323E-017
  7.948065913532349E-003  1.205811802642686E-017
  8.626004599038044E-003  1.073668043448967E-017
  6.968399853276392E-003  5.616109765733060E-018
  3.687288984775845E-003 -6.607187959685953E-019
  5.016446388687737E-005 -5.616109765733060E-018
 -2.604521449215035E-003 -7.102727056662400E-018
 -3.349566432737380E-003 -4.129492474803721E-018
 -1.980362452959307E-003  2.477695484882232E-018
  9.430961683326324E-004  9.580422541544632E-018
  4.323922318309600E-003  1.387509471534050E-017
  6.934649507866082E-003  1.304919622037976E-017
  7.855308592912766E-003  8.424164648599590E-018
  6.791928744675926E-003  9.910781939528930E-019
  4.169383990146483E-003 -6.607187959685953E-018
  9.710059282370661E-004 -1.090186013348182E-017
 -1.616732479091515E-003 -1.057150073549752E-017
 -2.630331787186141E-003 -5.120570668756614E-018
 -1.677433256403343E-003  2.477695484882232E-018
  9.165117469808017E-004  9.250063143560335E-018
  4.218616348972269E-003  1.255365712340331E-017
  7.022063143820643E-003  1.024114133751323E-017
  8.287771576419915E-003  4.129492474803721E-018
  7.535659481574859E-003 -3.964312775811572E-018
  5.038781846927303E-003 -1.057150073549752E-017
  1.740258448108200E-003 -1.255365712340331E-017
 -1.086731507595455E-003 -9.910781939528930E-018
 -2.317060193139468E-003 -3.799133076819423E-018
 -1.412156679860568E-003  3.799133076819423E-018
  1.352452295204221E-003  9.910781939528930E-018
  4.968343603512489E-003  1.156257892945042E-017
  8.065627481721361E-003  7.598266153638846E-018
  9.440547640021175E-003 -3.303593979842976E-019
  8.536696290516182E-003 -8.589344347591739E-018
  5.686287126330977E-003 -1.453581351130910E-017
  2.005328990071392E-003 -1.519653230727769E-017
 -1.028762548243075E-003 -9.910781939528930E-018
 -2.158988713302764E-003 -1.982156387905786E-018
 -8.607193735959705E-004  5.285750367748762E-018
  2.426209139254433E-003  9.250063143560335E-018
  6.449106288894445E-003  7.928625551623144E-018
  9.628561879616887E-003  1.651796989921488E-018
  1.069119206924611E-002 -7.598266153638846E-018
  9.194674679908647E-003 -1.453581351130910E-017
  5.726951604396624E-003 -1.783940749115207E-017
  1.688999608431360E-003 -1.453581351130910E-017
 -1.260410221139668E-003 -6.937547357670251E-018
 -1.877956156054615E-003  1.982156387905786E-018
  1.473870859279277E-004  7.598266153638846E-018
  4.050309340824948E-003  8.258984949607442E-018
  8.285065769819820E-003  3.633953377827274E-018
  1.114776300071758E-002 -3.633953377827274E-018
  1.147398423839558E-002 -1.090186013348182E-017
  9.124748701192681E-003 -1.519653230727769E-017
  5.056525503610926E-003 -1.453581351130910E-017
  9.402303681590466E-004 -9.910781939528930E-018
 -1.519242597383815E-003 -2.973234581858679E-018
 -1.284996061634542E-003  3.964312775811572E-018
  1.578810092436162E-003  7.928625551623144E-018
  5.924926658335690E-003  7.267906755654548E-018
  9.988708667527654E-003  2.642875183874381E-018
  1.211223517757856E-002 -3.964312775811572E-018
  1.142864651320152E-002 -9.910781939528930E-018
  8.222871126887521E-003 -1.321437591937191E-017
  3.817598309301969E-003 -1.255365712340331E-017
  2.978967582415738E-005 -7.928625551623144E-018
 -1.578402407030200E-003 -1.321437591937191E-018
 -3.443472641537427E-004  4.294672173795869E-018
  3.222007813297781E-003  7.267906755654548E-018
  7.650013799233233E-003  5.285750367748762E-018
  1.111709177941077E-002  6.607187959685953E-019
  1.220165876061489E-002 -5.285750367748762E-018
  1.046803407457336E-002 -9.250063143560335E-018
  6.641652809213513E-003 -1.057150073549752E-017
  2.303703562857746E-003 -8.589344347591739E-018
 -7.660551073222119E-004 -3.303593979842977E-018
 -1.324313255072678E-003  1.982156387905786E-018
  8.275480700203640E-004  5.616109765733060E-018
  4.770527831446519E-003  5.946469163717358E-018
  8.856960453809225E-003  2.312515785890084E-018
  1.139639018159654E-002 -2.973234581858679E-018
  1.135200255103994E-002 -7.928625551623144E-018
  8.759799754882207E-003 -1.057150073549752E-017
  4.700594150508114E-003 -9.910781939528930E-018
  8.418614806225759E-004 -5.946469163717358E-018
 -1.255880030857031E-003  0.000000000000000E+000
 -7.787982909885459E-004  5.285750367748762E-018
  2.017399057248652E-003  7.928625551623144E-018
  5.929668945741531E-003  6.607187959685953E-018
  9.317356961371513E-003  2.642875183874381E-018
  1.078299134882072E-002 -2.312515785890084E-018
  9.740927890531607E-003 -5.285750367748762E-018
  6.642004175345604E-003 -6.276828561701656E-018
  2.768463309531068E-003 -3.964312775811572E-018
 -3.079760944828406E-004  0.000000000000000E+000
 -1.375331788384412E-003  4.294672173795869E-018
 -6.906616406084772E-005  7.928625551623144E-018
  2.998162933760368E-003  7.928625551623144E-018
  6.509627052340768E-003  5.946469163717358E-018
  8.999006579027058E-003  1.982156387905786E-018
  9.452269865317038E-003 -1.982156387905786E-018
  7.709492744223303E-003 -4.625031571780168E-018
  4.507579884222023E-003 -3.964312775811572E-018
  1.156130735765691E-003 -6.607187959685953E-019
 -1.011031620365290E-003  3.964312775811572E-018
 -1.178527312870639E-003  7.598266153638846E-018
  6.347291724971068E-004  9.580422541544632E-018
  3.608277938574526E-003  8.589344347591739E-018
  6.477343008706219E-003  6.276828561701656E-018
  8.059016161402826E-003  3.633953377827274E-018
  7.728194739194833E-003  1.651796989921488E-018
  5.651851241408995E-003  1.651796989921488E-018
  2.694950297847859E-003  2.312515785890084E-018
  4.760898132041258E-005  3.964312775811572E-018
 -1.265713461689933E-003  5.450930066740911E-018
 -7.923945535850851E-004  7.267906755654548E-018
  1.187515900015224E-003  7.928625551623144E-018
  3.801203321856749E-003  7.928625551623144E-018
  5.955635353235460E-003  7.267906755654548E-018
  6.783690945938096E-003  6.442008260693804E-018
  5.981803060576143E-003  5.285750367748762E-018
  3.908331589586159E-003  4.625031571780168E-018
  1.413505535931527E-003  4.129492474803721E-018
 -5.194470096233697E-004  4.129492474803721E-018
 -1.170470174968353E-003  4.625031571780168E-018
 -3.567305201042747E-004  5.616109765733060E-018
  1.518739130856741E-003  6.607187959685953E-018
  3.652516122438607E-003  7.598266153638846E-018
  5.175770807925164E-003  7.598266153638846E-018
  5.499152232498072E-003  7.267906755654548E-018
  4.531140294536711E-003  6.607187959685953E-018
  2.690353389160477E-003  5.946469163717358E-018
  7.175058680079641E-004  5.120570668756614E-018
 -6.290075585113139E-004  4.212082324299795E-018
 -8.689607497209452E-004  3.551363528331200E-018
  2.712425389750756E-005  3.468773678835125E-018
  1.648998675985585E-003  4.294672173795869E-018
  3.327023019083809E-003  5.285750367748762E-018
  4.402914405018844E-003  6.194238712205581E-018
  4.481771334334489E-003  5.863879314221283E-018
  3.569848450785445E-003  5.120570668756614E-018
  2.051911220026831E-003  3.964312775811572E-018
  5.258635979167097E-004  2.642875183874381E-018
 -4.345789538236347E-004  1.982156387905786E-018
 -4.954862794529318E-004  2.560285334378307E-018
  3.232773514196727E-004  3.964312775811572E-018
  1.672642830001109E-003  5.450930066740911E-018
  3.020661141792711E-003  6.607187959685953E-018
  3.859539345887471E-003  7.185316906158474E-018
  3.893517499031562E-003  6.689777809182028E-018
  3.139344349647837E-003  5.120570668756614E-018
  1.906905343871055E-003  2.973234581858679E-018
  6.729622883620802E-004  9.910781939528930E-019
 -1.009555761740198E-004  0.000000000000000E+000
 -1.378410879619717E-004  3.303593979842976E-019
  5.591502847911394E-004  2.229925936394009E-018
  1.716455806587011E-003  4.625031571780168E-018
  2.898014083067193E-003  6.689777809182028E-018
  3.669289934235248E-003  7.350496605150623E-018
  3.756705441348431E-003  6.442008260693804E-018
  3.145081698159357E-003  4.129492474803721E-018
  2.079139179605316E-003  1.156257892945042E-018
  9.700206802372901E-004 -1.321437591937191E-018
  2.418277738873199E-004 -2.642875183874381E-018
  1.744365198810787E-004 -1.899566538409711E-018
  7.999914444980854E-004  2.477695484882233E-019
  1.891048798303279E-003  2.973234581858679E-018
  3.045105812063199E-003  5.244455443000725E-018
  3.834936667918038E-003  5.905174238969321E-018
  3.969478348328341E-003  4.707621421276242E-018
  3.405208079262114E-003  1.982156387905786E-018
  2.365328384906771E-003 -1.651796989921488E-018
  1.257848384724668E-003 -4.459851872788018E-018
  5.217182113665315E-004 -4.955390969764465E-018
  4.583155955200832E-004 -2.973234581858679E-018
  1.112722808833404E-003  6.607187959685953E-019
  2.251830947439392E-003  4.377262023291944E-018
  3.450134291456950E-003  6.400713335945767E-018
  4.252456013578330E-003  5.739994539977172E-018
  4.351841734385339E-003  2.973234581858679E-018
  3.713078218410182E-003 -6.607187959685953E-019
  2.591715050645163E-003 -3.964312775811572E-018
  1.438411824710250E-003 -5.450930066740911E-018
  7.237389273125081E-004 -4.294672173795869E-018
  7.512845570583916E-004 -1.156257892945042E-018
  1.533471261189284E-003  2.890644732362605E-018
  2.781321266030430E-003  6.359418411197730E-018
  4.014904007871083E-003  7.639561078386883E-018
  4.752700328881820E-003  6.318123486449693E-018
  4.705200781444898E-003  2.642875183874381E-018
  3.894580954221651E-003 -1.651796989921488E-018
  2.650519048858737E-003 -4.955390969764465E-018
  1.481472936485162E-003 -5.781289464725209E-018
  8.714098014923491E-004 -3.881722926315498E-018
  1.083353231722454E-003 -1.651796989921488E-019
  2.049857295310862E-003  3.964312775811572E-018
  3.396425000628592E-003  6.607187959685953E-018
  4.590285879366563E-003  6.607187959685953E-018
  5.155505689269255E-003  4.294672173795869E-018
  4.867346790516491E-003  4.955390969764465E-019
  3.846101528912516E-003 -3.303593979842977E-018
  2.510847366509033E-003 -5.616109765733060E-018
  1.410621493137181E-003 -5.616109765733060E-018
  1.001067250530512E-003 -2.973234581858679E-018
  1.457699288235581E-003  1.321437591937191E-018
  2.602699886504558E-003  5.037980819260539E-018
  3.976075297907985E-003  6.772367658678102E-018
  5.022810885783841E-003  5.946469163717358E-018
  5.319731357653951E-003  2.973234581858679E-018
  4.749011375170584E-003 -8.258984949607441E-019
  3.546836316156809E-003 -3.799133076819423E-018
  2.206885174292500E-003 -4.790211270772316E-018
  1.278064849966612E-003 -3.303593979842977E-018
  1.139572226207130E-003 -2.477695484882233E-019
  1.845788769008247E-003  3.138414280850828E-018
  3.104752790206534E-003  5.285750367748762E-018
  4.398867078835851E-003  5.285750367748762E-018
  5.197873779637446E-003  3.055824431354753E-018
  5.176222470694707E-003  0.000000000000000E+000
  4.345419566646696E-003 -2.147336086897935E-018
  3.047323759549218E-003 -2.477695484882232E-018
  1.811889587640444E-003 -1.321437591937191E-018
  1.138675078152947E-003  1.321437591937191E-018
  1.292453722316391E-003  4.212082324299795E-018
  2.196827265205102E-003  6.276828561701656E-018
  3.468736479708174E-003  6.607187959685953E-018
  4.578408938667034E-003  5.450930066740911E-018
  5.067812925108132E-003  3.055824431354753E-018
  4.737294523030241E-003  7.433086454646697E-019
  3.724138732156988E-003 -4.955390969764465E-019
  2.442111784425068E-003 -1.651796989921488E-019
  1.408559115038562E-003  1.816976688913637E-018
  1.031484417670057E-003  4.294672173795869E-018
  1.444471763062426E-003  6.607187959685953E-018
  2.456393958046334E-003  7.598266153638846E-018
  3.634721798561460E-003  7.102727056662400E-018
  4.486142616530920E-003  5.616109765733060E-018
  4.658902358315684E-003  3.138414280850828E-018
  4.083699744223896E-003  1.238847742441116E-018
  2.996643759767329E-003  9.910781939528930E-019
  1.837141962526735E-003  1.982156387905786E-018
  1.064911020601624E-003  4.046902625307647E-018
  9.724846224008363E-004  6.359418411197730E-018
  1.569828541202613E-003  7.763445852630995E-018
  2.586546259162484E-003  7.928625551623144E-018
  3.588122245968105E-003  6.772367658678102E-018
  4.156197323299560E-003  4.459851872788018E-018
  4.057952892648533E-003  1.816976688913637E-018
  3.335963304189365E-003  4.129492474803721E-019
  2.284003524516536E-003  9.910781939528930E-019
  1.321609360376448E-003  3.097119356102791E-018
  8.210173945599567E-004  5.905174238969321E-018
  9.579876133391226E-004  8.341574799103516E-018
  1.646298090280394E-003  9.250063143560335E-018
  2.580027843400263E-003  8.258984949607442E-018
  3.363339784643448E-003  5.616109765733060E-018
  3.672657851570022E-003  2.642875183874381E-018
  3.384740087796687E-003  5.781289464725209E-019
  2.620050595644039E-003  6.607187959685953E-019
  1.686682023292129E-003  2.560285334378307E-018
  9.506863559588397E-004  5.203160518252688E-018
  6.874454674691595E-004  7.350496605150623E-018
  9.744466866890743E-004  8.258984949607442E-018
  1.667042387995362E-003  7.598266153638846E-018
  2.463946812215851E-003  5.450930066740911E-018
  3.032986135396222E-003  2.642875183874381E-018
  3.144594800715223E-003  7.433086454646697E-019
  2.759466157398451E-003  2.890644732362605E-019
  2.037170055757551E-003  1.816976688913637E-018
  1.265390700404205E-003  4.583736647032130E-018
  7.410633679512656E-004  7.639561078386883E-018
  6.525262771388858E-004  9.621717466292670E-018
  1.009345781947489E-003  9.663012391040707E-018
  1.645597631015106E-003  7.846035702127069E-018
  2.292216505707512E-003  5.203160518252688E-018
  2.686946711465337E-003  2.849349807614567E-018
  2.677006665778544E-003  1.651796989921488E-018
  2.274467137478800E-003  1.982156387905786E-018
  1.644727836718245E-003  3.468773678835125E-018
  1.035585796147646E-003  5.450930066740911E-018
  6.772564516225032E-004  7.267906755654548E-018
  6.936031583595347E-004  8.135100175363330E-018
  1.058556179497599E-003  7.763445852630995E-018
  1.612537728738666E-003  6.276828561701656E-018
  2.129768418278396E-003  4.501146797536055E-018
  2.408129889381984E-003  3.179709205598865E-018
  2.345953058532159E-003  2.849349807614567E-018
  1.976860767215705E-003  3.675248302575312E-018
  1.451264666489192E-003  5.120570668756614E-018
  9.740405958206802E-004  6.442008260693804E-018
  7.241283580606192E-004  7.226611830906511E-018
  7.874216637245307E-004  7.061432131914362E-018
  1.127784005881882E-003  5.905174238969321E-018
  1.605463796223337E-003  4.377262023291944E-018
  2.033912811762999E-003  3.344888904591014E-018
  2.252010521619555E-003  3.303593979842977E-018
  2.183956074859895E-003  4.046902625307647E-018
  1.864895127062593E-003  5.120570668756614E-018
  1.424026891005269E-003  6.029059013213432E-018
  1.033065750049033E-003  6.359418411197730E-018
  8.404722830197648E-004  5.987764088465395E-018
  9.163876505842825E-004  4.831506195520353E-018
  1.228391284737899E-003  3.262299055094939E-018
  1.656179245438792E-003  1.920214000783730E-018
  2.038667837534939E-003  1.218200280067098E-018
  2.235251113991170E-003  1.342085054311209E-018
  2.178169376016847E-003  2.023451312653823E-018
  1.896720767866879E-003  2.973234581858679E-018
  1.504799836341847E-003  3.716543227323348E-018
  1.156932616864466E-003  3.964312775811572E-018
  9.895712390349618E-004  3.757838152071386E-018
  1.069709694646306E-003  3.179709205598865E-018
  1.370000910134500E-003  2.518990409630270E-018
  1.779588821852220E-003  2.229925936394009E-018
  2.146496215477751E-003  2.869997269988586E-018
  2.335567692484370E-003  4.170787399551758E-018
  2.280064289359837E-003  5.616109765733060E-018
  2.007294018882645E-003  6.442008260693804E-018
  1.628371791183624E-003  6.359418411197730E-018
  1.295771125433520E-003  5.368340217244837E-018
  1.144677517063084E-003  4.129492474803721E-018
  1.240557454788965E-003  3.221004130346902E-018
  1.553256827621013E-003  2.911292194736623E-018
  1.967975519106987E-003  3.422316888493584E-018
  2.329315385436122E-003  4.563089184658111E-018
  2.501664200745836E-003  6.070353937961470E-018
  2.422524752214679E-003  7.020137207166325E-018
  2.127772127952617E-003  6.772367658678102E-018
  1.738499857314319E-003  5.450930066740911E-018
  1.414081870804236E-003  3.633953377827274E-018
  1.289513762311954E-003  2.023451312653823E-018
  1.421638596455947E-003  1.527912215677377E-018
  1.765750350007658E-003  2.415753097760177E-018
  2.192328021345149E-003  4.335967098543907E-018
  2.537792561555936E-003  6.421360798319786E-018
  2.669468419251554E-003  7.350496605150623E-018
  2.538925636541095E-003  6.772367658678102E-018
  2.202150481876177E-003  5.037980819260539E-018
  1.798018841591471E-003  2.890644732362605E-018
  1.493226324109177E-003  1.238847742441116E-018
  1.415475793499256E-003  1.073668043448967E-018
  1.601752062444748E-003  2.518990409630270E-018
  1.982741781211134E-003  4.810858733146335E-018
  2.410062034431289E-003  6.854957508174177E-018
  2.715674715054309E-003  7.556971228890809E-018
  2.779687750871260E-003  6.442008260693804E-018
  2.579105749561400E-003  4.129492474803721E-018
  2.197593435511291E-003  1.486617290929339E-018
  1.792018082719506E-003 -5.781289464725209E-019
  1.529108942239144E-003 -1.321437591937191E-018
  1.517842134361437E-003 -4.129492474803721E-019
  1.765058986697313E-003  1.899566538409711E-018
  2.172493414749894E-003  4.480499335162037E-018
  2.576563314517131E-003  6.359418411197730E-018
  2.814820226810122E-003  6.772367658678102E-018
  2.792007935694719E-003  5.450930066740911E-018
  2.518774164983383E-003  3.055824431354753E-018
  2.107214258113424E-003  4.955390969764465E-019
  1.725064690200604E-003 -1.032373118700930E-018
  1.527280071194170E-003 -1.032373118700930E-018
  1.592972680351222E-003  5.781289464725209E-019
  1.893466636586477E-003  2.890644732362605E-018
  2.304436044496029E-003  5.079275744008576E-018
  2.657018594952207E-003  6.256181099327637E-018
  2.806858490971194E-003  5.884526776595302E-018
  2.692777081932556E-003  4.294672173795869E-018
  2.361148536551688E-003  2.064746237401861E-018
  1.946225822857136E-003  8.258984949607441E-020
  1.614752981644258E-003 -9.910781939528930E-019
  1.497761304944675E-003 -8.258984949607441E-019
  1.637521512537113E-003  5.781289464725209E-019
  1.971193989166051E-003  2.766759958118493E-018
  2.357513355227681E-003  4.790211270772316E-018
  2.635177995610983E-003  5.822584389473246E-018
  2.688762243308156E-003  5.822584389473246E-018
  2.495154772780182E-003  4.625031571780168E-018
  2.131799271353799E-003  2.973234581858679E-018
  1.743854507138178E-003  1.321437591937191E-018
  1.484214816908860E-003  4.129492474803721E-019
  1.451230794890947E-003  7.846035702127070E-019
  1.649557657912982E-003  2.312515785890084E-018
  1.989740463626011E-003  4.583736647032130E-018
  2.326095447893290E-003  6.607187959685953E-018
  2.516830960517373E-003  7.577618691264828E-018
  2.481551479406209E-003  7.144021981410437E-018
  2.232787425050035E-003  5.079275744008576E-018
  1.869197879140247E-003  2.601580259126344E-018
  1.533932908851217E-003  7.846035702127070E-019
  1.355756759226015E-003  6.194238712205581E-019
  1.397195461740342E-003  2.106041162149897E-018
  1.630616064292776E-003  4.335967098543907E-018
  1.951348786380116E-003  6.318123486449693E-018
  2.221717896336341E-003  6.978842282418288E-018
  2.327438037624884E-003  6.070353937961470E-018
  2.223245260603710E-003  4.191434861925776E-018
  1.949546414558077E-003  2.560285334378307E-018
  1.614057250872315E-003  1.940861463157749E-018
  1.346725928402197E-003  2.395105635386158E-018
  1.246834339542593E-003  3.757838152071386E-018
  1.343835796367191E-003  5.285750367748762E-018
  1.587358648440225E-003  6.318123486449693E-018
  1.869607863228335E-003  6.400713335945767E-018
  2.070238789258874E-003  5.327045292496800E-018
  2.105006730806898E-003  3.406831291713070E-018
  1.958524424066003E-003  1.610502065173451E-018
  1.688441273146664E-003  9.084883444568185E-019
  1.400230610112414E-003  1.218200280067098E-018
  1.203596783955341E-003  2.642875183874381E-018
  1.168536023847718E-003  4.583736647032130E-018
  1.298640675907730E-003  5.863879314221283E-018
  1.531756527420174E-003  6.111648862709507E-018
  1.766829720833649E-003  5.285750367748762E-018
  1.905361972021937E-003  3.716543227323348E-018
  1.890467539979389E-003  2.209278474019991E-018
  1.728078446988838E-003  1.218200280067098E-018
  1.482497504346571E-003  1.218200280067098E-018
  1.248972322900027E-003  1.982156387905786E-018
  1.114982082639812E-003  2.911292194736623E-018
  1.125965693632228E-003  3.840428001567461E-018
  1.268870381116839E-003  4.129492474803721E-018
  1.479350311994425E-003  3.386183829339051E-018
  1.668892406592070E-003  1.899566538409711E-018
  1.760444611508361E-003  2.064746237401860E-019
  1.718228739633250E-003 -1.156257892945042E-018
  1.560270705624904E-003 -1.218200280067098E-018
  1.349411159655391E-003  4.129492474803720E-020
  1.167146867927716E-003  2.064746237401861E-018
  1.081179959875176E-003  4.067550087681665E-018
  1.119561217355787E-003  5.130894399943623E-018
  1.261222046844744E-003  4.914096045016428E-018
  1.445926028310558E-003  3.675248302575312E-018
  1.599022087711589E-003  2.033775043840833E-018
  1.660846651154402E-003  8.155747637737348E-019
  1.609243203920020E-003  4.335967098543907E-019
  1.466788736736339E-003  1.011725656326912E-018
  1.290536406383961E-003  2.209278474019991E-018
  1.148879665199884E-003  3.613305915453255E-018
  1.094890967180095E-003  4.656002765341195E-018
  1.146467436617345E-003  5.068952012821567E-018
  1.280618812003231E-003  4.594060378219139E-018
  1.443568975703904E-003  3.417155022900079E-018
  1.572269828528375E-003  2.095717430962888E-018
  1.618756665564593E-003  1.218200280067098E-018
  1.568001937516043E-003  1.094315505822986E-018
  1.442705017058345E-003  1.816976688913637E-018
  1.293608529136780E-003  2.890644732362605E-018
  1.179437650689950E-003  3.840428001567461E-018
  1.144344887120553E-003  4.459851872788018E-018
  1.201453103181838E-003  4.841829926707362E-018
  1.328558138948850E-003  4.754078211617783E-018
  1.477321297516704E-003  4.098521281242693E-018
  1.592176234545929E-003  3.241651592720921E-018
  1.631605525253677E-003  2.642875183874381E-018
  1.583701577794504E-003  2.395105635386158E-018
  1.470228892745209E-003  2.684170108622418E-018
  1.337832827432949E-003  3.138414280850828E-018
  1.239906106690956E-003  3.675248302575312E-018
  1.216104796971591E-003  4.129492474803721E-018
  1.277315815277125E-003  4.274024711421851E-018
  1.401741414752122E-003  4.015931431746619E-018
  1.543507357852415E-003  3.520392334770172E-018
  1.650434776450516E-003  2.993882044232698E-018
  1.684140779086961E-003  2.622227721500363E-018
  1.634762205308260E-003  2.395105635386158E-018
  1.524662158556169E-003  2.188631011645972E-018
  1.399701213735001E-003  2.023451312653823E-018
  1.311431934913740E-003  2.188631011645972E-018
  1.297081267574632E-003  2.663522646248400E-018
  1.365065713171552E-003  3.148738012037837E-018
  1.491678779775996E-003  3.272622786281949E-018
  1.630285272064074E-003  3.066148162541763E-018
  1.729498814492354E-003  2.849349807614567E-018
  1.753290074740437E-003  2.663522646248400E-018
  1.695164611069914E-003  2.560285334378307E-018
  1.580810065729480E-003  2.353810710638121E-018
  1.458094517787206E-003  2.106041162149897E-018
  1.378267639924470E-003  1.899566538409711E-018
  1.375721448245157E-003  1.589854602799433E-018
  1.454303723239868E-003  1.228524011254107E-018
  1.585654770963162E-003  1.094315505822986E-018
  1.720316729217135E-003  1.331761323124200E-018
  1.807293433324120E-003  1.982156387905786E-018
  1.814334592396813E-003  2.849349807614567E-018
  1.740861066598666E-003  3.344888904591014E-018
  1.618318686990302E-003  3.221004130346902E-018
  1.497734668920067E-003  2.395105635386158E-018
  1.429376424755591E-003  1.197552817693079E-018
  1.442618818060470E-003  3.303593979842976E-019
  1.534101609740356E-003  2.580932796752326E-019
  1.668980878298669E-003  9.704307315788744E-019
  1.794837762949967E-003  2.023451312653823E-018
  1.862704036100420E-003  2.849349807614567E-018
  1.846761923906613E-003  2.973234581858679E-018
  1.754767622212509E-003  2.395105635386158E-018
  1.624959860930859E-003  1.486617290929339E-018
  1.510663300092873E-003  5.781289464725209E-019
  1.458781082000806E-003  8.258984949607441E-020
  1.490864610870200E-003  1.651796989921488E-019
  1.594425919937357E-003  8.258984949607441E-019
  1.728019691192099E-003  1.853109748068170E-018
  1.838040573394271E-003  2.673846377435409E-018
  1.880424658331248E-003  2.766759958118493E-018
  1.838450971293899E-003  2.167983549271954E-018
  1.729426183113529E-003  1.197552817693079E-018
  1.597560047880975E-003  1.032373118700930E-019
  1.495956681616340E-003 -5.781289464725209E-019
  1.465066330105171E-003 -7.020137207166325E-019
  1.516362032181020E-003 -3.097119356102791E-019
  1.627851212397848E-003  3.974636506998581E-019
  1.753191165769615E-003  1.244009608034621E-018
  1.840633509550279E-003  1.708577511450039E-018
  1.854041565649787E-003  1.641473258734479E-018
  1.787424879359580E-003  1.176905355319061E-018
  1.667127515637161E-003  4.955390969764465E-019
  1.540872664429083E-003 -4.129492474803720E-020
  1.458222360088467E-003 -4.542441722284092E-019
  1.450468984406990E-003 -6.607187959685953E-019
  1.518137284494128E-003 -5.368340217244837E-019
  1.631102632915844E-003 -2.374458173012139E-019
  1.741147680890774E-003 -1.135610430571023E-019
  1.801719931407493E-003 -2.374458173012139E-019
  1.786780497928140E-003 -4.852153657894372E-019
  1.701097869928496E-003 -6.607187959685953E-019
  1.577912969012933E-003 -6.607187959685953E-019
  1.465088991511196E-003 -4.955390969764465E-019
  1.405526161056706E-003 -1.445322366181302E-019
  1.419872186377986E-003  1.858271613661674E-019
  1.498510184684533E-003  4.748916346024279E-019
  1.605932164191284E-003  5.058628281634558E-019
  1.695528037525487E-003  2.684170108622418E-019
  1.728623874020781E-003 -9.291358068308371E-020
  1.689982083436212E-003 -2.890644732362605E-019
  1.593546348662229E-003 -1.858271613661674E-019
  1.476280966717108E-003  3.097119356102791E-019
  1.382819456571422E-003  8.878408820828000E-019
  1.347309176219734E-003  1.558883409238405E-018
  1.379849172369814E-003  2.240249667581018E-018
  1.462910488847379E-003  2.694493839809428E-018
  1.558978341099290E-003  2.673846377435409E-018
  1.626091878779431E-003  2.157659818084944E-018
  1.634838153422559E-003  1.311113860750181E-018
  1.579913414821050E-003  6.607187959685953E-019
  1.481715153699022E-003  2.167983549271953E-019
  1.377555957424919E-003  3.303593979842976E-019
  1.306283790333531E-003  1.001401925139902E-018
  1.292657008579989E-003  1.930537731970740E-018
  1.337762489756008E-003  2.818378614053539E-018
  1.419173679242910E-003  3.406831291713070E-018
  1.500533676231205E-003  3.633953377827274E-018
  1.546470877696908E-003  3.386183829339051E-018
  1.536725055580254E-003  2.735788764557465E-018
  1.473847079845003E-003  2.240249667581018E-018
  1.381568700461452E-003  2.178307280458963E-018
  1.294757007226114E-003  2.477695484882232E-018
  1.245207811156888E-003  2.797731151679521E-018
  1.249069675324399E-003  2.900968463549614E-018
  1.300865853482947E-003  2.890644732362605E-018
  1.376298752133352E-003  2.787407420492511E-018
  1.442454670751858E-003  2.833864210834053E-018
  1.471124115427365E-003  3.200356667972884E-018
  1.449849881257208E-003  3.768161883258395E-018
  1.386390440737940E-003  4.201758593112786E-018
  1.305038616383331E-003  4.315319636169888E-018
  1.236514385255602E-003  4.335967098543907E-018
  1.205637109970506E-003  4.335967098543907E-018
  1.221719430703094E-003  4.454690007194514E-018
  1.275383217550065E-003  4.656002765341195E-018
  1.342839178508373E-003  5.022495222480025E-018
  1.395696380368557E-003  5.321883426903295E-018
  1.412259803794452E-003  5.528358050643481E-018
  1.385830300412214E-003  5.585138572172032E-018
  1.326854181063434E-003  5.265102905374744E-018
  1.258289733415534E-003  4.934743507390446E-018
  1.206233668175771E-003  4.645679034154186E-018
  1.189629914400906E-003  4.511470528723065E-018
  1.213105969812429E-003  4.568251050251616E-018
  1.265620799449499E-003  4.898610448235914E-018
  1.325253148394214E-003  5.361887885252956E-018
  1.368062696453653E-003  5.858717448627779E-018
  1.377449365679312E-003  6.091001400335488E-018
  1.350367706668966E-003  5.915497970156330E-018
  1.298095500862875E-003  5.471577529114930E-018
  1.241437667883027E-003  5.161865593504651E-018
  1.202396701983051E-003  5.296074098935772E-018
  1.195633829441326E-003  5.905174238969321E-018
  1.223016018425956E-003  6.751720196304084E-018
  1.273251687143008E-003  7.546647497703800E-018
  1.326601629459127E-003  7.928625551623144E-018
  1.362706737059074E-003  7.753122121443986E-018
  1.368440043844370E-003  7.319525411589595E-018
  1.342772583928672E-003  6.937547357670251E-018
  1.296870145725470E-003  6.731072733930065E-018
  1.249508875474721E-003  6.772367658678102E-018
  1.219682097123843E-003  7.226611830906511E-018
  1.219294237703011E-003  7.918301820436135E-018
  1.248733467894762E-003  8.403517186225572E-018
  1.296951886430889E-003  8.217690024859404E-018
  1.345927677701137E-003  7.495028841768753E-018
  1.377715916862619E-003  6.803338852239130E-018
  1.381343131557131E-003  6.400713335945767E-018
  1.356910941161344E-003  6.380065873571749E-018
  1.315384107525441E-003  6.627835422059972E-018
  1.274209975671287E-003  7.082079594288381E-018
  1.250506636183365E-003  7.680856003134921E-018
  1.254463671593145E-003  8.217690024859404E-018
  1.285486285597624E-003  8.537725691656693E-018
  1.332535367609573E-003  8.589344347591739E-018
  1.378492715651658E-003  8.413840917412581E-018
  1.406836055658890E-003  8.031862863493237E-018
  1.408032415644942E-003  7.536323766516790E-018
  1.383182651360321E-003  6.937547357670251E-018
  1.343522781372007E-003  6.462655723067823E-018
  1.305994341297366E-003  6.256181099327637E-018
  1.286616745721343E-003  6.586540497311935E-018
  1.294242932746710E-003  7.247259293280530E-018
  1.327127064897032E-003  7.907978089249125E-018
  1.373637459115043E-003  8.434488379786600E-018
  1.416832496408607E-003  8.785495240144916E-018
  1.441109010706940E-003  8.981646132698093E-018
  1.438320056414412E-003  9.043588519820149E-018
  1.410962474407444E-003  8.981646132698093E-018
  1.371179487211074E-003  8.775171508957907E-018
  1.335965436550064E-003  8.589344347591739E-018
  1.320456100742121E-003  8.341574799103516E-018
  1.331948634004972E-003  8.238337487233423E-018
  1.367015470172021E-003  8.372545992664544E-018
  1.412860602272415E-003  8.517078229282674E-018
  1.452390027829661E-003  8.579020616404730E-018
  1.470992899408197E-003  8.568696885217721E-018
  1.462343385453158E-003  8.444812110973609E-018
  1.430913541179816E-003  8.238337487233423E-018
  1.390189665423555E-003  7.969920476371181E-018
  1.357294627328621E-003  7.701503465508939E-018
  1.346155617352273E-003  7.453733917020716E-018
  1.361944303710405E-003  7.515676304142772E-018
  1.399014602968376E-003  7.639561078386883E-018
  1.443167937564480E-003  7.773769583818004E-018
  1.477342891736251E-003  7.825388239753051E-018
  1.488450508113602E-003  7.670532271947911E-018
  1.472612854707021E-003  7.371144067524641E-018
  1.436700857399586E-003  6.978842282418288E-018
  1.395554010109583E-003  6.751720196304084E-018
  1.366002275262941E-003  6.689777809182028E-018
  1.360098579647505E-003  6.751720196304084E-018
  1.380287785080901E-003  6.648482884433991E-018
  1.418455253986943E-003  6.472979454254832E-018
  1.459230672109410E-003  6.194238712205581E-018
  1.486204472974708E-003  5.925821701343339E-018
  1.488540578649739E-003  5.801936927099228E-018
  1.465315165134687E-003  5.905174238969321E-018
  1.425838006649962E-003  6.380065873571749E-018
  1.385843204761004E-003  6.916899895296232E-018
  1.361107257121801E-003  7.319525411589595E-018
  1.361086594082617E-003  7.587942422451837E-018
  1.385146444155495E-003  7.716989062289453E-018
  1.422890414712707E-003  7.536323766516790E-018
  1.458431244884658E-003  7.025299072759830E-018
  1.476848258461127E-003  6.431684529506795E-018
  1.470203263077704E-003  6.008411550839414E-018
  1.440684497174034E-003  6.256181099327637E-018
  1.399630369990086E-003  7.040784669540344E-018
  1.362864106714835E-003  7.825388239753051E-018
  1.344261149817939E-003  8.320927336729497E-018
  1.350169366059619E-003  8.455135842160618E-018
  1.376931121191077E-003  8.302860807152231E-018
  1.412476703941699E-003  7.887330626875107E-018
  1.441298981268733E-003  7.205964368532493E-018
  1.450757402862769E-003  6.503950647815860E-018
  1.436145197720777E-003  6.121972593896516E-018
  1.402485872289994E-003  6.400713335945767E-018
  1.362375291878288E-003  7.133698250223428E-018
  1.330795472382962E-003  7.907978089249125E-018
  1.319039115065558E-003  8.517078229282674E-018
  1.330213266134544E-003  8.659029533104052E-018
  1.358115246539009E-003  8.318346403932745E-018
  1.389882767541790E-003  7.662789473557654E-018
  1.411287799392561E-003  6.963356685637774E-018
  1.412493475846437E-003  6.684615943588523E-018
  1.391942681850463E-003  6.968518551231279E-018
  1.356841798698394E-003  7.825388239753051E-018
  1.320105154761581E-003  8.661610465900804E-018
  1.295056803840256E-003  9.007455460665616E-018
  1.290066940509249E-003  8.413840917412581E-018
  1.305284940638578E-003  7.205964368532493E-018
  1.332743360397874E-003  5.949050096514110E-018
  1.359723273446937E-003  5.084437609602081E-018
  1.373960033867095E-003  5.027657088073530E-018
  1.368557546778494E-003  5.631595362513574E-018
  1.344642226717988E-003  6.700101540369037E-018
  1.310739986644600E-003  7.453733917020716E-018
  1.279199421096751E-003  7.453733917020716E-018
  1.261163437163971E-003  6.885928701735204E-018
  1.262139299580208E-003  5.985183155668643E-018
  1.279928336521701E-003  4.983781230528740E-018
  1.305687947872155E-003  4.280477043413732E-018
  1.327624572055706E-003  4.230148853877061E-018
  1.335775405755747E-003  4.769563808398297E-018
  1.325940254995096E-003  5.461253797927921E-018
  1.301214738022950E-003  6.276828561701656E-018
  1.270574950675247E-003  6.823986314613149E-018
  1.245155402538146E-003  6.968518551231279E-018
  1.233764847249605E-003  6.555569303750907E-018
  1.239446144681849E-003  5.729670808790163E-018
  1.258420498634738E-003  4.785049405178811E-018
  1.281770102659512E-003  4.111425945226455E-018
  1.299114541493095E-003  4.057226356494655E-018
  1.302765760393284E-003  4.408233216852972E-018
  1.290700434574665E-003  4.996685894512502E-018
  1.267206057233525E-003  5.430282604366893E-018
  1.241012249539966E-003  5.616109765733060E-018
  1.221719494763963E-003  5.419958873179883E-018
  1.215986132916457E-003  5.063790147228062E-018
  1.224985719921416E-003  4.846991792300867E-018
  1.244099653026809E-003  4.676650227715214E-018
  1.264899514816613E-003  4.599222243812644E-018
  1.278570496016769E-003  4.635355302967176E-018
  1.279386751746338E-003  4.614707840593158E-018
  1.266872195109365E-003  4.243053517860823E-018
  1.245838535984840E-003  3.551363528331200E-018
  1.224349616107623E-003  2.570609065565316E-018
  1.210471561515656E-003  1.909890269596721E-018
  1.209116468767151E-003  1.971832656718777E-018
  1.220210210997652E-003  2.916454060330128E-018
  1.238860071757495E-003  4.279186577015355E-018
  1.257397404408034E-003  5.481901260301939E-018
  1.268444088901659E-003  6.132296325083525E-018
  1.267779168162234E-003  6.111648862709507E-018
  1.255896677552820E-003  5.409635141992874E-018
  1.237687040476313E-003  4.284348442608861E-018
  1.220419056135541E-003  3.437802485274098E-018
  1.210852888481662E-003  3.303593979842977E-018
  1.212626973557440E-003  3.995283969372600E-018
  1.224923359797092E-003  5.110246937569604E-018
  1.242893834449728E-003  6.287152292888665E-018
  1.259635927006383E-003  7.040784669540344E-018
  1.268915341191916E-003  6.958194820044269E-018
  1.267564478758918E-003  6.121972593896516E-018
  1.256638873542873E-003  5.130894399943623E-018
  1.240914696137205E-003  4.470175603975028E-018
  1.226959423212636E-003  4.501146797536055E-018
  1.220551680552701E-003  5.099923206382596E-018
  1.224459304626830E-003  5.956792894904367E-018
  1.237424946660598E-003  6.689777809182028E-018
  1.254726212617049E-003  7.247259293280530E-018
  1.270064152255419E-003  7.340172873963614E-018
  1.278027423537834E-003  6.679454077995018E-018
  1.276171541829009E-003  5.739994539977172E-018
  1.265917359658637E-003  4.976038432138483E-018
  1.251940652586664E-003  4.645679034154186E-018
  1.240311125552254E-003  4.955390969764465E-018
  1.236117546102748E-003  5.616109765733060E-018
  1.241503976148378E-003  6.555569303750907E-018
  1.254871700905504E-003  7.381467798711651E-018
  1.271542252414620E-003  7.866683164501088E-018
  1.285608764318618E-003  7.928625551623144E-018
  1.292245715865476E-003  7.474381379394735E-018
  1.289576245617317E-003  6.720749002743056E-018
  1.279375345052904E-003  6.049706475587451E-018
  1.266344680466655E-003  5.760642002351190E-018
  1.256251763591433E-003  6.132296325083525E-018
  1.253666271238785E-003  7.009813475979316E-018
  1.260179188760127E-003  7.856359433314079E-018
  1.273797752512044E-003  8.372545992664544E-018
  1.289746948871439E-003  8.289956143168469E-018
  1.302357442314778E-003  7.773769583818004E-018
  1.307295520036399E-003  7.154345712597446E-018
  1.303258728436317E-003  6.823986314613149E-018
  1.292472791467733E-003  7.102727056662400E-018
  1.279797922553535E-003  8.052510325867255E-018
  1.270800180015245E-003  9.384271648991456E-018
  1.269550705977414E-003  1.036502611175734E-017
  1.277022016530601E-003  1.062311939143257E-017
  1.290713745771182E-003  1.022049387513921E-017
  1.305653534534177E-003  9.281034337121363E-018
  1.316374310640178E-003  8.331251067916507E-018
  1.319082601879463E-003  7.918301820436135E-018
  1.313157305059732E-003  8.289956143168469E-018
  1.301384820648321E-003  9.053912251007158E-018
  1.288839199084529E-003  9.962400595463977E-018
  1.280855167809999E-003  1.068506177855463E-017
  1.280902820871443E-003  1.095347878941687E-017
  1.289211198617553E-003  1.059214819787154E-017
  1.302688287451614E-003  1.003466671377304E-017
  1.316166615234853E-003  9.621717466292670E-018
  1.324473810145717E-003  9.497832692048558E-018
  1.324498333879912E-003  9.652688659853697E-018
  1.316424014424046E-003  9.983048057837995E-018
  1.303641584991451E-003  1.049923461718846E-017
  1.291376786814097E-003  1.106703983247397E-017
  1.284589195933019E-003  1.131480938096219E-017
  1.285987012426377E-003  1.132513311214920E-017
  1.294953864986305E-003  1.127351445621416E-017
  1.307814604162427E-003  1.102574490772593E-017
  1.319327321816294E-003  1.083991774635977E-017
  1.324796245741419E-003  1.083991774635977E-017
  1.321953075216620E-003  1.127351445621416E-017
  1.311851561439904E-003  1.196520444574378E-017
  1.298421230794194E-003  1.250203846746826E-017
  1.286868049602722E-003  1.262592324171238E-017
  1.281573203933634E-003  1.244009608034621E-017
  1.284339330330189E-003  1.192390952099574E-017
  1.293687870485935E-003  1.117027714434406E-017
  1.305482551019967E-003  1.039599730531837E-017
  1.314617253170640E-003  1.003466671377304E-017
  1.317079346523083E-003  1.010693283208211E-017
  1.311553792513265E-003  1.059214819787154E-017
  1.299925775376959E-003  1.105671610128696E-017
  1.286489782345222E-003  1.129416191858818E-017
  1.276196750335168E-003  1.111865848840902E-017
  1.272655725601743E-003  1.066441431618061E-017
  1.276698148755494E-003  1.015855148801715E-017
  1.286077203567699E-003  9.673336122227716E-018
  1.296410322392439E-003  9.497832692048558E-018
  1.302970134894884E-003  9.559775079170614E-018
  1.302591597284862E-003  9.848839552406874E-018
  1.294925270918794E-003  1.041664476769239E-017
  1.282540346924423E-003  1.092250759585584E-017
  1.269851504201437E-003  1.104639237009995E-017
  1.261318325168147E-003  1.044761596125341E-017
  1.259652942114452E-003  9.229415681186316E-018
  1.264757562656920E-003  8.016377266712723E-018
  1.273808557684292E-003  7.422762723459688E-018
  1.282435392269384E-003  7.644722943980388E-018
  1.286502458518096E-003  8.331251067916507E-018
  1.283767053104895E-003  9.167473294064260E-018
  1.274748715504634E-003  9.663012391040707E-018
  1.262473918231416E-003  9.373947917804446E-018
  1.251218499584023E-003  8.310603605542488E-018
  1.244771180358920E-003  6.772367658678102E-018
  1.244924492948825E-003  5.311559695716286E-018
  1.250794827390741E-003  4.640517168560682E-018
  1.259228670656886E-003  5.110246937569604E-018
  1.266110860707419E-003  6.514274379002870E-018
  1.268032229019725E-003  8.135100175363330E-018
  1.263640806489783E-003  9.301681799495381E-018
  1.254141664466009E-003  9.518480154422577E-018
  1.242763038516539E-003  8.754524046583888E-018
  1.233424498656672E-003  7.298877949215576E-018
  1.229157360283973E-003  5.657404690481097E-018
  1.230914502255898E-003  4.475337469568532E-018
  1.237236616347589E-003  4.454690007194514E-018
  1.244888797207717E-003  5.471577529114930E-018
  1.250190990262557E-003  6.798176986645625E-018
  1.250495232984211E-003  7.773769583818004E-018
  1.245217109922760E-003  7.938949282810153E-018
  1.236020996814833E-003  7.174993174971465E-018
  1.226105789076799E-003  5.987764088465395E-018
  1.218897440960367E-003  4.976038432138483E-018
  1.216683073220146E-003  4.439204410414000E-018
  1.219731067381276E-003  4.614707840593158E-018
  1.226234409437222E-003  5.425120738773388E-018
  1.233078796811015E-003  6.503950647815860E-018
  1.237109619446520E-003  7.174993174971465E-018
  1.236382667608571E-003  7.082079594288381E-018
  1.230903581490764E-003  6.266504830514646E-018
  1.222576795131009E-003  5.316721561309790E-018
  1.214405065966496E-003  4.635355302967176E-018
  1.209275864281801E-003  4.583736647032130E-018
  1.208824919146705E-003  5.223807980626707E-018
  1.212823295742933E-003  6.225209905766609E-018
  1.219315585276773E-003  7.051108400727353E-018
  1.225434495350928E-003  7.144021981410437E-018
  1.228552872312214E-003  6.442008260693804E-018
  1.227310860545174E-003  5.213484249439697E-018
  1.222117851996294E-003  4.088197550055683E-018
  1.214946301804961E-003  3.489421141209144E-018
  1.208517462793212E-003  3.675248302575312E-018
  1.205214737575906E-003  4.470175603975028E-018
  1.206157755921565E-003  5.564491109798014E-018
  1.210795409234004E-003  6.524598110189879E-018
  1.217163245205682E-003  6.947871088857260E-018
  1.222687005167597E-003  6.627835422059972E-018
  1.225204021049881E-003  5.698699615229135E-018
  1.223798025131919E-003  4.614707840593158E-018
  1.219126487488418E-003  3.850751732754469E-018
  1.213125820616832E-003  3.788809345632414E-018
  1.208225037578310E-003  4.129492474803721E-018
  1.206386351684033E-003  4.521794259910075E-018
  1.208350393596099E-003  4.697297690089232E-018
  1.213374721616904E-003  4.377262023291944E-018
  1.219555561676021E-003  3.757838152071386E-018
  1.224594095544242E-003  3.128090549663818E-018
  1.226699393344523E-003  2.777083689305502E-018
  1.225274241749249E-003  2.900968463549614E-018
  1.221122349814308E-003  3.334565173404005E-018
  1.216106758582596E-003  3.850751732754469E-018
  1.212403489385385E-003  4.263700980234841E-018
  1.211648276186658E-003  4.459851872788018E-018
  1.214309568386921E-003  4.253377249047833E-018
  1.219526737102231E-003  3.768161883258395E-018
  1.225467621101792E-003  3.324241442216995E-018
  1.230057343519662E-003  3.148738012037837E-018
  1.231789116172552E-003  3.541039797144191E-018
  1.230300939876722E-003  4.274024711421851E-018
  1.226498064758872E-003  5.296074098935772E-018
  1.222180681946027E-003  6.380065873571749E-018
  1.219328842522202E-003  7.340172873963614E-018
  1.219327413745243E-003  7.969920476371181E-018
  1.222433264615960E-003  8.031862863493237E-018
  1.227688819695981E-003  7.587942422451837E-018
  1.233310092059455E-003  6.875604970548195E-018
  1.237392449358255E-003  6.266504830514646E-018
  1.238655473652286E-003  6.070353937961470E-018
  1.236936003280167E-003  6.390389604758758E-018
  1.233239497924984E-003  6.916899895296232E-018
  1.229333931764990E-003  7.412438992272679E-018
  1.227049138129286E-003  7.846035702127069E-018
  1.227558240517937E-003  8.042186594680246E-018
  1.230922627534216E-003  7.784093315005014E-018
  1.236076695073314E-003  7.144021981410437E-018
  1.241255076985832E-003  6.617511690872963E-018
  1.244691570445724E-003  6.452331991880814E-018
  1.245313390904492E-003  6.854957508174177E-018
  1.243157840373264E-003  7.505352572955762E-018
  1.239349124641151E-003  8.166071368924358E-018
  1.235647012626072E-003  8.455135842160618E-018
  1.233747637987999E-003  8.320927336729497E-018
  1.234613619751000E-003  7.753122121443986E-018
  1.238097852541067E-003  7.092403325475390E-018
  1.243008160972029E-003  6.607187959685953E-018
  1.247585087267617E-003  6.648482884433991E-018
  1.250201708216193E-003  7.350496605150623E-018
  1.250007202662380E-003  8.351898530290525E-018
  1.247259280888426E-003  9.157149562877251E-018
  1.243215014932317E-003  9.446214036113511E-018
  1.239625449477898E-003  9.115854638129214E-018
  1.238036638135696E-003  8.455135842160618E-018
  1.239175935275370E-003  7.608589884825855E-018
  1.242667342260229E-003  6.916899895296232E-018
  1.247187682924221E-003  6.596864228498944E-018
  1.250999247584392E-003  6.947871088857260E-018
  1.252644691834584E-003  7.887330626875107E-018
  1.251526167044916E-003  8.991969863885102E-018
  1.248138135893008E-003  9.921105670715939E-018
  1.243862756721404E-003  1.036502611175734E-017
  1.240412013902573E-003  1.018952268157818E-017
  1.239141625361382E-003  9.611393735105660E-018
  1.240511883377313E-003  8.878408820828000E-018
  1.243910258205496E-003  8.372545992664544E-018
  1.247904480383400E-003  8.444812110973609E-018
  1.250821925965109E-003  9.012617326259121E-018
  1.251420980427547E-003  9.673336122227716E-018
  1.249384689382219E-003  1.004499044496005E-017
  1.245440106731503E-003  1.003466671377304E-017
  1.241058322184316E-003  9.353300455430428E-018
  1.237858784508301E-003  8.269308680794451E-018
  1.236959317691444E-003  7.371144067524641E-018
  1.238533125964958E-003  7.071755863101372E-018
  1.241748791458681E-003  7.371144067524641E-018
  1.245113893253887E-003  8.217690024859404E-018
  1.247080504853740E-003  9.342976724243418E-018
  1.246666881618146E-003  1.035470238057033E-017
  1.243845482259645E-003  1.070570924092865E-017
  1.239543866047151E-003  1.016887521920416E-017
  1.235262211341716E-003  9.105530906942204E-018
  1.232465305415320E-003  8.021539132306228E-018
  1.231995818613173E-003  7.350496605150623E-018
  1.233744343145109E-003  7.195640637345483E-018
  1.236705700709102E-003  7.742798390256976E-018
  1.239394156706085E-003  8.424164648599590E-018
  1.240446202220626E-003  8.919703745576037E-018
  1.239166317541712E-003  9.157149562877251E-018
  1.235797237694390E-003  8.960998670324074E-018
  1.231409914954857E-003  8.506754498095665E-018
  1.227462682595437E-003  8.197042562485386E-018
  1.225211381919215E-003  8.114452712989311E-018
  1.225209481971475E-003  8.145423906550339E-018
  1.227097524040354E-003  8.393193455038562E-018
  1.229761970450944E-003  8.723552853022860E-018
  1.231793921725633E-003  8.816466433705944E-018
  1.232058851218853E-003  8.651286734713795E-018
  1.230146998527715E-003  8.434488379786600E-018
  1.226525782191457E-003  8.228013756046414E-018
  1.222338188331866E-003  8.093805250615293E-018
  1.218934082598369E-003  8.031862863493237E-018
  1.217326972442260E-003  8.124776444176321E-018
  1.217795178855301E-003  8.289956143168469E-018
  1.219784492511413E-003  8.589344347591739E-018
  1.222145670667110E-003  8.723552853022860E-018
  1.223605389458090E-003  8.620315541152767E-018
  1.223277753608856E-003  8.155747637737349E-018
  1.221011016649047E-003  7.618913616012865E-018
  1.217434181237061E-003  7.051108400727353E-018
  1.213690901933085E-003  6.617511690872963E-018
  1.210973360350809E-003  6.483303185441842E-018
  1.210046351171321E-003  6.617511690872963E-018
  1.210951703751822E-003  6.700101540369037E-018
  1.213007105510436E-003  6.307799755262684E-018
  1.215093459664434E-003  5.616109765733060E-018
  1.216109981642830E-003  5.089599475195586E-018
  1.215412074198004E-003  4.955390969764465E-018
  1.213058047553968E-003  5.254779174187735E-018
  1.209770817693186E-003  5.925821701343339E-018
  1.206636290508495E-003  6.720749002743056E-018
  1.204664351632123E-003  7.340172873963614E-018
  1.204390034169640E-003  7.618913616012865E-018
  1.205672270301446E-003  7.319525411589595E-018
  1.207765433692220E-003  6.472979454254832E-018
  1.209628839780563E-003  5.399311410805865E-018
  1.210345865550844E-003  4.480499335162037E-018
  1.209484048446365E-003  3.933341582250544E-018
  1.207255042018533E-003  4.036578894120637E-018
  1.204416001193655E-003  4.635355302967176E-018
  1.201957684604390E-003  5.471577529114930E-018
  1.200707728093100E-003  6.173591249831563E-018
  1.201007830597553E-003  6.514274379002870E-018
  1.202590429575140E-003  6.142620056270535E-018
  1.204698589508672E-003  5.254779174187735E-018
  1.206395850472477E-003  4.191434861925776E-018
  1.206939298230938E-003  3.417155022900079E-018
  1.206067433064692E-003  3.221004130346902E-018
  1.204091685050985E-003  3.551363528331200E-018
  1.201760427317726E-003  4.170787399551758E-018
  1.199954509618239E-003  4.759240077211289E-018
  1.199338004772421E-003  4.903772313829418E-018
  1.200102337199757E-003  4.439204410414000E-018
  1.201901896521223E-003  3.788809345632414E-018
  1.204001758261848E-003  3.200356667972884E-018
  1.205574544947235E-003  2.818378614053539E-018
  1.206026619448072E-003  2.735788764557465E-018
  1.205225236684875E-003  2.952587119484660E-018
  1.203540099685080E-003  3.303593979842977E-018
  1.201687367093127E-003  3.541039797144191E-018
  1.200441612637323E-003  3.664924571388302E-018
  1.200331270897557E-003  3.499744872396154E-018
  1.201436891391697E-003  3.293270248655967E-018
  1.203368707155261E-003  3.293270248655967E-018
  1.205428383385646E-003  3.623629646640265E-018
  1.206887900139336E-003  4.129492474803721E-018
  1.207274319269976E-003  4.501146797536055E-018
  1.206549252325230E-003  4.583736647032130E-018
  1.205115177460392E-003  4.294672173795869E-018
  1.203649573858620E-003  3.840428001567461E-018
  1.202834874434408E-003  3.685572033762320E-018
  1.203091480246543E-003  3.933341582250544E-018
  1.204417850496686E-003  4.325643367356897E-018
  1.206398065784196E-003  4.449528141601009E-018
  1.208370965786550E-003  4.139816205990730E-018
  1.209692150993939E-003  3.582334721892227E-018
  1.209985144574689E-003  3.179709205598865E-018
  1.209283946939351E-003  2.993882044232698E-018
  1.208013092466304E-003  3.086795624915781E-018
  1.206815473755812E-003  3.375860098152042E-018
  1.206297381167292E-003  3.633953377827274E-018
  1.206791475883619E-003  3.654600840201293E-018
  1.208230009167891E-003  3.458449947648116E-018
  1.210176334981045E-003  3.499744872396154E-018
  1.212000344130183E-003  3.840428001567461E-018
  1.213127419267878E-003  4.480499335162037E-018
  1.213262632434000E-003  5.285750367748762E-018
  1.212502728982335E-003  5.998087819652404E-018
  1.211293315915132E-003  6.132296325083525E-018
  1.210249719239187E-003  5.719347077603153E-018
  1.209913177338530E-003  5.048304550447549E-018
  1.210538664869178E-003  4.521794259910075E-018
  1.211997314769378E-003  4.511470528723065E-018
  1.213830670964673E-003  4.976038432138483E-018
  1.215434053177310E-003  5.791613195912218E-018
  1.216295775974084E-003  6.565893034937916E-018
  1.216197607481942E-003  6.958194820044269E-018
  1.215297862190395E-003  6.823986314613149E-018
  1.214065346934571E-003  6.349094680010721E-018
  1.213091390093352E-003  5.626433496920069E-018
  1.212855061582053E-003  4.976038432138483E-018
  1.213534629160544E-003  4.428880679226990E-018
  1.214939392679355E-003  4.046902625307647E-018
  1.216587964667047E-003  3.799133076819423E-018
  1.217900980409790E-003  3.809456808006433E-018
  1.218431148695285E-003  4.015931431746619E-018
  1.218039266343982E-003  4.191434861925776E-018
  1.216946815782233E-003  4.222406055486804E-018
  1.215645140752663E-003  4.222406055486804E-018
  1.214698225337546E-003  4.346290829730916E-018
  1.214518107809873E-003  4.625031571780168E-018
  1.215202332298121E-003  5.151541862317642E-018
  1.216497615517722E-003  5.750318271164181E-018
  1.217903299438590E-003  6.204562443392590E-018
  1.218872448463437E-003  6.565893034937916E-018
  1.219029847722227E-003  6.875604970548195E-018
  1.218319959621682E-003  6.927223626483242E-018
  1.217026393754693E-003  6.534921841376888E-018
  1.215656076657563E-003  5.905174238969321E-018
  1.214735329591696E-003  5.471577529114930E-018
  1.214599884993129E-003  5.616109765733060E-018
  1.215262697700268E-003  6.091001400335488E-018
  1.216411712062204E-003  6.658806615621000E-018
  1.217537422600397E-003  7.040784669540344E-018
  1.218138185903421E-003  6.937547357670251E-018
  1.217920567057060E-003  6.390389604758758E-018
  1.216914666608646E-003  5.481901260301939E-018
  1.215459062617517E-003  4.449528141601009E-018
  1.214062575202697E-003  3.809456808006433E-018
  1.213199307424525E-003  4.005607700559609E-018
  1.213119620573355E-003  4.810858733146335E-018
  1.213752549157520E-003  5.863879314221283E-018
  1.214737808672599E-003  6.658806615621000E-018
  1.215573252276338E-003  6.710425271556046E-018
  1.215817512863771E-003  5.894850507782311E-018
  1.215266074535145E-003  4.583736647032130E-018
  1.214030536781694E-003  3.344888904591014E-018
  1.212490407440197E-003  2.570609065565316E-018
  1.211138206633999E-003  2.952587119484660E-018
  1.210381200091984E-003  4.304995904982879E-018
  1.210379725397191E-003  6.018735282026423E-018
  1.210986439631686E-003  7.267906755654548E-018
  1.211809557669124E-003  7.422762723459688E-018
  1.212373143320323E-003  6.235533636953618E-018
  1.212308949512535E-003  4.274024711421851E-018
  1.211502519807993E-003  2.591256527939335E-018
  1.210135645189013E-003  2.023451312653823E-018
  1.208609619874363E-003  2.808054882866530E-018
  1.207381741971308E-003  4.408233216852972E-018
  1.206781810398859E-003  5.874203045408293E-018
  1.206882405127164E-003  6.793015121052121E-018
  1.207474079279054E-003  6.731072733930065E-018
  1.208153776043987E-003  5.760642002351190E-018
  1.208489297017570E-003  4.418556948039982E-018
  1.208192779202397E-003  2.942263388297651E-018
  1.207233615310429E-003  1.868595344848684E-018
  1.205846642241060E-003  1.548559678051395E-018
  1.204434083810029E-003  1.909890269596721E-018
  1.203402276137699E-003  2.632551452687372E-018
  1.202999584336705E-003  3.458449947648116E-018
  1.203220272571869E-003  4.077873818868675E-018
  1.203811558788367E-003  4.088197550055683E-018
  1.204379162220548E-003  3.582334721892227E-018
  1.204547379456197E-003  2.859673538801577E-018
  1.204108764419771E-003  2.333163248264102E-018
  1.203103871707722E-003  2.147336086897935E-018
  1.201800588028058E-003  2.322839517077093E-018
  1.200583242131430E-003  2.611903990313353E-018
  1.199797473877210E-003  2.787407420492511E-018
  1.199613565885333E-003  2.890644732362605E-018
  1.199962313338553E-003  2.839026076427558E-018
  1.200567497973325E-003  2.746112495744474E-018
  1.201060058173376E-003  2.570609065565316E-018
  1.201126834069991E-003  2.508666678443260E-018
  1.200634002765761E-003  2.570609065565316E-018
  1.199676663180015E-003  2.694493839809428E-018
  1.198536436483077E-003  2.663522646248400E-018
  1.197565896505290E-003  2.601580259126344E-018
  1.197047296886264E-003  2.518990409630270E-018
  1.197082219558199E-003  2.508666678443260E-018
  1.197555240620076E-003  2.560285334378307E-018
  1.198184387965498E-003  2.611903990313353E-018
  1.198636470324087E-003  2.756436226931484E-018
  1.198660149479470E-003  3.014529506606716E-018
  1.198183673170046E-003  3.572010990705219E-018
  1.197339388150406E-003  3.933341582250544E-018
  1.196406989873941E-003  3.809456808006433E-018
  1.195699783190655E-003  3.128090549663818E-018
  1.195440189702056E-003  2.033775043840833E-018
  1.195673913575132E-003  1.135610430571023E-018
  1.196255768505485E-003  9.704307315788744E-019
  1.196911125116279E-003  1.486617290929339E-018
  1.197347023138855E-003  2.549961603191298E-018
  1.197368020217017E-003  3.871399195128488E-018
  1.196951027795412E-003  5.089599475195586E-018
  1.196250596516030E-003  5.750318271164181E-018
  1.195534147807696E-003  5.616109765733060E-018
  1.195074217092422E-003  4.821182464333344E-018
  1.195041052343449E-003  3.664924571388302E-018
  1.195437777057301E-003  2.746112495744474E-018
  1.196102642676322E-003  2.529314140817279E-018
  1.196775996985431E-003  3.148738012037837E-018
  1.197204250610125E-003  4.449528141601009E-018
  1.197239231725207E-003  5.832908120660256E-018
  1.196894053867026E-003  6.586540497311935E-018
  1.196334525635453E-003  6.380065873571749E-018
  1.195810846192387E-003  5.327045292496800E-018
  1.195557617110491E-003  3.819780539193441E-018
  1.195702006675027E-003  2.632551452687372E-018
  1.196215868044756E-003  2.209278474019991E-018
  1.196929663594880E-003  2.611903990313353E-018
  1.197601499062769E-003  3.675248302575312E-018
  1.198013151843064E-003  5.027657088073530E-018
  1.198054985043957E-003  6.194238712205581E-018
  1.197766736335522E-003  6.431684529506795E-018
  1.197319061163446E-003  5.461253797927921E-018
  1.196944156605921E-003  3.695895764949330E-018
  1.196843538313754E-003  1.961508925531767E-018
  1.197109456660927E-003  1.094315505822986E-018
  1.197690450708968E-003  1.434998634994293E-018
  1.198413750371632E-003  2.808054882866530E-018
  1.199054798983323E-003  4.501146797536055E-018
  1.199425914702158E-003  5.678052152855116E-018
  1.199449089379063E-003  5.915497970156330E-018
  1.199184689443610E-003  5.265102905374744E-018
  1.198805511277747E-003  3.974636506998581E-018
  1.198527177687002E-003  2.436400560134195E-018
  1.198522776802358E-003  1.321437591937191E-018
  1.198855403653789E-003  1.053020581074949E-018
  1.199454779214305E-003  1.868595344848684E-018
  1.200146502071568E-003  3.479097410022134E-018
  1.200721758649665E-003  5.048304550447549E-018
  1.201019625813694E-003  5.822584389473246E-018
  1.200989519496065E-003  5.564491109798014E-018
  1.200709530536497E-003  4.346290829730916E-018
  1.200353986211964E-003  2.611903990313353E-018
  1.200123580573398E-003  1.331761323124200E-018
  1.200165960717334E-003  1.042696849887939E-018
  1.200518094588830E-003  1.672444452295507E-018
  1.201092845621550E-003  2.993882044232698E-018
  1.201714559795284E-003  4.439204410414000E-018
  1.202189139030804E-003  5.285750367748762E-018
  1.202380646624289E-003  5.192836787065679E-018
  1.202264192878079E-003  4.263700980234841E-018
  1.201934486614631E-003  2.704817570996437E-018
  1.201567111254300E-003  1.125286699384014E-018
  1.201348259929185E-003  3.406831291713070E-019
  1.201400970222392E-003  7.020137207166325E-019
  1.201737031656126E-003  1.982156387905786E-018
  1.202253339566396E-003  3.613305915453255E-018
  1.202773735728317E-003  4.914096045016428E-018
  1.203119375251146E-003  5.244455443000725E-018
  1.203179513102976E-003  4.284348442608861E-018
  1.202954672675028E-003  2.570609065565316E-018
  1.202555333091515E-003  8.362222261477535E-019
  1.202157042407378E-003 -1.755034301791581E-019
  1.201930136627722E-003 -2.890644732362605E-019
  1.201972170757469E-003  5.161865593504651E-019
  1.202269860773722E-003  1.971832656718777E-018
  1.202705394945067E-003  3.386183829339051E-018
  1.203104221177064E-003  4.098521281242693E-018
  1.203304954012533E-003  3.716543227323348E-018
  1.203223409640756E-003  2.219602205207000E-018
  1.202885348347779E-003  1.445322366181302E-019
  1.202415173743832E-003 -1.538235946864386E-018
  1.201985483540044E-003 -2.106041162149897E-018
  1.201747917653364E-003 -1.548559678051395E-018
  1.201773022616580E-003 -3.097119356102791E-020
  1.202023011479947E-003  1.734386839417563E-018
  1.202367967186747E-003  2.983558313045688E-018
  1.202638613518967E-003  3.107443087289800E-018
  1.202694252090691E-003  1.940861463157749E-018
  1.202478613196033E-003  2.477695484882233E-019
  1.202041454427951E-003 -1.218200280067098E-018
  1.201517633954044E-003 -1.713739377043544E-018
  1.201072451486602E-003 -8.878408820828000E-019
  1.200835436061321E-003  7.949273013997163E-019
  1.200849147159871E-003  2.498342947256251E-018
  1.201053276896419E-003  3.768161883258395E-018
  1.201310014170959E-003  4.057226356494655E-018
  1.201460071965435E-003  3.344888904591014E-018
  1.201386637420184E-003  1.971832656718777E-018
  1.201061594186691E-003  7.742798390256977E-019
  1.200555752375778E-003  3.716543227323349E-019
  1.200009431322337E-003  8.052510325867255E-019
  1.199575641844271E-003  1.765358032978590E-018
  1.199358924713170E-003  2.673846377435409E-018
  1.199374351992466E-003  3.066148162541763E-018
  1.199542820863046E-003  2.880321001175595E-018
  1.199724042775710E-003  2.322839517077093E-018
  1.199773533184150E-003  1.693091914669526E-018
  1.199600490357220E-003  9.807544627658836E-019
  1.199203412171211E-003  3.303593979842976E-019
  1.198669526597781E-003  1.238847742441116E-019
  1.198138782123399E-003  5.574814840985023E-019
  1.197747307371899E-003  1.486617290929339E-018
  1.197573240989199E-003  2.508666678443260E-018
  1.197606543770200E-003  3.138414280850828E-018
  1.197754489099644E-003  2.880321001175595E-018
  1.197880084747529E-003  1.806652957726628E-018
  1.197857559040055E-003  2.993882044232697E-019
  1.197622476704634E-003 -9.188120756438279E-019
  1.197196557365846E-003 -1.156257892945042E-018
  1.196677702389163E-003 -3.510068603583163E-019
  1.196199790429374E-003  1.083991774635977E-018
  1.195878798208401E-003  2.632551452687372E-018
  1.195766980196775E-003  3.520392334770172E-018
  1.195833247745495E-003  3.282946517468958E-018
  1.195977114333421E-003  2.023451312653823E-018
  1.196070050455526E-003  4.645679034154186E-019
  1.196007269319796E-003 -7.020137207166325E-019
  1.195749114157212E-003 -1.259495204815135E-018
  1.195335747041203E-003 -1.063344312261958E-018
  1.194869783244194E-003 -1.858271613661674E-019
  1.194474387192342E-003  1.022049387513921E-018
  1.194243976520198E-003  1.806652957726628E-018
  1.194207294133469E-003  1.868595344848684E-018
  1.194317301441357E-003  1.135610430571023E-018
  1.194471390345965E-003 -1.032373118700930E-020
  1.194553282736027E-003 -8.568696885217721E-019
  1.194479535167653E-003 -1.290466398376163E-018
  1.194232079830497E-003 -1.073668043448967E-018
  1.193864157808145E-003 -1.342085054311209E-019
  1.193477827071326E-003  1.156257892945042E-018
  1.193182550582053E-003  2.147336086897935E-018
  1.193051681631553E-003  2.488019216069242E-018
  1.193094147064518E-003  2.167983549271954E-018
  1.193252239450139E-003  1.083991774635977E-018
  1.193425849845857E-003 -2.993882044232697E-019
  1.193512989247293E-003 -1.342085054311209E-018
  1.193450211489603E-003 -1.414351172620274E-018
  1.193236939521696E-003 -5.678052152855116E-019
  1.192934410001656E-003  6.710425271556046E-019
  1.192640191070996E-003  1.806652957726628E-018
  1.192448866042711E-003  2.209278474019991E-018
  1.192414714664903E-003  1.703415645856535E-018
  1.192531091915286E-003  5.368340217244837E-019
  1.192734291953030E-003 -9.188120756438279E-019
  1.192929850769988E-003 -1.837624151287656E-018
  1.193030431550795E-003 -1.693091914669526E-018
  1.192990103378628E-003 -5.471577529114930E-019
  1.192821574420562E-003  1.022049387513921E-018
  1.192589948618603E-003  2.353810710638121E-018
  1.192385962035900E-003  2.797731151679521E-018
  1.192289672409051E-003  1.982156387905786E-018
  1.192339098643374E-003  2.890644732362605E-019
  1.192516050026982E-003 -1.383379979059246E-018
  1.192754363246765E-003 -2.126688624523916E-018
  1.192966843605746E-003 -1.517588484490367E-018
  1.193079931906265E-003  8.258984949607441E-020
  1.193062311445310E-003  1.899566538409711E-018
  1.192936335791265E-003  3.272622786281949E-018
  1.192768133639963E-003  3.706219496136340E-018
  1.192640703734938E-003  3.117766818476809E-018
  1.192620902762676E-003  1.672444452295507E-018
  1.192733407624400E-003  2.684170108622418E-019
  1.192951737894657E-003 -4.852153657894372E-019
  1.193209534249596E-003 -2.993882044232697E-019
  1.193427282137468E-003  6.916899895296232E-019
  1.193543705233584E-003  1.982156387905786E-018
  1.193539425891943E-003  2.952587119484660E-018
  1.193443752838985E-003  3.128090549663818E-018
  1.193322238775549E-003  2.374458173012139E-018
  1.193250231153336E-003  1.011725656326912E-018
  1.193283036270285E-003 -2.993882044232697E-019
  1.193434457511205E-003 -8.981646132698093E-019
  1.193671982802265E-003 -4.335967098543907E-019
  1.193930229689787E-003  6.710425271556046E-019
  1.194137072949723E-003  1.734386839417563E-018
  1.194241999644146E-003  2.219602205207000E-018
  1.194235532054264E-003  1.930537731970740E-018
  1.194152237923826E-003  9.807544627658836E-019
  1.194056399846793E-003 -1.858271613661674E-019
  1.194016230910359E-003 -1.032373118700930E-018
  1.194076928604306E-003 -1.063344312261958E-018
  1.194243163809659E-003 -2.374458173012139E-019
  1.194477746563055E-003  1.022049387513921E-018
  1.194716765303838E-003  2.281544592329056E-018
  1.194895024112544E-003  3.014529506606716E-018
  1.194971641575377E-003  3.024853237793725E-018
  1.194945745938759E-003  2.364134441825130E-018
  1.194856224162203E-003  1.424674903807284E-018
  1.194765828162199E-003  5.368340217244837E-019
  1.194736089247627E-003  5.161865593504651E-020
  1.194803028572031E-003  1.961508925531767E-019
  1.194963217989189E-003  1.238847742441116E-018
  1.195175558106348E-003  2.663522646248400E-018
  1.195377888137577E-003  3.974636506998581E-018
  1.195511708686816E-003  4.428880679226990E-018
  1.195545176171455E-003  3.799133076819423E-018
  1.195485317574681E-003  2.333163248264102E-018
  1.195374764717792E-003  6.297476024075674E-019
  1.195274466679853E-003 -4.955390969764465E-019
  1.195239359476909E-003 -7.536323766516790E-019
  1.195296681117552E-003 -3.097119356102791E-019
  1.195435475183199E-003  7.020137207166325E-019
  1.195611316247491E-003  1.786005495352609E-018
  1.195764229973324E-003  2.260897129955037E-018
  1.195842580631741E-003  2.075069968588870E-018
  1.195823408486401E-003  1.362732516685228E-018
  1.195721198957106E-003  5.884526776595303E-019
  1.195581726547601E-003  6.194238712205581E-020
  1.195463564007413E-003  1.032373118700930E-020
  1.195414712107562E-003  5.161865593504651E-019
  1.195453668221242E-003  1.527912215677377E-018
  1.195562400385512E-003  2.384781904199149E-018
  1.195693895708365E-003  2.797731151679521E-018
  1.195791139279975E-003  2.684170108622418E-018
  1.195809870247654E-003  2.106041162149897E-018
  1.195736035750506E-003  1.311113860750181E-018
  1.195591060003674E-003  6.710425271556046E-019
  1.195422958446177E-003  4.852153657894372E-019
  1.195286976178242E-003  8.671934197087813E-019
  1.195223560766720E-003  1.765358032978590E-018
  1.195242461474551E-003  2.766759958118493E-018
  1.195319218666663E-003  3.726866958510358E-018
  1.195405309215103E-003  4.181111130738768E-018
  1.195447761623367E-003  3.809456808006433E-018
  1.195410325992013E-003  2.962910850671670E-018
  1.195287748441892E-003  2.085393699775879E-018
  1.195107538721057E-003  1.569207140425414E-018
  1.194918666530948E-003  1.507264753303358E-018
  1.194771840110876E-003  2.106041162149897E-018
  1.194699325584708E-003  2.859673538801577E-018
  1.194702358670180E-003  3.313917711029986E-018
  1.194751079211257E-003  3.313917711029986E-018
  1.194796865300900E-003  2.880321001175595E-018
  1.194791997424926E-003  2.178307280458963E-018
  1.194708718526199E-003  1.641473258734479E-018
  1.194550093356887E-003  1.476293559742330E-018
  1.194348437431445E-003  1.796329226539619E-018
  1.194152100767891E-003  2.653198915061391E-018
  1.194006030476369E-003  3.520392334770172E-018
  1.193933950040352E-003  3.778485614445405E-018
  1.193929245247022E-003  3.499744872396154E-018
  1.193958076558236E-003  3.014529506606716E-018
  1.193973308876083E-003  2.560285334378307E-018
  1.193933549998944E-003  2.539637872004288E-018
  1.193819628501243E-003  3.200356667972884E-018
  1.193641971823212E-003  4.397909485665962E-018
  1.193436071418468E-003  5.626433496920069E-018
  1.193248018172569E-003  6.266504830514646E-018
  1.193116025992053E-003  6.070353937961470E-018
  1.193055374861803E-003  5.275426636561753E-018
  1.193052727985044E-003  4.315319636169888E-018
  1.193071945746300E-003  3.623629646640265E-018
  1.193068898773128E-003  3.396507560526060E-018
  1.193009230966575E-003  3.778485614445405E-018
  1.192881942488499E-003  4.883124851455400E-018
  1.192703444562456E-003  6.173591249831563E-018
  1.192510624940417E-003  7.061432131914362E-018
  1.192345868992592E-003  7.164669443784455E-018
  1.192240139538273E-003  6.545245572563897E-018
  1.192200889572667E-003  5.275426636561753E-018
  1.192209540593283E-003  3.861075463941479E-018
  1.192229366265304E-003  2.890644732362605E-018
  1.192220461340372E-003  2.808054882866530E-018
  1.192155712151722E-003  3.396507560526060E-018
  1.192031394215129E-003  4.439204410414000E-018
  1.191868275719022E-003  5.512872453862967E-018
  1.191702958971867E-003  6.173591249831563E-018
  1.191573081113960E-003  6.070353937961470E-018
  1.191502371453959E-003  5.141218131130632E-018
  1.191491508367268E-003  3.995283969372600E-018
  1.191518301560351E-003  3.293270248655967E-018
  1.191546952390961E-003  3.210680399159893E-018
  1.191542542436745E-003  3.788809345632414E-018
  1.191484897409203E-003  4.862477389081382E-018
  1.191376334465857E-003  5.998087819652404E-018
  1.191240335851310E-003  6.906576164109223E-018
  1.191111850638339E-003  7.278230486841558E-018
  1.191023234082904E-003  7.092403325475390E-018
  1.190991485148776E-003  6.421360798319786E-018
  1.191011815726930E-003  5.492224991488949E-018
  1.191059975105812E-003  4.563089184658111E-018
  1.191102235645146E-003  3.964312775811572E-018
  1.191108932997706E-003  4.005607700559609E-018
  1.191066129532624E-003  4.707621421276242E-018
  1.190980822333470E-003  5.709023346416144E-018
  1.190877764375394E-003  6.596864228498944E-018
  1.190789324280043E-003  6.762043927491093E-018
  1.190742533839592E-003  6.266504830514646E-018
  1.190748499655926E-003  5.213484249439697E-018
  1.190798315466836E-003  3.871399195128488E-018
  1.190866959317500E-003  2.735788764557465E-018
  1.190923476155408E-003  2.167983549271954E-018
  1.190943299687648E-003  2.405429366573168E-018
  1.190917807504928E-003  3.303593979842977E-018
  1.190857394821438E-003  4.697297690089232E-018
  1.190786983920320E-003  6.132296325083525E-018
  1.190735890876597E-003  6.916899895296232E-018
  1.190726156564300E-003  6.514274379002870E-018
  1.190763971477554E-003  4.965714700951474E-018
  1.190837512268941E-003  3.231327861533912E-018
  1.190921916443044E-003  1.909890269596721E-018
  1.190989296599447E-003  1.641473258734479E-018
  1.191019753285922E-003  2.539637872004288E-018
  1.191009031906137E-003  4.170787399551758E-018
  1.190969874585531E-003  5.915497970156330E-018
  1.190926655363541E-003  7.061432131914362E-018
  1.190905536679071E-003  7.247259293280530E-018
  1.190924103516222E-003  6.411037067132777E-018
  1.190984561985588E-003  4.924419776203437E-018
  1.191073111195282E-003  3.437802485274098E-018
  1.191165622365293E-003  2.704817570996437E-018
  1.191237277984734E-003  3.241651592720921E-018
  1.191272310550473E-003  4.635355302967176E-018
  1.191270010990835E-003  6.111648862709507E-018
  1.191244710820494E-003  7.154345712597446E-018
  1.191219850045716E-003  7.453733917020716E-018
  1.191218564220765E-003  7.040784669540344E-018
  1.191254549494884E-003  6.039382744400442E-018
  1.191326791330942E-003  4.903772313829418E-018
  1.191420164601248E-003  4.253377249047833E-018
  1.191511572999333E-003  4.294672173795869E-018
  1.191579124991588E-003  5.058628281634558E-018
  1.191610690889585E-003  5.998087819652404E-018
  1.191608486883643E-003  6.586540497311935E-018
  1.191587945612915E-003  6.720749002743056E-018
  1.191571405051462E-003  6.390389604758758E-018
  1.191579176016916E-003  5.719347077603153E-018
  1.191621540705048E-003  5.151541862317642E-018
  1.191694816180508E-003  4.883124851455400E-018
  1.191782972731202E-003  4.986362163325493E-018
  1.191864090901233E-003  5.275426636561753E-018
  1.191919047643081E-003  5.616109765733060E-018
  1.191938981171675E-003  6.018735282026423E-018
  1.191928611959370E-003  6.493626916628851E-018
  1.191904167961326E-003  6.731072733930065E-018
  1.191886803415051E-003  6.586540497311935E-018
  1.191894163832560E-003  6.142620056270535E-018
  1.191933445926592E-003  5.770965733538200E-018
