  0.999999964428751       0.000000000000000E+000
  0.817214820664254       1.256531079601325E-016
  0.357786413237690       8.376873864008833E-017
 -0.161759683960653       0.000000000000000E+000
 -0.500817465239682      -1.256531079601325E-016
 -0.507390375656977      -2.094218466002208E-016
 -0.187049187521238      -2.094218466002208E-016
  0.303307350160607      -1.675374772801767E-016
  0.732200344194257      -1.256531079601325E-016
  0.903056206284216      -8.376873864008833E-017
  0.744275853810528      -4.188436932004416E-017
  0.338367658043054       0.000000000000000E+000
 -0.121487387953234       0.000000000000000E+000
 -0.424669660664320       0.000000000000000E+000
 -0.440886446453708       0.000000000000000E+000
 -0.176807082675014       0.000000000000000E+000
  0.233032945996718       0.000000000000000E+000
  0.593932239805711       0.000000000000000E+000
  0.743206716096494      -4.188436932004416E-017
  0.622968006562940      -8.376873864008833E-017
  0.300851644553258      -1.256531079601325E-016
 -6.802760795953086E-002 -8.376873864008833E-017
 -0.316957544706571      -8.376873864008833E-017
 -0.344097794163037       0.000000000000000E+000
 -0.154318405632223       8.376873864008833E-017
  0.150496074958711       1.256531079601325E-016
  0.424602199198401       8.376873864008833E-017
  0.547444489066018       4.188436932004416E-017
  0.475768057819702      -4.188436932004416E-017
  0.256373914008804      -1.047109233001104E-016
 -2.915972464447982E-003 -1.256531079601325E-016
 -0.187074595080385      -4.188436932004416E-017
 -0.225630019159000       6.282655398006625E-017
 -0.119080398667632       1.465952926201546E-016
  6.930618870538148E-002  1.675374772801767E-016
  0.248691680657762       1.047109233001104E-016
  0.343739342772008       1.047109233001104E-017
  0.325138814838250      -1.151820156301214E-016
  0.215554824072123      -1.675374772801767E-016
  7.190228768942519E-002 -1.151820156301214E-016
 -4.440331930304615E-002  5.235546165005520E-018
 -9.386911876372343E-002  1.413597464551491E-016
 -7.081082669585087E-002  2.303640312602429E-016
  1.702108621423540E-003  2.094218466002208E-016
  8.783943569783154E-002  9.423983097009937E-017
  0.156069399810299      -6.282655398006625E-017
  0.189267526751383      -1.884796619401987E-016
  0.185430476854750      -2.198929389302319E-016
  0.152135421044095      -1.361242002901435E-016
  0.100334910685546       1.570663849501656E-017
  4.151501760211890E-002  1.675374772801767E-016
 -1.167424666650571E-002  2.565417620852705E-016
 -4.452886394589606E-002  2.355995774252484E-016
 -4.274649674834592E-002  1.125642425476187E-016
  9.635490291071475E-004 -5.235546165005521E-017
  7.934994980042968E-002 -1.780085696101877E-016
  0.167778809853508      -1.989507542702098E-016
  0.230385430615144      -1.099464694651159E-016
  0.234773005371577       4.711991548504968E-017
  0.169166950032935       1.884796619401987E-016
  5.285706423137152E-002  2.513062159202650E-016
 -6.739217151395091E-002  2.094218466002208E-016
 -0.135806261328149       8.376873864008833E-017
 -0.113737145515077      -8.376873864008833E-017
 -9.954370497481850E-004 -1.884796619401987E-016
  0.159307114910205      -2.094218466002208E-016
  0.296942989473256      -1.047109233001104E-016
  0.345958167455675       6.282655398006625E-017
  0.277037367148791       2.094218466002208E-016
  0.114762957482173       2.722484005802871E-016
 -7.009321139245599E-002  2.094218466002208E-016
 -0.191373088228576       7.329764631007729E-017
 -0.187908875957177      -1.151820156301214E-016
 -5.430173706615420E-002 -2.094218466002208E-016
  0.153496729991134      -2.303640312602429E-016
  0.341877479845025      -1.256531079601325E-016
  0.422484485657003       2.094218466002208E-017
  0.354438892916078       1.675374772801767E-016
  0.165472253498769       2.094218466002208E-016
 -5.897550100102266E-002  1.675374772801767E-016
 -0.214508514050757       1.047109233001104E-017
 -0.226621346860846      -1.570663849501656E-016
 -8.653925417736970E-002 -2.513062159202650E-016
  0.143350945685853      -2.513062159202650E-016
  0.357664337484443      -1.256531079601325E-016
  0.456941761168542       0.000000000000000E+000
  0.394392545178114       1.047109233001104E-016
  0.198274678821531       1.675374772801767E-016
 -4.088538299844601E-002  8.376873864008833E-017
 -0.212400097430095      -5.235546165005521E-017
 -0.237085067376669      -1.780085696101877E-016
 -0.104145996361080      -2.094218466002208E-016
  0.124044667646687      -1.675374772801767E-016
  0.341401168103294      -6.282655398006625E-017
  0.447775729948927       6.282655398006625E-017
  0.395370356578993       1.465952926201546E-016
  0.210224906999646       1.256531079601325E-016
 -2.093707829226960E-002  4.188436932004416E-017
 -0.191837826507597      -5.235546165005521E-017
 -0.226090255228409      -1.361242002901435E-016
 -0.111776722818430      -1.675374772801767E-016
  9.459017161971994E-002 -1.465952926201546E-016
  0.295826881253443      -4.188436932004416E-017
  0.399851843662292       4.188436932004416E-017
  0.361760431254975       1.047109233001104E-016
  0.202856557606536       8.376873864008833E-017
 -1.387230910241662E-003  2.094218466002208E-017
 -0.157789068261864      -5.235546165005521E-017
 -0.198623125512054      -9.423983097009937E-017
 -0.111369603265339      -8.376873864008833E-017
  5.804229896814846E-002 -6.282655398006625E-017
  0.228791751711341       0.000000000000000E+000
  0.323463349314487       4.188436932004416E-017
  0.302838569909171       6.282655398006625E-017
  0.181491208204676       4.188436932004416E-017
  1.815256008853063E-002  0.000000000000000E+000
 -0.113293471092153      -6.282655398006625E-017
 -0.157828338594729      -9.423983097009937E-017
 -0.102598496576833      -8.376873864008833E-017
  2.030309343527594E-002 -4.188436932004416E-017
  0.151359625942236       2.094218466002208E-017
  0.232048701467986       5.235546165005521E-017
  0.230545357578730       5.235546165005521E-017
  0.153436320821639       3.141327699003312E-017
  3.944406322578792E-002 -1.047109233001104E-017
 -6.039204100302114E-002 -3.141327699003312E-017
 -0.105983189446330      -3.141327699003312E-017
 -8.428801330833588E-002 -2.094218466002208E-017
 -1.194518120218022E-002  0.000000000000000E+000
  7.516389041715270E-002  1.047109233001104E-017
  0.139294206049220       0.000000000000000E+000
  0.156753386612864      -2.617773082502760E-017
  0.125733460760857      -4.711991548504968E-017
  6.392430506809824E-002 -4.711991548504968E-017
 -1.465149792181151E-003 -3.141327699003312E-017
 -4.583092530995191E-002  0.000000000000000E+000
 -5.608180138819342E-002  4.188436932004416E-017
 -3.340336160026827E-002  5.759100781506072E-017
  9.841350865061292E-003  4.188436932004416E-017
  5.646013880733077E-002  0.000000000000000E+000
  9.084014340688565E-002 -5.497323473255797E-017
  0.103226766091538      -8.900428480509385E-017
  9.130488977228650E-002 -7.853319247508281E-017
  5.971725415983784E-002 -2.617773082502760E-017
  1.842285880170211E-002  4.188436932004416E-017
 -1.964953378690990E-002  9.947537713510489E-017
 -4.168043007729599E-002  1.073286963826132E-016
 -3.871816937965195E-002  6.544432706256900E-017
 -9.355975747160235E-003 -7.853319247508281E-018
  3.823098883338020E-002 -7.853319247508281E-017
  8.755451612069096E-002 -1.151820156301214E-016
  0.119014087896135      -8.638651172259110E-017
  0.117736880622744      -2.355995774252484E-017
  8.093032006426244E-002  4.711991548504968E-017
  2.103246283950917E-002  9.423983097009937E-017
 -3.773308544413826E-002  1.047109233001104E-016
 -6.889128247085789E-002  6.282655398006625E-017
 -5.565306119298273E-002 -5.235546165005520E-018
  2.165649366104090E-004 -6.806210014507177E-017
  7.730476948837514E-002 -1.047109233001104E-016
  0.142667156093085      -9.423983097009937E-017
  0.166201707992205      -5.235546165005521E-017
  0.134945363495987       1.047109233001104E-017
  6.040112450285000E-002  6.282655398006625E-017
 -2.518518958914723E-002  8.376873864008833E-017
 -8.262395805242707E-002  5.759100781506072E-017
 -8.372733942485894E-002 -5.235546165005520E-018
 -2.508100695780782E-002 -7.329764631007729E-017
  6.916125693773348E-002 -1.151820156301214E-016
  0.157353103690271      -1.047109233001104E-016
  0.199111745822816      -5.235546165005521E-017
  0.174219829087727       1.047109233001104E-017
  9.272043691459878E-002  5.235546165005521E-017
 -8.876563910236803E-003  6.282655398006625E-017
 -8.391458250439122E-002  4.188436932004416E-017
 -9.708103867853832E-002  0.000000000000000E+000
 -4.106717217284445E-002 -5.235546165005521E-017
  5.954608752954091E-002 -7.329764631007729E-017
  0.159235798329548      -6.282655398006625E-017
  0.212407746782637      -3.141327699003312E-017
  0.194531286349822       1.047109233001104E-017
  0.113645204451696       4.188436932004416E-017
  6.783198149485210E-003  5.235546165005521E-017
 -7.708437576734549E-002  4.188436932004416E-017
 -9.966683614737910E-002  1.047109233001104E-017
 -5.098977833641444E-002 -3.141327699003312E-017
  4.614359699472174E-002 -6.282655398006625E-017
  0.146878002299919      -6.282655398006625E-017
  0.205133094618139      -4.188436932004416E-017
  0.194781813992584      -1.047109233001104E-017
  0.121368299312693       0.000000000000000E+000
  1.907483438506299E-002  1.047109233001104E-017
 -6.542717185233020E-002  1.047109233001104E-017
 -9.455513046468735E-002  0.000000000000000E+000
 -5.677012322276718E-002 -1.047109233001104E-017
  2.878974647176806E-002 -4.188436932004416E-017
  0.121824105469277      -5.235546165005521E-017
  0.179788406170058      -4.188436932004416E-017
  0.177273793870517      -4.188436932004416E-017
  0.116966175983832      -4.188436932004416E-017
  2.745833770883981E-002 -2.094218466002208E-017
 -5.061794101789347E-002 -5.235546165005520E-018
 -8.337984717721686E-002  0.000000000000000E+000
 -5.865995527271059E-002  1.047109233001104E-017
  9.479624381994024E-003  0.000000000000000E+000
  8.825926067858551E-002 -2.094218466002208E-017
  0.141750040099216      -4.711991548504968E-017
  0.147067130461636      -5.759100781506072E-017
  0.103861419500315      -6.282655398006625E-017
  3.321558184292414E-002 -4.188436932004416E-017
 -3.294274552622924E-002 -5.235546165005520E-018
 -6.659537006563553E-002  3.141327699003312E-017
 -5.570661737643576E-002  4.711991548504968E-017
 -8.425773276092985E-003  3.141327699003312E-017
  5.188870555641131E-002  0.000000000000000E+000
  9.794466135573372E-002 -3.141327699003312E-017
  0.110637307349922      -5.235546165005521E-017
  8.663075323271499E-002 -6.282655398006625E-017
  3.847676483666683E-002 -4.711991548504968E-017
 -1.211213024707613E-002 -1.047109233001104E-017
 -4.428299737192674E-002  2.617773082502760E-017
 -4.672436351001442E-002  5.235546165005521E-017
 -2.144210550235538E-002  4.711991548504968E-017
  1.843450706838442E-002  2.094218466002208E-017
  5.520806896863810E-002 -1.570663849501656E-017
  7.427379890019688E-002 -4.711991548504968E-017
  6.959344491749765E-002 -5.759100781506072E-017
  4.505528854834743E-002 -4.188436932004416E-017
  1.176202115806800E-002 -7.853319247508281E-018
 -1.707874470790484E-002  3.664882315503864E-017
 -3.132286494254258E-002  6.806210014507177E-017
 -2.717843055030390E-002  6.282655398006625E-017
 -7.753960905337942E-003  3.141327699003312E-017
  1.883224103115845E-002 -1.570663849501656E-017
  4.271428817906874E-002 -5.235546165005521E-017
  5.565501847381542E-002 -6.544432706256900E-017
  5.354189541374592E-002 -4.450214240254693E-017
  3.745795070399300E-002 -2.617773082502760E-018
  1.319994029605721E-002  4.188436932004416E-017
 -1.057135226712328E-002  7.067987322757453E-017
 -2.510500252150357E-002  6.806210014507177E-017
 -2.455618834120470E-002  3.141327699003312E-017
 -8.293699774481062E-003 -1.570663849501656E-017
  1.839536982164175E-002 -5.235546165005521E-017
  4.575469723678665E-002 -6.282655398006625E-017
  6.297323828999735E-002 -4.581102894379830E-017
  6.249015435667888E-002 -6.544432706256901E-018
  4.349260431051723E-002  3.664882315503864E-017
  1.294812423222624E-002  5.759100781506072E-017
 -1.664271987993001E-002  4.711991548504968E-017
 -3.219505306612998E-002  1.832441157751932E-017
 -2.576762513944688E-002 -2.355995774252484E-017
  1.468036732715264E-003 -4.973768856755245E-017
  3.903002770427035E-002 -5.759100781506072E-017
  7.115494757876309E-002 -4.711991548504968E-017
  8.356052763327203E-002 -1.570663849501656E-017
  7.002354513877224E-002  2.094218466002208E-017
  3.569788208042543E-002  4.188436932004416E-017
 -4.600185427700381E-003  3.664882315503864E-017
 -3.266342995198265E-002  1.832441157751932E-017
 -3.506688684843390E-002 -2.094218466002208E-017
 -9.534582469604577E-003 -4.973768856755245E-017
  3.355922646514176E-002 -5.235546165005521E-017
  7.547618967011453E-002 -3.926659623754141E-017
  9.743062404987134E-002 -1.570663849501656E-017
  8.921477676503818E-002  1.047109233001104E-017
  5.412665794897710E-002  2.094218466002208E-017
  7.792774526070556E-003  1.047109233001104E-017
 -2.873543655462029E-002 -1.047109233001104E-017
 -3.854314971846549E-002 -2.617773082502760E-017
 -1.668785411705239E-002 -3.926659623754141E-017
  2.735978792157041E-002 -3.664882315503864E-017
  7.388779350209117E-002 -3.141327699003312E-017
  0.101881868645260      -2.094218466002208E-017
  9.864373407065367E-002 -1.047109233001104E-017
  6.564505535250881E-002 -1.047109233001104E-017
  1.789011052779156E-002 -1.570663849501656E-017
 -2.293992554055223E-002 -2.094218466002208E-017
 -3.840457460386005E-002 -3.141327699003312E-017
 -2.170907014932504E-002 -2.617773082502760E-017
  1.926720244363308E-002 -2.094218466002208E-017
  6.568043704465494E-002 -5.235546165005520E-018
  9.641229621744465E-002  2.617773082502760E-018
  9.770171387743762E-002 -1.308886541251380E-017
  6.929201700858073E-002 -2.617773082502760E-017
  2.432903256704131E-002 -3.664882315503864E-017
 -1.684020082681170E-002 -3.664882315503864E-017
 -3.602243253811378E-002 -3.141327699003312E-017
 -2.535440798093302E-002 -1.570663849501656E-017
  9.397574514724253E-003 -1.047109233001104E-017
  5.179465020513033E-002 -5.235546165005520E-018
  8.242702977887875E-002 -5.235546165005520E-018
  8.772888135739462E-002 -1.570663849501656E-017
  6.587931814318768E-002 -2.879550390753036E-017
  2.721814790681324E-002 -3.664882315503864E-017
 -1.081675107815386E-002 -4.188436932004416E-017
 -3.174267444540391E-002 -3.403105007253589E-017
 -2.733419212276663E-002 -1.832441157751932E-017
 -9.274473932298109E-004 -1.047109233001104E-017
  3.457622949821171E-002 -5.235546165005520E-018
  6.286701913506904E-002 -1.047109233001104E-017
  7.159290516402339E-002 -1.308886541251380E-017
  5.759524964420848E-002 -2.094218466002208E-017
  2.780506365771166E-002 -2.617773082502760E-017
 -4.350987140930019E-003 -2.617773082502760E-017
 -2.518254000640021E-002 -2.355995774252484E-017
 -2.670018786117775E-002 -1.570663849501656E-017
 -9.714830677148789E-003 -1.047109233001104E-017
  1.708845996499729E-002 -1.047109233001104E-017
  4.141478569071563E-002 -1.570663849501656E-017
  5.286832628192090E-002 -1.570663849501656E-017
  4.723438140053540E-002 -1.570663849501656E-017
  2.779561302322395E-002 -1.047109233001104E-017
  3.368577240691032E-003 -7.853319247508281E-018
 -1.582161448250154E-002 -7.853319247508281E-018
 -2.249545541585189E-002 -7.853319247508281E-018
 -1.506076164453114E-002 -7.853319247508281E-018
  2.236234801942150E-003 -7.853319247508281E-018
  2.154891367106903E-002 -7.853319247508281E-018
  3.489652028602758E-002 -6.544432706256901E-018
  3.733362226437140E-002 -5.235546165005520E-018
  2.860126385237608E-002 -1.308886541251380E-018
  1.279141359862637E-002  0.000000000000000E+000
 -3.612073801298165E-003 -1.308886541251380E-018
 -1.438484431232452E-002 -3.926659623754141E-018
 -1.584632952557923E-002 -6.544432706256901E-018
 -7.998462956673977E-003 -6.544432706256901E-018
  5.749638728516351E-003 -7.853319247508281E-018
  2.002444797377721E-002 -5.235546165005520E-018
  2.950252661037066E-002 -3.272216353128451E-018
  3.078944130605121E-002  6.544432706256901E-019
  2.356356449619152E-002  5.235546165005520E-018
  1.064483988635413E-002  7.853319247508281E-018
 -3.018924506836026E-003  6.544432706256901E-018
 -1.212520215910591E-002  2.617773082502760E-018
 -1.297205469886792E-002 -2.617773082502760E-018
 -4.916074694741214E-003 -6.544432706256901E-018
  9.236533243536429E-003 -7.853319247508281E-018
  2.414431584207646E-002 -3.926659623754141E-018
  3.391379437633033E-002  3.272216353128451E-018
  3.445812641487241E-002  9.162205788759661E-018
  2.529810051512648E-002  1.308886541251380E-017
  9.996379154059598E-003  1.047109233001104E-017
 -5.088936135807642E-003  5.235546165005520E-018
 -1.334565919066464E-002 -2.617773082502760E-018
 -1.074596251403718E-002 -9.162205788759661E-018
  2.245345256461893E-003 -1.177997887126242E-017
  2.061362082570031E-002 -6.544432706256901E-018
  3.675065336493518E-002  1.308886541251380E-018
  4.368505866928176E-002  6.544432706256901E-018
  3.821185073431491E-002  1.047109233001104E-017
  2.249783272591122E-002  1.047109233001104E-017
  3.347297906029759E-003  5.235546165005520E-018
 -1.066121545677551E-002 -3.926659623754141E-018
 -1.296574529448111E-002 -1.439775195376518E-017
 -2.050204699357297E-003 -1.963329811877070E-017
  1.770462681786896E-002 -1.832441157751932E-017
  3.782148613717903E-002 -9.162205788759661E-018
  4.944717821360969E-002  3.926659623754141E-018
  4.735031297718118E-002  1.570663849501656E-017
  3.237224195848433E-002  1.570663849501656E-017
  1.116744987144884E-002  5.235546165005520E-018
 -6.710759402344168E-003 -1.308886541251380E-017
 -1.309823510123267E-002 -2.748661736627898E-017
 -4.941349417181285E-003 -3.533993661378727E-017
  1.426179638569804E-002 -3.141327699003312E-017
  3.598982276497532E-002 -1.570663849501656E-017
  5.052773395529563E-002  1.308886541251380E-018
  5.136434598951036E-002  1.308886541251380E-017
  3.814991945975899E-002  1.308886541251380E-017
  1.685713049518067E-002  0.000000000000000E+000
 -2.932085834256854E-003 -1.832441157751932E-017
 -1.237345560684544E-002 -3.272216353128450E-017
 -7.354076520330832E-003 -3.795770969629002E-017
  9.685024165126845E-003 -3.403105007253589E-017
  3.091190983060168E-002 -1.832441157751932E-017
  4.669626153238164E-002 -3.926659623754141E-018
  4.997208474657816E-002  2.617773082502760E-018
  3.938022455366010E-002  2.617773082502760E-018
  1.978421290467939E-002 -5.235546165005520E-018
 -2.936655438137428E-005 -1.701552503626794E-017
 -1.137213060440471E-002 -3.010439044878175E-017
 -9.543794069624136E-003 -3.533993661378727E-017
  4.161461898246736E-003 -2.879550390753036E-017
  2.318929595182273E-002 -2.094218466002208E-017
  3.879612272453702E-002 -9.162205788759661E-018
  4.400954670743857E-002  0.000000000000000E+000
  3.667437794265660E-002  1.308886541251380E-018
  2.025016116526645E-002 -5.235546165005520E-018
  2.081965184516663E-003 -1.701552503626794E-017
 -9.990914529963056E-003 -2.748661736627898E-017
 -1.111344655700557E-002 -3.010439044878175E-017
 -1.431039465556066E-003 -2.617773082502760E-017
  1.418780007237339E-002 -1.832441157751932E-017
  2.849613568783222E-002 -9.162205788759661E-018
  3.514805264934016E-002  0.000000000000000E+000
  3.142301886139726E-002  1.308886541251380E-018
  1.922780466325141E-002 -3.926659623754141E-018
  4.030155401715198E-003 -1.177997887126242E-017
 -7.694469857187860E-003 -1.963329811877070E-017
 -1.130594080656635E-002 -2.225107120127346E-017
 -5.882819135575195E-003 -1.832441157751932E-017
  5.606293557812162E-003 -1.308886541251380E-017
  1.780499085697344E-002 -5.235546165005520E-018
  2.538853268922163E-002 -6.544432706256901E-019
  2.530589607512052E-002 -1.963329811877070E-018
  1.790767390540884E-002 -3.926659623754141E-018
  6.568478355279545E-003 -9.162205788759661E-018
 -3.921513709371967E-003 -1.374330868313949E-017
 -9.429037075301801E-003 -1.570663849501656E-017
 -8.120905404911470E-003 -1.308886541251380E-017
 -1.041166305205344E-003 -6.544432706256901E-018
  8.520515357346362E-003  0.000000000000000E+000
  1.650956694980728E-002  3.272216353128451E-018
  1.977155599869085E-002  3.272216353128451E-018
  1.722933006873404E-002  0.000000000000000E+000
  1.015755800126722E-002 -5.235546165005520E-018
  1.529147865331155E-003 -9.816649059385352E-018
 -5.237365335768625E-003 -1.047109233001104E-017
 -7.609138239175858E-003 -7.853319247508281E-018
 -4.849515043916203E-003 -2.617773082502760E-018
  1.794456105318872E-003  1.963329811877070E-018
  9.647096271923419E-003  3.926659623754141E-018
  1.565922460632385E-002  2.617773082502760E-018
  1.756222571722799E-002 -1.308886541251380E-018
  1.470516198948487E-002 -5.235546165005520E-018
  8.281955737425409E-003 -7.853319247508281E-018
  8.720026584061787E-004 -6.544432706256901E-018
 -4.541260060760035E-003 -3.272216353128451E-018
 -5.719653688103935E-003  6.544432706256901E-019
 -2.060200670635491E-003  2.617773082502760E-018
  5.124314960257616E-003  1.308886541251380E-018
  1.307099827456242E-002 -1.963329811877070E-018
  1.863267778209408E-002 -5.889989435631210E-018
  1.954837611258623E-002 -9.162205788759661E-018
  1.541118232366225E-002 -1.047109233001104E-017
  7.914185812223527E-003 -7.853319247508281E-018
  2.273061744997612E-004 -2.617773082502760E-018
 -4.283357235611097E-003  1.308886541251380E-018
 -3.484438593898089E-003  1.963329811877070E-018
  2.555991832310591E-003  0.000000000000000E+000
  1.150724621022448E-002 -5.889989435631210E-018
  1.969823304995265E-002 -1.145275723594958E-017
  2.366796876605045E-002 -1.472497358907803E-017
  2.168955281804976E-002 -1.308886541251380E-017
  1.458963689390241E-002 -7.853319247508281E-018
  5.467295865243250E-003 -2.617773082502760E-018
 -1.607430047626277E-003  0.000000000000000E+000
 -3.371518147717576E-003  0.000000000000000E+000
  1.157798083772763E-003 -4.581102894379830E-018
  1.018741768475543E-002 -1.047109233001104E-017
  1.988369291328723E-002 -1.439775195376518E-017
  2.604163837006895E-002 -1.570663849501656E-017
  2.595823178883718E-002 -1.439775195376518E-017
  1.966791269436113E-002 -1.177997887126242E-017
  9.968245656244235E-003 -7.853319247508281E-018
  1.201762055373263E-003 -5.235546165005520E-018
 -2.674809620213808E-003 -5.889989435631210E-018
  1.302171520490443E-004 -8.507762518133972E-018
  8.423118506522229E-003 -1.047109233001104E-017
  1.854387917064639E-002 -1.308886541251380E-017
  2.599980672033374E-002 -1.570663849501656E-017
  2.748027960411736E-002 -1.505219522439087E-017
  2.234230590798645E-002 -1.308886541251380E-017
  1.289428512033790E-002 -9.162205788759661E-018
  3.350475331701849E-003 -7.853319247508281E-018
 -2.067945140490344E-003 -9.162205788759661E-018
 -1.023835602858201E-003 -1.177997887126242E-017
  5.906213189211129E-003 -1.570663849501656E-017
  1.552059684313709E-002 -1.701552503626794E-017
  2.345627704537417E-002 -1.505219522439087E-017
  2.615416340201293E-002 -1.177997887126242E-017
  2.243534948292571E-002 -8.507762518133972E-018
  1.398608315747330E-002 -6.544432706256901E-018
  4.552939924803798E-003 -5.889989435631210E-018
 -1.766002423191786E-003 -7.853319247508281E-018
 -2.349646771395097E-003 -1.177997887126242E-017
  2.818485811634723E-003 -1.439775195376518E-017
  1.120975075822104E-002 -1.439775195376518E-017
  1.893894956260735E-002 -1.308886541251380E-017
  2.252066164489808E-002 -9.816649059385352E-018
  2.039531765184968E-002 -6.544432706256901E-018
  1.355498057233197E-002 -5.235546165005520E-018
  5.021942803703664E-003 -5.889989435631210E-018
 -1.548467999019850E-003 -7.853319247508281E-018
 -3.491435779962045E-003 -1.047109233001104E-017
 -2.585709699964155E-004 -1.177997887126242E-017
  6.428211266712289E-003 -1.047109233001104E-017
  1.342064544320115E-002 -9.162205788759661E-018
  1.757216608691256E-002 -5.889989435631210E-018
  1.709991671792709E-002 -3.926659623754141E-018
  1.229144000039005E-002 -3.926659623754141E-018
  5.282483526516984E-003 -6.544432706256901E-018
 -9.496214039861409E-004 -1.047109233001104E-017
 -3.900957055100152E-003 -1.243442214188811E-017
 -2.582604765294233E-003 -1.243442214188811E-017
  2.140943960314230E-003 -9.162205788759661E-018
  8.018982191197746E-003 -5.235546165005520E-018
  1.244003302404196E-002 -1.308886541251380E-018
  1.354758431766357E-002  1.308886541251380E-018
  1.097155447905870E-002  3.272216353128450E-019
  5.895080602628841E-003 -3.272216353128451E-018
  4.735402864283105E-004 -8.507762518133972E-018
 -3.109825564284643E-003 -1.243442214188811E-017
 -3.538689108018153E-003 -1.243442214188811E-017
 -8.473117900129983E-004 -9.162205788759661E-018
  3.673732344503806E-003 -3.272216353128451E-018
  8.070896145758647E-003  1.963329811877070E-018
  1.054795298307556E-002  3.926659623754141E-018
  1.017241787275524E-002  9.816649059385351E-019
  7.198203391553160E-003 -4.253881259066986E-018
  2.904215216634628E-003 -9.816649059385352E-018
 -9.576273701607003E-004 -1.177997887126242E-017
 -2.869012111790512E-003 -9.816649059385352E-018
 -2.127733170652334E-003 -5.235546165005520E-018
  9.090061020024755E-004 -6.544432706256901E-019
  4.997197696119019E-003  2.290551447189915E-018
  8.513190917102549E-003  1.636108176564225E-018
  1.009341255170127E-002 -1.963329811877070E-018
  9.161741566584232E-003 -5.889989435631210E-018
  6.146444326289260E-003 -8.507762518133972E-018
  2.306534110213984E-003 -8.507762518133972E-018
 -7.657564970237210E-004 -6.544432706256901E-018
 -1.776365664680976E-003 -2.617773082502760E-018
 -2.501938325204525E-004  0.000000000000000E+000
  3.266110936988614E-003  6.544432706256901E-019
  7.408125243535673E-003 -3.272216353128450E-019
  1.053438143395149E-002 -3.763048806097718E-018
  1.139527131489348E-002 -7.198875976882590E-018
  9.660171495096693E-003 -9.162205788759661E-018
  6.079014860814165E-003 -7.853319247508281E-018
  2.196443067573718E-003 -5.235546165005520E-018
 -2.788608445268616E-004 -2.290551447189915E-018
 -1.957376723455379E-004 -6.544432706256901E-019
  2.531784036280740E-003 -9.816649059385351E-019
  6.857438988139776E-003 -3.272216353128451E-018
  1.102215579041537E-002 -6.708043523913323E-018
  1.329575007132012E-002 -9.653038241728929E-018
  1.272866063814701E-002 -9.489427424072506E-018
  9.584669460079943E-003 -7.198875976882590E-018
  5.253953205881690E-003 -3.926659623754141E-018
  1.668811929206311E-003 -1.963329811877070E-018
  4.660509024889947E-004 -1.963329811877070E-018
  2.260446718316367E-003 -3.599437988441295E-018
  6.354818289618831E-003 -6.871654341569746E-018
  1.102588645061060E-002 -9.816649059385352E-018
  1.427082743863819E-002 -1.112553560063673E-017
  1.469032833380598E-002 -9.816649059385352E-018
  1.211604292206928E-002 -5.889989435631210E-018
  7.697904633405945E-003 -2.617773082502760E-018
  3.404845654767381E-003 -2.617773082502760E-018
  1.155569867547146E-003 -4.581102894379830E-018
  1.965090016524540E-003 -8.180540882821126E-018
  5.489586155197838E-003 -1.112553560063673E-017
  1.017603535469189E-002 -1.177997887126242E-017
  1.395218166870004E-002 -1.047109233001104E-017
  1.514897056557207E-002 -7.526097612195436E-018
  1.324222339679693E-002 -3.926659623754141E-018
  9.081410205629095E-003 -2.617773082502760E-018
  4.504458574322528E-003 -2.617773082502760E-018
  1.513833236426794E-003 -5.235546165005520E-018
  1.385366912054534E-003 -8.834984153446816E-018
  4.109010834640209E-003 -1.112553560063673E-017
  8.408320954535942E-003 -1.177997887126242E-017
  1.232343684627691E-002 -1.047109233001104E-017
  1.409001126049608E-002 -7.526097612195436E-018
  1.291774626502565E-002 -4.908324529692676E-018
  9.323247204991128E-003 -3.272216353128451E-018
  4.877000418996832E-003 -2.944994717815605E-018
  1.488440865781412E-003 -5.235546165005520E-018
  5.564505164100844E-004 -7.853319247508281E-018
  2.365232414933411E-003 -1.047109233001104E-017
  5.987244417312130E-003 -1.047109233001104E-017
  9.722952376182061E-003 -8.507762518133972E-018
  1.186828885246038E-002 -5.889989435631210E-018
  1.146169168084223E-002 -2.617773082502760E-018
  8.682344862180592E-003 -6.544432706256901E-019
  4.735830723173315E-003 -6.544432706256901E-019
  1.294785041255952E-003 -2.944994717815605E-018
 -2.446392490440488E-004 -6.544432706256901E-018
  6.413329559647169E-004 -9.162205788759661E-018
  3.410036148261930E-003 -9.816649059385352E-018
  6.728418869137717E-003 -8.507762518133972E-018
  9.079746999846056E-003 -6.217211070944056E-018
  9.423939985404672E-003 -3.272216353128451E-018
  7.623974508770516E-003 -1.799718994220648E-018
  4.465551670830840E-003 -2.290551447189915E-018
  1.280974332045519E-003 -3.926659623754141E-018
 -6.423679094731386E-004 -6.217211070944056E-018
 -6.057262313191707E-004 -7.853319247508281E-018
  1.233717772767616E-003 -7.853319247508281E-018
  3.970559579282749E-003 -6.217211070944056E-018
  6.368148112003272E-003 -3.599437988441295E-018
  7.392576334308418E-003 -1.308886541251380E-018
  6.633714269818345E-003  6.544432706256901E-019
  4.444342660154556E-003  6.544432706256901E-019
  1.755922121440595E-003 -9.816649059385351E-019
 -3.342337709403550E-004 -3.272216353128451E-018
 -1.021573406559229E-003 -5.235546165005520E-018
 -1.087034833828284E-004 -6.217211070944056E-018
  1.943838504843325E-003 -5.235546165005520E-018
  4.235833476646305E-003 -2.944994717815605E-018
  5.811690042382244E-003 -4.908324529692676E-019
  6.047884521139892E-003  1.472497358907803E-018
  4.889101023544017E-003  1.145275723594958E-018
  2.847240015408137E-003 -3.272216353128450E-019
  7.752178555120768E-004 -2.617773082502760E-018
 -4.852541489598805E-004 -4.090270441410563E-018
 -4.385701375682344E-004 -4.090270441410563E-018
  8.774842691561817E-004 -2.944994717815605E-018
  2.920218017050668E-003 -9.816649059385351E-019
  4.868932297569943E-003  6.544432706256901E-019
  5.956884100759315E-003  1.145275723594958E-018
  5.776523943908467E-003  6.544432706256901E-019
  4.438701913635068E-003 -3.272216353128450E-019
  2.524439165604726E-003 -1.636108176564225E-018
  8.490414698115148E-004 -2.290551447189915E-018
  1.320161246098885E-004 -2.126940629533493E-018
  7.041457484996070E-004 -1.636108176564225E-018
  2.369877022441718E-003 -9.816649059385351E-019
  4.482828244711562E-003 -4.908324529692676E-019
  6.207207359315613E-003 -6.544432706256901E-019
  6.861493800829658E-003 -9.816649059385351E-019
  6.204210113705211E-003 -1.636108176564225E-018
  4.541621345068840E-003 -1.963329811877070E-018
  2.607899385600598E-003 -1.963329811877070E-018
  1.262340909615346E-003 -1.963329811877070E-018
  1.126978291810110E-003 -2.126940629533493E-018
  2.317181017996802E-003 -2.454162264846338E-018
  4.382883183599838E-003 -3.026800126643817E-018
  6.491187713680057E-003 -3.517632579613084E-018
  7.777792249020758E-003 -2.863189308987394E-018
  7.719327325465894E-003 -2.454162264846338E-018
  6.365385920454130E-003 -1.963329811877070E-018
  4.325916738695690E-003 -1.636108176564225E-018
  2.514129789681296E-003 -1.636108176564225E-018
  1.752472317209760E-003 -2.454162264846338E-018
  2.412006736738288E-003 -3.272216353128451E-018
  4.244434525974846E-003 -4.090270441410563E-018
  6.483994149891355E-003 -4.417492076723408E-018
  8.178349686257117E-003 -3.926659623754141E-018
  8.605352831510099E-003 -2.290551447189915E-018
  7.592299036938009E-003 -1.308886541251380E-018
  5.595219457994444E-003 -6.544432706256901E-019
  3.500869465974805E-003 -9.816649059385351E-019
  2.237168312215391E-003 -2.290551447189915E-018
  2.363873165402943E-003 -4.417492076723408E-018
  3.825189492402113E-003 -6.053600253287633E-018
  5.974695336141787E-003 -6.217211070944056E-018
  7.861874401939565E-003 -4.908324529692676E-018
  8.652872445360000E-003 -2.781383900159183E-018
  7.998257777549448E-003 -1.308886541251380E-018
  6.184537154229432E-003 -6.544432706256901E-019
  4.003143740639254E-003 -1.145275723594958E-018
  2.396866359589506E-003 -3.108605535472028E-018
  2.042443670453984E-003 -5.889989435631210E-018
  3.055164768849162E-003 -8.180540882821126E-018
  4.945189590847732E-003 -9.162205788759661E-018
  6.841858940777092E-003 -8.180540882821126E-018
  7.882933704503600E-003 -5.726378617974788E-018
  7.593945021764194E-003 -2.617773082502760E-018
  6.090032672122696E-003 -1.308886541251380E-018
  4.014300691084165E-003 -1.963329811877070E-018
  2.245066201298211E-003 -4.581102894379830E-018
  1.505962434167395E-003 -7.853319247508281E-018
  2.052822175005914E-003 -9.816649059385352E-018
  3.573262834633744E-003 -9.816649059385352E-018
  5.337712822748947E-003 -7.853319247508281E-018
  6.528901443604985E-003 -3.926659623754141E-018
  6.600442744983819E-003 -4.908324529692676E-019
  5.506795818800017E-003  6.544432706256901E-019
  3.708136460459671E-003 -1.636108176564225E-019
  1.955257058072398E-003 -2.863189308987394E-018
  9.554679923940868E-004 -5.971794844459422E-018
  1.068750354475294E-003 -8.180540882821126E-018
  2.164766862901808E-003 -8.180540882821126E-018
  3.696562165145259E-003 -5.889989435631210E-018
  4.950777725459951E-003 -2.617773082502760E-018
  5.359624928274906E-003  3.272216353128450E-019
  4.738101100122604E-003  1.308886541251380E-018
  3.347983598709488E-003  4.090270441410563E-019
  1.768747069864745E-003 -1.881524403048859E-018
  6.389309070774748E-004 -4.008465032582352E-018
  3.836615536171718E-004 -5.071935347349098E-018
  1.044344885337499E-003 -4.744713712036253E-018
  2.277626425008613E-003 -3.108605535472028E-018
  3.516006892369606E-003 -1.308886541251380E-018
  4.214989319204336E-003  8.180540882821126E-020
  4.079294172399110E-003  3.272216353128450E-019
  3.174994370141043E-003 -7.362486794539013E-019
  1.886661017744538E-003 -2.290551447189915E-018
  7.448361183829168E-004 -3.435827170784873E-018
  2.011958534788307E-004 -3.517632579613084E-018
  4.461510357401144E-004 -2.781383900159183E-018
  1.341382569434102E-003 -1.636108176564225E-018
  2.489380517080679E-003 -4.908324529692676E-019
  3.405500178884971E-003 -1.636108176564225E-019
  3.718418235375645E-003 -4.908324529692676E-019
  3.316979370255446E-003 -1.390691950079591E-018
  2.386592777829453E-003 -2.126940629533493E-018
  1.324830578238078E-003 -2.454162264846338E-018
  5.743366183549849E-004 -2.454162264846338E-018
  4.425400287973153E-004 -2.045135220705281E-018
  9.805290918682762E-004 -1.717913585392436E-018
  1.967825940542862E-003 -1.636108176564225E-018
  3.006659849115188E-003 -1.881524403048859E-018
  3.685911021873780E-003 -2.372356856018126E-018
  3.748018114748044E-003 -2.535967673674549E-018
  3.191918899866806E-003 -2.126940629533493E-018
  2.271247748401669E-003 -1.799718994220648E-018
  1.389120297663557E-003 -1.472497358907803E-018
  9.323259796925418E-004 -1.227081132423169E-018
  1.112234460694036E-003 -1.472497358907803E-018
  1.877331959273991E-003 -2.126940629533493E-018
  2.933659132627699E-003 -3.067702831057922E-018
  3.865645718048077E-003 -4.008465032582352E-018
  4.308419498026793E-003 -4.335686667895197E-018
  4.100623132956846E-003 -3.599437988441295E-018
  3.353682738283060E-003 -2.617773082502760E-018
  2.407244811502442E-003 -1.472497358907803E-018
  1.687762627476150E-003 -8.180540882821126E-019
  1.528460722205315E-003 -1.390691950079591E-018
  2.026485114043880E-003 -2.699578491330972E-018
  2.998764952411969E-003 -4.785616416450359E-018
  4.057142343709244E-003 -6.176308366529950E-018
  4.772521043444586E-003 -6.462627297428690E-018
  4.858815574807850E-003 -5.562767800318366E-018
  4.297581483594476E-003 -4.090270441410563E-018
  3.348456278808789E-003 -2.617773082502760E-018
  2.439214511116088E-003 -2.126940629533493E-018
  1.981608280179097E-003 -2.863189308987394E-018
  2.192313948741497E-003 -4.581102894379830E-018
  2.997237951946666E-003 -6.462627297428690E-018
  4.061943479899396E-003 -7.607903021023646E-018
  4.936097901780442E-003 -7.362486794539013E-018
  5.249561560207771E-003 -5.971794844459422E-018
  4.874389680993935E-003 -4.090270441410563E-018
  3.981320788763961E-003 -2.454162264846338E-018
  2.965371668073138E-003 -2.290551447189915E-018
  2.272809828652839E-003 -3.599437988441295E-018
  2.205489986825334E-003 -5.399156982661943E-018
  2.788772832203937E-003 -7.280681385710802E-018
  3.761260615408081E-003 -8.507762518133972E-018
  4.690705656007079E-003 -8.344151700477549E-018
  5.164617264051145E-003 -7.198875976882590E-018
  4.971175480584239E-003 -4.990129938520887E-018
  4.190690061125658E-003 -3.272216353128451E-018
  3.157854290541917E-003 -2.535967673674549E-018
  2.312467329150959E-003 -3.313119057542556E-018
  2.005473645135334E-003 -4.949227234106782E-018
  2.346276897415656E-003 -6.789848932741535E-018
  3.158102925516539E-003 -8.180540882821126E-018
  4.059644285370011E-003 -8.507762518133972E-018
  4.635234975735685E-003 -7.689708429851858E-018
  4.617329555699686E-003 -6.217211070944056E-018
  4.000893736848545E-003 -4.540200189965725E-018
  3.040727204068033E-003 -3.599437988441295E-018
  2.135178570304457E-003 -3.844854214925929E-018
  1.649570486848727E-003 -5.153740756177310E-018
  1.757958105528068E-003 -6.789848932741535E-018
  2.371986651653120E-003 -7.853319247508281E-018
  3.185787203668675E-003 -8.180540882821126E-018
  3.814350333727191E-003 -7.526097612195436E-018
  3.962595384706471E-003 -6.462627297428690E-018
  3.550738630457698E-003 -5.071935347349098E-018
  2.742788641950796E-003 -4.253881259066986E-018
  1.868747531102997E-003 -4.294783963481091E-018
  1.277530884215391E-003 -5.194643460591415E-018
  1.186408465558071E-003 -6.380821888600478E-018
  1.592017462812173E-003 -7.362486794539013E-018
  2.279126518413269E-003 -7.689708429851858E-018
  2.919913373943882E-003 -7.362486794539013E-018
  3.217897263252902E-003 -6.380821888600478E-018
  3.033291561763738E-003 -5.399156982661943E-018
  2.436988646009778E-003 -4.499297485551619E-018
  1.672972250850964E-003 -4.008465032582352E-018
  1.048754617777742E-003 -3.926659623754141E-018
  8.031570481815772E-004 -4.417492076723408E-018
  1.008230261805404E-003 -5.071935347349098E-018
  1.545236617881550E-003 -5.889989435631210E-018
  2.161697533180009E-003 -6.626238115085112E-018
  2.582190756751912E-003 -6.748946228327429E-018
  2.624323606546222E-003 -6.462627297428690E-018
  2.271329804522587E-003 -5.399156982661943E-018
  1.672944626229212E-003 -4.090270441410563E-018
  1.077194617404544E-003 -3.272216353128451E-018
  7.241500488729231E-004 -3.231313648714345E-018
  7.469800176820008E-004 -3.844854214925929E-018
  1.120687896104685E-003 -4.990129938520887E-018
  1.677680936350934E-003 -6.135405662115844E-018
  2.181267268100932E-003 -6.789848932741535E-018
  2.424959893763384E-003 -6.667140819499218E-018
  2.316230590407667E-003 -5.644573209146577E-018
  1.911176514522332E-003 -4.172075850238774E-018
  1.387573716210632E-003 -2.699578491330972E-018
  9.690694612634359E-004 -1.799718994220648E-018
  8.325785485670491E-004 -2.249648742775809E-018
  1.036826673195166E-003 -3.763048806097718E-018
  1.500516619724620E-003 -5.787732674595946E-018
  2.037968892403782E-003 -7.301132737917855E-018
  2.436765583989987E-003 -7.710159782058911E-018
  2.545225772321141E-003 -6.789848932741535E-018
  2.333997983084424E-003 -5.071935347349098E-018
  1.906917342634400E-003 -3.354021761956662E-018
  1.457072478992028E-003 -2.535967673674549E-018
  1.186364455882888E-003 -3.026800126643817E-018
  1.221714529794109E-003 -4.785616416450359E-018
  1.562453802683797E-003 -6.830751637155640E-018
  2.080676044593344E-003 -8.313474672166969E-018
  2.574552917488596E-003 -8.436182785409287E-018
  2.852650635135139E-003 -7.157973272468485E-018
  2.814213595255524E-003 -5.235546165005520E-018
  2.491748793093313E-003 -3.354021761956662E-018
  2.037716130715249E-003 -2.535967673674549E-018
  1.660462104823440E-003 -3.272216353128451E-018
  1.536043216552251E-003 -5.153740756177310E-018
  1.733135943556899E-003 -7.362486794539013E-018
  2.183129043110427E-003 -9.039497675517344E-018
  2.708615859500818E-003 -9.433186205503111E-018
  3.098669767736586E-003 -8.364603052684602E-018
  3.199056004235815E-003 -6.421724593014584E-018
  2.978716419977220E-003 -4.499297485551619E-018
  2.543648737831238E-003 -3.681243397269507E-018
  2.091730341707990E-003 -4.172075850238774E-018
  1.827563336170163E-003 -5.767281322388894E-018
  1.873965578414464E-003 -7.526097612195436E-018
  2.218522751027066E-003 -8.507762518133972E-018
  2.718655265906674E-003 -8.344151700477549E-018
  3.163293126215974E-003 -7.137521920261432E-018
  3.364508633844092E-003 -5.255997517212574E-018
  3.239212208026995E-003 -3.599437988441295E-018
  2.845197100812395E-003 -2.944994717815605E-018
  2.355709863461244E-003 -3.435827170784873E-018
  1.983649722149173E-003 -4.744713712036253E-018
  1.888614986003132E-003 -6.380821888600478E-018
  2.107539957939835E-003 -7.526097612195436E-018
  2.539249603875367E-003 -7.730611134265964E-018
  2.989492947599136E-003 -6.789848932741535E-018
  3.256413043439439E-003 -5.296900221626679E-018
  3.218735772359091E-003 -4.192527202445827E-018
  2.887993001024267E-003 -4.049367736996457E-018
  2.402183486547569E-003 -4.581102894379830E-018
  1.964200987561324E-003 -5.583219152525418E-018
  1.752593504970034E-003 -6.319467831979320E-018
  1.844071415648888E-003 -6.421724593014584E-018
  2.181549716070316E-003 -5.889989435631210E-018
  2.601080698383217E-003 -5.317351573833732E-018
  2.905011463124628E-003 -4.826519120864464E-018
  2.948636282690128E-003 -4.744713712036253E-018
  2.702251325472644E-003 -5.276448869419626E-018
  2.261968490115396E-003 -6.094502957701739E-018
  1.805562798599358E-003 -6.718269200016850E-018
  1.513719803451646E-003 -6.892105693776799E-018
  1.491717201971225E-003 -6.462627297428690E-018
  1.725597286521662E-003 -5.726378617974788E-018
  2.091060101516704E-003 -5.399156982661943E-018
  2.409921457392714E-003 -5.399156982661943E-018
  2.528446810076585E-003 -5.971794844459422E-018
  2.383069771165988E-003 -6.626238115085112E-018
  2.025431951173955E-003 -6.830751637155640E-018
  1.597091251669285E-003 -6.401273240807531E-018
  1.266275778598417E-003 -5.624121856939524E-018
  1.155046752282702E-003 -4.744713712036253E-018
  1.288461252013207E-003 -4.090270441410563E-018
  1.586838567630385E-003 -4.008465032582352E-018
  1.903036556031311E-003 -4.581102894379830E-018
  2.087308930865496E-003 -5.480962391490154E-018
  2.051142134199384E-003 -6.299016479772267E-018
  1.802930642811157E-003 -6.687592171706270E-018
  1.441322214125685E-003 -6.360370536393426E-018
  1.110560899255444E-003 -5.368479954351364E-018
  9.380899011696622E-004 -4.212978554652880E-018
  9.814021918749573E-004 -3.354021761956662E-018
  1.206190888208773E-003 -3.354021761956662E-018
  1.503833471893551E-003 -4.253881259066986E-018
  1.739428087089699E-003 -5.562767800318366E-018
  1.809154491254245E-003 -6.523981354049848E-018
  1.682664591615769E-003 -6.789848932741535E-018
  1.413383797820120E-003 -5.930892140045316E-018
  1.113595761462935E-003 -4.212978554652880E-018
  9.059003197734749E-004 -2.576870378088655E-018
  8.719723328267657E-004 -1.799718994220648E-018
  1.019894800722298E-003 -2.311002799396968E-018
  1.282928190301589E-003 -4.049367736996457E-018
  1.549209422065984E-003 -6.135405662115844E-018
  1.709200975292655E-003 -7.444292203367225E-018
  1.700865205184726E-003 -7.280681385710802E-018
  1.534087008969135E-003 -5.685475913560682E-018
  1.284887720445045E-003 -3.640340692855401E-018
  1.062566934474680E-003 -2.045135220705281E-018
  9.638757028692319E-004 -1.636108176564225E-018
  1.033281364145904E-003 -2.658675786916866E-018
  1.245486491521926E-003 -4.611779922690410E-018
  1.516965609052834E-003 -6.472213868775746E-018
  1.741313690971714E-003 -7.239778681296697E-018
  1.833544429302027E-003 -6.544432706256901E-018
  1.765007321061518E-003 -4.662908303208042E-018
  1.574641300279061E-003 -2.454162264846338E-018
  1.352131988731726E-003 -9.816649059385351E-019
  1.200137383643055E-003 -8.589567926962182E-019
  1.191347329787996E-003 -2.331454151604021E-018
  1.338226681487651E-003 -4.622005598793936E-018
  1.588001473509251E-003 -6.452401621325163E-018
  1.844947136785801E-003 -7.096619215847327E-018
  2.010653986119735E-003 -6.299016479772267E-018
  2.025404131498164E-003 -4.581102894379830E-018
  1.893269614787570E-003 -3.108605535472028E-018
  1.680313295025798E-003 -2.617773082502760E-018
  1.486565597821647E-003 -3.272216353128451E-018
  1.403546411997019E-003 -4.744713712036253E-018
  1.475304356113937E-003 -6.339919184186372E-018
  1.679566165490917E-003 -7.270455709607275E-018
  1.937126710769409E-003 -7.331809766228433E-018
  2.145597562653520E-003 -6.564884058463954E-018
  2.223174250566476E-003 -5.317351573833732E-018
  2.143689386429731E-003 -4.172075850238774E-018
  1.947849550176845E-003 -3.640340692855401E-018
  1.725726447767850E-003 -4.253881259066986E-018
  1.577953128306839E-003 -5.726378617974788E-018
  1.572319065389499E-003 -7.157973272468485E-018
  1.714522855157784E-003 -8.119186826199967E-018
  1.945772835146612E-003 -8.108961150096441E-018
  2.168309371897491E-003 -7.203988814934354E-018
  2.287790101734039E-003 -5.874650921475921E-018
  2.254126556789331E-003 -4.826519120864464E-018
  2.083022418712477E-003 -4.622005598793936E-018
  1.848876882642246E-003 -5.440059687076048E-018
  1.652214097558242E-003 -6.953459750397957E-018
  1.575909038211234E-003 -8.569116574755130E-018
  1.649329719921129E-003 -9.509878776279559E-018
  1.835984290873360E-003 -9.387170663037242E-018
  2.049917330356113E-003 -8.078284121785862E-018
  2.193506479249829E-003 -6.380821888600478E-018
  2.200007977120036E-003 -5.317351573833732E-018
  2.062254345495019E-003 -5.480962391490154E-018
  1.835123691728833E-003 -6.626238115085112E-018
  1.610983510938064E-003 -8.385054404891654E-018
  1.479128152841363E-003 -9.755295002764193E-018
  1.487089624801244E-003 -9.980259877041773E-018
  1.620652748367975E-003 -9.080400379931449E-018
  1.811007605173995E-003 -7.485194907781330E-018
  1.965507455662428E-003 -6.053600253287633E-018
  2.008264229015396E-003 -5.542316448111313E-018
  1.912760291861101E-003 -5.971794844459422E-018
  1.712451459220424E-003 -6.984136778708536E-018
  1.485178187359328E-003 -8.160089530614074E-018
  1.318672468866467E-003 -8.886112533964448E-018
  1.272507534491217E-003 -8.630470631376288E-018
  1.353046256828863E-003 -7.526097612195436E-018
  1.511931997156024E-003 -6.217211070944056E-018
  1.668220558292733E-003 -5.358254278247838E-018
  1.744022998426348E-003 -5.440059687076048E-018
  1.697949563932026E-003 -6.339919184186372E-018
  1.542007235148317E-003 -7.791965190887123E-018
  1.335123280302469E-003 -8.847766248576225E-018
  1.156716779500594E-003 -8.967917942792660E-018
  1.072215564995615E-003 -8.119186826199967E-018
  1.105521592526498E-003 -6.708043523913323E-018
  1.229998603444382E-003 -5.276448869419626E-018
  1.381277048973502E-003 -4.540200189965725E-018
  1.485751660278396E-003 -4.908324529692676E-018
  1.492153693115746E-003 -6.237662423151108E-018
  1.392681772317350E-003 -7.730611134265964E-018
  1.225055948178440E-003 -8.722501716308025E-018
  1.055235839443120E-003 -8.564003736703367E-018
  9.487351519618895E-004 -7.224440167141407E-018
  9.430122154623818E-004 -5.419608334868996E-018
  1.032536462388360E-003 -3.967562328168246E-018
  1.172399860875724E-003 -3.558535284027190E-018
  1.298353040150784E-003 -4.417492076723408E-018
  1.354333792429029E-003 -6.114954309908792E-018
  1.315725057835908E-003 -7.761288162576543E-018
  1.198760083203920E-003 -8.589567926962182E-018
  1.052586988969133E-003 -8.200992235028179E-018
  9.378355833108825E-004 -6.667140819499218E-018
  9.010122853148696E-004 -4.611779922690410E-018
  9.554841324757510E-004 -3.108605535472028E-018
  1.076751649830041E-003 -2.704691329382735E-018
  1.213569398240877E-003 -3.599437988441295E-018
  1.309880596813026E-003 -5.296900221626679E-018
  1.328209194297863E-003 -6.892105693776799E-018
  1.264800965503164E-003 -7.648805725437753E-018
  1.150451452858890E-003 -7.117070568054380E-018
  1.036999671533057E-003 -5.562767800318366E-018
  9.753700866653028E-004 -3.742597453890665E-018
  9.944022981811930E-004 -2.505290645363970E-018
  1.089203638831320E-003 -2.505290645363970E-018
  1.223679673683897E-003 -3.660792045062454E-018
  1.345975845196711E-003 -5.276448869419626E-018
  1.410253894889543E-003 -6.544432706256901E-018
  1.395695741602884E-003 -6.708043523913323E-018
  1.314879304138426E-003 -5.644573209146577E-018
  1.208151818224996E-003 -3.885756919340035E-018
  1.126464493493776E-003 -2.372356856018126E-018
  1.109910290855236E-003 -1.922427107462964E-018
  1.170953525710953E-003 -2.791609576262709E-018
  1.289341305433277E-003 -4.632231274897463E-018
  1.420779138924995E-003 -6.503530001842795E-018
  1.515681937630997E-003 -7.505646259988383E-018
  1.540087323070733E-003 -7.301132737917855E-018
  1.489913695277639E-003 -6.135405662115844E-018
  1.392551132482909E-003 -4.458394781137514E-018
  1.295121580174607E-003 -3.272216353128451E-018
  1.244388636385229E-003 -3.190410944300239E-018
  1.266848047656569E-003 -4.192527202445827E-018
  1.357468770866988E-003 -5.879763759527685E-018
  1.481886367849735E-003 -7.347148280383723E-018
  1.591119101088449E-003 -7.679482753748331E-018
  1.642520723158523E-003 -6.953459750397957E-018
  1.617999936573408E-003 -5.440059687076048E-018
  1.531692387929366E-003 -4.028916384789405E-018
  1.423790311208064E-003 -3.435827170784873E-018
  1.343186916007198E-003 -3.885756919340035E-018
  1.326414667355881E-003 -5.102612375659677E-018
  1.381959425263096E-003 -6.595561086774533E-018
  1.486710806300728E-003 -7.464743555574278E-018
  1.596058251848280E-003 -7.326696928176672E-018
  1.663234689515481E-003 -6.375709050548715E-018
  1.659511120452246E-003 -4.877647501382097E-018
  1.586496205824994E-003 -3.885756919340035E-018
  1.475246519712809E-003 -3.640340692855401E-018
  1.372638431733115E-003 -4.478846133344566E-018
  1.320983170276534E-003 -5.982020520562949E-018
  1.339771151891811E-003 -7.301132737917855E-018
  1.417452455652338E-003 -7.781739514783596E-018
  1.516742540517375E-003 -7.301132737917855E-018
  1.591033664940849E-003 -6.237662423151108E-018
  1.604682707687107E-003 -4.990129938520887E-018
  1.548327446821877E-003 -4.207865716601117E-018
  1.442635775294641E-003 -4.233429906859933E-018
  1.328995725944684E-003 -4.775390740346833E-018
  1.251350576147840E-003 -5.705927265767736E-018
  1.237179275031752E-003 -6.472852973532216E-018
  1.285884969551501E-003 -6.708043523913323E-018
  1.369516314805185E-003 -6.155857014322897E-018
  1.445314977445736E-003 -5.133289403970256E-018
  1.474457677406694E-003 -4.212978554652880E-018
  1.438769733976557E-003 -3.793725834408297E-018
  1.348213549810485E-003 -4.105608955565853E-018
  1.236087013451685E-003 -4.857515701553279E-018
  1.144247667542307E-003 -5.777506998492420E-018
  1.104946358010144E-003 -6.360370536393426E-018
  1.127180485451757E-003 -6.237662423151108E-018
  1.193351811304630E-003 -5.378705630454890E-018
  1.267436707992556E-003 -4.192527202445827E-018
  1.310886407683596E-003 -3.374473114163715E-018
  1.299237857509200E-003 -3.364247438060188E-018
  1.232284466011713E-003 -4.085157603358799E-018
  1.133604961251243E-003 -5.245771841109047E-018
  1.039924541390048E-003 -6.150744176271134E-018
  9.851270319404921E-004 -6.401273240807531E-018
  9.858943606958150E-004 -5.838861055113579E-018
  1.035059747013745E-003 -4.908324529692676E-018
  1.105295987294391E-003 -4.212978554652880E-018
  1.161279632104940E-003 -4.028916384789405E-018
  1.174918797897443E-003 -4.535087351913961E-018
  1.137090545398154E-003 -5.261110355264337E-018
  1.061010934931801E-003 -5.849086731217105E-018
  9.760532865902415E-004 -6.074051605494686E-018
  9.149071703570896E-004 -5.820966121932407E-018
  8.996954568790447E-004 -5.204869136694941E-018
  9.329345469419094E-004 -4.427717752826935E-018
  9.970034078279348E-004 -3.865305567132982E-018
  1.062097318585406E-003 -3.737484615838902E-018
  1.099080423615817E-003 -3.911321109598851E-018
  1.091705323654251E-003 -4.207865716601117E-018
  1.043097994735086E-003 -4.601554246586884E-018
  9.739544098830745E-004 -4.754939388139779E-018
  9.134303798303270E-004 -4.529974513862199E-018
  8.867257320907012E-004 -4.202752878549353E-018
  9.046297320048558E-004 -3.875531243236508E-018
  9.593354000925899E-004 -3.747710291942428E-018
  1.028110057610960E-003 -3.842297795900047E-018
  1.083104752473810E-003 -4.095383279462326E-018
  1.103078563657897E-003 -4.182301526342301E-018
  1.082118974048678E-003 -4.069819089203510E-018
  1.031796827284318E-003 -3.885756919340035E-018
  9.759939768598600E-004 -3.619889340648348E-018
  9.406960078506589E-004 -3.517632579613084E-018
  9.430866007987388E-004 -3.640340692855401E-018
  9.844916619173806E-004 -3.773274482201244E-018
  1.050047136780147E-003 -3.865305567132982E-018
  1.115127570109008E-003 -3.783500158304771E-018
  1.155762540737057E-003 -3.497181227406031E-018
  1.158646120455038E-003 -3.231313648714345E-018
  1.126566741330275E-003 -3.149508239886134E-018
  1.077038874767123E-003 -3.313119057542556E-018
  1.034776375752543E-003 -3.517632579613084E-018
  1.021214947800576E-003 -3.783500158304771E-018
  1.045501150464255E-003 -3.814177186615350E-018
  1.100720838081261E-003 -3.701694749476559E-018
  1.166918595060022E-003 -3.527858255716610E-018
  1.219597048043045E-003 -3.313119057542556E-018
  1.240083376767692E-003 -3.149508239886134E-018
  1.223376447854186E-003 -3.108605535472028E-018
  1.180166347724242E-003 -3.292667705335503E-018
  1.132193029111272E-003 -3.619889340648348E-018
  1.102935885580794E-003 -4.049367736996457E-018
  1.107604244131098E-003 -4.458394781137514E-018
  1.146689062957970E-003 -4.489071809448093E-018
  1.205812817834394E-003 -4.161850174135248E-018
  1.261924354569600E-003 -3.686356235321270E-018
  1.293175422500624E-003 -3.323344733646083E-018
  1.288244941145689E-003 -3.292667705335503E-018
  1.251120357181195E-003 -3.640340692855401E-018
  1.199300508670403E-003 -4.131173145824669E-018
  1.156212661845325E-003 -4.560651542172778E-018
  1.141121243022159E-003 -4.673133979311568E-018
  1.160876427521642E-003 -4.422604914775171E-018
  1.207045506614582E-003 -4.011021451608234E-018
  1.259637816325218E-003 -3.679805411567448E-018
  1.295785007959582E-003 -3.630115016751874E-018
  1.299606288282689E-003 -3.594325150389533E-018
  1.268994649608039E-003 -3.517632579613084E-018
  1.216414053233176E-003 -3.517632579613084E-018
  1.163405053135499E-003 -3.650566368958928E-018
  1.131220495514428E-003 -3.809064348563587E-018
  1.131670471407820E-003 -3.982900842323535E-018
  1.162133010458498E-003 -4.264106935170512E-018
  1.206849194500305E-003 -4.703811007622148E-018
  1.243879786284483E-003 -5.056596833193808E-018
  1.254654097518208E-003 -5.192087041565534E-018
  1.231951347811882E-003 -5.105168794685559E-018
  1.182880835371736E-003 -4.846970473071517E-018
  1.125634861259981E-003 -4.522305256784554E-018
  1.081501023224454E-003 -4.315235315688144E-018
  1.065653263648946E-003 -4.325460991791670E-018
  1.080719823111262E-003 -4.437943428930461E-018
  1.115864901968630E-003 -4.683359655415095E-018
  1.151692809255415E-003 -5.051483995142046E-018
  1.168760575438881E-003 -5.378705630454890E-018
  1.155963141770449E-003 -5.667580980379511E-018
  1.115176609342234E-003 -5.751942808233604E-018
  1.060227196234671E-003 -5.478405972464273E-018
  1.010738682181767E-003 -5.013137709753822E-018
  9.836083209231572E-004 -4.550425866069251E-018
  9.858266757718857E-004 -4.223204230756406E-018
  1.011699884991516E-003 -4.253881259066986E-018
  1.045572764299725E-003 -4.806067768657412E-018
  1.068762567700506E-003 -5.552542124214839E-018
  1.067634853182260E-003 -6.089390119649976E-018
  1.039335000988334E-003 -6.222323908995819E-018
  9.927772544108405E-004 -5.842695683652401E-018
  9.445821531019075E-004 -5.105168794685559E-018
  9.118212095623196E-004 -4.340799505946960E-018
  9.047442544731290E-004 -3.855079891029456E-018
  9.225902198488156E-004 -3.931772461805904E-018
  9.541867013052283E-004 -4.473733295292803E-018
  9.829598125199429E-004 -5.174192108384362E-018
  9.941108149229842E-004 -5.654798885250103E-018
  9.808566278803469E-004 -5.509083000774852E-018
  9.471130928995153E-004 -4.795842092553885E-018
  9.055788032839093E-004 -3.921546785702377E-018
  8.721521256784734E-004 -3.384698790267241E-018
  8.591378740559219E-004 -3.397480885396649E-018
  8.701431406250221E-004 -3.885756919340035E-018
  8.987697775806935E-004 -4.545313028017488E-018
  9.315544745552541E-004 -5.046371157090282E-018
  9.538085152592358E-004 -5.238102584031402E-018
  9.558274558499239E-004 -5.010581290727940E-018
  9.368533524584095E-004 -4.356138020102250E-018
  9.051835220308647E-004 -3.568760960130716E-018
  8.744756690233351E-004 -3.006348774436764E-018
  8.578898218142969E-004 -3.042138640799106E-018
  8.625711991722539E-004 -3.512519741561321E-018
  8.867746672646774E-004 -4.212978554652880E-018
  9.207737249292694E-004 -4.806067768657412E-018
  9.510910105202777E-004 -5.010581290727940E-018
  9.662118448132120E-004 -4.734488035932727E-018
  9.613632692366111E-004 -3.957336652064720E-018
  9.403806483256671E-004 -3.190410944300239E-018
  9.139373972947871E-004 -3.016574450540290E-018
  8.949435194641205E-004 -3.527858255716610E-018
  8.930847922112055E-004 -4.397040724516355E-018
  9.107992361514168E-004 -5.337802926040784E-018
  9.423507037970468E-004 -5.869538083424158E-018
  9.763412297970548E-004 -5.736604294078315E-018
  1.000562482790601E-003 -4.846970473071517E-018
  1.007123599537072E-003 -3.701694749476559E-018
  9.957027742746442E-004 -2.842737956780341E-018
  9.735805126707373E-004 -2.638224434709813E-018
  9.524756908273626E-004 -3.231313648714345E-018
  9.435466677094294E-004 -4.437943428930461E-018
  9.526778375908479E-004 -5.583219152525418E-018
  9.780340193186706E-004 -6.043374577184107E-018
  1.010894893896156E-003 -5.552542124214839E-018
  1.039391893615172E-003 -4.489071809448093E-018
  1.053547541858235E-003 -3.374473114163715E-018
  1.049476694071651E-003 -2.852963632883868E-018
  1.030975935300231E-003 -3.190410944300239E-018
  1.007843340081743E-003 -4.202752878549353E-018
  9.916610567151114E-004 -5.358254278247838E-018
  9.908473314631868E-004 -6.114954309908792E-018
  1.007087070981107E-003 -6.258113775358162E-018
  1.034653815728135E-003 -5.695701589664209E-018
  1.062896906391026E-003 -4.795842092553885E-018
  1.080815619239971E-003 -4.115834631669379E-018
  1.081755018828406E-003 -3.967562328168246E-018
  1.066214800362912E-003 -4.335686667895197E-018
  1.041579306687134E-003 -4.949227234106782E-018
  1.018901872530482E-003 -5.562767800318366E-018
  1.008139497156622E-003 -5.936004978097079E-018
  1.013891962958594E-003 -5.813296864854763E-018
  1.033471659847589E-003 -5.281561707471390E-018
  1.058117783821853E-003 -4.524861675810436E-018
  1.076810755192328E-003 -4.031472803815286E-018
  1.081026815224281E-003 -4.156737336083484E-018
  1.068379265313951E-003 -4.683359655415095E-018
  1.043587758239969E-003 -5.521865095904260E-018
  1.016381280506818E-003 -6.120067147960555E-018
  9.972662852718774E-004 -6.094502957701739E-018
  9.930042672049999E-004 -5.532090772007787E-018
  1.003751159353356E-003 -4.844414054045636E-018
  1.023074225836280E-003 -4.512079580681027E-018
  1.040807130680716E-003 -4.688472493466858E-018
  1.047478921736395E-003 -5.371036373377245E-018
  1.038387827519183E-003 -6.173751947504068E-018
  1.015567705256234E-003 -6.733607714172139E-018
  9.868272255338338E-004 -6.610899600929823E-018
  9.623164724378013E-004 -6.033148901080580E-018
  9.501363907797364E-004 -5.378705630454890E-018
  9.528973449531104E-004 -4.918550205796202E-018
  9.666946152237125E-004 -4.867421825278570E-018
  9.829031917657463E-004 -5.194643460591415E-018
  9.919723352422702E-004 -5.751942808233604E-018
  9.875526601014052E-004 -6.273452289513451E-018
  9.691746187744869E-004 -6.549545544308664E-018
  9.423531769229962E-004 -6.439619526195755E-018
  9.161218361655386E-004 -5.886793911848859E-018
  8.991043731643869E-004 -5.305847688217264E-018
  8.958390175350098E-004 -4.877647501382097E-018
  9.049265150828931E-004 -4.816293444760938E-018
  9.197581558609813E-004 -5.138402242022020E-018
  9.314575149504714E-004 -5.590888409603063E-018
  9.327292192309989E-004 -5.939839606635902E-018
  9.209488473036518E-004 -5.923222882967671E-018
  8.991904229347652E-004 -5.529534352981905E-018
  8.747993990371593E-004 -4.960731119723248E-018
  8.561762090821608E-004 -4.486515390422211E-018
  8.491829721251727E-004 -4.509523161655146E-018
  8.547125152614524E-004 -4.992686357546768E-018
  8.684265066451581E-004 -5.790289093621828E-018
  8.827220885535650E-004 -6.370596212496952E-018
  8.900379651234412E-004 -6.466461925967512E-018
  8.860644960386287E-004 -6.081720862572331E-018
  8.714991088149686E-004 -5.480962391490154E-018
  8.516388984143387E-004 -5.255997517212574E-018
  8.340355949918479E-004 -5.307125897730205E-018
  8.252517217228780E-004 -5.580662733499537E-018
  8.281102772507458E-004 -6.007584710821764E-018
  8.405870114968194E-004 -6.274730499026392E-018
  8.567730293703840E-004 -6.356535907854603E-018
  8.694526294601619E-004 -6.217211070944056E-018
  8.731725541674669E-004 -5.956456330304133E-018
  8.664994531410244E-004 -5.598557666680708E-018
  8.525348024513255E-004 -5.296900221626679E-018
  8.375103642871800E-004 -5.266223193316100E-018
  8.280970273013986E-004 -5.378705630454890E-018
  8.285851913396448E-004 -5.506526581748970E-018
  8.391229494762837E-004 -5.613896180835997E-018
  8.557292504774917E-004 -5.598557666680708E-018
  8.720404546476875E-004 -5.455398201231338E-018
  8.820235692821141E-004 -5.245771841109047E-018
  8.824999261565419E-004 -4.949227234106782E-018
  8.744246830173233E-004 -4.846970473071517E-018
  8.624080236725468E-004 -4.949227234106782E-018
  8.527093327295415E-004 -5.102612375659677E-018
  8.505711307066093E-004 -5.266223193316100E-018
  8.580218704104922E-004 -5.358254278247838E-018
  8.730625079534070E-004 -5.378705630454890E-018
  8.905580113384361E-004 -5.404269820713706E-018
  9.044353760306994E-004 -5.572993476421892E-018
  9.102468941202710E-004 -5.859312407320631E-018
  9.070161760807402E-004 -6.022923224977054E-018
  8.975989941142500E-004 -5.889989435631210E-018
  8.874243835073000E-004 -5.501413743697208E-018
  8.821645382511757E-004 -5.041258319038519E-018
  8.853275365037429E-004 -4.662908303208042E-018
  8.967897224785687E-004 -4.519748837758672E-018
  9.128786321138152E-004 -4.662908303208042E-018
  9.279570693842771E-004 -4.949227234106782E-018
  9.368246934776846E-004 -5.409382658765469E-018
  9.369129634505355E-004 -5.705927265767736E-018
  9.293446556039655E-004 -5.634347533043051E-018
  9.184174788211096E-004 -5.010581290727940E-018
  9.097433847707463E-004 -4.294783963481091E-018
  9.078447822065116E-004 -3.885756919340035E-018
  9.142344688281008E-004 -3.952223814012956E-018
  9.267933686539520E-004 -4.305009639584618E-018
  9.407017912777061E-004 -4.545313028017488E-018
  9.505156373615714E-004 -4.616892760742173E-018
  9.524928491485431E-004 -4.565764380224541E-018
  9.461743623214799E-004 -4.524861675810436E-018
  9.345492429087038E-004 -4.407266400619882E-018
  9.227441475330732E-004 -4.335686667895197E-018
  9.158096404036433E-004 -4.361250858154012E-018
  9.165588467678679E-004 -4.458394781137514E-018
  9.243844072893036E-004 -4.680803236389213E-018
  9.355528187913529E-004 -4.974791424365597E-018
  9.448369890233647E-004 -5.225320488901995E-018
  9.477741569967707E-004 -5.386374887532535E-018
  9.425737220770907E-004 -5.598557666680708E-018
  9.308587901618896E-004 -5.634347533043051E-018
  9.169344689170493E-004 -5.470736715386628E-018
  9.059127373259547E-004 -5.207425555720823E-018
  9.015123854073856E-004 -4.827797330377405E-018
  9.044836733922215E-004 -4.533809142401021E-018
  9.123279148054128E-004 -4.470537771510451E-018
  9.204169586886873E-004 -4.620407836902760E-018
  9.240135539388053E-004 -4.883399444190330E-018
  9.203119248058814E-004 -5.155018965690250E-018
  9.096206110355918E-004 -5.409382658765469E-018
  8.951907204226826E-004 -5.598557666680708E-018
  8.817827855949253E-004 -5.602392295219531E-018
  8.736069718052907E-004 -5.295622012113739E-018
  8.725315401111009E-004 -4.931332300925610E-018
  8.773252323271575E-004 -4.843135844532695E-018
  8.842423598219622E-004 -5.093664909069091E-018
  8.886770193514194E-004 -5.603670504732472E-018
  8.871580000756885E-004 -6.162248061887602E-018
  8.788222642653756E-004 -6.434506688143992E-018
  8.657442083382393E-004 -6.328415298569906E-018
  8.520004459646269E-004 -5.970516634946481E-018
  8.418945650618703E-004 -5.501413743697208E-018
  8.381183165386720E-004 -5.310321421512557E-018
  8.406376741679639E-004 -5.498857324671326E-018
  8.467659647337947E-004 -5.835665531331227E-018
  8.523687780832503E-004 -6.004069634661177E-018
  8.536624647815440E-004 -5.792845512647710E-018
  8.488257282336511E-004 -5.250884679160810E-018
  8.387404326001438E-004 -4.760052226191543E-018
  8.265643060301911E-004 -4.509523161655146E-018
  8.163429473166442E-004 -4.588772151457475E-018
  8.112732991696295E-004 -4.827797330377405E-018
  8.123653322048652E-004 -5.082161023452625E-018
  8.180622356916805E-004 -5.067461614053805E-018
  8.249590483173418E-004 -4.818849863786819E-018
  8.292898166786339E-004 -4.466064038215158E-018
  8.285348255006713E-004 -4.092826860436444E-018
  8.224636296957085E-004 -3.918990366676496E-018
  8.131846908929129E-004 -4.059593413099984E-018
  8.042031003160531E-004 -4.371476534257539E-018
  7.989075414649636E-004 -4.555538704121015E-018
  7.991391727199482E-004 -4.517192418732791E-018
  8.044453826723677E-004 -4.322904572765789E-018
  8.123183344944091E-004 -4.046811317970575E-018
  8.192958645501150E-004 -3.906208271547088E-018
  8.224414663006883E-004 -3.880644081288271E-018
  8.205711724950115E-004 -4.028916384789405E-018
  8.147157253559542E-004 -4.289671125429328E-018
  8.076394724872015E-004 -4.622005598793936E-018
  8.026381288710095E-004 -4.995242776572650E-018
  8.021361489143923E-004 -5.225320488901995E-018
  8.066779438790170E-004 -5.102612375659677E-018
  8.147296419413379E-004 -4.627118436845700E-018
  8.233592844516965E-004 -3.875531243236508E-018
  8.294930084713565E-004 -3.246652162869634E-018
  8.312084895866509E-004 -3.134169725730844E-018
  8.285210858770274E-004 -3.476729875198979E-018
  8.233408407145991E-004 -4.044254898944694E-018
  8.186323201527285E-004 -4.683359655415095E-018
  8.171436542995194E-004 -5.092386699556151E-018
  8.202463246496612E-004 -5.041258319038519E-018
  8.273723291681685E-004 -4.596441408535120E-018
  8.362769278304537E-004 -3.988013680375299E-018
  8.440046165305908E-004 -3.676130559217743E-018
  8.481417068695172E-004 -3.860192729081219E-018
  8.478237213041049E-004 -4.335686667895197E-018
  8.440758682986033E-004 -4.908324529692676E-018
  8.393511531858627E-004 -5.399156982661943E-018
  8.364707249907506E-004 -5.511639419800733E-018
  8.374210731352027E-004 -5.245771841109047E-018
  8.425182219076614E-004 -4.463507619189276E-018
  8.502885996822152E-004 -3.466504199095452E-018
  8.581095495496959E-004 -2.750706871848604E-018
  8.633304193998650E-004 -2.776271062107420E-018
  8.643941818235989E-004 -3.563648122078953E-018
  8.614837142999121E-004 -4.611779922690410E-018
  8.564228489130476E-004 -5.547429286163076E-018
  8.518811711729208E-004 -5.992246196666474E-018
  8.502270682238757E-004 -5.716152941871261E-018
  8.525202409718604E-004 -4.862308987226807E-018
  8.580714133059231E-004 -3.814177186615350E-018
  8.647517741793880E-004 -3.221087972610819E-018
  8.699135331705649E-004 -3.502294065457794E-018
  8.715233919013236E-004 -4.366363696205776E-018
  8.690231518121551E-004 -5.363367116299601E-018
  8.635523347356434E-004 -6.079164443546449E-018
  8.574435267609602E-004 -6.309242155875793E-018
  8.532130053949713E-004 -5.946230654200606E-018
  8.524832501438163E-004 -5.215094812798468E-018
  8.552991724477442E-004 -4.351025182050487E-018
  8.601269752760868E-004 -3.763048806097718E-018
  8.645292524868364E-004 -3.729815358761257E-018
  8.662200504791073E-004 -4.241099163937578E-018
  8.640435975851840E-004 -5.018250547805585E-018
  8.584578500551284E-004 -5.711040103819499E-018
  8.513209697512736E-004 -6.094502957701739E-018
  8.450803031990982E-004 -5.982020520562949E-018
  8.417188650535619E-004 -5.360810697273719E-018
  8.419143389916689E-004 -4.532530932888080E-018
  8.447688665847084E-004 -3.998239356478825E-018
  8.482182745781602E-004 -3.897260804956502E-018
  8.499361358331049E-004 -4.358694439128132E-018
  8.483379223358467E-004 -5.209981974746705E-018
  8.432528699732311E-004 -6.076608024520568E-018
  8.359799461501369E-004 -6.523981354049848E-018
  8.287129097919422E-004 -6.421724593014584E-018
  8.235906015872993E-004 -5.792845512647710E-018
  8.217856129175296E-004 -4.761330435704484E-018
  8.230215557810954E-004 -3.926659623754141E-018
  8.257189711702436E-004 -3.702972958989500E-018
  8.276969268934047E-004 -4.243655582963459E-018
  8.271202551754877E-004 -5.143515080073783E-018
  8.232824035268288E-004 -5.879763759527685E-018
  8.168915414283699E-004 -6.148187757245253E-018
  8.097463452607230E-004 -5.979464101537067E-018
  8.039513149897478E-004 -5.488631648567799E-018
  8.010157622788878E-004 -4.972235005339716E-018
  8.012238257657972E-004 -4.559373332659837E-018
  8.035394830837284E-004 -4.386815048412829E-018
  8.060767026922327E-004 -4.522305256784554E-018
  8.069228955813783E-004 -5.015694128779703E-018
  8.049573021201138E-004 -5.667580980379511E-018
  8.003154588612743E-004 -6.068938767442923E-018
  7.943090255284652E-004 -5.966682006407659E-018
  7.888463213694159E-004 -5.549985705188957E-018
  7.856105750584919E-004 -5.066822509297335E-018
  7.853505193446885E-004 -4.765165064243306E-018
  7.875825680911152E-004 -4.795842092553885E-018
  7.908224242493916E-004 -5.281561707471390E-018
  7.932365431788600E-004 -5.895102273682974E-018
  7.934280490596355E-004 -6.291347222694622E-018
  7.910208937212897E-004 -6.319467831979320E-018
  7.867989152586113E-004 -6.104728633805265E-018
  7.823503332517360E-004 -5.670137399405393E-018
  7.793786947825204E-004 -5.240659003057284E-018
  7.789789357647210E-004 -5.020806966831466E-018
  7.811855268904924E-004 -5.143515080073783E-018
  7.849780804934891E-004 -5.450285363179575E-018
  7.887325862533605E-004 -5.695701589664209E-018
  7.909185254765616E-004 -5.864425245372395E-018
  7.907425139012264E-004 -5.976907682511185E-018
  7.884678670086700E-004 -5.843973893165342E-018
  7.852816707153697E-004 -5.526977933956023E-018
  7.827742824336782E-004 -5.204869136694941E-018
  7.822582443720112E-004 -4.939001558003255E-018
  7.842168409151834E-004 -4.836744796967991E-018
  7.881123820962014E-004 -4.739600873984490E-018
  7.926284824903510E-004 -4.867421825278570E-018
  7.962364751819730E-004 -5.174192108384362E-018
  7.978415710301374E-004 -5.424721172920759E-018
  7.972350634613580E-004 -5.409382658765469E-018
  7.951652220732398E-004 -5.041258319038519E-018
  7.930032215912717E-004 -4.386815048412829E-018
  7.921514129671168E-004 -3.671017721165980E-018
  7.934474788127824E-004 -3.175072430144949E-018
  7.968158778927922E-004 -3.006348774436764E-018
  8.013100187445539E-004 -3.108605535472028E-018
  8.055217847143966E-004 -3.369360276111951E-018
  8.081804056145385E-004 -3.773274482201244E-018
  8.086851808798373E-004 -4.356138020102250E-018
  8.073478430272726E-004 -4.795842092553885E-018
  8.052458511144731E-004 -4.939001558003255E-018
  8.037535447931063E-004 -4.642456951000989E-018
  8.039534920885074E-004 -3.901095433495325E-018
  8.061786823478294E-004 -2.975671746126185E-018
  8.098779730467745E-004 -2.142279143688783E-018
  8.138581438896737E-004 -2.040022382653518E-018
  8.167957172750444E-004 -2.638224434709813E-018
  8.177984314962510E-004 -3.563648122078953E-018
  8.167774699498041E-004 -4.402153562568118E-018
  8.144743464418788E-004 -4.708923845673910E-018
  8.121346503265320E-004 -4.335686667895197E-018
  8.109710728482063E-004 -3.405150142474294E-018
  8.116463794225816E-004 -2.203633200309941E-018
  8.139962489990384E-004 -1.559415605787777E-018
  8.171075945180163E-004 -1.835508860582990E-018
  8.197153543749543E-004 -2.801835252366236E-018
  8.207452986218980E-004 -4.003352194530589E-018
  8.197697756479108E-004 -4.846970473071517E-018
  8.171827754467350E-004 -4.841857635019754E-018
  8.140224802134625E-004 -3.967562328168246E-018
  8.115208194300145E-004 -2.551306187829839E-018
  8.105754425005027E-004 -1.452046006700750E-018
  8.113706895083430E-004 -1.181065589957300E-018
  8.133080215578614E-004 -1.753703451754779E-018
  8.152722153190657E-004 -2.916874108530908E-018
  8.161155888121803E-004 -4.108165374591734E-018
  8.151504580110860E-004 -4.726818778855082E-018
  8.124388771125041E-004 -4.466064038215158E-018
  8.087580197528270E-004 -3.481842713250742E-018
  8.052600076599841E-004 -2.472057198027509E-018
  8.029757315772299E-004 -2.029796706549992E-018
  8.023772244557044E-004 -2.344236246733429E-018
  8.031853070679997E-004 -3.113718373523791E-018
  8.045016250970048E-004 -3.949667394987075E-018
  8.052040497244878E-004 -4.287114706403447E-018
  8.044323295007046E-004 -3.970118747194128E-018
  8.019546166987184E-004 -3.323344733646083E-018
  7.982595727181982E-004 -2.737924776719195E-018
  7.943386802426253E-004 -2.576870378088655E-018
  7.912567071430324E-004 -2.840181537754460E-018
  7.896975493588263E-004 -3.379585952215478E-018
  7.896802864800506E-004 -3.878087662262390E-018
  7.905642400741258E-004 -3.913877528624732E-018
  7.913361053505289E-004 -3.489511970328387E-018
  7.910515696024263E-004 -2.939881879763842E-018
  7.892398774951314E-004 -2.630555177632169E-018
  7.860989789667652E-004 -2.707247748408616E-018
  7.824015140697702E-004 -3.198080201377884E-018
  7.791569627689100E-004 -3.862749148107101E-018
  7.771786829902080E-004 -4.368920115231657E-018
  7.767424469612633E-004 -4.437943428930461E-018
  7.774805118092577E-004 -3.954780233038838E-018
  7.785519815865493E-004 -3.269659934102569E-018
  7.790115481723033E-004 -2.827399442625052E-018
  7.782156114150321E-004 -2.888753499246210E-018
  7.760920094511589E-004 -3.499737646431913E-018
  7.731611456786511E-004 -4.391927886464592E-018
  7.703044068627425E-004 -5.110281632737322E-018
  7.683834063837301E-004 -5.148627918125546E-018
  7.678749462622714E-004 -4.307566058610499E-018
  7.686765489138358E-004 -3.083041345213212E-018
  7.701617583703650E-004 -2.160174076869954E-018
  7.714567022144357E-004 -2.014458192394702E-018
  7.718160662300803E-004 -2.822286604573288E-018
  7.709369635876509E-004 -4.146511659979959E-018
  7.690788434710690E-004 -5.199756298643178E-018
  7.669425090475110E-004 -5.480962391490154E-018
  7.653643346104735E-004 -4.913437367744439E-018
  7.649588833696535E-004 -3.809064348563587E-018
  7.658622595231803E-004 -2.643337272761576E-018
  7.676828275098743E-004 -1.983781164084123E-018
  7.696760883845939E-004 -2.331454151604021E-018
  7.710654016277648E-004 -3.584099474286006E-018
  7.713701481870203E-004 -5.000355614624413E-018
  7.706024895332087E-004 -5.782619836544184E-018
  7.692520588393608E-004 -5.506526581748970E-018
  7.680690064441446E-004 -4.381702210361066E-018
  7.677407553233010E-004 -2.944994717815605E-018
  7.686009216261848E-004 -2.045135220705281E-018
  7.704927583225958E-004 -2.126940629533493E-018
  7.728420818164820E-004 -3.144395401834370E-018
  7.749052817170779E-004 -4.514635999706909E-018
  7.760847324930118E-004 -5.409382658765469E-018
  7.761773083009549E-004 -5.409382658765469E-018
  7.754521577828547E-004 -4.535087351913961E-018
  7.745276350290430E-004 -3.410262980526057E-018
  7.741025295376976E-004 -2.643337272761576E-018
  7.746573866589428E-004 -2.663788624968629E-018
  7.762525807116508E-004 -3.369360276111951E-018
  7.785070639758515E-004 -4.345912343998723E-018
  7.807641753319153E-004 -5.199756298643178E-018
  7.823717576490436E-004 -5.337802926040784E-018
  7.829565200582316E-004 -4.627118436845700E-018
  7.825766365853299E-004 -3.466504199095452E-018
  7.816896127259940E-004 -2.592208892243944E-018
  7.809514419871755E-004 -2.525741997571023E-018
  7.809342995431433E-004 -3.205749458455529E-018
  7.818834446739562E-004 -4.248768421015223E-018
  7.836159230391102E-004 -5.112838051763204E-018
  7.856023181748919E-004 -5.271336031367863E-018
  7.871946728480961E-004 -4.647569789052752E-018
  7.879020930588129E-004 -3.558535284027190E-018
  7.875964205420436E-004 -2.617773082502760E-018
  7.865613874335843E-004 -2.413259560432232E-018
  7.853661524189003E-004 -3.093267021316738E-018
  7.846190075038541E-004 -4.340799505946960E-018
  7.847074154296749E-004 -5.537203610059550E-018
  7.856352004936086E-004 -5.997359034718238E-018
  7.870251387347641E-004 -5.424721172920759E-018
  7.882839832250928E-004 -4.059593413099984E-018
  7.888577536389491E-004 -2.561531863933365E-018
  7.884674121295294E-004 -1.912201431359438E-018
  7.872246160549173E-004 -2.413259560432232E-018
  7.855795232304321E-004 -3.727258939735376E-018
  7.841248627223515E-004 -5.174192108384362E-018
  7.833416015345834E-004 -6.043374577184107E-018
  7.833955228932352E-004 -5.833748217061815E-018
  7.840710184619379E-004 -4.660351884182160E-018
  7.848687333309643E-004 -3.231313648714345E-018
  7.852233221849095E-004 -2.505290645363970E-018
  7.847467261587956E-004 -2.806948090417999E-018
  7.833926152064906E-004 -4.013577870634115E-018
  7.814726670049027E-004 -5.468180296360747E-018
  7.795196350081947E-004 -6.523981354049848E-018
  7.780577976532605E-004 -6.623681696059230E-018
  7.773802316478572E-004 -5.670137399405393E-018
  7.774281029202326E-004 -4.243655582963459E-018
  7.778221995691752E-004 -3.052364316902633E-018
  7.780310586751735E-004 -2.630555177632169E-018
  7.776017838730026E-004 -3.295224124361385E-018
  7.763538782703247E-004 -4.757495807165661E-018
  7.744537123124666E-004 -6.531650611127493E-018
  7.723395692240416E-004 -7.761288162576543E-018
  7.705316174052356E-004 -7.648805725437753E-018
  7.694098680217382E-004 -6.224880328021701E-018
  7.690555628400863E-004 -4.235986325885814E-018
  7.692227722548478E-004 -2.640780853735695E-018
  7.694502061427980E-004 -2.152504819792309E-018
  7.692631227850124E-004 -2.858076470935631E-018
  7.683775511285444E-004 -4.330573829843433E-018
  7.668195536058085E-004 -5.895102273682974E-018
  7.649100668209295E-004 -6.807743865922706E-018
  7.631241376948334E-004 -6.587891829696888E-018
  7.618868433606833E-004 -5.294343802600798E-018
  7.613940850514249E-004 -3.497181227406031E-018
  7.615342268966001E-004 -2.119271372455848E-018
  7.619421417648934E-004 -1.758816289806542E-018
  7.621601902006092E-004 -2.633111596658050E-018
  7.618355659434959E-004 -4.253881259066986E-018
  7.608692854753844E-004 -5.698258008690091E-018
  7.594543055615121E-004 -6.319467831979320E-018
  7.579886445476777E-004 -5.884876597579448E-018
  7.569028373192675E-004 -4.703811007622148E-018
  7.564767238296521E-004 -3.323344733646083E-018
  7.567236455840977E-004 -2.323784894526376E-018
  7.573899570180065E-004 -2.083481506093506E-018
  7.580678422378001E-004 -2.602434568347471E-018
  7.583713615029287E-004 -3.609663664544822E-018
  7.580997991751577E-004 -4.693585331518621E-018
  7.573192592359078E-004 -5.419608334868996E-018
  7.563294729521480E-004 -5.353141440196074E-018
  7.555320865991243E-004 -4.499297485551619E-018
  7.552581291064549E-004 -3.435827170784873E-018
  7.556285353006918E-004 -2.627998758606287E-018
  7.565061818880396E-004 -2.530854835622786E-018
  7.575580360880067E-004 -3.169959592093186E-018
  7.583990633630190E-004 -4.166963012187011E-018
  7.587554821606995E-004 -5.138402242022020E-018
  7.585779334467393E-004 -5.619009018887761E-018
  7.580575955679862E-004 -5.501413743697208E-018
  7.575401697880355E-004 -4.908324529692676E-018
  7.573759298395446E-004 -4.269219773222275E-018
  7.577703751284905E-004 -3.814177186615350E-018
  7.586986386016051E-004 -3.711920425580086E-018
  7.599187620343759E-004 -4.028916384789405E-018
  7.610765695847659E-004 -4.591328570483357E-018
  7.618562819462687E-004 -5.015694128779703E-018
  7.621124401357289E-004 -5.061709671245571E-018
  7.619276542026085E-004 -4.637344112949225E-018
  7.615729305834879E-004 -3.865305567132982E-018
  7.613888793524230E-004 -3.077928507161449E-018
  7.616392716559158E-004 -2.689352815227445E-018
  7.623993306648493E-004 -2.929656203660316E-018
  7.635255219166798E-004 -3.599437988441295E-018
  7.647184489420023E-004 -4.269219773222275E-018
  7.656508964900830E-004 -4.606667084638646E-018
  7.661058823247142E-004 -4.458394781137514E-018
  7.660661029210416E-004 -3.844854214925929E-018
  7.657175399182503E-004 -3.236426486766108E-018
  7.653668578426968E-004 -2.909204851453263E-018
  7.653087641138461E-004 -2.883640661194447E-018
  7.657002481539274E-004 -3.180185268196713E-018
  7.664949729646986E-004 -3.584099474286006E-018
  7.674649007367748E-004 -3.988013680375299E-018
  7.682988712147672E-004 -4.059593413099984E-018
  7.687353020702909E-004 -3.844854214925929E-018
  7.686722060367089E-004 -3.538083931820137E-018
  7.682080426026454E-004 -3.200636620403766E-018
  7.675968812740638E-004 -2.975671746126185E-018
  7.671379923345088E-004 -3.246652162869634E-018
  7.670476417904629E-004 -3.855079891029456E-018
  7.673678785780748E-004 -4.478846133344566E-018
  7.679507066531644E-004 -4.913437367744439E-018
  7.685234728480041E-004 -4.908324529692676E-018
  7.688066260696015E-004 -4.591328570483357E-018
  7.686330197962059E-004 -4.305009639584618E-018
  7.680178730942800E-004 -4.315235315688144E-018
  7.671501561486005E-004 -4.555538704121015E-018
  7.663100410874762E-004 -4.734488035932727E-018
  7.657485566571110E-004 -4.852083311123280E-018
  7.655812803436679E-004 -4.875091082356215E-018
  7.657412704271497E-004 -4.921106624822083E-018
  7.660105775492338E-004 -4.936445138977373E-018
  7.661158639412539E-004 -4.885316758459741E-018
  7.658464510198817E-004 -4.691028912492739E-018
  7.651440680754188E-004 -4.315235315688144E-018
  7.641263316771129E-004 -3.878087662262390E-018
  7.630348147940111E-004 -3.612220083570703E-018
  7.621309247467995E-004 -3.571317379156598E-018
  7.615848058209641E-004 -3.970118747194128E-018
  7.614048393153709E-004 -4.604110665612765E-018
  7.614372878724083E-004 -5.056596833193808E-018
  7.614352183188482E-004 -5.115394470789086E-018
  7.611662288857439E-004 -4.895542434563268E-018
  7.605123637019493E-004 -4.435387009904579E-018
  7.595196328586449E-004 -3.934328880831785E-018
  7.583767440276741E-004 -3.635227854803638E-018
  7.573332231709712E-004 -3.594325150389533E-018
  7.565928480320032E-004 -3.773274482201244E-018
  7.562282999369411E-004 -4.161850174135248E-018
  7.561531378508897E-004 -4.650126208078634E-018
  7.561621247508938E-004 -4.974791424365597E-018
  7.560215613177611E-004 -5.097499537607914E-018
  7.555702340010623E-004 -4.967122167287952E-018
  7.547877177406338E-004 -4.652682627104515E-018
  7.538014454331395E-004 -4.105608955565853E-018
  7.528305779367125E-004 -3.535527512794255E-018
  7.520917027644384E-004 -3.274772772154332E-018
  7.517072277628169E-004 -3.420488656629583E-018
  7.516554610988573E-004 -3.893426176417680E-018
  7.517829033309513E-004 -4.381702210361066E-018
  7.518724000474302E-004 -4.504410323603382E-018
  7.517371265889577E-004 -4.113278212643498E-018
  7.512999276076122E-004 -3.400037304422530E-018
  7.506245139740240E-004 -2.760932547952130E-018
  7.498861250785944E-004 -2.428598074587522E-018
  7.492952442755673E-004 -2.633111596658050E-018
  7.490076642330779E-004 -3.261990677024924E-018
  7.490593780107367E-004 -3.890869757391798E-018
  7.493535009979452E-004 -4.238542744911696E-018
  7.497038162672713E-004 -4.166963012187011E-018
  7.499154052287683E-004 -3.793725834408297E-018
  7.498674500787947E-004 -3.302893381439030E-018
  7.495630285606566E-004 -2.944994717815605E-018
  7.491253841083256E-004 -2.852963632883868E-018
  7.487432385759914E-004 -3.221087972610819E-018
  7.485892727283471E-004 -3.880644081288271E-018
  7.487468260605064E-004 -4.289671125429328E-018
  7.491757377940529E-004 -4.248768421015223E-018
  7.497311008260527E-004 -3.803951510511823E-018
  7.502260368488274E-004 -3.272216353128451E-018
  7.505111192725277E-004 -2.919430527556789E-018
  7.505365130849606E-004 -3.021687288592053E-018
  7.503708213414469E-004 -3.440940008836636E-018
  7.501694121297226E-004 -3.803951510511823E-018
  7.501065079442948E-004 -3.982900842323535E-018
  7.503004087866718E-004 -3.936885299857667E-018
  7.507636247569345E-004 -3.614776502596585E-018
  7.513986175491088E-004 -3.123944049627317E-018
  7.520402063396322E-004 -2.668901463020392E-018
  7.525259303162898E-004 -2.489952131208680E-018
  7.527641335268926E-004 -2.725142681589788E-018
  7.527709855000076E-004 -3.410262980526057E-018
  7.526612522390102E-004 -4.233429906859933E-018
  7.525974439044942E-004 -4.857196149175043E-018
  7.527195139726570E-004 -5.015694128779703E-018
  7.530851832272391E-004 -4.647569789052752E-018
  7.536460147169945E-004 -3.972675166220010E-018
  7.542688554373828E-004 -3.302893381439030E-018
  7.547929035572273E-004 -2.950107555867369E-018
  7.550977044536132E-004 -3.154621077937897E-018
  7.551530948712300E-004 -4.023803546737641E-018
  7.550301694678102E-004 -5.143515080073783E-018
  7.548691583136614E-004 -5.782619836544184E-018
  7.548184353131514E-004 -5.455398201231338E-018
  7.549709350509227E-004 -4.391927886464592E-018
  7.553250071882971E-004 -3.190410944300239E-018
  7.557860087081197E-004 -2.423485236535758E-018
  7.562074228582708E-004 -2.341679827707547E-018
  7.564535184630005E-004 -3.047251478850870E-018
  7.564566398441161E-004 -4.258994097118748E-018
  7.562448413656418E-004 -5.296900221626679E-018
  7.559284965101805E-004 -5.460511039283102E-018
  7.556521037063642E-004 -4.662908303208042E-018
  7.555322407145997E-004 -3.205749458455529E-018
  7.556082525119759E-004 -1.804831832272411E-018
  7.558265044814820E-004 -1.262870998785511E-018
  7.560644784233424E-004 -1.774154803961832E-018
  7.561839380121055E-004 -3.159733915989660E-018
  7.560901385821215E-004 -4.729375197880964E-018
  7.557717689805735E-004 -5.700814427715972E-018
  7.553048466080639E-004 -5.496300905645444E-018
  7.548193704943500E-004 -4.085157603358799E-018
  7.544434367967334E-004 -2.229197390568757E-018
  7.542489469555538E-004 -8.640696307479814E-019
  7.542220468626808E-004 -6.365483374445188E-019
  7.542705789250101E-004 -1.544077091632487E-018
  7.542648684463607E-004 -3.264547096050806E-018
  7.540939839212849E-004 -4.816293444760938E-018
  7.537132437382278E-004 -5.526977933956023E-018
  7.531628082504112E-004 -5.018250547805585E-018
  7.525498205899882E-004 -3.446052846888399E-018
  7.520022317103677E-004 -1.551746348710132E-018
  7.516144246902032E-004 -2.070699410964097E-019
  7.514079702914806E-004 -1.022567610352641E-020
  7.513240473299117E-004 -1.140162885543194E-018
  7.512502958411228E-004 -2.985897422229711E-018
  7.510701232271915E-004 -4.578546475353949E-018
  7.507130723393865E-004 -5.123063727866731E-018
  7.501847297317921E-004 -4.407266400619882E-018
  7.495637185142312E-004 -2.783940319185065E-018
  7.489675682248925E-004 -1.163170656776129E-018
  7.485025148381273E-004 -1.252645322681985E-019
  7.482189065682577E-004 -1.968442649928834E-019
  7.480911516054275E-004 -1.347232826639604E-018
  7.480303633500647E-004 -2.983341003203829E-018
  7.479237725962014E-004 -4.243655582963459E-018
  7.476836539587921E-004 -4.593884989509239E-018
  7.472847430733941E-004 -3.913877528624732E-018
  7.467743834565710E-004 -2.500177807312207E-018
  7.462515374222048E-004 -8.742953068515078E-019
  7.458241348040562E-004  1.917314269411201E-019
  7.455633021347536E-004  2.377469694069890E-019
  7.454740218790877E-004 -5.956456330304133E-019
  7.454944303386019E-004 -1.924983526488846E-018
  7.455235515644742E-004 -3.083041345213212E-018
  7.454651615412669E-004 -3.476729875198979E-018
  7.452688305308842E-004 -2.955220393919132E-018
  7.449507315108075E-004 -1.815057508375937E-018
  7.445857232761326E-004 -7.567000316609542E-019
  7.442745866129216E-004 -3.016574450540290E-019
  7.441007862636365E-004 -5.982020520562948E-019
  7.440953233884278E-004 -1.390691950079591E-018
  7.442244687019122E-004 -2.408146722380469E-018
  7.444051778580193E-004 -3.354021761956662E-018
  7.445411466010633E-004 -3.650566368958928E-018
  7.445638273657049E-004 -3.236426486766108E-018
  7.444609071041911E-004 -2.346792665759311E-018
  7.442803841513431E-004 -1.477610196959566E-018
  7.441089493088204E-004 -8.282797643856390E-019
  7.440342999648167E-004 -7.106844891950853E-019
  7.441076579317527E-004 -1.150388561646721E-018
  7.443223852681421E-004 -1.912201431359438E-018
  7.446174856794687E-004 -2.597321730295707E-018
  7.449040756324851E-004 -2.786496738210946E-018
  7.451032080269970E-004 -2.515516321467496E-018
  7.451788228178300E-004 -1.871298726945332E-018
  7.451519441427916E-004 -1.308886541251380E-018
  7.450904266920613E-004 -1.135050047491431E-018
  7.450790090078011E-004 -1.370240597872539E-018
  7.451826933494287E-004 -1.815057508375937E-018
  7.454190813192863E-004 -2.213858876413467E-018
  7.457512428419706E-004 -2.474613617053391E-018
  7.461038094779264E-004 -2.520629159519259E-018
  7.463951022806876E-004 -2.449049426794575E-018
  7.465714274556938E-004 -2.285438609138152E-018
  7.466289742823404E-004 -2.152504819792309E-018
  7.466142298835088E-004 -2.280325771086389E-018
  7.466030678601812E-004 -2.627998758606287E-018
  7.466677016416113E-004 -2.914317689505026E-018
  7.468456969037793E-004 -3.021687288592053E-018
  7.471241524008410E-004 -2.919430527556789E-018
  7.474455348681630E-004 -2.663788624968629E-018
  7.477323781794666E-004 -2.474613617053391E-018
  7.479200979507587E-004 -2.541080511726312E-018
  7.479838845116332E-004 -2.883640661194447E-018
  7.479483478683798E-004 -3.440940008836636E-018
  7.478760653990426E-004 -3.875531243236508E-018
  7.478401900816456E-004 -3.941998137909430E-018
  7.478929722701693E-004 -3.532971093768374E-018
  7.480436212489213E-004 -2.699578491330972E-018
  7.482547841421070E-004 -1.994006840187649E-018
  7.484588859186219E-004 -1.861073050841806E-018
  7.485871180354034E-004 -2.505290645363970E-018
  7.485985828955077E-004 -3.655679207010691E-018
  7.484972001437937E-004 -4.637344112949225E-018
  7.483293482456351E-004 -4.790729254502122E-018
  7.481635013678941E-004 -3.988013680375299E-018
  7.480607653675933E-004 -2.633111596658050E-018
  7.480489732203253E-004 -1.319112217354907E-018
  7.481113194690495E-004 -7.311358414021382E-019
  7.481941792546649E-004 -9.765520678867720E-019
  7.482305263587560E-004 -2.147391981740545E-018
  7.481687668776148E-004 -3.655679207010691E-018
  7.479946314848221E-004 -4.647569789052752E-018
  7.477368901291343E-004 -4.662908303208042E-018
  7.474546705266379E-004 -3.640340692855401E-018
  7.472120336151494E-004 -2.188294686154651E-018
  7.470508167673203E-004 -9.458750395761927E-019
  7.469733460094192E-004 -5.163966432280836E-019
  7.469422520978179E-004 -1.089034505025562E-018
  7.468972307296758E-004 -2.403033884328706E-018
  7.467813607999421E-004 -3.635227854803638E-018
  7.465656189812797E-004 -4.172075850238774E-018
  7.462611572644359E-004 -3.865305567132982E-018
  7.459142789333742E-004 -2.786496738210946E-018
  7.455865037838019E-004 -1.436707492545460E-018
  7.453284423455432E-004 -3.783500158304771E-019
  7.451587145712053E-004 -2.121827791481730E-019
  7.450568311231016E-004 -1.032793286456167E-018
  7.449728646959182E-004 -2.466944359975746E-018
  7.448495312009770E-004 -3.834628538822403E-018
  7.446470707459150E-004 -4.453281943085751E-018
  7.443602698762713E-004 -4.126060307772905E-018
  7.440204837394227E-004 -2.934769041712079E-018
  7.436820277863085E-004 -1.436707492545460E-018
  7.433989870224712E-004 -3.425601494681346E-019
  7.432024830305601E-004 -1.789493318117121E-019
  7.430880836171210E-004 -1.081365247947918E-018
  7.430185584484629E-004 -2.697022072305090E-018
  7.429405557121574E-004 -4.151624498031721E-018
  7.428078628271196E-004 -4.683359655415095E-018
  7.426012285814791E-004 -4.034029222841168E-018
  7.423363563237047E-004 -2.474613617053391E-018
  7.420568592129614E-004 -6.237662423151108E-019
  7.418154298454985E-004  5.112838051763204E-019
  7.416514419638489E-004  3.988013680375299E-019
  7.415745813967840E-004 -9.254236873691398E-019
  7.415613715276091E-004 -2.796722414314472E-018
  7.415658508832654E-004 -4.192527202445827E-018
  7.415396152508865E-004 -4.443056266982224E-018
  7.414525351863684E-004 -3.379585952215478E-018
  7.413053241966293E-004 -1.554302767736014E-018
  7.411287537211031E-004 -7.669257077644806E-020
  7.409700808825789E-004  2.198520362258178E-019
  7.408726816486809E-004 -6.391047564704005E-019
  7.408576647051013E-004 -2.178069010051125E-018
  7.409152450189120E-004 -3.676130559217743E-018
  7.410093723466672E-004 -4.166963012187011E-018
  7.410934178999057E-004 -3.420488656629583E-018
  7.411300647795148E-004 -1.855960212790043E-018
  7.411068834839748E-004 -2.556419025881602E-019
  7.410410553051014E-004  5.317351573833732E-019
  7.409714272734038E-004  2.403033884328706E-019
  7.409414903828226E-004 -8.998594971103238E-019
  7.409806617340167E-004 -2.403033884328706E-018
  7.410918428734935E-004 -3.471617037147215E-018
  7.412504267433246E-004 -3.625002178700112E-018
  7.414149811090499E-004 -2.812060928469762E-018
  7.415448806665916E-004 -1.426481816441934E-018
  7.416172938402656E-004 -3.681243397269506E-019
  7.416363320985400E-004 -1.533851415528961E-019
  7.416306130864971E-004 -9.254236873691398E-019
  7.416404632160747E-004 -2.280325771086389E-018
  7.417003572379667E-004 -3.466504199095452E-018
  7.418241196798759E-004 -3.722146101683612E-018
  7.419991198982956E-004 -3.077928507161449E-018
  7.421917795261956E-004 -2.101376439274677E-018
  7.423618785171612E-004 -1.257758160733748E-018
  7.424794558290505E-004 -1.206629780216116E-018
  7.425370982154168E-004 -1.881524403048859E-018
  7.425524780546015E-004 -2.914317689505026E-018
  7.425602148404755E-004 -3.737484615838902E-018
  7.425966762979238E-004 -3.993126518427062E-018
  7.426842745002146E-004 -3.425601494681347E-018
  7.428219281318646E-004 -2.275212933034626E-018
  7.429856471540545E-004 -1.145275723594958E-018
  7.431388433344605E-004 -6.544432706256901E-019
  7.432478490436324E-004 -1.129937209439668E-018
  7.432959818672422E-004 -2.351905503811074E-018
  7.432902055586900E-004 -3.650566368958928E-018
  7.432576657346176E-004 -4.412379238671645E-018
  7.432337164213326E-004 -4.253881259066986E-018
  7.432466444471446E-004 -3.215975134559055E-018
  7.433056284482509E-004 -1.794606156168885E-018
  7.433970040968245E-004 -6.902331369880325E-019
  7.434903073458860E-004 -6.544432706256901E-019
  7.435513912637235E-004 -1.743477775651253E-018
  7.435569419416538E-004 -3.328457571697846E-018
  7.435042014692991E-004 -4.581102894379830E-018
  7.434118285571911E-004 -5.025919804883229E-018
  7.433116523936208E-004 -4.494184647499856E-018
  7.432349531253697E-004 -3.256877838973161E-018
  7.431991822273623E-004 -2.167843333947598E-018
  7.432007686576022E-004 -1.748590613703016E-018
  7.432169893903888E-004 -2.188294686154651E-018
  7.432159829949284E-004 -3.374473114163715E-018
  7.431705295742187E-004 -4.790729254502122E-018
  7.430696756634051E-004 -5.644573209146577E-018
  7.429232814808153E-004 -5.434946849024286E-018
  7.427576508090702E-004 -4.141398821928195E-018
  7.426042289440170E-004 -2.316115637448731E-018
  7.424862809621661E-004 -9.509878776279558E-019
  7.424092552247504E-004 -6.084277281598213E-019
  7.423588864754623E-004 -1.472497358907803E-018
  7.423077363904958E-004 -3.129056887679081E-018
  7.422272621311059E-004 -4.708923845673910E-018
  7.421001876254472E-004 -5.322464411885495E-018
  7.419278979234606E-004 -4.867421825278570E-018
  7.417297753966579E-004 -3.522745417664848E-018
  7.415348777768168E-004 -2.009345354342939E-018
  7.413696182183546E-004 -1.124824371387905E-018
  7.412467587404702E-004 -1.380466273976065E-018
  7.411603894315209E-004 -2.546193349778075E-018
  7.410889430707665E-004 -4.059593413099984E-018
  7.410048370101385E-004 -5.414495496817233E-018
  7.408865292876069E-004 -5.910440787838264E-018
  7.407278109525751E-004 -5.271336031367863E-018
  7.405404150739780E-004 -3.849967052977692E-018
  7.403489336229261E-004 -2.423485236535758E-018
  7.401803288856628E-004 -1.610543986305409E-018
  7.400525944662350E-004 -1.789493318117121E-018
  7.399674110336780E-004 -2.944994717815605E-018
  7.399098616856440E-004 -4.596441408535120E-018
  7.398552136945703E-004 -5.936004978097079E-018
  7.397797621216145E-004 -6.447288783273400E-018
  7.396710492665914E-004 -5.869538083424158E-018
  7.395331169197364E-004 -4.483958971396330E-018
  7.393846360418668E-004 -3.123944049627317E-018
  7.392508277998997E-004 -2.464387940949864E-018
  7.391527184262316E-004 -2.832512280676815E-018
  7.390983460715052E-004 -4.120947469721142E-018
  7.390796290867394E-004 -5.675250237457156E-018
  7.390761329132150E-004 -6.774510418586245E-018
  7.390640162533035E-004 -6.851202989362693E-018
  7.390262630282698E-004 -5.864425245372395E-018
  7.389598262906558E-004 -4.299896801532854E-018
  7.388766985833453E-004 -2.991010260281474E-018
  7.387985571405649E-004 -2.525741997571023E-018
  7.387473700539066E-004 -3.016574450540290E-018
  7.387360254064257E-004 -4.223204230756406E-018
  7.387629657536654E-004 -5.327577249937259E-018
  7.388130398665628E-004 -5.797958350699473E-018
  7.388641042238969E-004 -5.450285363179575E-018
  7.388964724317143E-004 -4.550425866069251E-018
  7.389011510591476E-004 -3.589212312337769E-018
  7.388833853963786E-004 -3.083041345213212E-018
  7.388600895152149E-004 -3.226200810662581E-018
