   1.00000002671144       0.000000000000000E+000
  0.815838783990353      -1.254679606562434E-016
  0.356234147612310      -2.509359213124869E-016
 -0.154452734195635      -2.091132677604057E-016
 -0.471668010832570      -8.364530710416229E-017
 -0.449403108802854       1.254679606562434E-016
 -0.108392594579423       2.927585748645680E-016
  0.378299976294599       3.345812284166492E-016
  0.773071329954377       1.672906142083246E-016
  0.890057461117940      -4.182265355208114E-017
  0.682492630244016      -2.091132677604057E-016
  0.259804405165122      -2.509359213124869E-016
 -0.171132748468749      -1.672906142083246E-016
 -0.409034004268595       0.000000000000000E+000
 -0.353810043102694       1.672906142083246E-016
 -4.900673130425089E-002  2.509359213124869E-016
  0.346639929126920       2.091132677604057E-016
  0.641011451855658       4.182265355208114E-017
  0.701434910953199      -1.672906142083246E-016
  0.513377160571257      -3.345812284166492E-016
  0.179150324835288      -3.764038819687303E-016
 -0.138609728196783      -2.927585748645680E-016
 -0.297697456815214      -6.273398032812172E-017
 -0.241001221860327       1.463792874322840E-016
 -1.566582208762043E-002  2.509359213124869E-016
  0.258377254237650       2.091132677604057E-016
  0.450934969737284       6.273398032812172E-017
  0.482532395968236      -1.254679606562434E-016
  0.355230224091082      -2.718472480885274E-016
  0.142099779624704      -2.927585748645680E-016
 -5.482346987266110E-002 -1.986576043723854E-016
 -0.154408533977002      -5.227831694010143E-017
 -0.129704875935641       1.045566338802029E-016
 -1.146550812518384E-002  1.882019409843651E-016
  0.135086930068575       1.672906142083246E-016
  0.244897266044652       4.182265355208114E-017
  0.280880593322537      -1.359236240442637E-016
  0.243309433473594      -2.509359213124869E-016
  0.160501301257933      -2.613915847005071E-016
  6.981760760567057E-002 -1.672906142083246E-016
  6.883696320362339E-004 -3.398090601106593E-017
 -3.279491879321862E-002  9.410097049218257E-017
 -2.959868124470596E-002  1.568349508203043E-016
  4.632007453782979E-003  1.359236240442637E-016
  6.168937308414826E-002  4.705048524609129E-017
  0.130170166319021      -6.273398032812172E-017
  0.192839584502690      -1.463792874322840E-016
  0.227342621585661      -1.777462775963449E-016
  0.213575958305821      -1.254679606562434E-016
  0.145625150389673      -2.091132677604057E-017
  4.115657896674373E-002  8.364530710416229E-017
 -5.963872867852178E-002  1.463792874322840E-016
 -0.108685527059020       1.568349508203043E-016
 -7.331393736174856E-002  1.150122972682232E-016
  4.337729958229115E-002  4.182265355208114E-017
  0.197401606172262      -2.091132677604057E-017
  0.319777386109719      -7.318964371614201E-017
  0.348212199951382      -1.150122972682232E-016
  0.259760790782099      -8.364530710416229E-017
  8.711322424157041E-002  0.000000000000000E+000
 -9.205552328056801E-002  8.364530710416229E-017
 -0.189960835404763       1.150122972682232E-016
 -0.151971964555047       1.568349508203043E-016
  1.339975550334640E-002  1.463792874322840E-016
  0.234266141594348       1.045566338802029E-016
  0.407119700877742       2.091132677604057E-017
  0.446457365229161      -6.273398032812172E-017
  0.328122949883553      -1.254679606562434E-016
  0.104126570196132      -8.364530710416229E-017
 -0.119862378170364       2.091132677604057E-017
 -0.234607309390941       1.254679606562434E-016
 -0.180924130990583       1.672906142083246E-016
  1.982923517252128E-002  1.463792874322840E-016
  0.274235964766233       8.364530710416229E-017
  0.461015353395760      -2.091132677604057E-017
  0.489763337556020      -1.045566338802029E-016
  0.345437900235870      -2.091132677604057E-016
  9.644627184879707E-002 -1.672906142083246E-016
 -0.138014074364402      -4.182265355208114E-017
 -0.245584462253996       6.273398032812172E-017
 -0.175163496637590       2.091132677604057E-016
  3.853079290917189E-002  2.091132677604057E-016
  0.292180292946042       1.254679606562434E-016
  0.464230297441865      -2.091132677604057E-017
  0.473583196268519      -1.672906142083246E-016
  0.317989813386797      -2.300245945364463E-016
  7.379741750246663E-002 -1.672906142083246E-016
 -0.142154672316838      -4.182265355208114E-017
 -0.229295481476123       1.045566338802029E-016
 -0.150897199177645       1.672906142083246E-016
  5.023509596284158E-002  2.091132677604057E-016
  0.274592952103375       1.254679606562434E-016
  0.415122997106900      -2.091132677604057E-017
  0.408222161558926      -1.882019409843651E-016
  0.262081488974920      -2.927585748645680E-016
  4.975033513196636E-002 -2.509359213124869E-016
 -0.128227627464830      -9.410097049218257E-017
 -0.192386042683827       9.410097049218257E-017
 -0.120466020787035       1.882019409843651E-016
  4.536960927727416E-002  2.091132677604057E-016
  0.222007544160668       1.045566338802029E-016
  0.326597062352985      -3.136699016406086E-017
  0.314941055465826      -1.777462775963449E-016
  0.199205808950452      -2.509359213124869E-016
  3.813639085400863E-002 -2.091132677604057E-016
 -9.354228330519143E-002 -8.364530710416229E-017
 -0.140579582004345       5.227831694010143E-017
 -9.060537374362509E-002  1.463792874322840E-016
  2.426266824413244E-002  1.672906142083246E-016
  0.146247672573128       8.364530710416229E-017
  0.220421941766586      -4.182265355208114E-017
  0.218784121857117      -1.568349508203043E-016
  0.149447061071960      -1.986576043723854E-016
  4.861697142198677E-002 -1.463792874322840E-016
 -3.874250390174688E-002 -4.705048524609129E-017
 -7.930533410066451E-002  3.659482185807100E-017
 -6.363029713443551E-002  9.410097049218257E-017
 -6.230617135623848E-003  8.364530710416229E-017
  6.437511665938597E-002  3.136699016406086E-017
  0.119408549525851      -4.182265355208114E-017
  0.140783460857097      -1.097844655742130E-016
  0.125447323838742      -1.385375398912688E-016
  8.316965210131248E-002 -1.045566338802029E-016
  3.061415665171723E-002 -4.182265355208114E-017
 -1.491503841756020E-002  1.829741092903550E-017
 -3.997534190914529E-002  5.489223278710650E-017
 -3.747642742633292E-002  5.489223278710650E-017
 -7.884566084055666E-003  2.613915847005072E-017
  4.043697136352161E-002 -2.091132677604057E-017
  9.229002631202148E-002 -6.796181202213186E-017
  0.129112496375910      -9.410097049218257E-017
  0.135065110726495      -7.841747541015214E-017
  0.104116873822522      -4.705048524609129E-017
  4.485798531499873E-002  0.000000000000000E+000
 -2.031878209768893E-002  2.091132677604057E-017
 -6.293229435817398E-002  2.613915847005072E-017
 -6.074989766572004E-002  2.613915847005072E-017
 -9.351538471581614E-003  1.568349508203043E-017
  7.320270518961952E-002 -1.045566338802029E-017
  0.152164126492007      -4.182265355208114E-017
  0.190947433050912      -5.227831694010143E-017
  0.168687106453262      -6.273398032812172E-017
  9.191333103658478E-002 -4.182265355208114E-017
 -6.190224562662947E-003 -1.045566338802029E-017
 -7.978247119565468E-002  3.136699016406086E-017
 -9.175234681635196E-002  6.273398032812172E-017
 -3.237604370691233E-002  4.182265355208114E-017
  7.427079790921685E-002  2.091132677604057E-017
  0.180139220207557      -2.091132677604057E-017
  0.235345908841302      -7.318964371614201E-017
  0.212303342852375      -8.364530710416229E-017
  0.119999566445005      -6.273398032812172E-017
  9.582918329108428E-004 -4.182265355208114E-017
 -8.828011784035596E-002 -1.045566338802029E-017
 -0.104111235810432       2.091132677604057E-017
 -3.724283802622150E-002  3.136699016406086E-017
  8.211761390216556E-002  3.136699016406086E-017
  0.198147796814942      -1.045566338802029E-017
  0.255928261911327      -6.273398032812172E-017
  0.227849781382139      -9.410097049218257E-017
  0.127061194078733      -1.045566338802029E-016
  1.328022746940652E-003 -8.364530710416229E-017
 -8.980490021326457E-002 -4.182265355208114E-017
 -0.103510102126457       2.091132677604057E-017
 -3.404799886549746E-002  5.227831694010143E-017
  8.478090372252305E-002  4.182265355208114E-017
  0.196144869331518       0.000000000000000E+000
  0.247506848749106      -4.182265355208114E-017
  0.215496474562576      -9.410097049218257E-017
  0.116441565851977      -1.254679606562434E-016
 -2.207495479394359E-003 -1.045566338802029E-016
 -8.504148255212673E-002 -4.705048524609129E-017
 -9.503023392700827E-002  1.568349508203043E-017
 -3.040281120808511E-002  6.273398032812172E-017
  7.566672553551974E-002  6.273398032812172E-017
  0.171844741648514       0.000000000000000E+000
  0.213346556435962      -8.364530710416229E-017
  0.182577226765015      -1.254679606562434E-016
  9.613934776179664E-002 -1.254679606562434E-016
 -4.473320840326684E-003 -9.410097049218257E-017
 -7.333530499365884E-002 -4.705048524609129E-017
 -8.153928597242603E-002  2.613915847005072E-017
 -2.955621938392335E-002  4.182265355208114E-017
  5.472566497093543E-002  3.136699016406086E-017
  0.130484742339158       0.000000000000000E+000
  0.163438435365651      -4.705048524609129E-017
  0.140961798254380      -9.410097049218257E-017
  7.621141415894810E-002 -1.045566338802029E-016
  2.166001761688967E-004 -8.364530710416229E-017
 -5.346210899696745E-002 -4.182265355208114E-017
 -6.388619624629364E-002  5.227831694010143E-018
 -3.086483783069751E-002  4.182265355208114E-017
  2.692183511882607E-002  2.091132677604057E-017
  8.193589236668392E-002 -1.568349508203043E-017
  0.110599716126144      -5.750614863411158E-017
  0.102948058809083      -8.887313879817244E-017
  6.528685683123091E-002 -8.364530710416229E-017
  1.561847128008412E-002 -5.750614863411158E-017
 -2.521499987388990E-002 -1.568349508203043E-017
 -4.231588264241520E-002  1.568349508203043E-017
 -3.182465991673688E-002  2.613915847005072E-017
 -8.811617702808527E-004  1.045566338802029E-017
  3.661537401928959E-002 -1.568349508203043E-017
  6.603471850450848E-002 -4.182265355208114E-017
  7.727339668737614E-002 -6.012006448111665E-017
  6.758946679188668E-002 -6.012006448111665E-017
  4.162750638707468E-002 -3.920873770507607E-017
  9.222910023394872E-003 -1.045566338802029E-017
 -1.801411450792546E-002  7.841747541015215E-018
 -3.035884053203089E-002  1.045566338802029E-017
 -2.305365258323514E-002  5.227831694010143E-018
  1.923708685898354E-003 -7.841747541015215E-018
  3.605061759615969E-002 -2.352524262304564E-017
  6.673098362694961E-002 -3.398090601106593E-017
  8.166678780549999E-002 -3.136699016406086E-017
  7.382444743221438E-002 -1.829741092903550E-017
  4.501403777402461E-002  0.000000000000000E+000
  6.202897926330410E-003  1.568349508203043E-017
 -2.620143264473842E-002  1.568349508203043E-017
 -3.706368762705216E-002  1.045566338802029E-017
 -1.952587394319036E-002  0.000000000000000E+000
  2.099880824234036E-002 -1.045566338802029E-017
  6.815652421506281E-002 -2.091132677604057E-017
  0.101298985131726      -2.091132677604057E-017
  0.104803047185386      -1.568349508203043E-017
  7.580605211730478E-002 -1.045566338802029E-017
  2.645645716967673E-002  0.000000000000000E+000
 -2.086491194258366E-002  1.568349508203043E-017
 -4.355583453288376E-002  2.091132677604057E-017
 -2.952540364802160E-002  1.568349508203043E-017
  1.652342124886916E-002  1.045566338802029E-017
  7.456402110001013E-002 -5.227831694010143E-018
  0.118150131986206      -3.136699016406086E-017
  0.126775332201699      -3.136699016406086E-017
  9.583940131201116E-002 -4.182265355208114E-017
  3.930708329952515E-002 -2.091132677604057E-017
 -1.646482145799804E-002  5.227831694010143E-018
 -4.500054142746279E-002  2.091132677604057E-017
 -3.230395700389262E-002  2.613915847005072E-017
  1.628608986167008E-002  2.091132677604057E-017
  7.838658123360628E-002 -5.227831694010143E-018
  0.125034225539157      -2.875307431705579E-017
  0.134382754982881      -4.966440109309636E-017
  0.102084454307401      -4.705048524609129E-017
  4.336457053245302E-002 -2.091132677604057E-017
 -1.421730762705087E-002  0.000000000000000E+000
 -4.384530607620892E-002  2.091132677604057E-017
 -3.209606201675420E-002  2.091132677604057E-017
  1.486884536539887E-002  5.227831694010143E-018
  7.445048342847881E-002 -2.091132677604057E-017
  0.118485121728726      -4.182265355208114E-017
  0.126561924194660      -5.750614863411158E-017
  9.543047880514223E-002 -4.705048524609129E-017
  4.012941080936919E-002 -3.136699016406086E-017
 -1.350115464993588E-002 -1.045566338802029E-017
 -4.116601049291646E-002  1.568349508203043E-017
 -3.136861198251866E-002  2.091132677604057E-017
  9.678882709203692E-003  1.045566338802029E-017
  6.157126236885864E-002 -1.568349508203043E-017
  9.969172463587248E-002 -3.659482185807100E-017
  0.106739930451859      -4.705048524609129E-017
  8.037158107514659E-002 -4.705048524609129E-017
  3.357978614577935E-002 -4.182265355208114E-017
 -1.200235486650025E-002 -2.613915847005072E-017
 -3.641435670633300E-002 -7.841747541015215E-018
 -3.034529447568961E-002  0.000000000000000E+000
  1.269498739840983E-003  0.000000000000000E+000
  4.234565373009311E-002 -1.045566338802029E-017
  7.359174065192135E-002 -2.091132677604057E-017
  8.135512881367468E-002 -3.398090601106593E-017
  6.330516702508474E-002 -3.398090601106593E-017
  2.863625531587597E-002 -2.352524262304564E-017
 -6.860627026867894E-003 -1.306957923502536E-017
 -2.823021710996744E-002 -7.841747541015215E-018
 -2.777765795610978E-002 -7.841747541015215E-018
 -7.755401843785934E-003 -2.091132677604057E-017
  2.149441874689992E-002 -2.613915847005072E-017
  4.667319986304228E-002 -3.136699016406086E-017
  5.738503796943791E-002 -2.875307431705579E-017
  5.015964843127126E-002 -2.091132677604057E-017
  2.917367223300587E-002 -1.568349508203043E-017
  3.778848956694507E-003 -1.568349508203043E-017
 -1.575375268014348E-002 -1.568349508203043E-017
 -2.234704441232905E-002 -2.091132677604057E-017
 -1.451096702226311E-002 -2.352524262304564E-017
  3.651287906728482E-003 -2.352524262304564E-017
  2.449320561163286E-002 -2.091132677604057E-017
  3.992032528689205E-002 -1.306957923502536E-017
  4.433256188620994E-002 -7.841747541015215E-018
  3.645758741601035E-002 -9.148705464517751E-018
  1.959772494253198E-002 -1.568349508203043E-017
  3.291096139579179E-004 -2.091132677604057E-017
 -1.387817920011201E-002 -2.091132677604057E-017
 -1.736064635932082E-002 -1.960436885253804E-017
 -8.407405214404562E-003 -1.568349508203043E-017
  9.921843930640788E-003 -7.841747541015215E-018
  3.072230792445212E-002 -1.306957923502536E-018
  4.574754321023046E-002  1.306957923502536E-018
  4.867971908756142E-002 -3.920873770507608E-018
  3.790938077128431E-002 -1.306957923502536E-017
  1.758203263149635E-002 -2.091132677604057E-017
 -3.750080436596206E-003 -2.352524262304564E-017
 -1.654382273414805E-002 -1.960436885253804E-017
 -1.442972548949886E-002 -1.045566338802029E-017
  2.701707136902313E-003  0.000000000000000E+000
  2.821886851059458E-002  7.841747541015215E-018
  5.132899681030783E-002  7.841747541015215E-018
  6.176667888577776E-002  2.613915847005072E-018
  5.455058081308727E-002 -5.227831694010143E-018
  3.257057257646646E-002 -1.568349508203043E-017
  5.639636924527600E-003 -2.091132677604057E-017
 -1.375361990533287E-002 -1.829741092903550E-017
 -1.615853562191956E-002 -1.045566338802029E-017
  2.990174487295795E-004  0.000000000000000E+000
  2.876603954228590E-002  5.227831694010143E-018
  5.658914327526450E-002  2.613915847005072E-018
  7.107904570157966E-002 -5.227831694010143E-018
  6.546395988866627E-002 -1.306957923502536E-017
  4.220303305874654E-002 -2.091132677604057E-017
  1.201286310465524E-002 -2.091132677604057E-017
 -1.102794694841806E-002 -1.568349508203043E-017
 -1.604450655195795E-002 -7.841747541015215E-018
 -5.078105414988793E-004 -5.227831694010143E-018
  2.850812832629373E-002 -5.227831694010143E-018
  5.759022083604514E-002 -7.841747541015215E-018
  7.325554696399131E-002 -1.045566338802029E-017
  6.826792688907525E-002 -1.568349508203043E-017
  4.501170292267950E-002 -2.091132677604057E-017
  1.433140883416604E-002 -2.352524262304564E-017
 -9.595867969702283E-003 -2.221828469954311E-017
 -1.590917623821057E-002 -1.960436885253804E-017
 -2.086150554095950E-003 -2.091132677604057E-017
  2.500454084118603E-002 -2.091132677604057E-017
  5.245691803236235E-002 -1.829741092903550E-017
  6.743771041198647E-002 -1.568349508203043E-017
  6.313534193298628E-002 -1.829741092903550E-017
  4.176888727338606E-002 -2.352524262304564E-017
  1.332544618886641E-002 -2.613915847005072E-017
 -9.267876261761437E-003 -2.744611639355325E-017
 -1.618393027743230E-002 -2.483220054654818E-017
 -5.103545210617816E-003 -2.352524262304564E-017
  1.799300568346860E-002 -2.091132677604057E-017
  4.187981702942425E-002 -2.091132677604057E-017
  5.542013769003531E-002 -1.960436885253804E-017
  5.262947893880846E-002 -2.483220054654818E-017
  3.515672343012091E-002 -2.613915847005072E-017
  1.117396676453201E-002 -2.613915847005072E-017
 -8.633698530960930E-003 -2.352524262304564E-017
 -1.599798797559318E-002 -1.960436885253804E-017
 -8.631148288604352E-003 -1.568349508203043E-017
  9.102367341543939E-003 -1.568349508203043E-017
  2.852545973039477E-002 -1.829741092903550E-017
  4.075297178403509E-002 -1.829741092903550E-017
  4.061116883101631E-002 -1.829741092903550E-017
  2.864924979705843E-002 -1.829741092903550E-017
  1.050125858427658E-002 -1.960436885253804E-017
 -5.913203708963015E-003 -2.221828469954311E-017
 -1.395485326054224E-002 -2.091132677604057E-017
 -1.099294883584366E-002 -1.699045300553296E-017
  7.975439997228972E-004 -1.306957923502536E-017
  1.573082649252304E-002 -1.045566338802029E-017
  2.725543879169003E-002 -7.841747541015215E-018
  3.071981617751289E-002 -1.045566338802029E-017
  2.511171900584799E-002 -1.306957923502536E-017
  1.317165097686813E-002 -1.437653715852789E-017
  1.912371673566865E-006 -1.568349508203043E-017
 -9.127945033627870E-003 -1.437653715852789E-017
 -1.085023933857470E-002 -1.176262131152282E-017
 -4.870142951233775E-003 -7.841747541015215E-018
  6.113616697515319E-003 -5.227831694010143E-018
  1.760070549090756E-002 -3.920873770507608E-018
  2.507750376996226E-002 -6.534789617512679E-018
  2.572453209065347E-002 -9.148705464517751E-018
  1.944068212254260E-002 -1.176262131152282E-017
  8.842191655046426E-003 -1.176262131152282E-017
 -1.749742236573901E-003 -9.148705464517751E-018
 -7.971126723004002E-003 -5.227831694010143E-018
 -7.127733262314253E-003 -2.613915847005072E-018
  6.875650447666498E-004 -2.613915847005072E-018
  1.253630192465125E-002 -6.534789617512679E-018
  2.372301735966029E-002 -1.045566338802029E-017
  2.966684107452945E-002 -1.176262131152282E-017
  2.783555767101419E-002 -1.045566338802029E-017
  1.892756224233535E-002 -5.227831694010143E-018
  6.735251901413907E-003  0.000000000000000E+000
 -3.349888065533071E-003  5.227831694010143E-018
 -6.629048150596941E-003  6.534789617512679E-018
 -1.216574273611301E-003  1.306957923502536E-018
  1.097927106089562E-002 -6.534789617512679E-018
  2.493512812462050E-002 -1.437653715852789E-017
  3.464242517640113E-002 -1.503001612027916E-017
  3.579291235740878E-002 -9.802184426269018E-018
  2.780976729951611E-002 -2.613915847005072E-018
  1.424995916650664E-002  2.613915847005072E-018
  1.314692262819194E-003  5.227831694010143E-018
 -4.919610155665837E-003  3.920873770507608E-018
 -1.307616118777334E-003 -3.920873770507608E-018
  1.083231938582678E-002 -1.306957923502536E-017
  2.621866455913342E-002 -1.960436885253804E-017
  3.796577175856367E-002 -1.895088989078677E-017
  4.074400274223293E-002 -1.110914234977155E-017
  3.327668804654928E-002 -1.306957923502536E-018
  1.898856704457501E-002  5.227831694010143E-018
  4.469497186141324E-003  6.534789617512679E-018
 -3.556772673683426E-003 -1.306957923502536E-018
 -1.353459174424896E-003 -1.176262131152282E-017
  1.008207405998941E-002 -2.091132677604057E-017
  2.547240683194243E-002 -2.352524262304564E-017
  3.771009788463214E-002 -1.829741092903550E-017
  4.115780887173530E-002 -1.306957923502536E-017
  3.425263257224267E-002 -2.613915847005072E-018
  2.019989670879445E-002  0.000000000000000E+000
  5.445294814775073E-003 -2.613915847005072E-018
 -3.341191310165625E-003 -9.148705464517751E-018
 -2.346430611904432E-003 -1.568349508203043E-017
  7.674906098644824E-003 -1.960436885253804E-017
  2.183243256239470E-002 -2.091132677604057E-017
  3.343416364446242E-002 -1.829741092903550E-017
  3.710032734763173E-002 -1.306957923502536E-017
  3.119742795960443E-002 -9.148705464517751E-018
  1.848566052760561E-002 -6.534789617512679E-018
  4.731675238650626E-003 -6.534789617512679E-018
 -4.012456332796052E-003 -8.495226502766482E-018
 -4.170257392374631E-003 -1.176262131152282E-017
  3.824925169027806E-003 -1.306957923502536E-017
  1.587763448437115E-002 -1.568349508203043E-017
  2.622580859807174E-002 -1.568349508203043E-017
  3.010624598771461E-002 -1.437653715852789E-017
  2.585085897206970E-002 -1.306957923502536E-017
  1.549268635226127E-002 -1.176262131152282E-017
  3.682716805085683E-003 -9.802184426269018E-018
 -4.507619548902364E-003 -9.802184426269018E-018
 -5.853794860471581E-003 -9.802184426269018E-018
 -3.005939345659925E-004 -9.148705464517751E-018
  9.191095129792447E-003 -1.045566338802029E-017
  1.811382167066130E-002 -1.306957923502536E-017
  2.246837412366494E-002 -1.568349508203043E-017
  2.046594008195069E-002 -1.633697404378170E-017
  1.316173260690562E-002 -1.568349508203043E-017
  3.822520431101510E-003 -1.110914234977155E-017
 -3.607238429243242E-003 -5.554571174885777E-018
 -6.218635522939072E-003 -9.802184426269019E-019
 -3.292212184672755E-003 -1.306957923502536E-018
  3.547622219363379E-003 -3.920873770507608E-018
  1.116200130437357E-002 -9.802184426269018E-018
  1.628969793911663E-002 -1.372305819677663E-017
  1.688833136605655E-002 -1.699045300553296E-017
  1.288698841126399E-002 -1.633697404378170E-017
  6.095902315434592E-003 -1.045566338802029E-017
 -6.263783900348976E-004 -3.920873770507608E-018
 -4.567736078384533E-003  6.534789617512679E-019
 -4.230930587630137E-003  1.306957923502536E-018
  1.270786990444461E-004 -1.306957923502536E-018
  6.661310096055167E-003 -6.534789617512679E-018
  1.271387139251704E-002 -1.241610027327409E-017
  1.588110130120870E-002 -1.503001612027916E-017
  1.495979507888278E-002 -1.372305819677663E-017
  1.041399049892122E-002 -8.495226502766482E-018
  4.185784673055420E-003 -1.306957923502536E-018
 -1.080036214721245E-003  3.920873770507608E-018
 -3.102559128645210E-003  5.227831694010143E-018
 -9.058020082315518E-004  1.306957923502536E-018
  4.748957344819981E-003 -4.901092213134509E-018
  1.163572412937926E-002 -1.045566338802029E-017
  1.695851726986534E-002 -1.274283975414972E-017
  1.852126949911054E-002 -1.078240286889592E-017
  1.568852031756987E-002 -3.920873770507608E-018
  9.712822400995203E-003  1.306957923502536E-018
  3.254299758035257E-003  3.920873770507608E-018
 -7.374853912999828E-004  2.613915847005072E-018
 -3.159995210771909E-004 -1.960436885253804E-018
  4.563398031313165E-003 -6.534789617512679E-018
  1.195990942083128E-002 -9.802184426269018E-018
  1.875309508175081E-002 -1.045566338802029E-017
  2.201026686630769E-002 -7.841747541015215E-018
  2.031527934930586E-002 -2.613915847005072E-018
  1.445003843754973E-002  1.306957923502536E-018
  7.093723294767084E-003  1.306957923502536E-018
  1.646190061551107E-003 -6.534789617512679E-019
  6.914645307844025E-004 -5.227831694010143E-018
  4.800589837388090E-003 -9.148705464517751E-018
  1.223541111889278E-002 -1.045566338802029E-017
  1.971009776359066E-002 -9.802184426269018E-018
  2.387813255299953E-002 -6.534789617512679E-018
  2.286769280758907E-002 -3.920873770507608E-018
  1.715404607586102E-002 -2.613915847005072E-018
  9.356409945293411E-003 -3.920873770507608E-018
  3.043495735924055E-003 -5.227831694010143E-018
  1.095141434412351E-003 -7.841747541015215E-018
  4.378177838517442E-003 -9.148705464517751E-018
  1.135141021146888E-002 -1.045566338802029E-017
  1.878273082184206E-002 -9.802184426269018E-018
  2.324330166383693E-002 -7.841747541015215E-018
  2.268311682244182E-002 -7.841747541015215E-018
  1.735820831094621E-002 -7.841747541015215E-018
  9.686717718350921E-003 -9.148705464517751E-018
  3.112549156163832E-003 -1.045566338802029E-017
  5.145006895301661E-004 -1.110914234977155E-017
  2.901336121395608E-003 -1.045566338802029E-017
  8.988389228648428E-003 -9.148705464517751E-018
  1.583262472890954E-002 -7.841747541015215E-018
  2.021109965000346E-002 -7.841747541015215E-018
  2.009294964779733E-002 -1.045566338802029E-017
  1.552894939195804E-002 -1.306957923502536E-017
  8.569048591664777E-003 -1.568349508203043E-017
  2.275316379270231E-003 -1.503001612027916E-017
 -6.910670526626762E-004 -1.241610027327409E-017
  7.473756691490075E-004 -9.802184426269018E-018
  5.658822494728564E-003 -7.841747541015215E-018
  1.159639004181117E-002 -6.534789617512679E-018
  1.575173037448076E-002 -7.841747541015215E-018
  1.622135658243439E-002 -1.176262131152282E-017
  1.281354947447167E-002 -1.568349508203043E-017
  7.057409979472954E-003 -1.764393196728423E-017
  1.449352709343805E-003 -1.633697404378170E-017
 -1.689930003811629E-003 -1.143588183064719E-017
 -1.222706417098305E-003 -5.881310655761411E-018
  2.369700172578210E-003 -1.960436885253804E-018
  7.280363920922519E-003 -1.960436885253804E-018
  1.122916266842591E-002 -5.881310655761411E-018
  1.247095503284979E-002 -1.045566338802029E-017
  1.051515077262940E-002 -1.568349508203043E-017
  6.266271764543707E-003 -1.764393196728423E-017
  1.562714460232877E-003 -1.503001612027916E-017
 -1.651709938906432E-003 -9.475444945393385E-018
 -2.150562712279858E-003 -2.940655327880705E-018
  1.018247786532785E-004  6.534789617512679E-019
  3.999962994063651E-003 -6.534789617512679E-019
  7.815230782665430E-003 -5.554571174885777E-018
  9.940099258089131E-003 -1.176262131152282E-017
  9.541731516556415E-003 -1.568349508203043E-017
  6.866367403839600E-003 -1.568349508203043E-017
  3.092269187745906E-003 -1.241610027327409E-017
 -1.859327229796249E-004 -6.861529098388313E-018
 -1.618566429357083E-003 -1.960436885253804E-018
 -6.397519134095716E-004  6.534789617512679E-019
  2.324410538402306E-003 -6.534789617512679E-019
  6.050025488825731E-003 -4.901092213134509E-018
  9.025347538291715E-003 -9.802184426269018E-018
  1.006906004955860E-002 -1.339631871590099E-017
  8.809993888658729E-003 -1.372305819677663E-017
  5.837001225185303E-003 -1.045566338802029E-017
  2.457570756861196E-003 -4.574352732258875E-018
  1.593800144982006E-004  0.000000000000000E+000
 -9.376162067564926E-006  9.802184426269019E-019
  2.113386315431674E-003 -1.960436885253804E-018
  5.720406406436661E-003 -6.861529098388313E-018
  9.360291774530823E-003 -1.078240286889592E-017
  1.154551157725366E-002 -1.143588183064719E-017
  1.139199701517020E-002 -8.821965983642116E-018
  9.015375028167499E-003 -5.227831694010143E-018
  5.503210192997309E-003 -1.960436885253804E-018
  2.460807080064984E-003 -1.306957923502536E-018
  1.316121316522406E-003 -2.613915847005072E-018
  2.683730692833815E-003 -5.227831694010143E-018
  6.073134389684120E-003 -7.188268579263947E-018
  1.008278764698561E-002 -8.331856762328665E-018
  1.300731936855453E-002 -8.331856762328665E-018
  1.359587067348702E-002 -6.208050136637045E-018
  1.162248202848898E-002 -3.920873770507608E-018
  8.004996053353561E-003 -3.267394808756340E-018
  4.407921460520273E-003 -3.920873770507608E-018
  2.499333933942831E-003 -5.554571174885777E-018
  3.194515948924218E-003 -7.188268579263947E-018
  6.232052813245834E-003 -8.168487021890848E-018
  1.028155678165799E-002 -7.188268579263947E-018
  1.354058730031871E-002 -5.554571174885777E-018
  1.455226349049838E-002 -4.247613251383241E-018
  1.287015060231278E-002 -4.247613251383241E-018
  9.263966280397797E-003 -5.881310655761411E-018
  5.369392799333333E-003 -8.821965983642116E-018
  2.941399926551979E-003 -1.078240286889592E-017
  3.053921816169312E-003 -1.078240286889592E-017
  5.613667134490797E-003 -9.148705464517751E-018
  9.410315188069800E-003 -6.534789617512679E-018
  1.267716225360600E-002 -3.920873770507608E-018
  1.390118257946561E-002 -3.920873770507608E-018
  1.250869465762147E-002 -7.188268579263947E-018
  9.113854909066415E-003 -1.110914234977155E-017
  5.222021938497884E-003 -1.306957923502536E-017
  2.531961029992128E-003 -1.241610027327409E-017
  2.162561113586457E-003 -9.802184426269018E-018
  4.158349185366519E-003 -5.227831694010143E-018
  7.493281959763858E-003 -2.613915847005072E-018
  1.055968627801879E-002 -2.613915847005072E-018
  1.190819247492917E-002 -5.881310655761411E-018
  1.089636124811902E-002 -1.045566338802029E-017
  7.954928901038090E-003 -1.453990689896571E-017
  4.362947204542576E-003 -1.584686482246825E-017
  1.649006629330272E-003 -1.372305819677663E-017
  9.006797502365138E-004 -9.475444945393385E-018
  2.295490899525278E-003 -5.227831694010143E-018
  5.055162823529074E-003 -2.613915847005072E-018
  7.826975129022197E-003 -3.267394808756340E-018
  9.304875470643509E-003 -6.534789617512679E-018
  8.804257927183000E-003 -1.078240286889592E-017
  6.537943181238772E-003 -1.388642793721444E-017
  3.485220629878695E-003 -1.388642793721444E-017
  9.307741449863587E-004 -1.094577260933374E-017
 -1.083805591127278E-004 -6.698159357950496E-018
  6.878420534764734E-004 -3.267394808756340E-018
  2.836434187492882E-003 -2.613915847005072E-018
  5.297298557237653E-003 -4.574352732258875E-018
  6.946591952374938E-003 -8.985335724079934E-018
  7.061957520163444E-003 -1.355968845633881E-017
  5.611710473616408E-003 -1.601023456290606E-017
  3.235829877011853E-003 -1.519338586071698E-017
  9.438049046993560E-004 -1.143588183064719E-017
 -3.279044008352666E-004 -6.534789617512679E-018
 -1.058045531328235E-004 -3.267394808756340E-018
  1.442948469476603E-003 -2.940655327880705E-018
  3.607640232651029E-003 -5.881310655761411E-018
  5.451795744237433E-003 -9.965554166706835E-018
  6.210319092872024E-003 -1.323294897546317E-017
  5.599777739429697E-003 -1.453990689896571E-017
  3.919079403298195E-003 -1.339631871590099E-017
  1.908006905965707E-003 -1.012892390714465E-017
  4.297947764451607E-004 -6.534789617512679E-018
  1.120260797376282E-004 -4.247613251383241E-018
  1.092470234748893E-003 -4.084243510945424E-018
  2.970485613383317E-003 -6.044680396199228E-018
  4.980018122006330E-003 -8.576911372985391E-018
  6.310878304597150E-003 -1.102745747955265E-017
  6.445844183038246E-003 -1.159925157108500E-017
  5.375239831189820E-003 -1.110914234977155E-017
  3.600400898691496E-003 -8.821965983642116E-018
  1.923515662537133E-003 -6.861529098388313E-018
  1.109610373476127E-003 -5.554571174885777E-018
  1.560995344101545E-003 -5.391201434447960E-018
  3.141877824055740E-003 -6.044680396199228E-018
  5.230324835737940E-003 -7.515008060139581E-018
  6.979760533231768E-003 -8.985335724079934E-018
  7.681830859371244E-003 -9.638814685831202E-018
  7.075773535370871E-003 -8.821965983642116E-018
  5.468406162029447E-003 -8.168487021890848E-018
  3.607870954939973E-003 -6.861529098388313E-018
  2.360983796183927E-003 -5.881310655761411E-018
  2.332228918130710E-003 -5.881310655761411E-018
  3.592079568484518E-003 -6.861529098388313E-018
  5.637942941693537E-003 -7.841747541015215E-018
  7.609972082254230E-003 -8.495226502766482E-018
  8.670032414767354E-003 -8.168487021890848E-018
  8.376552006199059E-003 -8.005117281453031E-018
  6.886358373753078E-003 -7.515008060139581E-018
  4.889698784106172E-003 -7.188268579263947E-018
  3.304059968824664E-003 -6.861529098388313E-018
  2.862444533965475E-003 -6.861529098388313E-018
  3.781710353597952E-003 -7.351638319701764E-018
  5.662349290466479E-003 -8.168487021890848E-018
  7.667042348764668E-003 -8.658596243204299E-018
  8.898414768564731E-003 -8.821965983642116E-018
  8.804854760410596E-003 -8.821965983642116E-018
  7.429620022720904E-003 -8.495226502766482E-018
  5.389608040976976E-003 -8.168487021890848E-018
  3.593723527401681E-003 -8.331856762328665E-018
  2.829890657975550E-003 -8.495226502766482E-018
  3.409476496442502E-003 -8.658596243204299E-018
  5.030752077333535E-003 -8.495226502766482E-018
  6.921830199436679E-003 -8.168487021890848E-018
  8.195318378790136E-003 -8.005117281453031E-018
  8.250948411405102E-003 -8.005117281453031E-018
  7.042534433790424E-003 -8.331856762328665E-018
  5.090021340082415E-003 -9.312075204955568E-018
  3.235364239885066E-003 -1.053734825823919E-017
  2.257552750828785E-003 -1.135419696042828E-017
  2.523874545199110E-003 -1.078240286889592E-017
  3.834325436202290E-003 -9.475444945393385E-018
  5.524944274959694E-003 -8.168487021890848E-018
  6.777056757065433E-003 -7.678377800577398E-018
  6.987779239526843E-003 -8.331856762328665E-018
  6.033566335112441E-003 -9.638814685831202E-018
  4.311745127609601E-003 -1.110914234977155E-017
  2.548345990891341E-003 -1.217104566261736E-017
  1.465705666284229E-003 -1.257947001371191E-017
  1.462800575893310E-003 -1.159925157108500E-017
  2.450030721995195E-003 -1.012892390714465E-017
  3.906050924841698E-003 -8.168487021890848E-018
  5.122998919503722E-003 -7.024898838826130E-018
  5.524434833853232E-003 -7.188268579263947E-018
  4.913100418995379E-003 -8.331856762328665E-018
  3.542724619429469E-003 -1.021060877736356E-017
  1.990032069439227E-003 -1.159925157108500E-017
  8.915517127928296E-004 -1.200767592217955E-017
  6.656684780828201E-004 -1.102745747955265E-017
  1.340965968627836E-003 -9.148705464517751E-018
  2.560025429482478E-003 -6.861529098388313E-018
  3.748857123219578E-003 -5.554571174885777E-018
  4.371603441965444E-003 -6.044680396199228E-018
  4.157800901872510E-003 -8.086802151671939E-018
  3.206868582777426E-003 -1.029229364758247E-017
  1.931291207645838E-003 -1.143588183064719E-017
  8.698980315083542E-004 -1.094577260933374E-017
  4.556117556000579E-004 -9.230390334736659E-018
  8.369782763938001E-004 -6.779844228169404E-018
  1.825708546062139E-003 -4.901092213134509E-018
  2.986910235911897E-003 -4.574352732258875E-018
  3.828986683717463E-003 -5.962995525980319E-018
  4.010885877731536E-003 -8.250171892109757E-018
  3.480416462926180E-003 -1.045566338802029E-017
  2.488672024765937E-003 -1.176262131152282E-017
  1.478106442360304E-003 -1.127251209020937E-017
  8.935878270000075E-004 -8.985335724079934E-018
  9.960784904051762E-004 -6.044680396199228E-018
  1.755881803502077E-003 -3.880031335398153E-018
  2.868485302708574E-003 -3.594134289631973E-018
  3.885071956616628E-003 -5.186989258900689E-018
  4.402522786100092E-003 -7.923432411234124E-018
  4.233334599490450E-003 -1.012892390714465E-017
  3.484280438060397E-003 -1.061903312845810E-017
  2.510573501148835E-003 -9.148705464517751E-018
  1.764381034976725E-003 -6.371419877074862E-018
  1.601299805943114E-003 -4.084243510945424E-018
  2.126956593117702E-003 -3.349079678975248E-018
  3.149862858897943E-003 -4.533510297149421E-018
  4.262060438617569E-003 -6.922792751052494E-018
  5.014342981933122E-003 -9.189547899627204E-018
  5.111280428490639E-003 -1.045566338802029E-017
  4.541311118818332E-003 -9.802184426269018E-018
  3.584017372611981E-003 -7.841747541015215E-018
  2.689583794869947E-003 -5.881310655761411E-018
  2.281713388902941E-003 -4.982777083353417E-018
  2.570071870427939E-003 -5.554571174885777E-018
  3.455589297396837E-003 -7.024898838826130E-018
  4.571963970778053E-003 -8.576911372985391E-018
  5.446548776814898E-003 -9.393760075174476E-018
  5.710086352060468E-003 -9.557129815612294E-018
  5.261874619535939E-003 -8.985335724079934E-018
  4.315835780764046E-003 -7.841747541015215E-018
  3.305800105943830E-003 -6.861529098388313E-018
  2.691640614986917E-003 -6.453104747293771E-018
  2.753046195783411E-003 -7.024898838826130E-018
  3.463906756134649E-003 -8.168487021890848E-018
  4.504273819978487E-003 -9.312075204955568E-018
  5.404724267724214E-003 -1.021060877736356E-017
  5.757897220476208E-003 -1.029229364758247E-017
  5.401451481300408E-003 -9.638814685831202E-018
  4.489748233033069E-003 -9.148705464517751E-018
  3.422282268162726E-003 -8.821965983642116E-018
  2.662046130068277E-003 -9.067020594298842E-018
  2.526783162967903E-003 -9.557129815612294E-018
  3.047782042519731E-003 -9.965554166706835E-018
  3.959380060516886E-003 -1.012892390714465E-017
  4.822407523655714E-003 -1.029229364758247E-017
  5.224065467472509E-003 -1.045566338802029E-017
  4.962902432545109E-003 -1.029229364758247E-017
  4.135696347999540E-003 -1.029229364758247E-017
  3.088801152057313E-003 -1.029229364758247E-017
  2.258423169202336E-003 -1.065987556356756E-017
  1.973912650857433E-003 -1.119082721999046E-017
  2.313226711545950E-003 -1.143588183064719E-017
  3.074188463765776E-003 -1.127251209020937E-017
  3.871572100505631E-003 -1.094577260933374E-017
  4.313329298662621E-003 -1.070071799867701E-017
  4.175105827280584E-003 -1.053734825823919E-017
  3.495298792061714E-003 -1.074156043378647E-017
  2.550723932299035E-003 -1.119082721999046E-017
  1.727405511284904E-003 -1.143588183064719E-017
  1.347139215620415E-003 -1.143588183064719E-017
  1.528014278462621E-003 -1.127251209020937E-017
  2.139277474048852E-003 -1.110914234977155E-017
  2.867062082206290E-003 -1.045566338802029E-017
  3.358067470802288E-003 -1.012892390714465E-017
  3.375324842514789E-003 -1.012892390714465E-017
  2.897516898512276E-003 -1.061903312845810E-017
  2.120758680305649E-003 -1.127251209020937E-017
  1.365918190553207E-003 -1.186472739929646E-017
  9.354243846891923E-004 -1.178304252907755E-017
  9.834860643652991E-004 -1.135419696042828E-017
  1.455100370675463E-003 -1.045566338802029E-017
  2.117251242960253E-003 -9.883869296487926E-018
  2.665178536704250E-003 -9.802184426269018E-018
  2.855285022169182E-003 -1.016976634225411E-017
  2.607005785142508E-003 -1.065987556356756E-017
  2.031601142803953E-003 -1.110914234977155E-017
  1.378510077925534E-003 -1.127251209020937E-017
  9.250458140712320E-004 -1.086408773911483E-017
  8.580019516095731E-004 -9.883869296487926E-018
  1.197251052404185E-003 -8.658596243204299E-018
  1.791997703165102E-003 -7.555850495249035E-018
  2.388943155783870E-003 -7.208689796818674E-018
  2.741678563926635E-003 -7.862168758569942E-018
  2.714410205749295E-003 -9.312075204955568E-018
  2.336799927053048E-003 -1.045566338802029E-017
  1.788124064783025E-003 -1.070071799867701E-017
  1.318827620502838E-003 -9.720499556050109E-018
  1.143428118936522E-003 -7.841747541015215E-018
  1.350081883949743E-003 -6.167207701527591E-018
  1.864550010211583E-003 -5.452465087112141E-018
  2.483156537985395E-003 -6.019153874255819E-018
  2.960309195142258E-003 -7.698799018132125E-018
  3.113302514991965E-003 -9.638814685831202E-018
  2.899936220679354E-003 -1.078240286889592E-017
  2.435990651493481E-003 -1.029229364758247E-017
  1.945070087270846E-003 -8.495226502766482E-018
  1.662119633737652E-003 -6.371419877074862E-018
  1.731864643319364E-003 -4.982777083353417E-018
  2.145900158690743E-003 -5.146146823791234E-018
  2.745860487424307E-003 -6.698159357950496E-018
  3.291752831342288E-003 -8.985335724079934E-018
  3.566214958605959E-003 -1.074156043378647E-017
  3.469476776025788E-003 -1.135419696042828E-017
  3.063372830206123E-003 -1.045566338802029E-017
  2.544654086437800E-003 -8.821965983642116E-018
  2.158762048332055E-003 -6.943213968607221E-018
  2.091644141682908E-003 -5.758783350433048E-018
  2.387307963800439E-003 -5.840468220651956E-018
  2.927861898936816E-003 -6.963635186161948E-018
  3.485330078562611E-003 -8.515647720321209E-018
  3.822607955937862E-003 -9.863448078933199E-018
  3.798798974803513E-003 -1.008808147203520E-017
  3.431909046442627E-003 -9.475444945393385E-018
  2.890713649598459E-003 -8.250171892109757E-018
  2.419262158592955E-003 -7.106583709045038E-018
  2.227758348067908E-003 -6.453104747293771E-018
  2.398755773514007E-003 -6.902371533497767E-018
  2.850769490535893E-003 -8.005117281453031E-018
  3.375541509535529E-003 -9.312075204955568E-018
  3.731984859108955E-003 -1.016976634225411E-017
  3.754326867394282E-003 -1.045566338802029E-017
  3.425741956489735E-003 -9.883869296487926E-018
  2.884591039157731E-003 -8.699438678313754E-018
  2.361000570559632E-003 -7.637535365467943E-018
  2.072945461894647E-003 -6.943213968607221E-018
  2.128980399935268E-003 -7.024898838826130E-018
  2.481255090188720E-003 -8.005117281453031E-018
  2.949261815940817E-003 -9.393760075174476E-018
  3.302637933168833E-003 -1.045566338802029E-017
  3.364948487341990E-003 -1.078240286889592E-017
  3.091562979841083E-003 -1.065987556356756E-017
  2.587207244592905E-003 -1.008808147203520E-017
  2.056500389002427E-003 -9.189547899627204E-018
  1.710968246957707E-003 -8.372699197438120E-018
  1.675007306147210E-003 -8.250171892109757E-018
  1.932768706821896E-003 -8.576911372985391E-018
  2.338638930804676E-003 -9.393760075174476E-018
  2.685051188176264E-003 -1.004723903692574E-017
  2.795996257244659E-003 -1.041482095291083E-017
  2.604054602772748E-003 -1.041482095291083E-017
  2.177307110076298E-003 -9.883869296487926E-018
  1.685699802098957E-003 -9.107863029408296E-018
  1.323537030758567E-003 -8.576911372985391E-018
  1.223604528348988E-003 -8.454384067657029E-018
  1.400936143579137E-003 -8.658596243204299E-018
  1.749919340158623E-003 -9.067020594298842E-018
  2.094221515286684E-003 -9.475444945393385E-018
  2.265929506213701E-003 -9.271232769846113E-018
  2.178399564800256E-003 -8.617753808094846E-018
  1.861359208726342E-003 -7.964274846343577E-018
  1.444367967200176E-003 -7.433323189920673E-018
  1.097636837735703E-003 -7.372059537256491E-018
  9.572891898182009E-004 -7.698799018132125E-018
  1.067821148304869E-003 -8.127644586781395E-018
  1.365881331927245E-003 -8.413541632547574E-018
  1.710861768858800E-003 -8.536068937875937E-018
  1.947567137235930E-003 -8.638175025649573E-018
  1.973092183392906E-003 -8.433962850102300E-018
  1.779263459316235E-003 -7.964274846343577E-018
  1.453399957364110E-003 -7.596692930358490E-018
  1.138407355188253E-003 -7.269953449482855E-018
  9.703843166276519E-004 -6.881950315943040E-018
  1.020826082314849E-003 -6.432683529739043E-018
  1.267737955839077E-003 -6.197839527859682E-018
  1.607089663455009E-003 -6.310156224410680E-018
  1.898758920420806E-003 -6.657316922841041E-018
  2.026762585425821E-003 -7.269953449482855E-018
  1.948043270224266E-003 -7.596692930358490E-018
  1.709439670385986E-003 -7.433323189920673E-018
  1.426238998612568E-003 -6.943213968607221E-018
  1.231989795145055E-003 -6.126365266418136E-018
  1.221218918848521E-003 -5.227831694010143E-018
  1.409418630596062E-003 -4.676458820032511E-018
  1.727116750627924E-003 -4.696880037587238E-018
  2.050267881980409E-003 -5.227831694010143E-018
  2.253771267611971E-003 -5.962995525980319E-018
  2.265137618777494E-003 -6.575632052622133E-018
  2.095325453964278E-003 -6.861529098388313E-018
  1.833561360925755E-003 -6.453104747293771E-018
  1.608409188264546E-003 -5.717940915323594E-018
  1.531882515222284E-003 -5.064461953572326E-018
  1.650759389194373E-003 -4.676458820032511E-018
  1.926227434076625E-003 -4.992987692130782E-018
  2.250778645990689E-003 -5.646466653882049E-018
  2.495097705857597E-003 -6.248892571746499E-018
  2.564553054372227E-003 -6.657316922841041E-018
  2.440582304027589E-003 -6.698159357950496E-018
  2.188753089450649E-003 -6.126365266418136E-018
  1.929838968246970E-003 -5.391201434447960E-018
  1.786538520090499E-003 -5.146146823791234E-018
  1.829294130271653E-003 -5.411622652002687E-018
  2.045177520317672E-003 -6.126365266418136E-018
  2.343679618287491E-003 -7.004477621271403E-018
  2.596895897416782E-003 -7.515008060139581E-018
  2.696284754119338E-003 -7.800905105905760E-018
  2.600751091960732E-003 -7.760062670796307E-018
  2.354641345599821E-003 -7.392480754811218E-018
  2.067663306736568E-003 -6.943213968607221E-018
  1.865769757957016E-003 -6.575632052622133E-018
  1.835025094428376E-003 -6.493947182403225E-018
  1.983564385154553E-003 -6.861529098388313E-018
  2.238563538062687E-003 -7.678377800577398E-018
  2.479371347176911E-003 -8.536068937875937E-018
  2.591734410472099E-003 -8.924072071415752E-018
  2.518687453211900E-003 -8.719859895868481E-018
  2.285367876456371E-003 -8.025538499007759E-018
  1.986911498261426E-003 -7.106583709045038E-018
  1.745251431223961E-003 -6.391841094629589E-018
  1.654517880443945E-003 -6.065101613753955E-018
  1.739600454010812E-003 -6.167207701527591E-018
  1.946203825038651E-003 -6.698159357950496E-018
  2.166355639936090E-003 -7.596692930358490E-018
  2.287398378748492E-003 -8.495226502766482E-018
  2.242199993795137E-003 -8.842387201196843E-018
  2.038178966245416E-003 -8.454384067657029E-018
  1.752629993621086E-003 -7.642640669856625E-018
  1.497121412033715E-003 -6.830897272056223E-018
  1.367454441198615E-003 -6.534789617512679E-018
  1.401726578614171E-003 -6.820686663278858E-018
  1.564906621107536E-003 -7.596692930358490E-018
  1.766107232120747E-003 -8.495226502766482E-018
  1.900089091793250E-003 -9.067020594298842E-018
  1.894030834040714E-003 -9.026178159189387E-018
  1.738793551825932E-003 -8.597332590540118E-018
  1.491339129051752E-003 -8.122539282392713E-018
  1.248056936875728E-003 -7.775378583962352E-018
  1.101552357020648E-003 -7.637535365467943E-018
  1.100324248655087E-003 -7.719220235686852E-018
  1.228884467033151E-003 -8.005117281453031E-018
  1.416374503700041E-003 -8.495226502766482E-018
  1.569037656518612E-003 -8.821965983642116E-018
  1.611668307328954E-003 -8.658596243204299E-018
  1.519751927978557E-003 -8.250171892109757E-018
  1.328658526853928E-003 -7.780483888351034E-018
  1.116642398439716E-003 -7.433323189920673E-018
  9.698245238137391E-004 -7.504797451362218E-018
  9.448260515039053E-004 -7.882589976124669E-018
  1.045208370581528E-003 -8.250171892109757E-018
  1.221412393665751E-003 -8.393120414992847E-018
  1.393502366523326E-003 -8.454384067657029E-018
  1.486286925455651E-003 -8.393120414992847E-018
  1.461433075581295E-003 -8.291014327219212E-018
  1.332943284771080E-003 -8.127644586781395E-018
  1.159855066622798E-003 -7.964274846343577E-018
  1.019884211314774E-003 -7.657956583022670E-018
  9.757244014004416E-004 -7.433323189920673E-018
  1.048524227761184E-003 -7.188268579263947E-018
  1.209656560561325E-003 -7.101478404656357E-018
  1.393879908937445E-003 -7.104031056850697E-018
  1.527856787642314E-003 -7.127004926599765E-018
  1.561607692652444E-003 -7.331217102147037E-018
  1.489466851460072E-003 -7.433323189920673E-018
  1.351788223539182E-003 -7.392480754811218E-018
  1.216957325806143E-003 -7.188268579263947E-018
  1.151640804399570E-003 -6.820686663278858E-018
  1.192115819183269E-003 -6.391841094629589E-018
  1.328927476044528E-003 -6.156997092750227E-018
  1.511324544745822E-003 -6.075312222531319E-018
  1.669417783442241E-003 -6.167207701527591E-018
  1.744423663836732E-003 -6.698159357950496E-018
  1.713930326548621E-003 -7.555850495249035E-018
  1.601311172717185E-003 -8.209329457000303E-018
  1.465275241241133E-003 -8.331856762328665E-018
  1.374135202235897E-003 -7.964274846343577E-018
  1.375990473132953E-003 -6.881950315943040E-018
  1.477795124870597E-003 -5.758783350433048E-018
  1.642419444443519E-003 -5.380990825670597E-018
  1.804974502205336E-003 -6.044680396199228E-018
  1.901251835108438E-003 -7.269953449482855E-018
  1.895815221645720E-003 -8.658596243204299E-018
  1.797416893150523E-003 -9.557129815612294E-018
  1.654966531828377E-003 -9.312075204955568E-018
  1.535838185865187E-003 -8.127644586781395E-018
  1.496093779390354E-003 -6.493947182403225E-018
  1.555779751019763E-003 -5.258463520342234E-018
  1.690211618363451E-003 -5.033830127240236E-018
  1.841074417708946E-003 -6.003837961089774E-018
  1.942372768186757E-003 -7.642640669856625E-018
  1.949675973867177E-003 -9.220179725959296E-018
  1.859662518508674E-003 -9.802184426269018E-018
  1.711320975913425E-003 -9.250811552291386E-018
  1.568363701648562E-003 -8.045959716562486E-018
  1.490783376047785E-003 -6.677738140395769E-018
  1.508282034908729E-003 -5.840468220651956E-018
  1.607389840210204E-003 -6.003837961089774E-018
  1.737900153277931E-003 -7.188268579263947E-018
  1.835581982866607E-003 -8.781123548532663E-018
  1.850891765076844E-003 -9.904290514042654E-018
  1.770828657890153E-003 -1.036376790902401E-017
  1.624275954109835E-003 -9.919606427208700E-018
  1.468654460563032E-003 -8.592227286151436E-018
  1.364079899987956E-003 -7.218900405596037E-018
  1.346705760252568E-003 -6.514368399957952E-018
  1.413125230411795E-003 -6.779844228169404E-018
  1.522591954856122E-003 -7.923432411234124E-018
  1.615770798012061E-003 -9.352917640065021E-018
  1.641394861034237E-003 -1.029229364758247E-017
  1.578847978457110E-003 -1.033313608269192E-017
  1.446735472997591E-003 -9.740920773604837E-018
  1.293929600085428E-003 -8.827071288030798E-018
  1.177424801142643E-003 -8.097012760449304E-018
  1.137086954593071E-003 -7.800905105905760E-018
  1.178524011174106E-003 -8.127644586781395E-018
  1.271447635295415E-003 -8.985335724079934E-018
  1.363873864842735E-003 -9.883869296487926E-018
  1.405516907192615E-003 -1.023102999491829E-017
  1.369854547083532E-003 -9.883869296487926E-018
  1.265208910993776E-003 -8.857703114362888E-018
  1.130274146959692E-003 -7.509902755750899E-018
  1.016469866848139E-003 -6.570526748233451E-018
  9.651993888462189E-004 -6.361209268297499E-018
  9.900857565211484E-004 -7.004477621271403E-018
  1.071791405314499E-003 -7.964274846343577E-018
  1.167319687854659E-003 -8.617753808094846E-018
  1.229340579931699E-003 -8.576911372985391E-018
  1.226863640870721E-003 -7.841747541015215E-018
  1.158258482935773E-003 -6.881950315943040E-018
  1.051206284092380E-003 -6.105944048863410E-018
  9.499760652780184E-004 -5.962995525980319E-018
  8.958763745128020E-004 -6.432683529739043E-018
  9.094997295078376E-004 -7.285269362648901E-018
  9.823539568329538E-004 -8.163381717502166E-018
  1.081223738632837E-003 -8.576911372985391E-018
  1.163050133898077E-003 -8.500331807155164E-018
  1.193670271585011E-003 -8.097012760449304E-018
  1.162286138372727E-003 -7.657956583022670E-018
  1.085569369320517E-003 -7.412901972365946E-018
  9.998900788442404E-004 -7.494586842584854E-018
  9.452649181168021E-004 -7.719220235686852E-018
  9.480704876031541E-004 -7.841747541015215E-018
  1.009940391965107E-003 -7.698799018132125E-018
  1.107472631287079E-003 -7.382270146033854E-018
  1.202672343581391E-003 -7.106583709045038E-018
  1.259475899713258E-003 -7.269953449482855E-018
  1.259185613104662E-003 -7.678377800577398E-018
  1.208222036935388E-003 -7.923432411234124E-018
  1.134979238378894E-003 -8.045959716562486E-018
  1.077272383052768E-003 -8.086802151671939E-018
  1.065878235164407E-003 -7.923432411234124E-018
  1.111285778670229E-003 -7.719220235686852E-018
  1.199328143008687E-003 -7.423112581143309E-018
  1.297500443867481E-003 -7.137215535377128E-018
  1.369152938167216E-003 -7.065741273935583E-018
  1.389370051884238E-003 -7.351638319701764E-018
  1.355652040427358E-003 -7.617114147913216E-018
  1.288798723040586E-003 -7.719220235686852E-018
  1.223661899435278E-003 -7.576271712803761E-018
  1.193834653833757E-003 -7.167847361709220E-018
  1.216971367785903E-003 -6.779844228169404E-018
  1.287139536010743E-003 -6.381630485852225E-018
  1.377519268717107E-003 -6.151891788361546E-018
  1.452233882232949E-003 -6.238681962969136E-018
  1.482097698105867E-003 -6.708369966727860E-018
  1.457359007680611E-003 -7.351638319701764E-018
  1.391850489920676E-003 -7.780483888351034E-018
  1.316752053402306E-003 -7.760062670796307E-018
  1.266751751377381E-003 -7.351638319701764E-018
  1.264736376806053E-003 -6.657316922841041E-018
  1.311774378070451E-003 -6.024259178644501E-018
  1.386791119896279E-003 -5.942574308425593E-018
  1.456030438161839E-003 -6.596053270176860E-018
  1.488061413768834E-003 -7.581377017192445E-018
  1.467651962645017E-003 -8.439068154490984E-018
  1.402370155325306E-003 -8.770912939755298E-018
  1.319039621092386E-003 -8.423752241324937E-018
  1.251700580680400E-003 -7.525218668916944E-018
  1.226489527917239E-003 -6.514368399957952E-018
  1.250175522247653E-003 -5.983416743535047E-018
  1.307405109914034E-003 -6.177418310304954E-018
  1.367786721142174E-003 -6.810476054501495E-018
  1.399558367598927E-003 -7.657956583022670E-018
  1.383692053010159E-003 -8.234855978943712E-018
  1.322168652587086E-003 -8.270593109664485E-018
  1.236829518991609E-003 -7.790056334079812E-018
  1.159448470429020E-003 -7.147426144154492E-018
  1.117559092950362E-003 -6.677738140395769E-018
  1.122387590099764E-003 -6.657316922841041E-018
  1.164203833742162E-003 -7.229111014373400E-018
  1.217021687243323E-003 -8.209329457000303E-018
  1.250399852012803E-003 -9.209969117181933E-018
  1.242990082457479E-003 -9.761341991159564E-018
  1.191809588734178E-003 -9.720499556050109E-018
  1.113227281990810E-003 -8.954703897747843E-018
  1.035399866217080E-003 -7.923432411234124E-018
  9.856754374526929E-004 -7.218900405596037E-018
  9.786243508594671E-004 -7.290374667037582E-018
  1.009951137575742E-003 -8.127644586781395E-018
  1.058828564617327E-003 -9.291653987400840E-018
  1.097429948419342E-003 -1.031271486513720E-017
  1.103304142877578E-003 -1.053734825823919E-017
  1.069099987999393E-003 -9.807289730657701E-018
  1.005449040052970E-003 -8.510542415932527E-018
  9.359184892100549E-004 -7.531600299402796E-018
  8.864405982731676E-004 -7.203584492429992E-018
  8.739716671296514E-004 -7.627324756690580E-018
  8.993414051304778E-004 -8.505437111543846E-018
  9.472949699310926E-004 -9.352917640065021E-018
  9.935213112844744E-004 -9.638814685831202E-018
  1.015433996411720E-003 -9.220179725959296E-018
  1.001931951758512E-003 -8.331856762328665E-018
  9.579391551125174E-004 -7.525218668916944E-018
  9.018940139589750E-004 -7.249532231928129E-018
  8.574537276302476E-004 -7.709009626909488E-018
  8.431413930062045E-004 -8.765807635366616E-018
  8.644527693120065E-004 -9.756236686770882E-018
  9.117644617744273E-004 -1.031016221294285E-017
  9.648055936953520E-004 -1.017997695103147E-017
  1.001615349879264E-003 -9.511182076114157E-018
  1.008031961644133E-003 -8.668806851981663E-018
  9.836224699083711E-004 -8.209329457000303E-018
  9.415813167503671E-004 -8.229750674555030E-018
  9.027655837366169E-004 -8.699438678313754E-018
  8.865449489971288E-004 -9.485655554170748E-018
  9.024568049757545E-004 -1.004723903692574E-017
  9.462365759313090E-004 -1.009829208081256E-017
  1.001853619041572E-003 -9.506076771725475E-018
  1.048579977980492E-003 -8.464594676434392E-018
  1.069975370599366E-003 -7.627324756690580E-018
  1.060895552795000E-003 -7.331217102147037E-018
  1.029534379880866E-003 -7.719220235686852E-018
  9.936836180982182E-004 -8.617753808094846E-018
  9.728924912448449E-004 -9.516287380502838E-018
  9.799565107097227E-004 -9.934922340374745E-018
  1.015419413280211E-003 -9.710288947272746E-018
  1.067436693643819E-003 -9.107863029408296E-018
  1.117011440034845E-003 -8.413541632547574E-018
  1.146287906540523E-003 -8.015327890230396E-018
  1.146279878328293E-003 -8.066380934117213E-018
  1.120680396643496E-003 -8.781123548532663E-018
  1.084123073500658E-003 -9.740920773604837E-018
  1.055689104209582E-003 -1.027187243002774E-017
  1.050521572870193E-003 -1.002681781937102E-017
  1.073219917051442E-003 -9.102757725019614E-018
  1.115891581405995E-003 -8.173592326279530E-018
  1.161686593093126E-003 -7.703904322520807E-018
  1.192235000211008E-003 -8.035749107785123E-018
  1.195702672633117E-003 -8.883229636306298E-018
  1.171924972700847E-003 -9.802184426269018E-018
  1.132379569447977E-003 -1.029229364758247E-017
  1.095042050103574E-003 -1.009829208081256E-017
  1.076421859116061E-003 -9.358022944453703E-018
  1.084306503868407E-003 -8.393120414992847E-018
  1.114408609212153E-003 -7.688588409354762E-018
  1.152366779568299E-003 -7.726878192269874E-018
  1.180175527925055E-003 -8.492673850572141E-018
  1.184167633615788E-003 -9.641367338025543E-018
  1.161007481660719E-003 -1.064455965040151E-017
  1.119063388090523E-003 -1.094577260933374E-017
  1.074596237664171E-003 -1.040461034413347E-017
  1.044503193692940E-003 -9.347812335676340E-018
  1.038864291110228E-003 -8.255277196498438E-018
  1.056592729946198E-003 -7.627324756690580E-018
  1.086077118181257E-003 -7.831536932237850E-018
  1.110469023480915E-003 -8.653490938815618E-018
  1.115214781020154E-003 -9.618393468276474E-018
  1.094467691672660E-003 -1.025145121247302E-017
  1.053559506055985E-003 -1.017104266835128E-017
  1.006496729190939E-003 -9.493313510753771E-018
  9.696661365304101E-004 -8.689228069536390E-018
  9.545930251058358E-004 -8.270593109664485E-018
  9.629676585955183E-004 -8.454384067657029E-018
  9.860967836316818E-004 -9.107863029408296E-018
  1.008942598584652E-003 -9.914501122820018E-018
  1.016882144705228E-003 -1.041482095291083E-017
  1.002155011267198E-003 -1.045566338802029E-017
  9.671647342570431E-004 -1.003958108034272E-017
  9.232438618229541E-004 -9.416733944923544E-018
  8.855196905998257E-004 -8.786228852921345E-018
  8.662199074730428E-004 -8.464594676434392E-018
  8.693918553200167E-004 -8.679017460759026E-018
  8.893214081592073E-004 -9.209969117181933E-018
  9.132615901282044E-004 -9.735815469216156E-018
  9.271775102247317E-004 -9.894079905265291E-018
  9.219238769108742E-004 -9.661788555580270E-018
  8.971442004906731E-004 -9.212521769376273E-018
  8.612423828742316E-004 -8.786228852921345E-018
  8.275325035601195E-004 -8.666254199787322E-018
  8.083366004885788E-004 -8.998098985051638E-018
  8.096500498834159E-004 -9.511182076114157E-018
  8.286817068855054E-004 -9.886421948682267E-018
  8.552686542106417E-004 -9.894079905265291E-018
  8.764579974331352E-004 -9.500971467336793E-018
  8.821920417839115E-004 -9.005756941634660E-018
  8.696062668845542E-004 -8.740281113423208E-018
  8.441114072078594E-004 -8.821965983642116E-018
  8.168664995533251E-004 -9.041494072355434E-018
  7.998188976858187E-004 -9.312075204955568E-018
  8.005099835169961E-004 -9.465234336616022E-018
  8.188951835039147E-004 -9.434602510283930E-018
  8.475069777421003E-004 -9.268680117651772E-018
  8.748192455519234E-004 -9.051704681132797E-018
  8.902953930765176E-004 -8.873019027528935E-018
  8.889097701316112E-004 -8.801544766087390E-018
  8.732038661394675E-004 -8.975125115302570E-018
  8.520380698215090E-004 -9.352917640065021E-018
  8.366377446362022E-004 -9.720499556050109E-018
  8.356857230950730E-004 -9.883869296487926E-018
  8.515929649047551E-004 -9.649025294608565E-018
  8.795362189175891E-004 -9.215074421570614E-018
  9.096346739307523E-004 -8.750491722200571E-018
  9.312797449804016E-004 -8.485015893989119E-018
  9.377183864040106E-004 -8.515647720321209E-018
  9.289069389226506E-004 -8.791334157310026E-018
  9.114244582113712E-004 -9.148705464517751E-018
  8.955191517945950E-004 -9.312075204955568E-018
  8.905998514274333E-004 -9.107863029408296E-018
  9.011429221143085E-004 -8.566700764208027E-018
  9.247849690682383E-004 -7.872379367347305E-018
  9.534071768954165E-004 -7.428217885531991E-018
  9.767116916993251E-004 -7.657956583022670E-018
  9.867123309063243E-004 -8.311435544773938E-018
  9.811772984601927E-004 -8.883229636306298E-018
  9.645331783102068E-004 -9.138494855740387E-018
  9.458570208936838E-004 -8.883229636306298E-018
  9.348563597810353E-004 -8.311435544773938E-018
  9.376093206857783E-004 -7.698799018132125E-018
  9.539295719206770E-004 -7.479270929418808E-018
  9.774970252081985E-004 -7.754957366407625E-018
  9.986758534513568E-004 -8.326751457939983E-018
  1.008763579473850E-003 -8.975125115302570E-018
  1.003795562696900E-003 -9.536708598057565E-018
  9.862376441783416E-004 -9.710288947272746E-018
  9.638400844374869E-004 -9.261022161068749E-018
  9.461802265953263E-004 -8.214434761388985E-018
  9.404349068369070E-004 -7.050425360769538E-018
  9.482507847768256E-004 -6.486289225820202E-018
  9.650813573880577E-004 -6.829620945959051E-018
  9.822596380507668E-004 -7.972570965975185E-018
  9.908658294098369E-004 -9.346536009579170E-018
  9.856657133046499E-004 -1.016721369005977E-017
  9.673812340405813E-004 -9.814947687240723E-018
  9.423094698712357E-004 -8.735175809034526E-018
  9.194884816258375E-004 -7.642640669856625E-018
  9.066904194215680E-004 -7.083609839295971E-018
  9.070254479558505E-004 -7.264848145094174E-018
  9.176479852488128E-004 -8.071486238505894E-018
  9.311082334279508E-004 -8.980230419691252E-018
  9.387154989233315E-004 -9.424391901506567E-018
  9.343996318666345E-004 -9.202311160598908E-018
  9.173589125831205E-004 -8.405883675964551E-018
  8.923447203163695E-004 -7.611370680475950E-018
  8.674949924975920E-004 -7.364401580673468E-018
  8.507120015463934E-004 -7.744746757630260E-018
  8.462055838154718E-004 -8.602437894928799E-018
  8.527218279460394E-004 -9.511182076114157E-018
  8.642069806964213E-004 -1.000129129742761E-017
  8.725695200156081E-004 -9.791973817491654E-018
  8.712857714441350E-004 -9.153810768906432E-018
  8.582475591949950E-004 -8.499055481057994E-018
  8.366155560348925E-004 -8.185717424202649E-018
  8.133435806055819E-004 -8.426623975043572E-018
  7.960688685925522E-004 -9.068296920396012E-018
  7.897657183740211E-004 -9.669446512163292E-018
  7.946336358386669E-004 -9.802184426269018E-018
  8.061181330802019E-004 -9.248258900097045E-018
  8.170088822937553E-004 -8.311435544773938E-018
  8.206525743523152E-004 -7.620943126204727E-018
  8.138524990129394E-004 -7.440981146503695E-018
  7.981962561907160E-004 -7.933643020011487E-018
  7.792676532372441E-004 -8.786228852921345E-018
  7.641336036261839E-004 -9.462681684421679E-018
  7.582389869916582E-004 -9.477997597587726E-018
  7.630737471732204E-004 -8.774741918046810E-018
  7.756091627698188E-004 -7.774740420913767E-018
  7.897086927061470E-004 -6.989161708105358E-018
  7.988570527758011E-004 -6.779844228169404E-018
  7.989944754709412E-004 -7.162742057320538E-018
  7.902250182007123E-004 -8.025538499007759E-018
  7.766830286158264E-004 -8.832176592419480E-018
  7.646549010559794E-004 -9.128284246963024E-018
  7.598058451383417E-004 -8.740281113423208E-018
  7.647301265243958E-004 -7.979590759509622E-018
  7.778778572942580E-004 -7.162742057320538E-018
  7.942951313080517E-004 -6.667527531618405E-018
  8.078224648149411E-004 -6.677738140395769E-018
  8.137738539589495E-004 -7.167847361709220E-018
  8.109298949097133E-004 -7.770273279573670E-018
  8.019960065050735E-004 -8.291014327219212E-018
  7.923544565261607E-004 -8.321646153551302E-018
  7.876783323942654E-004 -7.892800584902032E-018
  7.914574533055043E-004 -7.213795101207355E-018
  8.035074078680394E-004 -6.545000226290043E-018
  8.200917259843448E-004 -6.381630485852225E-018
  8.355808110219837E-004 -6.764528315003359E-018
  8.449079891063721E-004 -7.555850495249035E-018
  8.457483167072428E-004 -8.382909806215484E-018
  8.394797706230366E-004 -8.607543199317481E-018
  8.305254727231058E-004 -8.107223369226668E-018
  8.243819799460662E-004 -7.127004926599765E-018
  8.252049903568788E-004 -6.391841094629589E-018
  8.340063275753765E-004 -6.345893355131453E-018
  8.482394341913862E-004 -7.004477621271403E-018
  8.629391068459191E-004 -7.933643020011487E-018
  8.729033590326703E-004 -8.770912939755298E-018
  8.749563555365425E-004 -9.255916856680068E-018
  8.693048844536169E-004 -9.153810768906432E-018
  8.594051131041624E-004 -8.459489372045710E-018
  8.504118902309470E-004 -7.530323973305626E-018
  8.469015849369188E-004 -7.040214751992175E-018
  8.508712160536926E-004 -7.070846578324267E-018
  8.608871488478486E-004 -7.749852062018942E-018
  8.727456678710458E-004 -8.658596243204299E-018
  8.813419087470426E-004 -9.416733944923544E-018
  8.829161814307630E-004 -9.751131382382201E-018
  8.766883066983819E-004 -9.465234336616022E-018
  8.651681808006661E-004 -8.638175025649573E-018
  8.530190427351208E-004 -7.895353237096373E-018
  8.449875205373008E-004 -7.402691363588581E-018
  8.438202317506726E-004 -7.405244015782922E-018
  8.490836073093875E-004 -8.031920129493611E-018
  8.573965798385114E-004 -8.802821092184559E-018
  8.639580368294689E-004 -9.365042737988141E-018
  8.646816419738851E-004 -9.488208206365089E-018
  8.579905801277507E-004 -9.201034834501739E-018
  8.454856662987355E-004 -8.569253416402368E-018
  8.312064680006008E-004 -7.968103824635089E-018
  8.198290496970559E-004 -7.639449854613699E-018
  8.146085205001684E-004 -7.787503681885471E-018
  8.159763881296250E-004 -8.273145761858826E-018
  8.214014495305971E-004 -8.781123548532663E-018
  8.265571218134111E-004 -9.180613616947012E-018
  8.272614559424349E-004 -9.215074421570614E-018
  8.213235122856433E-004 -8.865361070945912E-018
  8.094845337951181E-004 -8.266764131372973E-018
  7.950542033745104E-004 -7.623814859923362E-018
  7.824236387440172E-004 -7.395352488529851E-018
  7.751282900444163E-004 -7.664338213508523E-018
  7.743203186481282E-004 -8.344620023300369E-018
  7.783145915489489E-004 -8.921519419221411E-018
  7.833882283941495E-004 -8.959809202136525E-018
  7.854593445313747E-004 -8.596056264442948E-018
  7.818915435451572E-004 -8.091907456060621E-018
  7.726300984752984E-004 -7.634982713273602E-018
  7.601846388929771E-004 -7.407796667977263E-018
  7.484886683828754E-004 -7.557764984394791E-018
  7.411577925673292E-004 -8.127325505257102E-018
  7.399210931852814E-004 -8.850364239304158E-018
  7.439081651634430E-004 -9.212521769376273E-018
  7.500857694153285E-004 -8.878124331917617E-018
  7.546294321203669E-004 -7.929814041719975E-018
  7.546116492515887E-004 -6.950871925190244E-018
  7.492635275117478E-004 -6.305050920021999E-018
  7.402687901780483E-004 -6.192734223471000E-018
  7.309824747019383E-004 -6.698159357950496E-018
  7.249372383146710E-004 -7.486928886001830E-018
  7.243023155388486E-004 -8.086802151671939E-018
  7.289663612744945E-004 -8.155723760919144E-018
  7.366298015274872E-004 -7.650298626439647E-018
  7.438455915180920E-004 -6.749212401837314E-018
  7.475369071082520E-004 -6.146786483972864E-018
  7.463233332840990E-004 -6.325472137576726E-018
  7.410841020216004E-004 -7.096373100267675E-018
  7.345293823695318E-004 -8.025538499007759E-018
  7.299850261843759E-004 -8.495226502766482E-018
  7.299327082213998E-004 -8.260382500887120E-018
  7.349426699841178E-004 -7.458849711864081E-018
  7.434540901129089E-004 -6.458210051682452E-018
  7.524827311087655E-004 -5.850678829429321E-018
  7.589328282488120E-004 -6.019153874255819E-018
  7.609345603024368E-004 -6.820686663278858E-018
  7.586274966427008E-004 -7.862168758569942E-018
  7.540599874899436E-004 -8.684122765147708E-018
  7.502624657950760E-004 -8.806650070476071E-018
  7.499092205610051E-004 -8.245066587721075E-018
  7.541548974764287E-004 -7.423112581143309E-018
  7.621474884351202E-004 -6.953424577384585E-018
  7.714192228892575E-004 -6.922792751052494E-018
  7.789735078371504E-004 -7.290374667037582E-018
  7.825867924941588E-004 -7.698799018132125E-018
  7.817573690743882E-004 -8.015327890230396E-018
  7.778936002416339E-004 -8.051065020951168E-018
  7.736693579430575E-004 -7.923432411234124E-018
  7.718371458266688E-004 -7.709009626909488E-018
  7.740217592595920E-004 -7.392480754811218E-018
  7.800198790745559E-004 -7.208689796818674E-018
  7.879049557464159E-004 -7.295479971426264E-018
  7.948827208863179E-004 -7.703904322520807E-018
  7.985160302381251E-004 -8.245066587721075E-018
  7.977805769373922E-004 -8.653490938815618E-018
  7.934923202646960E-004 -8.796439461698708E-018
  7.879265290741873E-004 -8.444173458879665E-018
  7.838034775433755E-004 -7.908116498068077E-018
  7.830911139159735E-004 -7.504797451362218E-018
  7.861506748456936E-004 -7.537981929888649E-018
  7.915958211407359E-004 -7.956616889760555E-018
  7.969195188365057E-004 -8.548832198847642E-018
  7.996057249324860E-004 -8.990441028468615E-018
  7.982331190148505E-004 -9.130836899157365E-018
  7.930866612465114E-004 -8.873019027528935E-018
  7.860139171821774E-004 -8.280803718441848E-018
  7.795976536579137E-004 -7.573719060609421E-018
  7.760159177293736E-004 -7.190821231458288E-018
  7.760940970671545E-004 -7.388651776519707E-018
  7.789633199945266E-004 -8.162105391404997E-018
  7.824680197262182E-004 -9.070211409541768E-018
  7.841341549848077E-004 -9.649025294608565E-018
  7.822651427902853E-004 -9.434602510283930E-018
  7.766817723658287E-004 -8.593503612248607E-018
  7.687853147134298E-004 -7.629877408884921E-018
  7.609252305963181E-004 -7.384822798228195E-018
  7.553592708100233E-004 -7.830898769189266E-018
  7.532691837411552E-004 -8.645194819184010E-018
  7.542641271046507E-004 -9.467786988810362E-018
  7.565828589770043E-004 -9.902056943372606E-018
  7.578950706026812E-004 -9.682528854659289E-018
  7.563401342251358E-004 -8.846854342536940E-018
  7.513428279204549E-004 -7.885142628319010E-018
  7.438511544185862E-004 -7.244426927539447E-018
  7.359013510971103E-004 -7.148702470251663E-018
  7.297125220275697E-004 -7.623495778399069E-018
  7.267164969567760E-004 -8.460127535094295E-018
  7.269498164378442E-004 -9.244110840281241E-018
  7.290680870727649E-004 -9.544845176927027E-018
  7.309650744683790E-004 -9.251130633815678E-018
  7.307139742974366E-004 -8.524582003001403E-018
  7.274123890626831E-004 -7.776654910059522E-018
  7.215627464043221E-004 -7.418007276754627E-018
  7.148304968041493E-004 -7.710285953006660E-018
  7.092978852858465E-004 -8.566700764208027E-018
  7.065494372212484E-004 -9.498418815142453E-018
  7.069921590603377E-004 -9.945132949152108E-018
  7.097027682920113E-004 -9.670722838260462E-018
  7.128581690133940E-004 -8.944493288970479E-018
  7.145496702766694E-004 -8.257829848692779E-018
  7.136181293223638E-004 -8.176144978473871E-018
  7.101455233769297E-004 -8.852597809974207E-018
  7.053956464221692E-004 -9.733262817021815E-018
  7.012407890678467E-004 -1.010339738520124E-017
  6.993342416443774E-004 -9.743473425799178E-018
  7.003937371420455E-004 -8.913861462638388E-018
  7.039052965322662E-004 -8.056170325339849E-018
  7.083679769078787E-004 -7.627324756690580E-018
  7.119626243676166E-004 -7.966827498537918E-018
  7.133459284180220E-004 -8.781123548532663E-018
  7.122225498300750E-004 -9.623498772665155E-018
  7.094511384854413E-004 -1.012381860275597E-017
  7.066469435593396E-004 -9.985975384261563E-018
  7.054627583696595E-004 -9.174231986461159E-018
  7.068660524596614E-004 -7.974485455120941E-018
  7.107260014409709E-004 -6.999372316882721E-018
  7.158841703907462E-004 -6.871739707165676E-018
  7.206699086593415E-004 -7.550745190860353E-018
  7.236294171390808E-004 -8.597332590540118E-018
  7.241487094214678E-004 -9.388654770785795E-018
  7.227019372093747E-004 -9.490760858559430E-018
  7.206232843820333E-004 -8.959809202136525E-018
  7.195088257334746E-004 -8.025538499007759E-018
  7.205136195828089E-004 -7.142320839765810E-018
  7.238508102116075E-004 -6.682843444784450E-018
  7.287074009171656E-004 -6.805370750112813E-018
  7.336074376634474E-004 -7.326111797758356E-018
  7.370586131534389E-004 -7.938748324400169E-018
  7.381973647830390E-004 -8.214434761388985E-018
  7.371519260792877E-004 -7.923432411234124E-018
  7.349690302667767E-004 -7.229111014373400E-018
  7.331417372828561E-004 -6.616474487731587E-018
  7.329490259119814E-004 -6.458210051682452E-018
  7.348972462299726E-004 -6.733896488671268E-018
  7.385057232601176E-004 -7.259742840705492E-018
  7.425259450445263E-004 -7.606903539135853E-018
  7.454935986815405E-004 -7.489481538196171E-018
  7.463685696016334E-004 -6.933003359829858E-018
  7.449823346178393E-004 -6.335682746354089E-018
  7.420994447449561E-004 -6.049785700587910E-018
  7.390706371676980E-004 -6.376525181463544E-018
  7.372339889751428E-004 -7.007030273465744E-018
  7.373290720267783E-004 -7.688588409354762E-018
  7.391804574349326E-004 -8.137855195558758E-018
  7.417860915155531E-004 -8.063828281922872E-018
  7.437671190455692E-004 -7.624772104496239E-018
  7.439777439245092E-004 -7.111689013433720E-018
  7.420058079506628E-004 -6.675185488201428E-018
  7.383458117655665E-004 -6.562868791650428E-018
  7.341724151505305E-004 -6.823239315473199E-018
  7.308187128498110E-004 -7.172952666097902E-018
  7.291919760989490E-004 -7.387375450422536E-018
  7.293841626017958E-004 -7.515008060139581E-018
  7.306457047305480E-004 -7.628601082787751E-018
  7.317292978387483E-004 -7.534152951597137E-018
  7.314477094736309E-004 -7.246979579733788E-018
  7.291976331618656E-004 -6.959806207870437E-018
  7.252199028434516E-004 -6.915134794469471E-018
  7.204854598096093E-004 -7.028727817117642E-018
  7.162625412091653E-004 -7.277611406065878E-018
  7.135598777191503E-004 -7.601798234747171E-018
  7.126923054516285E-004 -7.784312866642544E-018
  7.131576795900379E-004 -7.739641453241578E-018
  7.138742760754617E-004 -7.512455407945240E-018
  7.136687167581722E-004 -7.069570252227095E-018
  7.117961712312468E-004 -6.570526748233451E-018
  7.082639763685497E-004 -6.167207701527591E-018
  7.038199258634163E-004 -6.223366049803090E-018
  6.996160103386743E-004 -6.753041380128825E-018
  6.967006100121762E-004 -7.375888515548003E-018
  6.955647181390902E-004 -7.770273279573670E-018
  6.959400864194285E-004 -7.631153734982092E-018
  6.969332092640145E-004 -7.146149818057322E-018
  6.974303943584055E-004 -6.504157791180588E-018
  6.965916372506317E-004 -5.962995525980319E-018
  6.942155382429081E-004 -5.776651915793435E-018
  6.908180261399757E-004 -6.098286092280386E-018
  6.873958137200092E-004 -6.700712010144836E-018
  6.849838960915329E-004 -7.361848928479127E-018
  6.842042985808400E-004 -7.887695280513351E-018
  6.850032866624365E-004 -8.084249499477599E-018
  6.866881410366961E-004 -7.742194105435919E-018
  6.882417158458697E-004 -7.022346186631789E-018
  6.887722668735152E-004 -6.353551311714475E-018
  6.878998536747501E-004 -6.019153874255819E-018
  6.859121469501324E-004 -6.100838744474727E-018
  6.836261822883299E-004 -6.496499834597566E-018
  6.820218709010511E-004 -6.879397663748699E-018
  6.818111412403813E-004 -7.114241665628061E-018
  6.831314292600217E-004 -7.262295492899833E-018
  6.854945369701103E-004 -7.321006493369672E-018
  6.880083604764245E-004 -7.303137928009286E-018
  6.897700600703844E-004 -7.185715927069606E-018
  6.902566453651776E-004 -6.836002576444904E-018
  6.895432872071305E-004 -6.468420660459816E-018
  6.882575887158451E-004 -6.284629702467272E-018
  6.872943619086498E-004 -6.218260745414408E-018
  6.874190085310670E-004 -6.192734223471000E-018
  6.889337273366901E-004 -6.105944048863410E-018
  6.915504987053302E-004 -5.998732656701092E-018
  6.945225978040864E-004 -6.065101613753955E-018
  6.969732947165386E-004 -6.315261528799362E-018
  6.982757926343343E-004 -6.739001793059950E-018
  6.983185440327611E-004 -7.213795101207355E-018
  6.975424613513221E-004 -7.642640669856625E-018
  6.967373537401456E-004 -7.831536932237850E-018
  6.966897043758241E-004 -7.683483104966080E-018
  6.978371340062465E-004 -7.264848145094174E-018
  7.000797403670470E-004 -6.815581358890177E-018
  7.028281699801418E-004 -6.606263878954224E-018
  7.052642159802419E-004 -6.825791967667540E-018
  7.066976095540694E-004 -7.285269362648901E-018
  7.068623679753965E-004 -7.775378583962352E-018
  7.060244380250962E-004 -8.122539282392713E-018
  7.048562204185349E-004 -8.148065804336121E-018
  7.041356993700336E-004 -7.964274846343577E-018
  7.044036298521587E-004 -7.739641453241578E-018
  7.057288694804983E-004 -7.425665233337650E-018
  7.076829189683742E-004 -7.246979579733788E-018
  7.095321924883903E-004 -7.338875058730060E-018
  7.105613595975556E-004 -7.660509235217011E-018
  7.103848758476694E-004 -8.074038890700235E-018
  7.091106812982174E-004 -8.326751457939983E-018
  7.072862968925611E-004 -8.316540849162620E-018
  7.056535568015740E-004 -8.002564629258690E-018
  7.048216401979814E-004 -7.453744407475399E-018
  7.050025236637031E-004 -6.879397663748699E-018
  7.059239157453207E-004 -6.659869575035383E-018
  7.069556006503916E-004 -6.917687446663813E-018
  7.073911634456648E-004 -7.458849711864081E-018
  7.067596673939669E-004 -8.066380934117213E-018
  7.050302701664732E-004 -8.441620806685325E-018
  7.026214322727525E-004 -8.456936719851370E-018
  7.002132098267789E-004 -8.232303326749371E-018
  6.984475422324189E-004 -7.816221019071805E-018
  6.976494913041499E-004 -7.471612972835785E-018
  6.976914335229936E-004 -7.415454624560287E-018
  6.980578164983235E-004 -7.657956583022670E-018
  6.980792555765445E-004 -8.053617673145508E-018
  6.972308345199226E-004 -8.428857545713619E-018
  6.953627700452351E-004 -8.579464025179732E-018
  6.927631885624337E-004 -8.492673850572141E-018
  6.900279363468600E-004 -8.405883675964551E-018
  6.877974314975743E-004 -8.479910589600437E-018
  6.864780248508009E-004 -8.556490155430664E-018
  6.860703319236923E-004 -8.645832982232595E-018
  6.861781392738731E-004 -8.836005570710992E-018
  6.861910846460059E-004 -9.129560573060194E-018
  6.855581817651910E-004 -9.358022944453703E-018
  6.840307701382915E-004 -9.375891509814089E-018
  6.817688937152730E-004 -9.151258116712092E-018
  6.792667721419300E-004 -8.630517069066550E-018
  6.771330774580015E-004 -8.022985846813418E-018
  6.758247346270502E-004 -7.675825148383057E-018
  6.754515997717925E-004 -7.703904322520807E-018
  6.757362611690768E-004 -8.005117281453031E-018
  6.761438001001935E-004 -8.308882892579598E-018
  6.761217069835637E-004 -8.518200372515550E-018
  6.753430476513500E-004 -8.451831415462688E-018
  6.738465103056873E-004 -8.102118064837986E-018
  6.720140002713357E-004 -7.484376233807489E-018
  6.703985356701797E-004 -6.933003359829858E-018
  6.694803493628293E-004 -6.621579792120269E-018
  6.694589957184429E-004 -6.580737357010815E-018
  6.701715272184341E-004 -6.761975662809018E-018
  6.711701114180102E-004 -7.063188621741242E-018
  6.719222937203079E-004 -7.451191755281058E-018
  6.720443313557092E-004 -7.665614539605692E-018
  6.714652918947938E-004 -7.494586842584854E-018
  6.704516911558306E-004 -7.203584492429992E-018
  6.694844990346903E-004 -6.927898055441176E-018
  6.690447763282683E-004 -6.787502184752427E-018
  6.694029388805632E-004 -6.889608272526063E-018
  6.705033225659875E-004 -7.111689013433720E-018
  6.719925886536728E-004 -7.400138711394240E-018
  6.733770645615064E-004 -7.691141061549102E-018
  6.742383100621777E-004 -7.925985063428465E-018
  6.744121373545162E-004 -7.913221802456759E-018
  6.740538668630400E-004 -7.642640669856625E-018
  6.735633955767007E-004 -7.152531448543175E-018
  6.734050435112838E-004 -6.601158574565542E-018
  6.739022868869135E-004 -6.269313789301226E-018
  6.750970648577623E-004 -6.353551311714475E-018
  6.767338047612394E-004 -6.787502184752427E-018
  6.783731261133255E-004 -7.259742840705492E-018
  6.795837348556509E-004 -7.663061887411352E-018
  6.801278371573538E-004 -7.775378583962352E-018
  6.800595295003484E-004 -7.515008060139581E-018
  6.796946900016829E-004 -7.045320056380857E-018
  6.794674044865644E-004 -6.575632052622133E-018
  6.797370977433886E-004 -6.493947182403225E-018
  6.806310572719985E-004 -6.881950315943040E-018
  6.819904223166932E-004 -7.456297059669740E-018
  6.834417095102762E-004 -7.984696063898304E-018
  6.845609727843748E-004 -8.275698414053167E-018
  6.850577934101195E-004 -8.173592326279530E-018
  6.848986375836871E-004 -7.652851278633988E-018
  6.843166196745672E-004 -7.144873491960151E-018
  6.837049369267004E-004 -6.968740490550630E-018
  6.834420161397536E-004 -7.218900405596037E-018
  6.837255869289923E-004 -7.760062670796307E-018
  6.844880083936357E-004 -8.260382500887120E-018
  6.854287749627591E-004 -8.515647720321209E-018
  6.861484877504147E-004 -8.421199589130596E-018
  6.863244402072877E-004 -8.074038890700235E-018
  6.858505300666023E-004 -7.563508451832057E-018
  6.848807786627324E-004 -7.027451491020471E-018
  6.837586621441345E-004 -6.818134011084518E-018
  6.828646421534370E-004 -6.994267012494040E-018
  6.824496737760638E-004 -7.333769754341378E-018
  6.825277467467162E-004 -7.604350886941512E-018
  6.828737328818411E-004 -7.688588409354762E-018
  6.831260930570625E-004 -7.617114147913216E-018
  6.829480621782497E-004 -7.446086450892377E-018
  6.821759098691503E-004 -7.144873491960151E-018
  6.808894790916467E-004 -6.894713576914744E-018
  6.793751372786536E-004 -6.933003359829858E-018
  6.779988454385712E-004 -7.111689013433720E-018
  6.770462210296024E-004 -7.384822798228195E-018
  6.766001601943119E-004 -7.637535365467943E-018
  6.765091271223112E-004 -7.688588409354762E-018
  6.764587009651103E-004 -7.652851278633988E-018
  6.761135005992565E-004 -7.747299409824601E-018
  6.752662166692698E-004 -7.943853628788851E-018
  6.739282950023419E-004 -8.089354803866280E-018
  6.723233840826649E-004 -8.148065804336121E-018
  6.707878922236518E-004 -8.053617673145508E-018
  6.696236686065114E-004 -7.903011193679396E-018
  6.689681155382437E-004 -7.563508451832057E-018
  6.687383683760800E-004 -7.114241665628061E-018
  6.686728074455977E-004 -6.830897272056223E-018
  6.684501307124298E-004 -6.769633619392041E-018
  6.678325512920007E-004 -7.042767404186516E-018
  6.667699982361705E-004 -7.474165625030126E-018
  6.654203367512614E-004 -7.808563062488783E-018
  6.640781623049087E-004 -7.775378583962352E-018
  6.630448792885232E-004 -7.203584492429992E-018
  6.624979126849255E-004 -6.241234615163477E-018
  6.624162765538063E-004 -5.439701826140437E-018
  6.625940676687903E-004 -5.406517347614005E-018
  6.627344431713674E-004 -6.179970962499295E-018
  6.625815850169824E-004 -7.377164841645172E-018
  6.620323097224570E-004 -8.393120414992847E-018
  6.611789229858385E-004 -8.776018244143980E-018
  6.602658245398031E-004 -8.296119631607893E-018
  6.595803493004812E-004 -7.305690580203627E-018
  6.593266697457434E-004 -6.299945615633317E-018
  6.595380917996872E-004 -5.922153090870865E-018
  6.600653219034907E-004 -6.284629702467272E-018
  6.606444656383514E-004 -7.160189405126198E-018
  6.610136846819529E-004 -8.178697630668211E-018
  6.610267911188092E-004 -8.768360287560957E-018
  6.607143277395274E-004 -8.607543199317481E-018
  6.602664541000160E-004 -7.724325540075533E-018
  6.599464802616589E-004 -6.557763487261747E-018
  6.599739361297293E-004 -5.820047003097230E-018
  6.604286399198217E-004 -5.924705743065206E-018
  6.612171814046469E-004 -6.802818097918472E-018
  6.621153445277049E-004 -7.997459324870008E-018
  6.628667102508776E-004 -8.949598593359160E-018
  6.632935733145407E-004 -9.304417248372545E-018
  6.633716960995985E-004 -8.947045941164819E-018
  6.632369745035020E-004 -7.959169541954896E-018
  6.631222463531930E-004 -6.833449924250563E-018
  6.632528940040739E-004 -6.118707309835114E-018
  6.637473521610794E-004 -6.011495917672796E-018
  6.645657544487455E-004 -6.499052486791907E-018
  6.655283191109575E-004 -7.502244799167877E-018
  6.663943895945377E-004 -8.472252633017415E-018
  6.669667921388243E-004 -8.860255766557229E-018
  6.671756959120775E-004 -8.472252633017415E-018
  6.671057764866970E-004 -7.428217885531991E-018
  6.669557065114854E-004 -6.253997876135181E-018
  6.669486249559352E-004 -5.452465087112141E-018
  6.672333128615539E-004 -5.403964695419664E-018
  6.678192789444125E-004 -5.978311439146365E-018
  6.685735684275675E-004 -6.902371533497767E-018
  6.692798175033967E-004 -7.489481538196171E-018
  6.697329347875153E-004 -7.300585275814946E-018
  6.698276238705514E-004 -6.593500617982519E-018
  6.696022181085586E-004 -5.873652699178388E-018
  6.692193161781666E-004 -5.488202217832914E-018
  6.688925344460144E-004 -5.677098480214140E-018
  6.687920871914183E-004 -6.200392180054022E-018
  6.689707142855925E-004 -6.662422227229724E-018
  6.693420386276318E-004 -6.899818881303426E-018
  6.697201063231859E-004 -6.693054053561814E-018
  6.699020100945016E-004 -6.052338352782250E-018
  6.697569014919198E-004 -5.322279825200756E-018
  6.692823859399275E-004 -4.970013822381713E-018
  6.686040722096827E-004 -5.309516564229052E-018
  6.679192338773338E-004 -6.090628135697364E-018
  6.674099811174734E-004 -6.904924185692108E-018
  6.671643474161948E-004 -7.295479971426264E-018
  6.671397184917984E-004 -7.170400013903561E-018
  6.671840300199582E-004 -6.501605138986247E-018
  6.671046548720671E-004 -5.631150740716003E-018
  6.667541503515304E-004 -5.018514214074190E-018
  6.660950726684569E-004 -5.089988475515735E-018
  6.652157584329439E-004 -5.942574308425593E-018
  6.642908480404974E-004 -7.152531448543175E-018
  6.635046264069552E-004 -8.160829065307825E-018
  6.629712932362703E-004 -8.479910589600437E-018
  6.626871302988843E-004 -7.977038107315282E-018
  6.625350463741932E-004 -6.848765837416608E-018
  6.623387248633183E-004 -5.705177654351889E-018
  6.619419015673167E-004 -5.199752519872393E-018
  6.612776541577613E-004 -5.636256045104686E-018
  6.603974948329544E-004 -6.695606705756155E-018
  6.594481353262280E-004 -7.831536932237850E-018
  6.586069098410223E-004 -8.444173458879665E-018
  6.580047824669698E-004 -8.211882109194644E-018
  6.576708467314620E-004 -7.229111014373400E-018
  6.575222688640680E-004 -5.906837177704820E-018
  6.574033374425048E-004 -4.878118343385441E-018
  6.571557197615251E-004 -4.730064516113669E-018
  6.566886576602076E-004 -5.613282175355617E-018
  6.560183815488387E-004 -7.040214751992175E-018
  6.552600074334907E-004 -8.142960499947440E-018
  6.545762555549258E-004 -8.342067371106029E-018
  6.541061445955979E-004 -7.578824364998102E-018
  6.539051776545809E-004 -6.213155441025727E-018
  6.539229694998887E-004 -4.921513430689236E-018
  6.540274486353990E-004 -4.313982208436105E-018
  6.540642541562985E-004 -4.656037602477784E-018
  6.539247686426917E-004 -5.896626568927457E-018
  6.535929216892684E-004 -7.438428494309354E-018
  6.531506952085520E-004 -8.321646153551302E-018
  6.527406468423921E-004 -8.196566196028599E-018
  6.525025598307383E-004 -7.359296276284787E-018
  6.525123174501844E-004 -6.312708876605021E-018
  6.527496340823358E-004 -5.472886304666869E-018
  6.531082184372302E-004 -5.158910084762939E-018
  6.534432009941526E-004 -5.646466653882049E-018
  6.536345014244426E-004 -6.659869575035383E-018
  6.536382374334724E-004 -7.627324756690580E-018
  6.535039763357755E-004 -7.862168758569942E-018
  6.533509018040493E-004 -7.392480754811218E-018
  6.533139888661593E-004 -6.629237748703292E-018
  6.534841546110488E-004 -5.973206134757683E-018
  6.538685658001154E-004 -5.689861741185844E-018
  6.543880605207810E-004 -5.802178437736843E-018
  6.549121923004535E-004 -6.256550528329522E-018
  6.553160142277057E-004 -6.940661316412880E-018
  6.555335189305023E-004 -7.428217885531991E-018
  6.555845200780946E-004 -7.435875842115013E-018
  6.555637038715044E-004 -6.996819664688380E-018
  6.555972322861334E-004 -6.358656616103157E-018
  6.557863212800281E-004 -5.906837177704820E-018
  6.561625798209165E-004 -5.914495134287842E-018
  6.566743846392863E-004 -6.470973312654157E-018
  6.572097504517722E-004 -7.190821231458288E-018
  6.576451771921763E-004 -7.578824364998102E-018
  6.578988017472400E-004 -7.377164841645172E-018
  6.579646336503087E-004 -6.718580575505223E-018
  6.579132420837445E-004 -6.095733440086046E-018
  6.578590960446677E-004 -5.758783350433048E-018
  6.579092889123495E-004 -5.917047786482183E-018
  6.581162785188467E-004 -6.532236965318338E-018
  6.584551970238154E-004 -7.152531448543175E-018
  6.588352774100530E-004 -7.216347753401696E-018
  6.591399281849398E-004 -6.532236965318338E-018
  6.592775670953534E-004 -5.472886304666869E-018
  6.592208797182784E-004 -4.778564907806147E-018
  6.590175302471180E-004 -4.926618735077918E-018
  6.587680477273979E-004 -5.843020872846297E-018
  6.585810014710952E-004 -7.055530665158220E-018
  6.585253588290781E-004 -8.117433978004031E-018
  6.586008771775595E-004 -8.561595459819346E-018
  6.587392177682984E-004 -8.183802935056895E-018
  6.588348699075395E-004 -7.132110230988447E-018
  6.587919554382593E-004 -5.911942482093502E-018
  6.585662298063640E-004 -5.151252128179916E-018
  6.581839780418942E-004 -5.156357432568598E-018
  6.577298592289134E-004 -5.950232265008615E-018
  6.573094452564050E-004 -7.152531448543175E-018
  6.570031924686500E-004 -8.119986630198372E-018
  6.568321025522874E-004 -8.464594676434392E-018
  6.567499318303343E-004 -8.066380934117213E-018
  6.566649797394126E-004 -6.961082533967607E-018
  6.564814953395148E-004 -5.702625002157549E-018
  6.561422918597639E-004 -5.056803996989303E-018
  6.556538919730184E-004 -5.358016955921528E-018
  6.550834438058634E-004 -6.432683529739043E-018
  6.545291654134252E-004 -7.816221019071805E-018
  6.540776430149109E-004 -8.717307243674140E-018
  6.537668701954969E-004 -8.691780721730730E-018
  6.535711212003708E-004 -7.749852062018942E-018
  6.534139483427727E-004 -6.384183138046566E-018
  6.532031814111228E-004 -5.403964695419664E-018
  6.528722642930244E-004 -5.452465087112141E-018
  6.524097291463237E-004 -6.590947965788179E-018
  6.518640848343469E-004 -8.403331023770210E-018
  6.513223605128422E-004 -9.973212123289857E-018
  6.508721077786853E-004 -1.047608460557501E-017
  6.505637509989982E-004 -9.587761641944384E-018
  6.503897529082645E-004 -7.772825931768011E-018
  6.502894373809690E-004 -6.016601222061478E-018
  6.501769396412977E-004 -5.258463520342234E-018
  6.499796762438728E-004 -6.042127744004887E-018
  6.496703329659561E-004 -7.867274062958624E-018
  6.492784864677435E-004 -9.674551816551974E-018
  6.488771145631566E-004 -1.051947969287881E-017
  6.485503101036889E-004 -1.015445042908806E-017
  6.483566246425136E-004 -8.758149678783594E-018
  6.483041340968845E-004 -7.017240882243107E-018
  6.483479225195704E-004 -5.934916351842570E-018
  6.484107028066194E-004 -6.123812614223796E-018
  6.484171741721827E-004 -7.438428494309354E-018
  6.483268784520194E-004 -9.123178942574342E-018
  6.481512352410787E-004 -1.032547812610890E-017
  6.479475899365867E-004 -1.053479560604485E-017
  6.477932661735793E-004 -9.671999164357633E-018
  6.477512890308791E-004 -8.112328673615349E-018
  6.478428788501069E-004 -6.649658966258019E-018
  6.480386021593349E-004 -5.973206134757683E-018
  6.482717244415633E-004 -6.463315356071134E-018
  6.484675667153422E-004 -7.862168758569942E-018
  6.485757959716483E-004 -9.337601726898976E-018
  6.485915235099789E-004 -1.011105534178427E-017
  6.485562041349667E-004 -9.776657904325609E-018
  6.485382856704150E-004 -8.525858329098574E-018
  6.486023842942163E-004 -6.991714360299699E-018
  6.487806144707348E-004 -6.126365266418136E-018
  6.490585365835058E-004 -6.269313789301226E-018
  6.493816101558415E-004 -7.264848145094174E-018
  6.496790098285373E-004 -8.579464025179732E-018
  6.498941482157212E-004 -9.664341207774611E-018
  6.500085006245198E-004 -1.003192312375970E-017
  6.500484604219562E-004 -9.613288163887792E-018
  6.500725106985411E-004 -8.740281113423208E-018
  6.501446164462798E-004 -7.772825931768011E-018
  6.503056521503533E-004 -7.132110230988447E-018
  6.505553513924904E-004 -7.086162491490312E-018
  6.508524869867927E-004 -7.629877408884921E-018
  6.511329273527885E-004 -8.510542415932527E-018
  6.513374292640258E-004 -9.375891509814089E-018
  6.514369060257882E-004 -9.743473425799178E-018
  6.514441940361556E-004 -9.508629423919816E-018
  6.514073899520933E-004 -8.645832982232595E-018
  6.513879390297262E-004 -7.606903539135853E-018
  6.514332584375872E-004 -6.871739707165676E-018
  6.515559204688702E-004 -6.802818097918472E-018
  6.517283848163078E-004 -7.395033407005558E-018
  6.518953553381231E-004 -8.324198805745643E-018
  6.519981156182220E-004 -9.135942203546046E-018
  6.520000492622865E-004 -9.439707814672612E-018
  6.519021862766274E-004 -8.929177375804433E-018
  6.517421289768852E-004 -7.959169541954896E-018
  6.515770624487359E-004 -7.129557578794106E-018
  6.514584961670941E-004 -6.703264662339178E-018
  6.514098884578573E-004 -6.813028706695836E-018
  6.514168895990714E-004 -7.366954232867809E-018
  6.514342883457160E-004 -8.209329457000303E-018
  6.514063882550793E-004 -8.821965983642116E-018
  6.512917146401899E-004 -8.842387201196843E-018
  6.510811867250962E-004 -8.239961283332393E-018
  6.508018996175945E-004 -7.440981146503695E-018
  6.505050648988639E-004 -6.892160924720404E-018
  6.502436083828321E-004 -6.892160924720404E-018
  6.500493703000371E-004 -7.315901188980991E-018
  6.499198854392841E-004 -7.882589976124669E-018
  6.498203860611860E-004 -8.268040457470144E-018
  6.496999275070796E-004 -8.084249499477599E-018
  6.495143714614424E-004 -7.425665233337650E-018
  6.492460659075727E-004 -6.642001009674996E-018
  6.489116552190511E-004 -6.121259962029455E-018
  6.485547755495418E-004 -6.121259962029455E-018
  6.482270549320416E-004 -6.693054053561814E-018
  6.479659059702031E-004 -7.448639103086718E-018
  6.477788755165246E-004 -8.035749107785123E-018
  6.476412977942470E-004 -8.132749891170076E-018
  6.475080713837660E-004 -7.642640669856625E-018
  6.473341857800328E-004 -6.963635186161948E-018
  6.470948767685917E-004 -6.358656616103157E-018
  6.467965944112394E-004 -6.238681962969136E-018
  6.464741264949974E-004 -6.769633619392041E-018
  6.461753523294114E-004 -7.520113364528263E-018
  6.459404909771754E-004 -8.137855195558758E-018
  6.457850071734226E-004 -8.321646153551302E-018
  6.456935907726620E-004 -7.897905889290714E-018
  6.456276619276763E-004 -7.030004143214811E-018
  6.455428988127634E-004 -6.287182354661613E-018
  6.454089593282077E-004 -6.228471354191772E-018
  6.452227378907750E-004 -6.910029490080789E-018
  6.450094680395713E-004 -7.984696063898304E-018
  6.448113889717477E-004 -9.015967550412024E-018
  6.446691341605330E-004 -9.480550249782067E-018
  6.446040944672610E-004 -8.924072071415752E-018
  6.446094442307158E-004 -7.560955799637716E-018
  6.446536054754896E-004 -6.253997876135181E-018
  6.446944294541027E-004 -5.799625785542502E-018
  6.446977237784143E-004 -6.325472137576726E-018
  6.446519638504018E-004 -7.420559928948968E-018
  6.445728312368304E-004 -8.423752241324937E-018
  6.444957697377984E-004 -8.898545549472343E-018
  6.444600100084028E-004 -8.564148112013687E-018
  6.444911782349620E-004 -7.594140278164149E-018
  6.445901022369846E-004 -6.402051703406952E-018
  6.447325967006390E-004 -5.544360566108413E-018
  6.448801400748029E-004 -5.539255261719731E-018
  6.449966070290917E-004 -6.358656616103157E-018
  6.450636605763476E-004 -7.670719843994376E-018
  6.450881157116816E-004 -8.773465591949639E-018
  6.450981979506016E-004 -9.069573246493183E-018
  6.451305125561471E-004 -8.441620806685325E-018
  6.452135600224387E-004 -7.338875058730060E-018
  6.453550434420397E-004 -6.340788050742771E-018
  6.455384425479163E-004 -5.968100830369001E-018
  6.457302013762847E-004 -6.458210051682452E-018
  6.458942285908317E-004 -7.724325540075533E-018
  6.460072749388335E-004 -9.138494855740387E-018
  6.460684723247241E-004 -9.832816252601109E-018
  6.460989699277242E-004 -9.319733161538590E-018
  6.461319832001949E-004 -8.091907456060621E-018
  6.461977457200455E-004 -6.764528315003359E-018
  6.463100062121804E-004 -6.003837961089774E-018
  6.464599370402227E-004 -6.246339919552158E-018
  6.466199992583824E-004 -7.331217102147037E-018
  6.467559291407705E-004 -8.686675417342049E-018
  6.468414971473480E-004 -9.671999164357633E-018
  6.468695613404320E-004 -9.766447295548246E-018
  6.468546500187928E-004 -8.783676200727004E-018
  6.468260739841565E-004 -7.185715927069606E-018
  6.468147150965050E-004 -5.896626568927457E-018
  6.468393506281167E-004 -5.620940131938640E-018
  6.468984897133919E-004 -6.358656616103157E-018
  6.469712053319872E-004 -7.652851278633988E-018
  6.470264679630100E-004 -8.778570896338321E-018
  6.470367823897358E-004 -9.199758508404568E-018
  6.469901104751716E-004 -8.686675417342049E-018
  6.468948974750005E-004 -7.451191755281058E-018
  6.467761056977531E-004 -6.353551311714475E-018
  6.466641174306318E-004 -5.957890221591638E-018
  6.465814576779427E-004 -6.404604355601294E-018
  6.465331690622386E-004 -7.387375450422536E-018
  6.465049917463492E-004 -8.280803718441848E-018
  6.464700303707193E-004 -8.556490155430664E-018
  6.464008701550299E-004 -8.089354803866280E-018
  6.462817653809073E-004 -7.262295492899833E-018
  6.461155688459875E-004 -6.631790400897633E-018
  6.459224471411378E-004 -6.619027139925929E-018
  6.457310614328557E-004 -7.303137928009286E-018
  6.455661788878552E-004 -8.188908239445576E-018
  6.454381834992505E-004 -8.709649287091118E-018
  6.453390444148727E-004 -8.594779938345777E-018
  6.452464081182079E-004 -8.020433194619078E-018
  6.451339021144528E-004 -7.438428494309354E-018
  6.449830483734009E-004 -7.152531448543175E-018
  6.447915487979243E-004 -7.239321623150765E-018
  6.445743705932257E-004 -7.678377800577398E-018
  6.443572634613780E-004 -8.178697630668211E-018
  6.441656576014020E-004 -8.574358720791050E-018
  6.440138678809239E-004 -8.566700764208027E-018
  6.438993204032657E-004 -8.045959716562486E-018
  6.438042478354264E-004 -7.269953449482855E-018
  6.437039944090731E-004 -6.588395313593838E-018
  6.435781932017658E-004 -6.371419877074862E-018
  6.434198802370607E-004 -6.657316922841041E-018
  6.432385901216328E-004 -7.305690580203627E-018
  6.430561731048678E-004 -7.880037323930328E-018
  6.428972770866990E-004 -8.040854412173804E-018
  6.427787404372804E-004 -7.657956583022670E-018
  6.427025497989644E-004 -7.037662099797834E-018
  6.426553833289242E-004 -6.481183921431520E-018
  6.426148318368324E-004 -6.146786483972864E-018
  6.425594695751587E-004 -6.253997876135181E-018
  6.424783100044554E-004 -6.807923402307154E-018
  6.423755239172578E-004 -7.599245582552831E-018
  6.422684355481416E-004 -8.211882109194644E-018
  6.421797823065080E-004 -8.291014327219212E-018
  6.421277137978605E-004 -7.806010410294442E-018
  6.421179359471459E-004 -7.065741273935583E-018
  6.421413961625465E-004 -6.506710443374929E-018
  6.421784293173528E-004 -6.435236181933384E-018
  6.422074479572115E-004 -6.818134011084518E-018
  6.422143081080396E-004 -7.486928886001830E-018
  6.421982516267185E-004 -8.002564629258690E-018
  6.421718886970550E-004 -8.091907456060621E-018
