   1.00000002509489       0.000000000000000E+000
  0.822430984276680       4.298958842681116E-017
  0.363909955563611       8.597917685362232E-017
 -0.189628870886488       8.597917685362232E-017
 -0.616681866961519       8.597917685362232E-017
 -0.749103219090075       8.597917685362232E-017
 -0.538534466428110       8.597917685362232E-017
 -7.405977533305935E-002  0.000000000000000E+000
  0.455299274836919      -8.597917685362232E-017
  0.837463315859080      -4.298958842681116E-017
  0.922234876463834       0.000000000000000E+000
  0.680228956733464       0.000000000000000E+000
  0.212655391053754       8.597917685362232E-017
 -0.291164410573820       1.289687652804335E-016
 -0.630717921376552       4.298958842681116E-017
 -0.674366154618741      -8.597917685362232E-017
 -0.410542107782643      -1.719583537072446E-016
  4.983093192288678E-002 -1.719583537072446E-016
  0.519773702179930      -8.597917685362232E-017
  0.812104306748292       0.000000000000000E+000
  0.813903405395060       1.719583537072446E-016
  0.529936827296964       2.149479421340558E-016
  7.835510744610850E-002  2.579375305608669E-016
 -0.358637448214111       1.289687652804335E-016
 -0.608552097222037      -4.298958842681116E-017
 -0.576926459164098      -2.149479421340558E-016
 -0.283103494744525      -3.439167074144893E-016
  0.150033618322960      -3.439167074144893E-016
  0.547237060624644      -1.719583537072446E-016
  0.751673564118098       4.298958842681116E-017
  0.686696862551542       2.579375305608669E-016
  0.384274060968451       4.298958842681116E-016
 -3.040937707100538E-002  3.869062958413004E-016
 -0.390947645113784       1.719583537072446E-016
 -0.556723393222959      -1.289687652804335E-016
 -0.467925692317886      -4.298958842681116E-016
 -0.167053862298884      -5.158750611217339E-016
  0.220719873727189      -4.298958842681116E-016
  0.539402636923736      -1.719583537072446E-016
  0.664775447467986       8.597917685362232E-017
  0.552601066082633       3.224219132010837E-016
  0.253752598300967       4.298958842681116E-016
 -0.108752784038484       3.439167074144893E-016
 -0.390566880399310       8.597917685362232E-017
 -0.483689391751605      -1.934531479206502E-016
 -0.357959604624222      -3.869062958413004E-016
 -7.045131573561972E-002 -4.728854726949227E-016
  0.259908470218284      -3.869062958413004E-016
  0.501311742045847      -1.289687652804335E-016
  0.561475680316539       1.719583537072446E-016
  0.422647820269404       3.869062958413004E-016
  0.145979482147665       4.298958842681116E-016
 -0.155379384450117       3.439167074144893E-016
 -0.362714989355967       8.597917685362232E-017
 -0.398668221483468      -2.149479421340558E-016
 -0.256102295145941      -4.298958842681116E-016
  1.785934644713187E-003 -5.158750611217339E-016
  0.269047242621407      -4.298958842681116E-016
  0.440295244571583      -1.504635594938390E-016
  0.452058779405155       1.504635594938390E-016
  0.305962328460174       3.869062958413004E-016
  6.535904487395697E-002  4.728854726949227E-016
 -0.172140175000972       3.009271189876781E-016
 -0.314400181634174       0.000000000000000E+000
 -0.310597095485539      -3.009271189876781E-016
 -0.169243866356560      -5.158750611217339E-016
  4.786817939066149E-002 -5.373698553351395E-016
  0.252319503256471      -3.439167074144893E-016
  0.364873998877211      -2.149479421340558E-017
  0.345963305663101       3.009271189876781E-016
  0.209152188546980       4.728854726949227E-016
  1.315859956526348E-002  4.513906784815172E-016
 -0.163352894392018       2.364427363474614E-016
 -0.253441473351002      -1.074739710670279E-016
 -0.227291748875774      -4.191484871614088E-016
 -0.101756224655899      -6.018542379753562E-016
  6.881063078007607E-002 -5.803594437619507E-016
  0.215788444352593      -3.224219132010837E-016
  0.283716902540568       3.224219132010837E-017
  0.250971311852374       3.439167074144893E-016
  0.136042770507812       4.943802669083283E-016
 -1.212808864685958E-002  4.513906784815172E-016
 -0.134990779451591       2.149479421340558E-016
 -0.187572722911251      -1.289687652804335E-016
 -0.154857079144922      -4.084010900547060E-016
 -5.546641477975375E-002 -5.588646495485451E-016
  6.788083129430642E-002 -4.728854726949227E-016
  0.166490932284952      -2.364427363474614E-016
  0.204750669607020       7.523177974691952E-017
  0.172691155945148       3.439167074144893E-016
  8.772909694408927E-002  4.406432813748144E-016
 -1.420366757599967E-002  3.546641045211921E-016
 -9.384134186928421E-002  1.182213681737307E-016
 -0.123703214396218      -1.719583537072446E-016
 -9.736589894484238E-002 -3.922799943946518E-016
 -2.988946567268322E-002 -4.621380755882200E-016
  4.990966702058743E-002 -3.546641045211921E-016
  0.111579283423422      -1.289687652804335E-016
  0.134485383289868       1.289687652804335E-016
  0.114337744150403       3.116745160943809E-016
  6.288818825257421E-002  3.492904059678407E-016
  1.732324367917827E-003  2.364427363474614E-016
 -4.672264451492415E-002  1.612109566005418E-017
 -6.738177184996402E-002 -2.203216406874072E-016
 -5.679317173090953E-002 -3.627246523512192E-016
 -2.265462153267831E-002 -3.761588987345976E-016
  2.055725157130175E-002 -2.418164349008128E-016
  5.758903157088453E-002 -2.686849276675697E-017
  7.758831954524945E-002  1.853926000906231E-016
  7.678437625281075E-002  3.063008175410295E-016
  5.827937821065663E-002  2.874928726042996E-016
  2.971702769232755E-002  1.424030116638120E-016
  1.755522853096720E-004 -6.448438264021674E-017
 -2.248343351284622E-002 -2.512204073691777E-016
 -3.316972410974185E-002 -3.398864334994757E-016
 -3.005032336755387E-002 -2.968968450726646E-016
 -1.438532198909244E-002 -1.450898609404877E-016
  9.885642240088309E-003  5.105013625683825E-017
  3.670877915547294E-002  2.068873943040287E-016
  5.883778978267438E-002  2.686849276675697E-016
  6.935339529570092E-002  2.095742435807044E-016
  6.371463077109756E-002  5.911068408686534E-017
  4.178179836139623E-002 -1.155345188970550E-016
  8.887464212566011E-003 -2.471901334541641E-016
 -2.490352759244690E-002 -2.848060233276239E-016
 -4.761367492438839E-002 -2.095742435807044E-016
 -4.959408107316061E-002 -6.985808119356814E-017
 -2.768319231785199E-002  8.329232757694662E-017
  1.253138033134643E-002  1.934531479206502E-016
  5.767378428761597E-002  2.149479421340558E-016
  9.089312118238391E-002  1.531504087705148E-016
  9.820311840201069E-002  2.149479421340558E-017
  7.444397460319729E-002 -1.182213681737307E-016
  2.630431416652759E-002 -2.149479421340558E-016
 -2.920856583621875E-002 -2.256953392407586E-016
 -7.069788239344214E-002 -1.504635594938390E-016
 -8.066629846555627E-002 -2.149479421340558E-017
 -5.292781044257214E-002  9.672657396032511E-017
  4.016232134512112E-003  1.719583537072446E-016
  6.936501004591257E-002  1.719583537072446E-016
  0.117618246945063       9.672657396032511E-017
  0.128616958098531      -1.612109566005418E-017
  9.604304722247381E-002 -1.182213681737307E-016
  3.077624279857950E-002 -1.719583537072446E-016
 -4.258056108911732E-002 -1.612109566005418E-016
 -9.496431341120347E-002 -8.597917685362232E-017
 -0.104408355181619       5.373698553351395E-018
 -6.526852098028087E-002  9.135287540697371E-017
  8.772514872869973E-003  1.397161623871363E-016
  8.943434923214766E-002  1.182213681737307E-016
  0.144700477086475       5.911068408686534E-017
  0.151625940785118      -1.074739710670279E-017
  0.105939340290437      -6.448438264021674E-017
  2.440585807756522E-002 -8.597917685362232E-017
 -6.126428314006770E-002 -7.523177974691952E-017
 -0.116762174300866      -3.761588987345976E-017
 -0.118955349746707       1.074739710670279E-017
 -6.553409606462279E-002  6.448438264021674E-017
  2.350727558364824E-002  7.523177974691952E-017
  0.113375399416426       3.224219132010837E-017
  0.168153244368135      -2.149479421340558E-017
  0.165249601156142      -5.373698553351395E-017
  0.104784235622378      -7.523177974691952E-017
  9.997257177451405E-003 -5.373698553351395E-017
 -8.166723308617568E-002 -1.074739710670279E-017
 -0.133376190986138       4.836328698016255E-017
 -0.123737682001685       9.135287540697371E-017
 -5.565144249895304E-002  8.597917685362232E-017
  4.449302934319923E-002  4.298958842681116E-017
  0.137094100068152      -2.149479421340558E-017
  0.185077938028104      -6.985808119356814E-017
  0.168822762958369      -8.060547830027092E-017
  9.423792426987422E-002 -5.373698553351395E-017
 -9.338737152176316E-003  0.000000000000000E+000
 -0.100687408201151       4.298958842681116E-017
 -0.143139183925454       5.373698553351395E-017
 -0.119322754203301       4.298958842681116E-017
 -3.827483142914377E-002  1.074739710670279E-017
  6.800483144545066E-002 -2.149479421340558E-017
  0.157240583727015      -4.298958842681116E-017
  0.193765536258952      -2.149479421340558E-017
  0.162839718653644       0.000000000000000E+000
  7.663628210975899E-002  2.149479421340558E-017
 -3.054274890698322E-002  4.298958842681116E-017
 -0.115936847670651       6.448438264021674E-017
 -0.145420536892513       4.298958842681116E-017
 -0.107167940913230       0.000000000000000E+000
 -1.640140050522037E-002 -4.298958842681116E-017
  9.068831310124358E-002 -7.523177974691952E-017
  0.171416010417828      -5.911068408686534E-017
  0.193666809390916      -3.761588987345976E-017
  0.148711875893808       2.149479421340558E-017
  5.464775999738949E-002  6.448438264021674E-017
 -5.089929789337846E-002  7.523177974691952E-017
 -0.125856150823514       5.373698553351395E-017
 -0.140512247036216      -1.074739710670279E-017
 -8.932406840076076E-002 -6.448438264021674E-017
  6.986414345694344E-003 -8.597917685362232E-017
  0.109833090449381      -8.597917685362232E-017
  0.178253820042692      -3.761588987345976E-017
  0.185254953395828       1.612109566005418E-017
  0.128476432989408       6.448438264021674E-017
  3.095535290776489E-002  8.597917685362232E-017
 -6.824579307958573E-002  6.448438264021674E-017
 -0.129726880909335       0.000000000000000E+000
 -0.129440994050533      -5.373698553351395E-017
 -6.812729498974554E-002 -9.672657396032511E-017
  2.922000835742381E-002 -1.182213681737307E-016
  0.123539357923884      -9.672657396032511E-017
  0.177387235865694      -3.761588987345976E-017
  0.169811160873023       3.761588987345976E-017
  0.104492270814056       9.672657396032511E-017
  7.990422654022868E-003  1.074739710670279E-016
 -8.109157789355610E-002  6.448438264021674E-017
 -0.127597837545653       0.000000000000000E+000
 -0.113737443856384      -7.523177974691952E-017
 -4.591234411490735E-002 -1.289687652804335E-016
  4.816462707272316E-002 -1.289687652804335E-016
  0.130777964077519      -8.597917685362232E-017
  0.169324122712105      -1.612109566005418E-017
  0.149166244733178       4.836328698016255E-017
  7.915457829217895E-002  1.074739710670279E-016
 -1.226437935351599E-002  1.074739710670279E-016
 -8.865052609959653E-002  6.985808119356814E-017
 -0.120147130949034       0.000000000000000E+000
 -9.519317665144486E-002 -6.985808119356814E-017
 -2.477258356208370E-002 -1.289687652804335E-016
  6.235078450278275E-002 -1.397161623871363E-016
  0.131354754279956      -9.672657396032511E-017
  0.155256037656126      -3.224219132010837E-017
  0.125430396977936       4.836328698016255E-017
  5.465275992944579E-002  1.074739710670279E-016
 -2.839546687822733E-002  1.074739710670279E-016
 -9.079864603231130E-002  6.448438264021674E-017
 -0.108504743323840      -1.074739710670279E-017
 -7.563187255198191E-002 -9.135287540697371E-017
 -6.383619845874771E-003 -1.289687652804335E-016
  7.101794637475946E-002 -1.289687652804335E-016
  0.125797732888027      -8.060547830027092E-017
  0.136830511090476       0.000000000000000E+000
  0.100739179748261       8.060547830027092E-017
  3.278796358437989E-002  1.074739710670279E-016
 -3.960308811131882E-002  8.597917685362232E-017
 -8.797362933028141E-002  2.686849276675697E-017
 -9.406007386822363E-002 -5.911068408686534E-017
 -5.671555803223252E-002 -1.289687652804335E-016
  8.102009178727665E-003 -1.504635594938390E-016
  7.407997689876310E-002 -1.182213681737307E-016
  0.115190311226429      -4.298958842681116E-017
  0.115914609281967       4.298958842681116E-017
  7.703777232874123E-002  9.672657396032511E-017
  1.485811821961935E-002  1.074739710670279E-016
 -4.567882660151767E-002  6.985808119356814E-017
 -8.103615150228563E-002  0.000000000000000E+000
 -7.827634346103400E-002 -6.985808119356814E-017
 -3.979973991887675E-002 -1.235950667270821E-016
  1.808985311323178E-002 -1.397161623871363E-016
  7.202816882777349E-002 -1.074739710670279E-016
  0.100975584453413      -3.224219132010837E-017
  9.437425868145864E-002  3.761588987345976E-017
  5.591826320009260E-002  8.597917685362232E-017
  1.610545505105930E-003  9.135287540697371E-017
 -4.692931288959836E-002  4.836328698016255E-017
 -7.111315035660096E-002 -2.149479421340558E-017
 -6.252935288870347E-002 -8.597917685362232E-017
 -2.584402251153680E-002 -1.235950667270821E-016
  2.351605596556339E-002 -1.182213681737307E-016
  6.579142262872417E-002 -7.523177974691952E-017
  8.475553352917622E-002 -1.074739710670279E-017
  7.388841624745957E-002  5.105013625683825E-017
  3.851727025001692E-002  7.523177974691952E-017
 -6.744336310733677E-003  6.448438264021674E-017
 -4.406260237519661E-002  2.686849276675697E-017
 -5.944164764251440E-002 -3.224219132010837E-017
 -4.798268022458794E-002 -7.791862902359522E-017
 -1.537808982829343E-002 -9.672657396032511E-017
  2.477019680646741E-002 -8.060547830027092E-017
  5.657434460411691E-002 -4.298958842681116E-017
  6.810580980806938E-002  5.373698553351395E-018
  5.581076480476325E-002  3.761588987345976E-017
  2.547416676837720E-002  4.836328698016255E-017
 -1.046953857321528E-002  3.224219132010837E-017
 -3.805454215553521E-002 -2.686849276675697E-018
 -4.722845675230965E-002 -4.298958842681116E-017
 -3.550568548566243E-002 -6.985808119356814E-017
 -8.517333556702011E-003 -7.523177974691952E-017
  2.258427333591334E-002 -5.373698553351395E-017
  4.569297634020615E-002 -2.418164349008128E-017
  5.242199258997172E-002  8.060547830027092E-018
  4.108498237465050E-002  2.955534204343267E-017
  1.694428409165136E-002  3.224219132010837E-017
 -1.020252854971385E-002  1.880794493672988E-017
 -3.001147813302019E-002 -8.060547830027092E-018
 -3.553692098372241E-002 -4.030273915013546E-017
 -2.563529267706336E-002 -5.911068408686534E-017
 -5.018303613076165E-003 -6.179753336354104E-017
  1.790453340315076E-002 -4.836328698016255E-017
  3.442500989437131E-002 -2.149479421340558E-017
  3.880762333754160E-002  5.373698553351395E-018
  3.021346095180693E-002  2.552506812841913E-017
  1.265704846206030E-002  2.955534204343267E-017
 -6.836107942609639E-003  1.880794493672988E-017
 -2.104324930956037E-002 -2.686849276675697E-018
 -2.520723692815091E-002 -2.821191740509483E-017
 -1.857793257841794E-002 -4.433301306514901E-017
 -4.361723838906811E-003 -4.836328698016255E-017
  1.176192656300573E-002 -3.761588987345976E-017
  2.388725196931194E-002 -1.880794493672988E-017
  2.800859215731075E-002  2.686849276675697E-018
  2.327416202893602E-002  1.746452029839203E-017
  1.200627589403338E-002  2.149479421340558E-017
 -1.393915497939350E-003  1.343424638337849E-017
 -1.215705686216231E-002 -3.358561595844622E-018
 -1.681246040499619E-002 -2.216650653257450E-017
 -1.424458201065888E-002 -3.492904059678407E-017
 -5.850025136478141E-003 -3.761588987345976E-017
  5.154570698423801E-003 -3.089876668177052E-017
  1.494837660528100E-002 -1.679280797922311E-017
  2.039316784809282E-002  6.717123191689244E-019
  1.997644210531938E-002  1.410595870254741E-017
  1.415878790976504E-002  1.880794493672988E-017
  5.086585147904222E-003  1.477767102171633E-017
 -4.178972240302591E-003  4.030273915013546E-018
 -1.064839010905307E-002 -1.141910942587171E-017
 -1.230968485582932E-002 -2.283821885174343E-017
 -8.707014731342527E-003 -2.686849276675697E-017
 -1.047723648617816E-003 -2.283821885174343E-017
  8.180218884069413E-003 -1.276253406420956E-017
  1.597257219087427E-002 -6.717123191689244E-019
  1.974432522014640E-002  1.074739710670279E-017
  1.816795550444678E-002  1.612109566005418E-017
  1.165360724930315E-002  1.477767102171633E-017
  2.293985618158457E-003  6.717123191689243E-018
 -6.752471606977297E-003 -4.030273915013546E-018
 -1.228388709471961E-002 -1.343424638337849E-017
 -1.216911851947989E-002 -1.880794493672988E-017
 -6.170663811824978E-003 -1.813623261756096E-017
  3.846498115515675E-003 -1.074739710670279E-017
  1.445379383745887E-002 -1.343424638337849E-018
  2.181483351786752E-002  8.060547830027092E-018
  2.308044286437405E-002  1.276253406420956E-017
  1.751634081273242E-002  1.477767102171633E-017
  6.911741519596856E-003  1.209082174504064E-017
 -4.944821062657269E-003  4.030273915013546E-018
 -1.359083130749477E-002 -5.373698553351395E-018
 -1.556023142825006E-002 -1.410595870254741E-017
 -9.772067896492691E-003 -1.947965725589881E-017
  1.924286219839044E-003 -1.612109566005418E-017
  1.531444690344455E-002 -8.060547830027092E-018
  2.533945987300812E-002  2.686849276675697E-018
  2.802694897956967E-002  1.209082174504064E-017
  2.209278553001870E-002  1.612109566005418E-017
  9.562385435981216E-003  1.612109566005418E-017
 -4.883465295981576E-003  8.060547830027092E-018
 -1.563950772993218E-002  0.000000000000000E+000
 -1.834519730369713E-002 -9.403972468364940E-018
 -1.164897022375442E-002 -1.477767102171633E-017
  2.150987700171790E-003 -1.612109566005418E-017
  1.788888476576883E-002 -1.209082174504064E-017
  2.947842165619199E-002 -4.030273915013546E-018
  3.229075187184859E-002  6.717123191689243E-018
  2.503002513150767E-002  1.612109566005418E-017
  1.034210002676111E-002  1.880794493672988E-017
 -6.125854011934356E-003  1.343424638337849E-017
 -1.788556400902896E-002  4.030273915013546E-018
 -2.015994769827269E-002 -6.717123191689243E-018
 -1.181918731081215E-002 -1.612109566005418E-017
  4.088166092400401E-003 -1.880794493672988E-017
  2.145533731422573E-002 -1.477767102171633E-017
  3.347965064256597E-002 -5.373698553351395E-018
  3.535097996595789E-002  6.717123191689243E-018
  2.619950784181044E-002  1.880794493672988E-017
  9.510315895819478E-003  2.149479421340558E-017
 -8.189459672616421E-003  1.612109566005418E-017
 -1.987723032309510E-002  4.030273915013546E-018
 -2.081904790581374E-002 -6.717123191689243E-018
 -1.048326562636672E-002 -2.015136957506773E-017
  7.193206822490648E-003 -2.686849276675697E-017
  2.531531626402812E-002 -2.283821885174343E-017
  3.673720683144242E-002 -1.074739710670279E-017
  3.690044999924762E-002  8.060547830027092E-018
  2.567186719030525E-002  2.418164349008128E-017
  7.436930391604289E-003  2.686849276675697E-017
 -1.060562621434681E-002  1.880794493672988E-017
 -2.128383176212270E-002  2.686849276675697E-018
 -2.030359794840790E-002 -1.612109566005418E-017
 -7.973794668975505E-003 -2.821191740509483E-017
  1.089041377621249E-002 -2.955534204343267E-017
  2.885864089993259E-002 -2.149479421340558E-017
  3.882662361172287E-002 -8.060547830027092E-018
  3.684037393798644E-002  1.209082174504064E-017
  2.367702524061988E-002  2.686849276675697E-017
  4.548020647279008E-003  2.955534204343267E-017
 -1.296252320391079E-002  2.418164349008128E-017
 -2.190698910168780E-002  8.060547830027092E-018
 -1.873397534268683E-002 -1.343424638337849E-017
 -4.699256033473912E-003 -2.686849276675697E-017
  1.463448872428229E-002 -3.224219132010837E-017
  3.160987153705164E-002 -2.552506812841913E-017
  3.951731204843715E-002 -8.060547830027092E-018
  3.525608523639269E-002  1.477767102171633E-017
  2.055577744914219E-002  3.224219132010837E-017
  1.275520767192898E-003  3.492904059678407E-017
 -1.493487615238886E-002  2.283821885174343E-017
 -2.167636587645075E-002  1.343424638337849E-018
 -1.633273468109265E-002 -2.418164349008128E-017
 -1.089009355370737E-003 -4.030273915013546E-017
  1.796118954267742E-002 -4.298958842681116E-017
  3.325441110142372E-002 -2.955534204343267E-017
  3.876435128685924E-002 -6.717123191689243E-018
  3.237908957887551E-002  2.015136957506773E-017
  1.670884644566907E-002  3.492904059678407E-017
 -1.984993442611329E-003  3.224219132010837E-017
 -1.629987350568150E-002  1.746452029839203E-017
 -2.063308676802085E-002 -8.060547830027092E-018
 -1.338312636141748E-002 -3.358561595844622E-017
  2.455134595469782E-003 -4.836328698016255E-017
  2.052204492441976E-002 -4.298958842681116E-017
  3.364479871216995E-002 -2.552506812841913E-017
  3.668362398567762E-002  1.343424638337849E-018
  2.854120819978409E-002  2.418164349008128E-017
  1.254864337777154E-002  3.492904059678407E-017
 -4.905768010838078E-003  2.955534204343267E-017
 -1.694013686924579E-002  1.074739710670279E-017
 -1.890468232480427E-002 -1.612109566005418E-017
 -1.018825791315005E-002 -3.627246523512192E-017
  5.596827765262052E-003 -4.567643770348685E-017
  2.210207684230229E-002 -4.030273915013546E-017
  3.278958400884598E-002 -2.015136957506773E-017
  3.351525182694186E-002  4.030273915013546E-018
  2.412642024071411E-002  2.283821885174343E-017
  8.457851767072937E-003  2.955534204343267E-017
 -7.246433833625254E-003  2.149479421340558E-017
 -1.683577612134961E-002  2.686849276675697E-018
 -1.667562352688193E-002 -2.283821885174343E-017
 -7.035035765328422E-003 -4.164616378847331E-017
  8.090345315452850E-003 -4.836328698016255E-017
  2.262134252161017E-002 -3.761588987345976E-017
  3.082851635540134E-002 -1.612109566005418E-017
  2.958065003177668E-002  6.717123191689243E-018
  1.952534046438953E-002  2.418164349008128E-017
  4.757620563305659E-003  2.686849276675697E-017
 -8.861866657041514E-003  1.343424638337849E-017
 -1.604828217003276E-002 -8.060547830027092E-018
 -1.415726327903893E-002 -2.821191740509483E-017
 -4.165855825710768E-003 -4.164616378847331E-017
  9.792403623161113E-003 -4.298958842681116E-017
  2.212260287277979E-002 -2.955534204343267E-017
  2.799855741709253E-002 -9.403972468364940E-018
  2.523831522112425E-002  1.209082174504064E-017
  1.509623580995412E-002  2.418164349008128E-017
  1.686781567479450E-003  2.283821885174343E-017
 -9.699633127981923E-003  9.403972468364940E-018
 -1.469933433392726E-002 -1.343424638337849E-017
 -1.156040283448273E-002 -3.224219132010837E-017
 -1.759723791045057E-003 -4.298958842681116E-017
  1.066150146081490E-002 -4.164616378847331E-017
  2.074846153334052E-002 -2.821191740509483E-017
  2.459544097567567E-002 -6.717123191689243E-018
  2.084279628230122E-002  1.209082174504064E-017
  1.113524549333836E-002  2.149479421340558E-017
 -6.077702047340739E-004  1.880794493672988E-017
 -9.789087232513136E-003  3.358561595844622E-018
 -1.294755559228735E-002 -1.746452029839203E-017
 -9.072870954102984E-003 -3.224219132010837E-017
  7.676779526002963E-005 -4.030273915013546E-017
  1.074679154894597E-002 -3.492904059678407E-017
  1.871186475296914E-002 -2.082308189423666E-017
  2.093522481132169E-002 -2.686849276675697E-018
  1.671030866194612E-002  1.074739710670279E-017
  7.857175552060400E-003  1.746452029839203E-017
 -2.070470682396678E-003  1.209082174504064E-017
 -9.224620239998198E-003 -6.717123191689244E-019
 -1.096590676774086E-002 -1.813623261756096E-017
 -6.843567375716064E-003 -3.224219132010837E-017
  1.309275132911545E-003 -3.492904059678407E-017
  1.016925058905228E-002 -2.686849276675697E-017
  1.626392789181097E-002 -1.209082174504064E-017
  1.731960879030079E-002  3.358561595844622E-018
  1.309328409325109E-002  1.477767102171633E-017
  5.387021567130262E-003  1.477767102171633E-017
 -2.727999832802909E-003  6.717123191689243E-018
 -8.145686300381823E-003 -7.388835510858167E-018
 -8.921857787256770E-003 -2.082308189423666E-017
 -4.973495048425100E-003 -2.821191740509483E-017
  1.967871653448112E-003 -2.686849276675697E-017
  9.098277689217534E-003 -1.813623261756096E-017
  1.366272329432688E-002 -5.037842393766933E-018
  1.400785600871047E-002  5.709554712935857E-018
  1.016493995057448E-002  1.007568478753387E-017
  3.761335775802509E-003  8.732260149196017E-018
 -2.673964812553758E-003  6.717123191689244E-019
 -6.716070209250945E-003 -9.403972468364940E-018
 -6.961804295551225E-003 -1.746452029839203E-017
 -3.513482530099065E-003 -2.015136957506773E-017
  2.133626123754462E-003 -1.813623261756096E-017
  7.726838427513585E-003 -1.141910942587171E-017
  1.114602123577707E-002 -3.022705436260160E-018
  1.119708174363360E-002  3.358561595844622E-018
  8.013826874324510E-003  6.717123191689243E-018
  2.937766169576041E-003  4.030273915013546E-018
 -2.049813582218345E-003 -2.350993117091235E-018
 -5.104497646131992E-003 -1.007568478753387E-017
 -5.200500266758499E-003 -1.511352718130080E-017
 -2.467647221687847E-003 -1.612109566005418E-017
  1.921918353973395E-003 -1.209082174504064E-017
  6.247943324575225E-003 -5.373698553351395E-018
  8.910131517858721E-003  2.015136957506773E-018
  9.011592773770966E-003  6.045410872520319E-018
  6.647364813828022E-003  5.373698553351395E-018
  2.810589895684285E-003  1.343424638337849E-018
 -1.024381906638796E-003 -4.366130074598008E-018
 -3.468184755373520E-003 -9.403972468364940E-018
 -3.715628135005917E-003 -1.141910942587171E-017
 -1.801210642191209E-003 -1.041154094711833E-017
  1.464788942789329E-003 -7.052979351273706E-018
  4.834686802341961E-003 -2.686849276675697E-018
  7.096062174429792E-003  0.000000000000000E+000
  7.500974014115082E-003  6.717123191689244E-019
  6.002669294723578E-003 -1.007568478753387E-018
  3.229843416965441E-003 -3.694417755429084E-018
  2.257967995768773E-004 -6.045410872520319E-018
 -1.940356973827168E-003 -7.388835510858167E-018
 -2.547085091000292E-003 -6.717123191689243E-018
 -1.451059109306540E-003 -5.037842393766933E-018
  8.943531228105031E-004 -3.022705436260160E-018
  3.625368584602867E-003 -1.679280797922311E-018
  5.783299053414974E-003 -1.511352718130080E-018
  6.645811421397474E-003 -2.518921196883466E-018
  5.962531907563974E-003 -4.534058154390240E-018
  4.021692236941610E-003 -6.381267032104781E-018
  1.533716180351472E-003 -7.388835510858167E-018
 -6.222031969123664E-004 -7.052979351273706E-018
 -1.700164102997855E-003 -5.205770473559164E-018
 -1.337432445297485E-003 -3.190633516052391E-018
  3.288723070008498E-004 -1.847208877714542E-018
  2.714466906449213E-003 -1.679280797922311E-018
  4.990703465915790E-003 -2.350993117091235E-018
  6.369361309172833E-003 -3.862345835221315E-018
  6.374251640274734E-003 -5.373698553351395E-018
  5.007937948102171E-003 -6.381267032104781E-018
  2.755467494289383E-003 -5.709554712935857E-018
  4.207749700480299E-004 -4.030273915013546E-018
 -1.151566190641698E-003 -2.183065037299004E-018
 -1.375285846223891E-003 -1.343424638337849E-018
 -1.374574521479736E-004 -2.015136957506773E-018
  2.149515594152122E-003 -3.862345835221315E-018
  4.683388666393126E-003 -6.045410872520319E-018
  6.553148121469876E-003 -7.724691670442630E-018
  7.069090961203945E-003 -8.060547830027092E-018
  6.022971526207587E-003 -7.388835510858167E-018
  3.779505091589717E-003 -4.701986234182470E-018
  1.158469210796343E-003 -1.679280797922311E-018
 -8.570926886272646E-004  6.717123191689244E-019
 -1.484159426186064E-003  6.717123191689244E-019
 -4.405021736425646E-004 -1.175496558545618E-018
  1.933322567506858E-003 -4.198201994805777E-018
  4.784007277016442E-003 -7.220907431065937E-018
  7.054389421845447E-003 -9.068116308780479E-018
  7.880407513577948E-003 -9.068116308780479E-018
  6.926985606911492E-003 -6.717123191689243E-018
  4.531463056130832E-003 -3.694417755429084E-018
  1.592667664328117E-003 -6.717123191689244E-019
 -7.599135387174901E-004  1.007568478753387E-018
 -1.595754116202216E-003  3.358561595844622E-019
 -5.479993671067881E-004 -2.350993117091235E-018
  2.030502544572790E-003 -6.045410872520319E-018
  5.186672396300229E-003 -9.068116308780479E-018
  7.723279698773833E-003 -1.007568478753387E-017
  8.658931978318265E-003 -8.732260149196017E-018
  7.614793020541539E-003 -6.045410872520319E-018
  4.974813659928926E-003 -2.015136957506773E-018
  1.751263761092615E-003  6.717123191689244E-019
 -7.984602809507803E-004  1.343424638337849E-018
 -1.658800239837902E-003 -1.343424638337849E-018
 -4.576480283105705E-004 -5.373698553351395E-018
  2.377006444536967E-003 -1.007568478753387E-017
  5.771733203144509E-003 -1.276253406420956E-017
  8.418468388392513E-003 -1.242667790462510E-017
  9.284163485923310E-003 -9.403972468364940E-018
  8.020109383008990E-003 -5.373698553351395E-018
  5.107991921655214E-003 -2.015136957506773E-018
  1.681127830173183E-003  0.000000000000000E+000
 -9.132149929644139E-004  0.000000000000000E+000
 -1.641170902598857E-003 -2.350993117091235E-018
 -1.922694640864161E-004 -6.381267032104781E-018
  2.891217595629603E-003 -1.007568478753387E-017
  6.419800869823624E-003 -1.242667790462510E-017
  9.019487422261746E-003 -1.175496558545618E-017
  9.671376160824776E-003 -8.396403989611555E-018
  8.115600425165754E-003 -4.030273915013546E-018
  4.958829790873010E-003  0.000000000000000E+000
  1.440546509923851E-003  1.343424638337849E-018
 -1.051922652780213E-003  0.000000000000000E+000
 -1.529500827507056E-003 -3.694417755429084E-018
  2.069818665520000E-004 -8.732260149196017E-018
  3.485235283162802E-003 -1.276253406420956E-017
  7.023729124920003E-003 -1.377010254296295E-017
  9.435361833851956E-003 -1.175496558545618E-017
  9.774221424353999E-003 -7.052979351273706E-018
  7.909339738687363E-003 -2.015136957506773E-018
  4.577247736789905E-003  2.015136957506773E-018
  1.092006253116164E-003  3.022705436260160E-018
 -1.173011047297834E-003  3.358561595844622E-019
 -1.326798914037280E-003 -5.037842393766933E-018
  6.883220698260175E-004 -1.074739710670279E-017
  4.075150132514120E-003 -1.444181486213187E-017
  7.497645738074273E-003 -1.477767102171633E-017
  9.609118765968675E-003 -1.242667790462510E-017
  9.583329059568480E-003 -6.717123191689243E-018
  7.438553464913554E-003 -1.343424638337849E-018
  4.027151079800546E-003  1.343424638337849E-018
  6.959188291337038E-004  1.007568478753387E-018
 -1.247232218765001E-003 -2.350993117091235E-018
 -1.048678567751562E-003 -7.388835510858167E-018
  1.196982673243687E-003 -1.209082174504064E-017
  4.589394881960483E-003 -1.477767102171633E-017
  7.782555606916114E-003 -1.444181486213187E-017
  9.518348711261218E-003 -1.108325326628725E-017
  9.121627465190206E-003 -6.381267032104781E-018
  6.761642099977131E-003 -1.679280797922311E-018
  3.378391483845099E-003  1.007568478753387E-018
  3.056854776837149E-004  3.358561595844622E-019
 -1.257723171894643E-003 -3.358561595844622E-018
 -7.188743680997770E-004 -8.732260149196017E-018
  1.681978883042165E-003 -1.309839022379403E-017
  4.974585904855554E-003 -1.477767102171633E-017
  7.848446390461145E-003 -1.343424638337849E-017
  9.172332235286509E-003 -9.068116308780479E-018
  8.437305528252156E-003 -4.030273915013546E-018
  5.949474299634069E-003  0.000000000000000E+000
  2.699503661678964E-003  1.343424638337849E-018
 -3.570382490368157E-005 -3.358561595844622E-019
 -1.198810282889406E-003 -4.366130074598008E-018
 -3.646772346047712E-004 -9.068116308780479E-018
  2.101402261826948E-003 -1.309839022379403E-017
  5.198613947064143E-003 -1.444181486213187E-017
  7.693185361906113E-003 -1.276253406420956E-017
  8.606502914949958E-003 -8.900188228988247E-018
  7.595423687854165E-003 -4.030273915013546E-018
  5.076860300094235E-003  3.358561595844622E-019
  2.051738364097444E-003  1.343424638337849E-018
 -2.975194715815960E-004 -1.175496558545618E-018
 -1.073948813007798E-003 -6.381267032104781E-018
 -1.282027337413948E-005 -1.141910942587171E-017
  2.425888115329964E-003 -1.511352718130080E-017
  5.251060453735362E-003 -1.578523950046972E-017
  7.338773730251029E-003 -1.343424638337849E-017
  7.875163058795846E-003 -8.228475909819323E-018
  6.669159754966895E-003 -2.854777356467928E-018
  4.214955989033918E-003  6.717123191689244E-019
  1.484709112424031E-003  6.717123191689244E-019
 -4.617194325081465E-004 -2.686849276675697E-018
 -8.932003457733377E-004 -8.060547830027092E-018
  3.137946588240671E-004 -1.343424638337849E-017
  2.640156814796116E-003 -1.712866413880757E-017
  5.141279951928696E-003 -1.746452029839203E-017
  6.825706377812451E-003 -1.444181486213187E-017
  7.043405352755782E-003 -9.068116308780479E-018
  5.731564122585174E-003 -3.694417755429084E-018
  3.425148107919124E-003 -3.358561595844622E-019
  1.033772947895571E-003  1.679280797922311E-019
 -5.221893643721791E-004 -2.686849276675697E-018
 -6.706162977502505E-004 -7.556763590650399E-018
  5.983014356964259E-004 -1.209082174504064E-017
  2.742750694062953E-003 -1.511352718130080E-017
  4.894680216727697E-003 -1.511352718130080E-017
  6.206266736956318E-003 -1.209082174504064E-017
  6.179133365576212E-003 -7.556763590650399E-018
  4.848522879607445E-003 -3.022705436260160E-018
  2.754751804617816E-003 -3.358561595844622E-019
  7.190914162749225E-004 -3.358561595844622E-019
 -4.830924010564084E-004 -3.358561595844622E-018
 -4.218276283627274E-004 -7.892619750234862E-018
  8.309373829389005E-004 -1.175496558545618E-017
  2.744264531901703E-003 -1.377010254296295E-017
  4.547841472318397E-003 -1.326631830358626E-017
  5.537574713785400E-003 -1.007568478753387E-017
  5.345936715096027E-003 -5.877482792728088E-018
  4.073412215326652E-003 -1.511352718130080E-018
  2.234636668238199E-003  6.717123191689244E-019
  5.461786795452950E-004 -3.358561595844622E-019
 -3.566470377373282E-004 -3.694417755429084E-018
 -1.620535132926252E-004 -8.228475909819323E-018
  1.009047993341890E-003 -1.209082174504064E-017
  2.664486154653664E-003 -1.377010254296295E-017
  4.143144293558451E-003 -1.259460598441733E-017
  4.875114733013986E-003 -9.068116308780479E-018
  4.597386912501673E-003 -4.701986234182470E-018
  3.443699200201333E-003 -1.343424638337849E-018
  1.878705278278730E-003 -1.679280797922311E-019
  5.076454061576562E-004 -1.343424638337849E-018
 -1.606389910212848E-004 -4.534058154390240E-018
  9.535141851138305E-005 -8.816224189092131E-018
  1.136212416878808E-003 -1.209082174504064E-017
  2.528920361513508E-003 -1.309839022379403E-017
  3.723531894900990E-003 -1.192289366524841E-017
  4.267321328498189E-003 -9.152080348676594E-018
  3.973103194112356E-003 -5.541626633143626E-018
  2.979525692967474E-003 -2.518921196883466E-018
  1.684992887640643E-003 -1.343424638337849E-018
  5.857914328938145E-004 -2.686849276675697E-018
  8.406546626523518E-005 -5.541626633143626E-018
  3.397790142139364E-004 -9.152080348676594E-018
  1.220744809314956E-003 -1.175496558545618E-017
  2.365167240365647E-003 -1.225874982483287E-017
  3.327930887512596E-003 -1.074739710670279E-017
  3.751614286384546E-003 -7.388835510858167E-018
  3.496718549171847E-003 -3.778381795325200E-018
  2.684122478590346E-003 -1.343424638337849E-018
  1.638046320904020E-003 -8.396403989611554E-019
  7.556845111067094E-004 -2.267029077195120E-018
  3.557922891176570E-004 -5.205770473559164E-018
  5.637191282641818E-004 -8.312439949715439E-018
  1.273857390934422E-003 -1.015964882742998E-017
  2.199573775239477E-003 -1.007568478753387E-017
  2.987713816509110E-003 -8.060547830027092E-018
  3.352077405825027E-003 -5.289734513455279E-018
  3.175675845202960E-003 -2.938741396364044E-018
  2.545753043488791E-003 -2.350993117091235E-018
  1.712177345137722E-003 -3.106669476156275E-018
  9.883810430184640E-004 -4.701986234182470E-018
  6.339690820908409E-004 -6.843069251533417E-018
  7.626737997544741E-004 -8.564332069403785E-018
  1.307764242424324E-003 -9.487936508261056E-018
  2.054488187478855E-003 -9.068116308780479E-018
  2.724426642828859E-003 -7.556763590650399E-018
  3.078785627313598E-003 -5.793518752831973E-018
  3.002618773182980E-003 -4.450094114494124E-018
  2.540788048428543E-003 -4.114237954909661E-018
  1.875168773425609E-003 -4.534058154390240E-018
  1.253989869970083E-003 -5.625590673039741E-018
  9.005846889004816E-004 -6.969015311377590E-018
  9.347574981868500E-004 -7.850637730286804E-018
  1.333967087260634E-003 -7.976583790130976E-018
  1.946334513837997E-003 -7.178925411117879E-018
  2.548843743729746E-003 -5.667572692987799E-018
  2.928621897571031E-003 -4.240184014753835E-018
  2.958022931087341E-003 -3.358561595844622E-018
  2.637464327558464E-003 -3.022705436260160E-018
  2.092034719887741E-003 -3.526489675636853E-018
  1.524343250189460E-003 -4.953878353870817E-018
  1.141169518133554E-003 -6.381267032104781E-018
  1.080115850220454E-003 -7.346853490910111E-018
  1.361904626962126E-003 -7.514781570702341E-018
  1.884605552407886E-003 -6.948024301403561E-018
  2.461268284442559E-003 -5.604599663065712E-018
  2.887300025119072E-003 -4.135228964883690E-018
  3.013643524373798E-003 -3.274597555948506E-018
  2.799882938185674E-003 -3.190633516052391E-018
  2.328491407327147E-003 -3.778381795325200E-018
  1.775111531452356E-003 -4.618022194286355E-018
  1.345314131574724E-003 -5.289734513455279E-018
  1.200286052960913E-003 -5.751536732883915E-018
  1.398075509217026E-003 -5.835500772780031E-018
  1.871759185170682E-003 -5.205770473559164E-018
  2.452879389944352E-003 -4.303157044675921E-018
  2.932229804092472E-003 -3.547480685610881E-018
  3.136337215344317E-003 -3.064687456208217E-018
  2.991842315073979E-003 -3.526489675636853E-018
  2.553871915692268E-003 -4.450094114494124E-018
  1.987271837522829E-003 -5.541626633143626E-018
  1.506778345557531E-003 -6.045410872520319E-018
  1.297599522519671E-003 -5.877482792728088E-018
  1.445671610373351E-003 -4.995860373818875E-018
  1.903907307093302E-003 -3.904327855169373E-018
  2.507847270342921E-003 -3.148651496104333E-018
  3.035827366207498E-003 -2.854777356467928E-018
  3.291841325019214E-003 -3.106669476156275E-018
  3.180175177242201E-003 -3.694417755429084E-018
  2.743307054816683E-003 -4.366130074598008E-018
  2.147909824840481E-003 -5.037842393766933E-018
  1.623265171555411E-003 -5.289734513455279E-018
  1.374696693780184E-003 -4.953878353870817E-018
  1.504691630390019E-003 -4.198201994805777E-018
  1.972115872734632E-003 -3.484507655688795E-018
  2.605896455660634E-003 -3.148651496104333E-018
  3.168883841312960E-003 -3.232615536000448E-018
  3.448155161472176E-003 -3.862345835221315E-018
  3.337350342942496E-003 -4.785950274078586E-018
  2.879085532465042E-003 -5.877482792728088E-018
  2.250392347800915E-003 -6.213338952312550E-018
  1.695944321853508E-003 -5.793518752831973E-018
  1.434190706136972E-003 -5.037842393766933E-018
  1.572451632854408E-003 -4.240184014753835E-018
  2.064092926470412E-003 -3.484507655688795E-018
  2.724994331774777E-003 -3.442525635740737E-018
  3.303651982232156E-003 -4.156219974857719E-018
  3.578254865717858E-003 -5.289734513455279E-018
  3.443201713165102E-003 -6.213338952312550E-018
  2.951191480696605E-003 -6.381267032104781E-018
  2.293994566123139E-003 -6.045410872520319E-018
  1.728810657634061E-003 -5.205770473559164E-018
  1.478485725435222E-003 -4.450094114494124E-018
  1.644373263974804E-003 -4.156219974857719E-018
  2.166029324311602E-003 -4.492076134442182E-018
  2.843872353119886E-003 -5.289734513455279E-018
  3.416383895675034E-003 -6.129374912416434E-018
  3.661973167140439E-003 -6.843069251533417E-018
  3.485745952179669E-003 -7.052979351273706E-018
  2.957089747139288E-003 -6.885051271481474E-018
  2.283096183898007E-003 -6.045410872520319E-018
  1.727956304527875E-003 -5.289734513455279E-018
  1.509730476949388E-003 -4.911896333922759E-018
  1.714913546911403E-003 -5.079824413714991E-018
  2.264371453040550E-003 -5.793518752831973E-018
  2.944143102842247E-003 -6.675141171741186E-018
  3.489142591201261E-003 -7.766673690390688E-018
  3.686977555811919E-003 -8.606314089351843E-018
  3.461139084728999E-003 -8.732260149196017E-018
  2.900884798453211E-003 -8.060547830027092E-018
  2.226078149608147E-003 -7.052979351273706E-018
  1.700823767589340E-003 -5.877482792728088E-018
  1.529870435566311E-003 -5.247752493507222E-018
  1.778501602486129E-003 -5.289734513455279E-018
  2.347341449275687E-003 -5.877482792728088E-018
  3.011848705516394E-003 -6.423249052052839E-018
  3.510804826252056E-003 -6.717123191689243E-018
  3.648874727931250E-003 -6.927033291429532E-018
  3.372893831403283E-003 -6.633159151793128E-018
  2.792015403057930E-003 -6.213338952312550E-018
  2.134054476525613E-003 -6.129374912416434E-018
  1.655493606672069E-003 -6.213338952312550E-018
  1.540753859455194E-003 -6.549195111897013E-018
  1.830364682603513E-003 -7.136943391169821E-018
  2.406071502256978E-003 -7.640727630546514E-018
  3.038355477119160E-003 -7.808655710338746E-018
  3.477262792838233E-003 -7.682709650494572E-018
  3.550547973113630E-003 -7.052979351273706E-018
  3.230529988083318E-003 -6.549195111897013E-018
  2.643664225779608E-003 -5.625590673039741E-018
  2.019565921507758E-003 -4.953878353870817E-018
  1.600046027991638E-003 -4.911896333922759E-018
  1.544247002864576E-003 -5.331716533403337E-018
  1.867154436453001E-003 -6.171356932364492E-018
  2.435277425050982E-003 -7.052979351273706E-018
  3.020587206484611E-003 -7.556763590650399E-018
  3.390909473202567E-003 -7.724691670442630E-018
  3.400892213044296E-003 -7.178925411117879E-018
  3.047857972822327E-003 -6.045410872520319E-018
  2.471060533368585E-003 -4.785950274078586E-018
  1.895345660574170E-003 -3.862345835221315E-018
  1.542022517292102E-003 -3.442525635740737E-018
  1.542320926432961E-003 -3.904327855169373E-018
  1.887319549764996E-003 -4.995860373818875E-018
  2.433455635861621E-003 -6.633159151793128E-018
  2.960657572132221E-003 -8.228475909819323E-018
  3.259551234236153E-003 -9.068116308780479E-018
  3.213146097970248E-003 -8.648296109299901E-018
  2.841101519036033E-003 -7.388835510858167E-018
  2.289838128869672E-003 -5.457662593247510E-018
  1.773244601496797E-003 -3.778381795325200E-018
  1.488002238405970E-003 -3.064687456208217E-018
  1.537084192858537E-003 -3.694417755429084E-018
  1.891207893238513E-003 -5.373698553351395E-018
  2.402640755602052E-003 -7.556763590650399E-018
  2.865015323215698E-003 -9.194062368624652E-018
  3.094928245196722E-003 -9.823792667845519E-018
  3.003031876168573E-003 -9.026134288832421E-018
  2.627051954958024E-003 -6.969015311377590E-018
  2.114583017056722E-003 -4.534058154390240E-018
  1.663378302921441E-003 -2.686849276675697E-018
  1.443298702725901E-003 -2.225047057247062E-018
  1.530749947468508E-003 -3.400543615792680E-018
  1.880915632924813E-003 -5.709554712935857E-018
  2.347803389777896E-003 -8.312439949715439E-018
  2.743250644720127E-003 -1.020163084737804E-017
  2.911037921475543E-003 -1.057946902691056E-017
  2.786903805722192E-003 -9.361990448416884E-018
  2.421417507713546E-003 -7.220907431065937E-018
  1.957670187696986E-003 -4.995860373818875E-018
  1.573531098133956E-003 -3.526489675636853E-018
  1.411775143245637E-003 -3.484507655688795E-018
  1.525540047605485E-003 -4.743968254130528E-018
  1.859928823677563E-003 -6.717123191689243E-018
  2.275996256057376E-003 -8.774242169144075E-018
  2.606726504196069E-003 -1.007568478753387E-017
  2.722450390305615E-003 -1.032757690722221E-017
  2.580078489263239E-003 -9.110098328728536E-018
  2.237491356442837E-003 -7.220907431065937E-018
  1.828450343924836E-003 -5.289734513455279E-018
  1.508828030225038E-003 -4.366130074598008E-018
  1.395771806632486E-003 -4.492076134442182E-018
  1.523540981161420E-003 -5.709554712935857E-018
  1.832622418789068E-003 -7.598745610598457E-018
  2.195370407695286E-003 -9.110098328728536E-018
  2.467195731585377E-003 -9.697846608001345E-018
  2.542781300333241E-003 -9.089107318754507E-018
  2.395480585940639E-003 -7.682709650494572E-018
  2.085216764108211E-003 -6.045410872520319E-018
  1.732809136380727E-003 -4.869914313974701E-018
  1.471663206494504E-003 -4.618022194286355E-018
  1.396134591424818E-003 -5.289734513455279E-018
  1.526534820493016E-003 -6.738114201663272E-018
  1.803691250568427E-003 -8.396403989611555E-018
  2.114182368552376E-003 -9.571900548157172E-018
  2.335545805222100E-003 -9.655864588053287E-018
  2.383450738583346E-003 -8.837215199066160E-018
  2.242690286626411E-003 -7.556763590650399E-018
  1.970681370625141E-003 -6.171356932364492E-018
  1.673086649199273E-003 -5.163788453611106E-018
  1.461855292203376E-003 -4.953878353870817E-018
  1.412331689095255E-003 -5.709554712935857E-018
  1.535832580722889E-003 -7.031988341299677E-018
  1.777587467483427E-003 -8.438386009559613E-018
  2.039899463004206E-003 -9.278026408520768E-018
  2.220782704739072E-003 -9.131089338702565E-018
  2.252812781557795E-003 -8.081538840001121E-018
  2.127430051304787E-003 -6.297302992208666E-018
  1.896029860790367E-003 -4.492076134442182E-018
  1.648315931936369E-003 -3.316579575896564E-018
  1.476987728241735E-003 -3.505498665662824E-018
  1.442642789808773E-003 -4.701986234182470E-018
  1.552136963244545E-003 -6.423249052052839E-018
  1.758030318254089E-003 -7.997574800105005E-018
  1.978487477719758E-003 -8.753251159170046E-018
  2.129327309518370E-003 -8.459377019533642E-018
  2.155693542392938E-003 -7.472799550754283E-018
  2.051482173082239E-003 -6.213338952312550E-018
  1.859748073982795E-003 -5.163788453611106E-018
  1.654717860357914E-003 -4.534058154390240E-018
  1.512883083030219E-003 -4.701986234182470E-018
  1.484403791632223E-003 -5.373698553351395E-018
  1.575457052532704E-003 -6.496717586961940E-018
  1.747639019724570E-003 -7.567259095637413E-018
  1.933935632584829E-003 -8.212732652338801E-018
  2.064657362385189E-003 -8.354421969663497E-018
  2.093331272904881E-003 -7.934601770182918E-018
  2.012989608872535E-003 -7.136943391169821E-018
  1.857244490053891E-003 -6.381267032104781E-018
  1.686376280806443E-003 -5.835500772780031E-018
  1.564157578027183E-003 -5.751536732883915E-018
  1.534288741256906E-003 -6.003428852572261E-018
  1.605090061593435E-003 -6.349780517143738E-018
  1.747720189167439E-003 -6.491469834468433E-018
  1.908042433799240E-003 -6.381267032104781E-018
  2.027289325815077E-003 -6.192347942338521E-018
  2.063674073533090E-003 -6.339285012156723E-018
  2.007062917161951E-003 -6.339285012156723E-018
  1.881638091945437E-003 -6.171356932364492E-018
  1.736012217012649E-003 -5.835500772780031E-018
  1.624802808042819E-003 -5.415680573299452E-018
  1.588610001528494E-003 -5.079824413714991E-018
  1.639675953935483E-003 -5.079824413714991E-018
  1.758220578703782E-003 -5.111310928676034E-018
  1.900455863373638E-003 -5.300230018442293E-018
  2.015061144581629E-003 -5.331716533403337E-018
  2.061961876875948E-003 -5.268743503481250E-018
  2.026597546264368E-003 -5.247752493507222E-018
  1.924654998917520E-003 -5.289734513455279E-018
  1.795778206281858E-003 -5.457662593247510E-018
  1.688746346045128E-003 -5.751536732883915E-018
  1.643617533407212E-003 -6.045410872520319E-018
  1.677321082030854E-003 -6.192347942338521E-018
  1.777836091686801E-003 -6.066401882494348E-018
  1.908935486302902E-003 -5.751536732883915E-018
  2.023651616339213E-003 -5.352707543377366E-018
  2.081501188203069E-003 -5.121806433663048E-018
  2.063198394721989E-003 -5.247752493507222E-018
  1.977539191616012E-003 -5.499644613195568E-018
  1.858002387065072E-003 -5.877482792728088E-018
  1.750350469749449E-003 -6.339285012156723E-018
  1.695778870543208E-003 -6.717123191689243E-018
  1.715778174507340E-003 -7.031988341299677E-018
  1.804251365432092E-003 -7.157934401143850E-018
  1.929784589729649E-003 -6.864060261507445E-018
  2.047256261725069E-003 -6.591177131845070E-018
  2.114533952749498E-003 -6.276311982234637E-018
  2.108111722676806E-003 -6.255320972260608E-018
  2.031893591600862E-003 -6.633159151793128E-018
  1.915825243708158E-003 -7.136943391169821E-018
  1.804817793207350E-003 -7.724691670442630E-018
  1.742022995819936E-003 -8.186493889871266E-018
  1.752663151206080E-003 -8.333430959689468E-018
  1.834472076412518E-003 -8.186493889871266E-018
  1.958388646933397E-003 -7.577754600624428E-018
  2.079333656056064E-003 -6.591177131845070E-018
  2.153105141083295E-003 -5.520635623169597E-018
  2.153076478715535E-003 -5.037842393766933E-018
  2.080384697123553E-003 -5.205770473559164E-018
  1.963688216187179E-003 -5.625590673039741E-018
  1.848483237095953E-003 -6.255320972260608E-018
  1.779933964579592E-003 -6.927033291429532E-018
  1.785685086382448E-003 -7.115952381195792E-018
  1.865205400488318E-003 -6.612168141819099E-018
  1.989792529844233E-003 -5.814509762806002E-018
  2.113339496027093E-003 -5.016851383792904E-018
  2.189845581360034E-003 -4.555049164364268E-018
  2.191025679552449E-003 -4.618022194286355E-018
  2.117264642543701E-003 -5.247752493507222E-018
  1.997650978595941E-003 -5.961446832624204E-018
  1.878982671530602E-003 -6.591177131845070E-018
  1.807883711571760E-003 -6.759105211637301E-018
  1.812864523565016E-003 -6.276311982234637E-018
  1.893242899831497E-003 -5.499644613195568E-018
  2.019252434919420E-003 -4.670499719221427E-018
  2.143376761514573E-003 -4.471085124468153E-018
  2.218604983762985E-003 -4.890905323948730E-018
  2.216591089106039E-003 -5.793518752831973E-018
  2.138686644518172E-003 -6.717123191689243E-018
  2.015531479134247E-003 -7.178925411117879E-018
  1.895298941972159E-003 -6.843069251533417E-018
  1.825097857964527E-003 -5.877482792728088E-018
  1.832717222202461E-003 -4.534058154390240E-018
  1.915804049726637E-003 -3.474012150701781E-018
  2.042708206576069E-003 -3.211624526026419E-018
  2.164707150452193E-003 -3.883336845195344E-018
  2.234892433132225E-003 -5.121806433663048E-018
  2.226388500547339E-003 -6.549195111897013E-018
  2.142811203815065E-003 -7.388835510858167E-018
  2.016878447654805E-003 -7.304871470962053E-018
  1.897695185509011E-003 -6.381267032104781E-018
  1.831653217114997E-003 -4.932887343896788E-018
  1.844384883171070E-003 -3.736399775377142E-018
  1.930806703878292E-003 -3.390048110805665E-018
  2.057135926604803E-003 -4.198201994805777E-018
  2.174089162673108E-003 -6.024419862546290E-018
  2.236105261611282E-003 -7.934601770182918E-018
  2.219084042934498E-003 -9.068116308780479E-018
  2.129719362331668E-003 -8.732260149196017E-018
  2.002798954466287E-003 -7.136943391169821E-018
  1.887552846934325E-003 -4.953878353870817E-018
  1.828410712697963E-003 -3.064687456208217E-018
  1.847700779267304E-003 -2.099100997402889E-018
  1.937041727921446E-003 -2.686849276675697E-018
  2.060757323862645E-003 -4.649508709247398E-018
  2.169929395648429E-003 -6.969015311377590E-018
  2.221549751437047E-003 -8.942170248936305E-018
  2.195262117684899E-003 -9.844783677819548E-018
  2.101164430252830E-003 -9.278026408520768E-018
  1.975673037696363E-003 -7.808655710338746E-018
  1.867137256260863E-003 -5.919464812676146E-018
  1.816892154115106E-003 -4.408112094546066E-018
  1.843185657695739E-003 -3.925318865143402E-018
  1.934241345374149E-003 -4.576040174338297E-018
  2.053099761016086E-003 -6.155613674883971E-018
  2.152253597577052E-003 -8.018565810079034E-018
  2.192276561773370E-003 -9.529918528209114E-018
  2.157131345111917E-003 -9.823792667845519E-018
  2.060204059709367E-003 -8.984152268884363E-018
  1.938793060116493E-003 -7.346853490910111E-018
  1.839316843530287E-003 -5.562617643117654E-018
  1.799113348480801E-003 -4.198201994805777E-018
  1.831976874770549E-003 -3.704913260416098E-018
  1.923042985246271E-003 -4.465837371974646E-018
  2.034916469778801E-003 -6.061154130000840E-018
  2.122520993309957E-003 -7.976583790130976E-018
  2.150768667200332E-003 -9.403972468364940E-018
  2.108115380587394E-003 -9.928747717715664E-018
  2.010760019245258E-003 -9.131089338702565E-018
  1.895967308325276E-003 -7.514781570702341E-018
  1.807263021102694E-003 -5.583608653091683E-018
  1.777389004103909E-003 -4.439598609507109E-018
  1.815700608617688E-003 -4.240184014753835E-018
  1.904861304192818E-003 -5.363203048364380E-018
  2.007989869011259E-003 -7.457056293273762E-018
  2.083318061287272E-003 -9.477441003274043E-018
  2.100529093017852E-003 -1.034856791719624E-017
  2.052380348836148E-003 -9.991720747637749E-018
  1.957153660565445E-003 -8.816224189092131E-018
  1.851125708571467E-003 -7.115952381195792E-018
  1.774156592234250E-003 -5.520635623169597E-018
  1.754126529784733E-003 -4.764959264104557E-018
  1.796302456155643E-003 -4.953878353870817E-018
  1.881689566124392E-003 -5.971942337611218E-018
  1.974850194213125E-003 -7.645975383040021E-018
  2.037975575513247E-003 -9.267530903533753E-018
  2.045619599832634E-003 -1.015964882742998E-017
  1.994350192224147E-003 -1.003370276758581E-017
  1.903661408345077E-003 -8.879197219014218E-018
  1.807960948248300E-003 -7.073970361247734E-018
  1.742923519070667E-003 -5.331716533403337E-018
  1.731626015625024E-003 -4.282166034701892E-018
  1.775855249516568E-003 -4.387121084572037E-018
  1.855857041223131E-003 -5.528507251909858E-018
  1.938446771406752E-003 -7.100209123715270E-018
  1.990155190478458E-003 -8.175998384884251E-018
  1.990200030263441E-003 -8.291448939741410E-018
  1.938256135951874E-003 -7.409826520832196E-018
  1.854127491891370E-003 -5.856491782754059E-018
  1.769631476239813E-003 -4.345139064623979E-018
  1.716018385261087E-003 -3.379552605818651E-018
  1.711902394628029E-003 -3.568471695584910E-018
  1.756364267413280E-003 -4.906648581429252E-018
  1.829771262282578E-003 -6.816830489065881E-018
  1.901810052177761E-003 -8.727012396702509E-018
  1.943449512120787E-003 -9.970729737663720E-018
  1.938112065101778E-003 -9.760819637923432E-018
  1.887757773679411E-003 -8.207484899845295E-018
  1.811661614282602E-003 -6.087392892468377E-018
  1.738544621173079E-003 -4.198201994805777E-018
  1.695268378165907E-003 -2.938741396364044E-018
  1.696543172204386E-003 -2.959732406338073E-018
  1.739589169070010E-003 -4.523562649403225E-018
  1.805672949313599E-003 -6.743361954156780E-018
  1.867739394531939E-003 -8.658791614286915E-018
  1.901033257126914E-003 -9.445954488312998E-018
  1.892541754187178E-003 -8.858206209040189E-018
  1.845662203322435E-003 -7.220907431065937E-018
  1.778438441314996E-003 -5.205770473559164E-018
  1.716229248340919E-003 -3.799372805299229E-018
  1.681784594004832E-003 -3.715408765403113E-018
  1.686611440556953E-003 -4.754463759117543E-018
  1.726899178572508E-003 -6.465231072000897E-018
  1.785427605650164E-003 -8.249466919793352E-018
  1.838545275955914E-003 -9.340999438442855E-018
  1.865393841298087E-003 -9.340999438442855E-018
  1.855783682238644E-003 -8.417394999585584E-018
  1.813755489558785E-003 -6.927033291429532E-018
  1.755604785615029E-003 -5.583608653091683E-018
  1.703298761592090E-003 -4.639013204260384E-018
  1.675941439666575E-003 -4.701986234182470E-018
  1.682599530608473E-003 -5.814509762806002E-018
  1.719173723312813E-003 -7.493790560728312E-018
  1.770371866853699E-003 -9.120593833715551E-018
  1.815866140833758E-003 -9.928747717715664E-018
  1.838158793442099E-003 -9.613882568105230E-018
  1.829117336868245E-003 -8.459377019533642E-018
  1.792748730996755E-003 -6.696132181715215E-018
  1.743290141934386E-003 -4.911896333922759E-018
  1.699497530673306E-003 -3.673426745455055E-018
  1.677419335864677E-003 -3.652435735481026E-018
  1.684434016279374E-003 -4.911896333922759E-018
  1.716755438602626E-003 -7.010997331325648E-018
  1.761225463929267E-003 -9.057620803793464E-018
  1.800570501102241E-003 -1.005469377755984E-017
  1.820026018118907E-003 -9.571900548157172E-018
  1.812794412048549E-003 -7.745682680416659E-018
  1.782330235921858E-003 -5.331716533403337E-018
  1.740707594260985E-003 -3.358561595844622E-018
  1.703817525998221E-003 -2.644867256727639E-018
  1.685301218318237E-003 -3.337570585870593E-018
  1.691528307874045E-003 -5.079824413714991E-018
  1.719456808067138E-003 -7.094961371221763E-018
  1.758072011453532E-003 -8.753251159170046E-018
  1.792745300533289E-003 -9.215053378598681E-018
  1.810792275964702E-003 -8.354421969663497E-018
  1.806125459436820E-003 -6.780096221611330E-018
  1.781306591133467E-003 -5.289734513455279E-018
  1.746325629413947E-003 -4.492076134442182E-018
  1.714667436822428E-003 -4.618022194286355E-018
  1.698209792121548E-003 -5.646581683013770E-018
  1.702875155364734E-003 -7.073970361247734E-018
  1.726616322111653E-003 -8.291448939741410E-018
  1.760404572321989E-003 -8.942170248936305E-018
  1.791762875384736E-003 -8.900188228988247E-018
  1.809466257997201E-003 -7.934601770182918E-018
  1.807646278733128E-003 -6.381267032104781E-018
  1.787809288646519E-003 -4.827932294026643E-018
  1.758087368883399E-003 -3.988291895065488E-018
  1.730074016096262E-003 -4.114237954909661E-018
  1.714470311569721E-003 -5.310725523429308E-018
  1.717168360843550E-003 -6.969015311377590E-018
  1.737195437224147E-003 -8.165502879897237E-018
  1.767225784146058E-003 -8.375412979637526E-018
  1.796411854771814E-003 -7.682709650494572E-018
  1.814445974193353E-003 -6.465231072000897E-018
  1.815339195097594E-003 -5.100815423689020E-018
  1.799540300643384E-003 -4.135228964883690E-018
  1.773652235392239E-003 -3.904327855169373E-018
  1.747894836708336E-003 -4.387121084572037E-018
  1.732282903646996E-003 -5.415680573299452E-018
  1.732941104907750E-003 -6.591177131845070E-018
  1.749904216896925E-003 -7.262889451013995E-018
  1.777187776713139E-003 -7.052979351273706E-018
  1.805072549656374E-003 -6.087392892468377E-018
  1.823736228273751E-003 -4.618022194286355E-018
  1.826882069574438E-003 -3.442525635740737E-018
  1.814029524326541E-003 -2.812795336519871E-018
  1.790635941924463E-003 -3.022705436260160E-018
  1.766022898570271E-003 -3.967300885091459E-018
  1.749889078104344E-003 -5.310725523429308E-018
  1.748707638725541E-003 -6.570186121871041E-018
  1.763341585093697E-003 -7.325862480936082E-018
  1.788754469059423E-003 -7.346853490910111E-018
  1.815915014254552E-003 -6.591177131845070E-018
  1.835180779257223E-003 -5.352707543377366E-018
  1.839898397687144E-003 -4.261175024727863E-018
  1.828879067830937E-003 -3.547480685610881E-018
  1.806827581852862E-003 -3.589462705558939E-018
  1.782566300673911E-003 -4.303157044675921E-018
  1.765718911596278E-003 -5.331716533403337E-018
  1.763095673009108E-003 -6.423249052052839E-018
  1.776135711545437E-003 -7.115952381195792E-018
  1.800368188660676E-003 -7.031988341299677E-018
  1.827097997704318E-003 -6.297302992208666E-018
  1.846685191668647E-003 -5.310725523429308E-018
  1.852184796205454E-003 -4.555049164364268E-018
  1.841973436091522E-003 -3.967300885091459E-018
  1.820367027444334E-003 -3.589462705558939E-018
  1.795990097958298E-003 -3.631444725506997E-018
  1.778508209663458E-003 -4.009282905039517E-018
  1.774958482008276E-003 -4.471085124468153E-018
  1.787071097659204E-003 -4.869914313974701E-018
  1.810603775401755E-003 -4.890905323948730E-018
  1.836949174742070E-003 -4.701986234182470E-018
  1.856409923816943E-003 -4.513067144416211E-018
  1.861897000866899E-003 -4.345139064623979E-018
  1.851640194556517E-003 -4.072255934961604E-018
  1.829871250180298E-003 -3.673426745455055E-018
  1.805212056142555E-003 -3.211624526026419E-018
  1.787378427507083E-003 -2.854777356467928E-018
  1.783458312329325E-003 -2.896759376415986E-018
  1.795191223891212E-003 -3.295588565922535E-018
  1.818296116372096E-003 -3.883336845195344E-018
  1.844110909134968E-003 -4.219193004779806E-018
  1.862918315024637E-003 -4.219193004779806E-018
  1.867681531902297E-003 -3.862345835221315E-018
  1.856751974101074E-003 -3.316579575896564E-018
  1.834503978200549E-003 -2.623876246753611E-018
  1.809648842303293E-003 -2.015136957506773E-018
  1.791875924778511E-003 -1.805226857766484E-018
  1.788115849989442E-003 -1.931172917610657E-018
  1.799868828223393E-003 -2.330002107117206E-018
  1.822630975026889E-003 -2.833786346493900E-018
  1.847640802714713E-003 -3.148651496104333E-018
  1.865270143344366E-003 -3.232615536000448E-018
  1.868746728274878E-003 -2.854777356467928E-018
  1.856767075948326E-003 -2.455948166961380E-018
  1.833988752703950E-003 -2.141083017350946E-018
  1.809213814466092E-003 -1.973154937558715E-018
  1.791970895654850E-003 -1.889190897662600E-018
  1.788823924011139E-003 -1.763244837818427E-018
  1.800839619919794E-003 -1.994145947532744E-018
  1.823193530322365E-003 -2.455948166961380E-018
  1.847061806422662E-003 -2.959732406338073E-018
  1.863057660537738E-003 -3.337570585870593E-018
  1.864873238425430E-003 -3.316579575896564E-018
  1.851711850325578E-003 -3.106669476156275E-018
  1.828570459904392E-003 -2.728831296623755E-018
  1.804271628366442E-003 -2.057118977454831E-018
  1.788019735794592E-003 -1.448379688207993E-018
  1.785826976914446E-003 -1.280451608415762E-018
  1.798199081929169E-003 -1.679280797922311E-018
  1.819973715084748E-003 -2.518921196883466E-018
  1.842362123316380E-003 -3.547480685610881E-018
  1.856386851536344E-003 -4.198201994805777E-018
  1.856369709497149E-003 -4.156219974857719E-018
  1.842112977510641E-003 -3.463516645714766E-018
  1.818934429101985E-003 -2.707840286649726E-018
  1.795558076534915E-003 -2.036127967480802E-018
  1.780697418013374E-003 -1.826217867740513E-018
  1.779670806415169E-003 -2.309011097143177E-018
  1.792365590941830E-003 -2.917750386390015E-018
  1.813331763993227E-003 -3.463516645714766E-018
  1.833949993737625E-003 -4.135228964883690E-018
  1.845811599429261E-003 -4.576040174338297E-018
  1.843983896999666E-003 -4.324148054649950E-018
  1.828891436482420E-003 -3.568471695584910E-018
  1.806094958928023E-003 -2.728831296623755E-018
  1.784075726886329E-003 -2.099100997402889E-018
  1.770908456564297E-003 -1.952163927584686E-018
  1.771129429473645E-003 -1.994145947532744E-018
  1.784016057751341E-003 -2.183065037299004E-018
  1.803930957956955E-003 -2.560903216831524E-018
  1.822572310678526E-003 -2.938741396364044E-018
  1.832232096109399E-003 -3.043696446234189E-018
  1.828782440349395E-003 -2.728831296623755E-018
  1.813232121356836E-003 -2.309011097143177E-018
  1.791266555563720E-003 -1.994145947532744E-018
  1.770976954407639E-003 -1.931172917610657E-018
  1.759686137408839E-003 -1.931172917610657E-018
  1.761117466822605E-003 -2.099100997402889E-018
  1.774002421060573E-003 -2.330002107117206E-018
  1.792647103544203E-003 -2.728831296623755E-018
  1.809208600943749E-003 -3.106669476156275E-018
  1.816771017108295E-003 -3.274597555948506E-018
  1.812014001208455E-003 -3.253606545974477E-018
  1.796443729782523E-003 -3.043696446234189E-018
  1.775731260537093E-003 -2.896759376415986E-018
  1.757445882995305E-003 -2.686849276675697E-018
  1.748089857703432E-003 -2.497930186909437E-018
  1.750597107967161E-003 -2.602885236779582E-018
  1.763258477675484E-003 -2.875768366441957E-018
  1.780465662281480E-003 -3.190633516052391E-018
  1.794953108859446E-003 -3.253606545974477E-018
  1.800641634136681E-003 -2.854777356467928E-018
  1.794970383865422E-003 -2.413966147013322E-018
  1.779822810144341E-003 -1.994145947532744E-018
  1.760714346761775E-003 -1.994145947532744E-018
  1.744589689405136E-003 -2.330002107117206E-018
  1.737109713517963E-003 -2.917750386390015E-018
  1.740488497498839E-003 -3.400543615792680E-018
  1.752706671758159E-003 -3.673426745455055E-018
  1.768377624356142E-003 -3.547480685610881E-018
  1.780897564313159E-003 -3.211624526026419E-018
  1.785021276543411E-003 -2.980723416312102E-018
  1.778858829174351E-003 -3.106669476156275E-018
  1.764533938997701E-003 -3.316579575896564E-018
  1.747278594565889E-003 -3.316579575896564E-018
  1.733347855620467E-003 -3.400543615792680E-018
  1.727586033392209E-003 -3.463516645714766E-018
  1.731591369981547E-003 -3.673426745455055E-018
  1.743173667569636E-003 -4.009282905039517E-018
  1.757284303121092E-003 -4.135228964883690E-018
  1.768025863710015E-003 -4.093246944935633E-018
  1.770941601510966E-003 -4.030273915013546E-018
  1.764696179228789E-003 -3.862345835221315E-018
  1.751515210740161E-003 -3.505498665662824E-018
  1.736244609933530E-003 -3.337570585870593E-018
  1.724425528456714E-003 -3.589462705558939E-018
  1.720149563774666E-003 -4.156219974857719E-018
  1.724524107356823E-003 -4.701986234182470E-018
  1.735321951427757E-003 -5.016851383792904E-018
  1.747919407018230E-003 -4.953878353870817E-018
  1.757129597468248E-003 -4.576040174338297E-018
  1.759204307431976E-003 -4.135228964883690E-018
  1.753232398890424E-003 -3.841354825247286E-018
  1.741414906910620E-003 -4.093246944935633E-018
  1.728141529844745E-003 -4.743968254130528E-018
  1.718254420334800E-003 -5.751536732883915E-018
  1.715185691284713E-003 -6.759105211637301E-018
  1.719684302764445E-003 -7.346853490910111E-018
  1.729602569266474E-003 -7.367844500884138E-018
  1.740794288888395E-003 -6.885051271481474E-018
  1.748750440698031E-003 -6.045410872520319E-018
  1.750327588217381E-003 -5.142797443637077E-018
  1.744907389244574E-003 -4.660004214234413E-018
  1.734561730031771E-003 -5.100815423689020E-018
  1.723189288231035E-003 -6.192347942338521E-018
  1.714981927969900E-003 -7.472799550754283E-018
  1.712823668117327E-003 -8.564332069403785E-018
  1.717232616175789E-003 -8.795233179118102E-018
  1.726231661263582E-003 -8.270457929767381E-018
  1.736169479726334E-003 -7.346853490910111E-018
  1.743152230225247E-003 -6.381267032104781E-018
  1.744525149097364E-003 -6.024419862546290E-018
  1.739841502983964E-003 -6.192347942338521E-018
  1.730967669580383E-003 -6.843069251533417E-018
  1.721310676209105E-003 -7.829646720312775E-018
  1.714486599134739E-003 -8.816224189092131E-018
  1.712949512672452E-003 -9.676855598027316E-018
  1.717099430267500E-003 -1.011766680748192E-017
  1.725190966695118E-003 -1.005469377755984E-017
  1.734052788314277E-003 -9.508927518235085E-018
  1.740322416523828E-003 -8.816224189092131E-018
  1.741716330050625E-003 -8.249466919793352E-018
  1.737856995467202E-003 -8.312439949715439E-018
  1.730359697052101E-003 -8.816224189092131E-018
  1.722168957268175E-003 -9.676855598027316E-018
  1.716415943446052E-003 -1.030658589724818E-017
  1.715239280410989E-003 -1.032757690722221E-017
  1.719011769254181E-003 -9.760819637923432E-018
  1.726250183606621E-003 -9.026134288832421E-018
  1.734221666506869E-003 -8.564332069403785E-018
  1.739999797647090E-003 -8.543341059429756E-018
  1.741563097875832E-003 -9.005143278858392E-018
  1.738525072679198E-003 -9.697846608001345E-018
  1.732234273774758E-003 -1.020163084737804E-017
  1.725224961762969E-003 -1.032757690722221E-017
  1.720241008245715E-003 -1.024361286732610E-017
  1.719207888715493E-003 -1.011766680748192E-017
  1.722536300191511E-003 -9.907756707741635E-018
  1.729007181211332E-003 -9.613882568105230E-018
  1.736265427912611E-003 -9.529918528209114E-018
  1.741723243263062E-003 -9.550909538183143E-018
  1.743527581320662E-003 -9.550909538183143E-018
  1.741231399724272E-003 -9.382981458390911E-018
  1.735927227639917E-003 -9.131089338702565E-018
  1.729806481552448E-003 -8.984152268884363E-018
  1.725321209502437E-003 -8.963161258910334E-018
  1.724267728980498E-003 -8.858206209040189E-018
  1.727133115205856E-003 -8.648296109299901E-018
  1.732940723401610E-003 -8.312439949715439E-018
  1.739641423250317E-003 -7.934601770182918E-018
  1.744894649912472E-003 -7.451808540780254E-018
  1.746942556420004E-003 -7.178925411117879E-018
  1.745251991855192E-003 -7.430817530806225E-018
  1.740690957141115E-003 -8.102529849975150E-018
  1.735182436555189E-003 -8.879197219014218E-018
  1.730972640463242E-003 -9.466945498287027E-018
  1.729790946030943E-003 -9.634873578079259E-018
  1.732214455153655E-003 -9.257035398546739E-018
  1.737469648898484E-003 -8.375412979637526E-018
  1.743738500475820E-003 -7.262889451013995E-018
  1.748848697529431E-003 -6.318294002182695E-018
  1.751086872065441E-003 -5.772527742857944E-018
  1.749831317820932E-003 -5.793518752831973E-018
  1.745771117495540E-003 -6.507213091948955E-018
  1.740634643202405E-003 -7.745682680416659E-018
  1.736533437683813E-003 -8.858206209040189E-018
  1.735169489380367E-003 -9.382981458390911E-018
  1.737202581682735E-003 -9.194062368624652E-018
  1.742012379439039E-003 -8.186493889871266E-018
  1.747941017155588E-003 -6.843069251533417E-018
  1.752922083415306E-003 -5.877482792728088E-018
  1.755258186593044E-003 -5.562617643117654E-018
  1.754255118577566E-003 -6.066401882494348E-018
  1.750475830991715E-003 -6.864060261507445E-018
  1.745520975451029E-003 -7.367844500884138E-018
  1.741420674130442E-003 -7.598745610598457E-018
  1.739867772706632E-003 -7.346853490910111E-018
  1.741581582070068E-003 -6.843069251533417E-018
  1.746041141679679E-003 -6.276311982234637E-018
  1.751687262515822E-003 -6.024419862546290E-018
  1.756515702512237E-003 -6.360276022130752E-018
  1.758836443503786E-003 -7.073970361247734E-018
  1.757911738037055E-003 -7.682709650494572E-018
  1.754231887719731E-003 -7.661718640520543E-018
  1.749325124793882E-003 -7.283880460988024E-018
  1.745174542921229E-003 -6.570186121871041E-018
  1.743463907442248E-003 -6.150365922390463E-018
  1.744938900880452E-003 -6.171356932364492E-018
  1.749126289031854E-003 -6.528204101922984E-018
  1.754517266958650E-003 -7.073970361247734E-018
  1.759144575470803E-003 -7.682709650494572E-018
  1.761333076752367E-003 -7.976583790130976E-018
  1.760337490203867E-003 -7.829646720312775E-018
  1.756624177349181E-003 -7.367844500884138E-018
  1.751689863917563E-003 -6.843069251533417E-018
  1.747487140089814E-003 -6.192347942338521E-018
  1.745676867283268E-003 -5.688563702961828E-018
  1.746993703693970E-003 -5.415680573299452E-018
  1.750967457100690E-003 -5.646581683013770E-018
  1.756106468467343E-003 -6.339285012156723E-018
  1.760472016153205E-003 -7.241898441039966E-018
  1.762422803021433E-003 -8.018565810079034E-018
  1.761243542784219E-003 -8.354421969663497E-018
  1.757416519740454E-003 -8.081538840001121E-018
  1.752432519167450E-003 -7.241898441039966E-018
  1.748214789760196E-003 -6.213338952312550E-018
  1.746378444556562E-003 -5.499644613195568E-018
  1.747610643120844E-003 -5.268743503481250E-018
  1.751409821046249E-003 -5.709554712935857E-018
  1.756283389271103E-003 -6.717123191689243E-018
  1.760326380491837E-003 -7.913610760208891E-018
  1.761956822743425E-003 -8.753251159170046E-018
  1.760523776491565E-003 -8.732260149196017E-018
  1.756553951303481E-003 -8.102529849975150E-018
  1.751543088823279E-003 -7.199916421091908E-018
  1.747374426615989E-003 -6.507213091948955E-018
  1.745590331149282E-003 -6.129374912416434E-018
  1.746799066626239E-003 -6.129374912416434E-018
  1.750445282142428E-003 -6.213338952312550E-018
  1.755031172784364E-003 -6.612168141819099E-018
  1.758700557060448E-003 -7.262889451013995E-018
  1.759958119163779E-003 -7.913610760208891E-018
  1.758244897073612E-003 -8.438386009559613E-018
  1.754148208172674E-003 -8.564332069403785E-018
  1.749166959799189E-003 -8.270457929767381E-018
  1.745125924845538E-003 -7.640727630546514E-018
  1.743467966065165E-003 -6.864060261507445E-018
  1.744699042417934E-003 -6.339285012156723E-018
  1.748199843899994E-003 -6.318294002182695E-018
  1.752474377134955E-003 -6.591177131845070E-018
  1.755735977338052E-003 -7.157934401143850E-018
  1.756601151078182E-003 -7.535772580676370E-018
  1.754621583479730E-003 -7.661718640520543E-018
  1.750449495596047E-003 -7.472799550754283E-018
  1.745575361318276E-003 -6.948024301403561E-018
  1.741743336198629E-003 -6.402258042078810E-018
  1.740273834664072E-003 -6.003428852572261E-018
  1.741556671207754E-003 -5.982437842598232E-018
  1.744909621065561E-003 -6.318294002182695E-018
  1.748853685008839E-003 -6.885051271481474E-018
  1.751694208045109E-003 -7.220907431065937E-018
  1.752179457549159E-003 -7.178925411117879E-018
  1.749980545169957E-003 -6.591177131845070E-018
  1.745808558676556E-003 -5.604599663065712E-018
  1.741127477718099E-003 -4.722977244156499E-018
  1.737578705241420E-003 -4.198201994805777E-018
  1.736343610584127E-003 -4.303157044675921E-018
  1.737691918204623E-003 -4.911896333922759E-018
  1.740888768653983E-003 -5.457662593247510E-018
  1.744492077620323E-003 -5.562617643117654E-018
  1.746920051941649E-003 -5.226761483533193E-018
  1.747065458253278E-003 -4.701986234182470E-018
  1.744717978452116E-003 -4.240184014753835E-018
  1.740633533254379E-003 -4.114237954909661E-018
  1.736228494343170E-003 -4.408112094546066E-018
  1.733022439292717E-003 -5.226761483533193E-018
  1.732048866406151E-003 -6.024419862546290E-018
  1.733462598772713E-003 -6.843069251533417E-018
  1.736493074458083E-003 -6.948024301403561E-018
  1.739756485810183E-003 -6.612168141819099E-018
  1.741800488669606E-003 -5.793518752831973E-018
  1.741667017914889E-003 -4.974869363844846E-018
  1.739255049364897E-003 -4.471085124468153E-018
  1.735346063651780E-003 -4.387121084572037E-018
  1.731287782502223E-003 -4.848923304000672E-018
  1.728464133817996E-003 -5.541626633143626E-018
  1.727760046185675E-003 -6.213338952312550E-018
  1.729228178392710E-003 -6.570186121871041E-018
  1.732083020046488E-003 -6.444240062026868E-018
  1.735018970948638E-003 -5.835500772780031E-018
  1.736723742439282E-003 -4.701986234182470E-018
  1.736385171554372E-003 -3.904327855169373E-018
  1.733995727109488E-003 -3.673426745455055E-018
  1.730340773100218E-003 -4.093246944935633E-018
  1.726680990056621E-003 -4.890905323948730E-018
  1.724257334802510E-003 -5.751536732883915E-018
  1.723813028180155E-003 -6.465231072000897E-018
  1.725316733592611E-003 -6.675141171741186E-018
  1.727989813033194E-003 -6.444240062026868E-018
  1.730621140520430E-003 -5.772527742857944E-018
  1.732042318953346E-003 -4.869914313974701E-018
  1.731576842992390E-003 -4.261175024727863E-018
  1.729290621901780E-003 -4.282166034701892E-018
  1.725951441887774E-003 -4.932887343896788E-018
  1.722719070111676E-003 -5.856491782754059E-018
  1.720691027972484E-003 -6.822078241559388E-018
  1.720481972584073E-003 -7.598745610598457E-018
  1.721997825147577E-003 -7.682709650494572E-018
  1.724487289855108E-003 -6.822078241559388E-018
  1.726844839031640E-003 -5.751536732883915E-018
  1.728043092726251E-003 -4.827932294026643E-018
  1.727525525959585E-003 -4.261175024727863E-018
  1.725409544642658E-003 -4.366130074598008E-018
  1.722426288186537E-003 -4.869914313974701E-018
  1.719626346997319E-003 -5.625590673039741E-018
  1.717969768681140E-003 -6.507213091948955E-018
  1.717960328850551E-003 -6.948024301403561E-018
  1.719463238746239E-003 -6.906042281455503E-018
  1.721771768532013E-003 -6.234329962286579E-018
  1.723891268186483E-003 -5.226761483533193E-018
  1.724926551969715E-003 -4.345139064623979E-018
  1.724421846934798E-003 -3.967300885091459E-018
  1.722524417099878E-003 -4.240184014753835E-018
  1.719913668046000E-003 -4.974869363844846E-018
  1.717528690095816E-003 -5.898473802702117E-018
  1.716203402112540E-003 -6.675141171741186E-018
  1.716350961894661E-003 -6.990006321351619E-018
  1.717816643588091E-003 -6.612168141819099E-018
  1.719950992427656E-003 -5.793518752831973E-018
  1.721869686864187E-003 -4.890905323948730E-018
  1.722796234841761E-003 -4.345139064623979E-018
  1.722354808805116E-003 -4.450094114494124E-018
  1.720703036419241E-003 -5.100815423689020E-018
  1.718458424318431E-003 -6.066401882494348E-018
  1.716451844185768E-003 -7.136943391169821E-018
  1.715406366336971E-003 -7.724691670442630E-018
  1.715665438225104E-003 -7.430817530806225E-018
  1.717072299907343E-003 -6.402258042078810E-018
  1.719042348399718E-003 -5.037842393766933E-018
  1.720795827563256E-003 -3.967300885091459E-018
  1.721658329139598E-003 -3.904327855169373E-018
  1.721313436115857E-003 -4.743968254130528E-018
  1.719913143916679E-003 -6.150365922390463E-018
  1.718008118846608E-003 -7.703700660468601E-018
  1.716329041172447E-003 -8.648296109299901E-018
  1.715505706240938E-003 -8.858206209040189E-018
  1.715831675859366E-003 -8.417394999585584E-018
  1.717162098947114E-003 -7.220907431065937E-018
  1.718979657828396E-003 -5.877482792728088E-018
  1.720599238398357E-003 -5.289734513455279E-018
  1.721430455991279E-003 -5.667572692987799E-018
  1.721197602015915E-003 -6.864060261507445E-018
  1.720035354680120E-003 -8.648296109299901E-018
  1.718427559107603E-003 -1.003370276758581E-017
  1.717016265841174E-003 -1.026460387730012E-017
  1.716356223608664E-003 -9.110098328728536E-018
  1.716708474724162E-003 -6.990006321351619E-018
  1.717949515549487E-003 -4.974869363844846E-018
  1.719627103183097E-003 -4.030273915013546E-018
  1.721137997415614E-003 -4.660004214234413E-018
  1.721957894847246E-003 -6.570186121871041E-018
  1.721836087149642E-003 -8.984152268884363E-018
  1.720882836898189E-003 -1.108325326628725E-017
  1.719519436745918E-003 -1.183892962535229E-017
  1.718313018368588E-003 -1.068442407678070E-017
  1.717760695688945E-003 -7.934601770182918E-018
  1.718104956096158E-003 -4.701986234182470E-018
  1.719248546371098E-003 -2.434957156987351E-018
  1.720798321061882E-003 -1.952163927584686E-018
  1.722218704487808E-003 -3.505498665662824E-018
  1.723034984507872E-003 -6.360276022130752E-018
  1.723009447649341E-003 -9.257035398546739E-018
  1.722225225871043E-003 -1.095730720644308E-017
  1.721048561474632E-003 -1.072640609672876E-017
  1.719986134477959E-003 -8.606314089351843E-018
  1.719492835995778E-003 -5.793518752831973E-018
  1.719802676771541E-003 -3.610453715532968E-018
  1.720845424813352E-003 -3.022705436260160E-018
  1.722278395603226E-003 -4.219193004779806E-018
  1.723619364585382E-003 -6.255320972260608E-018
  1.724429177537837E-003 -8.375412979637526E-018
  1.724475070383772E-003 -9.613882568105230E-018
  1.723814127070483E-003 -9.613882568105230E-018
  1.722767103425513E-003 -8.333430959689468E-018
  1.721794191150920E-003 -6.444240062026868E-018
  1.721320647909608E-003 -4.660004214234413E-018
  1.721578149294590E-003 -3.757390785351171E-018
  1.722520852455871E-003 -4.030273915013546E-018
  1.723846429413412E-003 -5.478653603221539E-018
  1.725112737563268E-003 -7.409826520832196E-018
  1.725905230361298E-003 -9.005143278858392E-018
  1.725991858835324E-003 -9.529918528209114E-018
  1.725407689049425E-003 -8.753251159170046E-018
  1.724438429642522E-003 -6.885051271481474E-018
  1.723510219997775E-003 -4.701986234182470E-018
  1.723028013511817E-003 -3.253606545974477E-018
  1.723223675712057E-003 -2.833786346493900E-018
  1.724070649518787E-003 -3.799372805299229E-018
  1.725296535141909E-003 -5.646581683013770E-018
  1.726487922457768E-003 -7.493790560728312E-018
  1.727247251488963E-003 -8.585323079377814E-018
  1.727342289058574E-003 -8.396403989611555E-018
  1.726792072232338E-003 -6.738114201663272E-018
  1.725857495527130E-003 -4.492076134442182E-018
  1.724940831661430E-003 -2.455948166961380E-018
  1.724432729089801E-003 -1.658289787948282E-018
  1.724564753294410E-003 -2.665858266701668E-018
  1.725323068684908E-003 -4.953878353870817E-018
  1.726455442787175E-003 -7.724691670442630E-018
  1.727568327692286E-003 -9.907756707741635E-018
  1.728276759350948E-003 -1.034856791719624E-017
  1.728350050823140E-003 -8.921179238962276E-018
  1.727798149322911E-003 -6.213338952312550E-018
  1.726866274882362E-003 -3.190633516052391E-018
  1.725940369949791E-003 -9.865774687793577E-019
  1.725399694516623E-003 -5.667572692987800E-019
  1.725472788072983E-003 -2.162074027324975E-018
  1.726151489102404E-003 -4.974869363844846E-018
  1.727195405005360E-003 -7.703700660468601E-018
  1.728224697742152E-003 -9.236044388572710E-018
  1.728865459820558E-003 -8.501359039481700E-018
  1.728892081640853E-003 -5.877482792728088E-018
  1.728312383451832E-003 -2.497930186909437E-018
  1.727363320134814E-003  3.148651496104333E-019
  1.726419303821780E-003  1.448379688207993E-018
  1.725848529136004E-003  4.618022194286355E-019
  1.725872400355824E-003 -2.267029077195120E-018
  1.726481754524806E-003 -5.667572692987799E-018
  1.727441646577376E-003 -8.354421969663497E-018
  1.728382459594001E-003 -9.299017418494797E-018
  1.728942076369655E-003 -8.207484899845295E-018
  1.728904443936229E-003 -5.604599663065712E-018
  1.728281474815446E-003 -2.581894226805553E-018
  1.727307173330294E-003 -3.568471695584910E-019
  1.726346668146095E-003  8.396403989611555E-020
  1.725755463861448E-003 -1.343424638337849E-018
  1.725743168719809E-003 -3.967300885091459E-018
  1.726293983578519E-003 -6.906042281455503E-018
  1.727174184649949E-003 -9.110098328728536E-018
  1.728023255895752E-003 -9.865774687793577E-018
  1.728493188206873E-003 -8.921179238962276E-018
  1.728382123438869E-003 -6.696132181715215E-018
  1.727710982688577E-003 -3.799372805299229E-018
  1.726713939156766E-003 -1.595316758026195E-018
  1.725746924324087E-003 -8.396403989611554E-019
  1.725149894369439E-003 -1.931172917610657E-018
  1.725116182449368E-003 -4.303157044675921E-018
  1.725619207161234E-003 -6.696132181715215E-018
  1.726424387513759E-003 -8.249466919793352E-018
  1.727181088399669E-003 -8.438386009559613E-018
  1.727558595649133E-003 -7.094961371221763E-018
  1.727373383284711E-003 -4.701986234182470E-018
  1.726658663659600E-003 -2.539912206857495E-018
  1.725649833607238E-003 -1.448379688207993E-018
  1.724692082795735E-003 -1.700271807896340E-018
  1.724106428874693E-003 -3.085678466182246E-018
  1.724066212620649E-003 -5.079824413714991E-018
  1.724531632549486E-003 -6.801087231585359E-018
  1.725267094691246E-003 -7.514781570702341E-018
  1.725933957637256E-003 -6.948024301403561E-018
  1.726222190660320E-003 -5.562617643117654E-018
  1.725969749076968E-003 -4.156219974857719E-018
  1.725223678106299E-003 -3.358561595844622E-018
  1.724219899093622E-003 -3.526489675636853E-018
  1.723290277177806E-003 -4.764959264104557E-018
  1.722733593489521E-003 -6.381267032104781E-018
  1.722700636427582E-003 -7.913610760208891E-018
  1.723137662444215E-003 -8.900188228988247E-018
  1.723809455729713E-003 -8.921179238962276E-018
  1.724392218772774E-003 -7.955592780156947E-018
  1.724599631809302E-003 -6.423249052052839E-018
  1.724292996287403E-003 -4.806941284052615E-018
  1.723533080106036E-003 -3.652435735481026E-018
  1.722554307109683E-003 -3.568471695584910E-018
  1.721672184872898E-003 -4.345139064623979E-018
  1.721160550000067E-003 -5.793518752831973E-018
  1.721146439026156E-003 -7.178925411117879E-018
  1.721562990352261E-003 -8.060547830027092E-018
  1.722177839654541E-003 -7.934601770182918E-018
  1.722685060690507E-003 -6.990006321351619E-018
  1.722824290769729E-003 -5.583608653091683E-018
  1.722480650237956E-003 -4.345139064623979E-018
  1.721727112104737E-003 -3.841354825247286E-018
  1.720793746735237E-003 -4.261175024727863E-018
  1.719976746851572E-003 -5.625590673039741E-018
  1.719523230766369E-003 -7.367844500884138E-018
  1.719536667408730E-003 -8.564332069403785E-018
  1.719939146268281E-003 -8.606314089351843E-018
  1.720504216855572E-003 -7.598745610598457E-018
  1.720946552598794E-003 -5.877482792728088E-018
  1.721032951750759E-003 -4.177210984831748E-018
  1.720671493694478E-003 -3.484507655688795E-018
  1.719944781036082E-003 -4.240184014753835E-018
  1.719075329759867E-003 -6.423249052052839E-018
  1.718337559184819E-003 -9.005143278858392E-018
  1.717951212445651E-003 -1.068442407678070E-017
  1.717997630156017E-003 -1.087334316654696E-017
  1.718390787012091E-003 -9.340999438442855E-018
  1.718913329563739E-003 -6.675141171741186E-018
  1.719302601114255E-003 -4.135228964883690E-018
  1.719352620075998E-003 -2.833786346493900E-018
  1.718992424949270E-003 -3.190633516052391E-018
  1.718311016652821E-003 -5.142797443637077E-018
  1.717520251711201E-003 -7.766673690390688E-018
  1.716871111665138E-003 -9.823792667845519E-018
  1.716556454678539E-003 -1.009667579750789E-017
  1.716637945135647E-003 -8.606314089351843E-018
  1.717024833699264E-003 -6.213338952312550E-018
  1.717511767086235E-003 -3.883336845195344E-018
  1.717859944082420E-003 -2.770813316571813E-018
  1.717889557229172E-003 -3.589462705558939E-018
  1.717547748198284E-003 -5.919464812676146E-018
  1.716926435133637E-003 -8.753251159170046E-018
  1.716224162548231E-003 -1.118820831615740E-017
  1.715667763980625E-003 -1.215379477496273E-017
  1.715424750424365E-003 -1.154505548571589E-017
  1.715540262469187E-003 -9.634873578079259E-018
  1.715922283125008E-003 -7.283880460988024E-018
  1.716379777310515E-003 -5.562617643117654E-018
  1.716698006937799E-003 -5.205770473559164E-018
  1.716721340752299E-003 -6.360276022130752E-018
  1.716411643268989E-003 -8.312439949715439E-018
  1.715860387419767E-003 -1.018063983740401E-017
  1.715250856743517E-003 -1.146109144581977E-017
  1.714786011963226E-003 -1.173397457548215E-017
  1.714610404862616E-003 -1.072640609672876E-017
  1.714756165499866E-003 -8.753251159170046E-018
  1.715133193851311E-003 -6.633159151793128E-018
  1.715566311388992E-003 -5.184779463585135E-018
  1.715864099529463E-003 -5.016851383792904E-018
  1.715892386147734E-003 -6.234329962286579E-018
  1.715624191779115E-003 -8.249466919793352E-018
  1.715147600475520E-003 -1.028559488727415E-017
  1.714629527226085E-003 -1.169199255553409E-017
  1.714250241430791E-003 -1.160802851563797E-017
  1.714134314653885E-003 -1.028559488727415E-017
  1.714304412643171E-003 -8.039556820053063E-018
  1.714675006512931E-003 -5.814509762806002E-018
  1.715087449996399E-003 -4.471085124468153E-018
  1.715372073180557E-003 -4.555049164364268E-018
  1.715413002252915E-003 -6.003428852572261E-018
  1.715190969396718E-003 -8.039556820053063E-018
  1.714788357669047E-003 -9.865774687793577E-018
  1.714355476689378E-003 -1.060046003688459E-017
  1.714051829121883E-003 -1.028559488727415E-017
  1.713985291891418E-003 -9.131089338702565E-018
  1.714172360603582E-003 -7.535772580676370E-018
  1.714534034389158E-003 -6.108383902442406E-018
  1.714928030930737E-003 -5.310725523429308E-018
  1.715204223728232E-003 -5.163788453611106E-018
  1.715261715872865E-003 -5.793518752831973E-018
  1.715085882739149E-003 -6.864060261507445E-018
  1.714751844054327E-003 -8.123520859949179E-018
  1.714393873731184E-003 -9.068116308780479E-018
  1.714153158341641E-003 -9.131089338702565E-018
  1.714124195509845E-003 -8.648296109299901E-018
  1.714320132494126E-003 -7.724691670442630E-018
  1.714669682905126E-003 -6.780096221611330E-018
  1.715046017783732E-003 -6.129374912416434E-018
  1.715315945153262E-003 -5.940455822650175E-018
  1.715390323954509E-003 -6.192347942338521E-018
  1.715256661527481E-003 -6.402258042078810E-018
  1.714982028733598E-003 -6.339285012156723E-018
  1.714685903666465E-003 -6.066401882494348E-018
  1.714493893295047E-003 -5.604599663065712E-018
  1.714490218580374E-003 -5.205770473559164E-018
  1.714686884055289E-003 -4.869914313974701E-018
  1.715020746728694E-003 -4.722977244156499E-018
  1.715378939298269E-003 -4.848923304000672E-018
  1.715642431122057E-003 -5.184779463585135E-018
  1.715730932207558E-003 -5.730545722909886E-018
  1.715632230266923E-003 -6.192347942338521E-018
  1.715405286238512E-003 -6.444240062026868E-018
  1.715156509528634E-003 -6.423249052052839E-018
  1.714998714392727E-003 -6.024419862546290E-018
  1.715008545941740E-003 -5.436671583273481E-018
  1.715198390441025E-003 -4.890905323948730E-018
  1.715513003525646E-003 -4.576040174338297E-018
  1.715851601623088E-003 -4.639013204260384E-018
  1.716106600331392E-003 -4.953878353870817E-018
  1.716204128494871E-003 -5.289734513455279E-018
  1.716131087921993E-003 -5.478653603221539E-018
  1.715938879212496E-003 -5.562617643117654E-018
  1.715722853543630E-003 -5.793518752831973E-018
  1.715585661966061E-003 -6.066401882494348E-018
  1.715598547505398E-003 -6.213338952312550E-018
  1.715775129352169E-003 -6.423249052052839E-018
  1.716067278530921E-003 -6.381267032104781E-018
  1.716384234786949E-003 -6.213338952312550E-018
  1.716627388782699E-003 -5.772527742857944E-018
  1.716727418888487E-003 -5.163788453611106E-018
  1.716669818498030E-003 -4.618022194286355E-018
  1.716499433786814E-003 -4.345139064623979E-018
  1.716302650298639E-003 -4.764959264104557E-018
  1.716174264309187E-003 -5.583608653091683E-018
  1.716181704638615E-003 -6.570186121871041E-018
  1.716340069913749E-003 -7.136943391169821E-018
  1.716607189920795E-003 -7.304871470962053E-018
  1.716900275735072E-003 -7.052979351273706E-018
  1.717127602297305E-003 -6.339285012156723E-018
  1.717223116870179E-003 -5.394689563325424E-018
  1.717170931528876E-003 -4.555049164364268E-018
  1.717010627134573E-003 -4.471085124468153E-018
  1.716821619422381E-003 -4.953878353870817E-018
  1.716692726994873E-003 -5.940455822650175E-018
  1.716688569494707E-003 -6.822078241559388E-018
  1.716825479829641E-003 -7.325862480936082E-018
  1.717065890457250E-003 -7.472799550754283E-018
  1.717333101414073E-003 -7.010997331325648E-018
  1.717540642842337E-003 -6.255320972260608E-018
  1.717625007618508E-003 -5.520635623169597E-018
  1.717569373937352E-003 -5.163788453611106E-018
  1.717409457711679E-003 -5.058833403740962E-018
  1.717219461464176E-003 -5.289734513455279E-018
  1.717083617635882E-003 -5.814509762806002E-018
  1.717064213836543E-003 -6.675141171741186E-018
  1.717178219844847E-003 -7.472799550754283E-018
  1.717391279552441E-003 -7.682709650494572E-018
  1.717631189496498E-003 -7.073970361247734E-018
  1.717815594451715E-003 -5.919464812676146E-018
  1.717883290569578E-003 -4.576040174338297E-018
  1.717817243730336E-003 -3.820363815273257E-018
  1.717650662440036E-003 -3.883336845195344E-018
  1.717453955629929E-003 -4.471085124468153E-018
  1.717307673793167E-003 -5.268743503481250E-018
  1.717271815187916E-003 -5.835500772780031E-018
  1.717363184868798E-003 -5.751536732883915E-018
  1.717549351952421E-003 -5.184779463585135E-018
  1.717761380988975E-003 -4.387121084572037E-018
  1.717920357544608E-003 -3.715408765403113E-018
  1.717967512669365E-003 -3.547480685610881E-018
  1.717886449372504E-003 -3.799372805299229E-018
  1.717709059454723E-003 -4.177210984831748E-018
  1.717502990358971E-003 -4.408112094546066E-018
  1.717345570303480E-003 -4.324148054649950E-018
  1.717294233163254E-003 -3.904327855169373E-018
  1.717364754481238E-003 -3.232615536000448E-018
  1.717525553663676E-003 -2.770813316571813E-018
  1.717710126722403E-003 -2.476939176935409E-018
  1.717842732345995E-003 -2.560903216831524E-018
  1.717867419748153E-003 -3.022705436260160E-018
  1.717769274293907E-003 -3.589462705558939E-018
  1.717579808249353E-003 -3.967300885091459E-018
  1.717364546232658E-003 -4.072255934961604E-018
  1.717197685351921E-003 -4.177210984831748E-018
  1.717133627440131E-003 -4.219193004779806E-018
  1.717186311964064E-003 -4.093246944935633E-018
  1.717324212420280E-003 -4.072255934961604E-018
  1.717482798194723E-003 -4.009282905039517E-018
  1.717589552329306E-003 -3.799372805299229E-018
  1.717591853729873E-003 -3.631444725506997E-018
  1.717477003694548E-003 -3.673426745455055E-018
  1.717276771629736E-003 -3.988291895065488E-018
  1.717054836671975E-003 -4.618022194286355E-018
  1.716882084105825E-003 -5.268743503481250E-018
  1.716809343452229E-003 -5.751536732883915E-018
  1.716848063046779E-003 -6.066401882494348E-018
  1.716966281450848E-003 -6.066401882494348E-018
  1.717101314899201E-003 -5.541626633143626E-018
  1.717184139685060E-003 -4.639013204260384E-018
  1.717165991850590E-003 -3.988291895065488E-018
  1.717036934161077E-003 -3.904327855169373E-018
  1.716829320192670E-003 -4.324148054649950E-018
  1.716604960507220E-003 -5.142797443637077E-018
  1.716431080532154E-003 -6.150365922390463E-018
  1.716354428795355E-003 -7.052979351273706E-018
  1.716383519711436E-003 -7.262889451013995E-018
  1.716485768113144E-003 -6.969015311377590E-018
  1.716600471800769E-003 -6.360276022130752E-018
  1.716662483763248E-003 -5.667572692987799E-018
  1.716627348270600E-003 -5.352707543377366E-018
  1.716488203977785E-003 -5.520635623169597E-018
  1.716278029349245E-003 -6.234329962286579E-018
  1.716056521875323E-003 -7.073970361247734E-018
  1.715886832849750E-003 -7.535772580676370E-018
  1.715811233643230E-003 -7.241898441039966E-018
  1.715835101960817E-003 -6.633159151793128E-018
  1.715925304562103E-003 -5.835500772780031E-018
  1.716023433729776E-003 -5.121806433663048E-018
  1.716068622436737E-003 -4.618022194286355E-018
  1.716021031337599E-003 -4.660004214234413E-018
  1.715876947178546E-003 -5.163788453611106E-018
  1.715669775868799E-003 -6.192347942338521E-018
  1.715456722418072E-003 -7.199916421091908E-018
  1.715296471839259E-003 -7.913610760208891E-018
  1.715226588391060E-003 -8.186493889871266E-018
  1.715249347833665E-003 -7.745682680416659E-018
  1.715331352647504E-003 -6.759105211637301E-018
  1.715416895164614E-003 -5.688563702961828E-018
  1.715449732994508E-003 -5.058833403740962E-018
  1.715394769671008E-003 -5.163788453611106E-018
  1.715251286569722E-003 -5.898473802702117E-018
  1.715052745531720E-003 -6.843069251533417E-018
  1.714853429022491E-003 -7.724691670442630E-018
  1.714707254942267E-003 -8.060547830027092E-018
  1.714647042504045E-003 -7.997574800105005E-018
  1.714672210549584E-003 -7.388835510858167E-018
  1.714749521354309E-003 -6.402258042078810E-018
  1.714826386255955E-003 -5.499644613195568E-018
  1.714851416199982E-003 -5.037842393766933E-018
  1.714794190633325E-003 -5.226761483533193E-018
  1.714656644342933E-003 -5.877482792728088E-018
  1.714471820557297E-003 -6.843069251533417E-018
  1.714290672604545E-003 -7.640727630546514E-018
  1.714162188211798E-003 -8.018565810079034E-018
  1.714114595763215E-003 -7.913610760208891E-018
  1.714144867245415E-003 -7.199916421091908E-018
  1.714220418325630E-003 -6.213338952312550E-018
  1.714292145464176E-003 -5.205770473559164E-018
  1.714313591581815E-003 -4.722977244156499E-018
  1.714258763315912E-003 -4.806941284052615E-018
  1.714131771757409E-003 -5.289734513455279E-018
  1.713964733713599E-003 -6.087392892468377E-018
  1.713804948628820E-003 -6.906042281455503E-018
  1.713696471762550E-003 -7.514781570702341E-018
  1.713663265847417E-003 -7.514781570702341E-018
  1.713700375499420E-003 -6.990006321351619E-018
  1.713776366758095E-003 -6.066401882494348E-018
  1.713845885641726E-003 -5.352707543377366E-018
  1.713867324157876E-003 -5.289734513455279E-018
  1.713818715680942E-003 -5.835500772780031E-018
  1.713705792880001E-003 -6.843069251533417E-018
  1.713559266817111E-003 -7.556763590650399E-018
  1.713422579632830E-003 -7.724691670442630E-018
  1.713335013819478E-003 -7.241898441039966E-018
  1.713316725831309E-003 -6.150365922390463E-018
  1.713361403140705E-003 -4.953878353870817E-018
  1.713439206831390E-003 -4.051264924987575E-018
  1.713508665704598E-003 -3.883336845195344E-018
  1.713532784898574E-003 -4.639013204260384E-018
  1.713493114550632E-003 -6.297302992208666E-018
  1.713396434289465E-003 -8.207484899845295E-018
  1.713271647471595E-003 -9.361990448416884E-018
  1.713158276654018E-003 -9.152080348676594E-018
  1.713091136283211E-003 -7.661718640520543E-018
  1.713087124100815E-003 -5.709554712935857E-018
  1.713139136087456E-003 -4.030273915013546E-018
  1.713219279327343E-003 -3.547480685610881E-018
  1.713289956906359E-003 -4.387121084572037E-018
  1.713318422225824E-003 -6.234329962286579E-018
  1.713289170753568E-003 -8.417394999585584E-018
  1.713209485995191E-003 -9.844783677819548E-018
  1.713106172231684E-003 -1.015964882742998E-017
  1.713014912743439E-003 -9.320008428468826E-018
  1.712966473269129E-003 -7.430817530806225E-018
  1.712975079559442E-003 -5.184779463585135E-018
  1.713033350257727E-003 -3.400543615792680E-018
  1.713115570362126E-003 -2.623876246753611E-018
  1.713187873396802E-003 -3.211624526026419E-018
  1.713221302011636E-003 -4.911896333922759E-018
  1.713202712161617E-003 -7.010997331325648E-018
  1.713139420631342E-003 -8.564332069403785E-018
  1.713055968644767E-003 -8.921179238962276E-018
  1.712984409081075E-003 -7.871628740260833E-018
  1.712951954408395E-003 -5.982437842598232E-018
  1.712970737677375E-003 -4.114237954909661E-018
  1.713033527698302E-003 -2.938741396364044E-018
  1.713116890913213E-003 -2.875768366441957E-018
  1.713190431903679E-003 -4.051264924987575E-018
  1.713228469480352E-003 -6.024419862546290E-018
  1.713219664964583E-003 -7.850637730286804E-018
  1.713170998322788E-003 -8.648296109299901E-018
  1.713104712480031E-003 -8.123520859949179E-018
  1.713049541833652E-003 -6.591177131845070E-018
  1.713029675733065E-003 -4.827932294026643E-018
  1.713055686590745E-003 -3.463516645714766E-018
  1.713120812506064E-003 -3.211624526026419E-018
  1.713203881494407E-003 -4.072255934961604E-018
  1.713277623317170E-003 -5.583608653091683E-018
  1.713319106214678E-003 -7.241898441039966E-018
  1.713318306093196E-003 -8.312439949715439E-018
  1.713281610823370E-003 -8.186493889871266E-018
  1.713229046788958E-003 -7.052979351273706E-018
  1.713186412289753E-003 -5.310725523429308E-018
  1.713175398840542E-003 -3.316579575896564E-018
  1.713205472990026E-003 -2.036127967480802E-018
  1.713270544603612E-003 -1.952163927584686E-018
  1.713351576493728E-003 -3.211624526026419E-018
  1.713424025052604E-003 -5.100815423689020E-018
  1.713467204189908E-003 -7.136943391169821E-018
  1.713472001892812E-003 -8.186493889871266E-018
  1.713444074825826E-003 -8.102529849975150E-018
  1.713401410029672E-003 -6.738114201663272E-018
  1.713367287346604E-003 -4.555049164364268E-018
  1.713361386818425E-003 -2.246038067221091E-018
  1.713392427797927E-003 -9.026134288832421E-019
  1.713455081654893E-003 -1.175496558545618E-018
  1.713532236828636E-003 -2.959732406338073E-018
  1.713601659550802E-003 -5.331716533403337E-018
  1.713644458302843E-003 -7.346853490910111E-018
  1.713652131443442E-003 -8.081538840001121E-018
  1.713629571765005E-003 -6.990006321351619E-018
  1.713592971943698E-003 -4.806941284052615E-018
  1.713563512384370E-003 -2.371984127065264E-018
  1.713559283134689E-003 -6.927033291429533E-019
  1.713588511469538E-003 -4.827932294026644E-019
  1.713646621042031E-003 -1.742253827844398E-018
  1.713718163163333E-003 -4.051264924987575E-018
  1.713782810345377E-003 -6.360276022130752E-018
  1.713823088069689E-003 -7.577754600624428E-018
  1.713830905767293E-003 -7.199916421091908E-018
  1.713810448039392E-003 -5.772527742857944E-018
  1.713776395914200E-003 -3.904327855169373E-018
  1.713748221403609E-003 -2.455948166961380E-018
  1.713742764634468E-003 -2.162074027324975E-018
  1.713767915286415E-003 -2.980723416312102E-018
