   1.00000001099858       0.000000000000000E+000
  0.804948367290370      -2.763187317327183E-003
  0.360342801097095      -1.663184300946830E-002
 -2.950969182590051E-002 -3.783800944246944E-002
 -0.112794187558220      -5.020815589044947E-002
  0.140348929668834      -4.105077537294342E-002
  0.532328287717367      -1.572928591739774E-002
  0.789791171580309       3.407864992254616E-003
  0.754498693938850      -5.436629729742299E-003
  0.477085260665751      -4.362907137169206E-002
  0.158485804003625      -8.734599121467096E-002
 -3.035468035826475E-003 -0.103747081152770     
  5.851222150876324E-002 -7.652073493250548E-002
  0.256725805466691      -2.054536363175772E-002
  0.438586641787910       2.701000285834295E-002
  0.497866040637359       3.355119311096146E-002
  0.431579303896351      -4.221988253236325E-003
  0.312112113154696      -5.689581821153607E-002
  0.215515490648697      -8.338406455456730E-002
  0.170871072360890      -6.091339493290637E-002
  0.164062365497303      -1.566401576322158E-003
  0.176157089766362       5.679542536223840E-002
  0.209894141677942       7.810429512328886E-002
  0.277525552424949       5.347491883593986E-002
  0.366902617871485       6.025607957047275E-003
  0.427640952360723      -2.736671848251841E-002
  0.401608961867538      -2.287478796346768E-002
  0.277700164947134       1.476288738885398E-002
  0.121027919235052       5.824857133425594E-002
  4.109709047511734E-002  7.902285553454098E-002
  0.113412628276879       6.707740064632643E-002
  0.313053426025134       3.526728354645025E-002
  0.517512320999384       6.948324377264111E-003
  0.586144000441151      -1.889484936798467E-003
  0.462411413191419       7.780162851633091E-003
  0.222104007271706       2.239312725324352E-002
  2.690234375832472E-002  2.847601011544947E-002
  1.264208680060567E-002  2.249147001282073E-002
  0.192187437839017       1.071119314418734E-002
  0.444353846873906       1.155787257762349E-003
  0.598057413197207      -4.070666747807756E-003
  0.551288414638221      -9.236804530939231E-003
  0.339688367189606      -1.870422167591233E-002
  0.107396029615906      -3.067005568642210E-002
  4.152416106427453E-003 -3.746635984499029E-002
  8.408320036745137E-002 -3.263292236582107E-002
  0.276412131330640      -1.834501470600580E-002
  0.443235572245682      -5.846707586795254E-003
  0.477336119725827      -7.345715011981254E-003
  0.369176315966701      -2.548691410061846E-002
  0.200745019383019      -4.937456648796960E-002
  7.950357739152741E-002 -6.138866864937751E-002
  6.554202920928201E-002 -5.032340725434410E-002
  0.142258487169798      -2.076792906217453E-002
  0.242744923319581       9.043821887398627E-003
  0.303110261169165       1.998158893156921E-002
  0.300622622266560       6.079000639409201E-003
  0.254340284542198      -2.073996189657904E-002
  0.198338769165275      -3.905256893760726E-002
  0.155507678823568      -3.336419584296195E-002
  0.131653878106566      -5.192702869654018E-003
  0.126778449157247       2.826168532133707E-002
  0.145069341551241       4.663248024809304E-002
  0.190220440416754       4.069085363483728E-002
  0.251300226530809       1.808705545297556E-002
  0.297441179921515      -3.114738586496735E-003
  0.293645551326888      -7.718181676520753E-003
  0.229587239483746       6.443520566856542E-003
  0.137181785677220       2.838383481307175E-002
  7.713799360667208E-002  4.297674987113345E-002
  9.847293602213011E-002  4.174075532101473E-002
  0.199247930924568       2.756707519253349E-002
  0.320398893044399       1.087752075131039E-002
  0.382061556431725       1.228383628438000E-003
  0.339234531833315       1.108678712066528E-003
  0.216487935458396       6.008720109730015E-003
  9.442010327970458E-002  9.472209987389017E-003
  5.525629645828189E-002  8.281838718021165E-003
  0.125599387264410       3.722159749591547E-003
  0.257460153641404      -1.200187001468399E-003
  0.361432997126435      -5.252999516951816E-003
  0.368322392276075      -9.757422121407636E-003
  0.275458659397178      -1.619934457076625E-002
  0.145837528816201      -2.340029952995811E-002
  6.261205497835638E-002 -2.743865908818889E-002
  7.264819836517977E-002 -2.488044629262248E-002
  0.158506860212868      -1.656432264036972E-002
  0.255725765393534      -8.242861795498883E-003
  0.299606338298484      -6.820965601126021E-003
  0.266931633714495      -1.478719568325737E-002
  0.185262899751144      -2.739056249201570E-002
  0.107943610994981      -3.532205894898179E-002
  7.654161915905498E-002 -3.136469359156391E-002
  9.764343200400262E-002 -1.609795268258458E-002
  0.146519336078022       1.886215146478029E-003
  0.189477116433553       1.178139446271998E-002
  0.205715677231500       8.282201003788023E-003
  0.194497853925628      -4.493224294877999E-003
  0.167664250863462      -1.586405362591449E-002
  0.138153751002241      -1.619546045595699E-002
  0.114588083712052      -3.704962318227794E-003
  0.103018708233055       1.443910545823877E-002
  0.109237711838880       2.736979102765720E-002
  0.135784206765188       2.814711285420101E-002
  0.175431614204166       1.823823148805384E-002
  0.209259992338750       5.879981738725095E-003
  0.215348448685936      -9.231664739961494E-005
  0.184591969719569       3.741389247382076E-003
  0.131592125387150       1.370716756553064E-002
  8.956364768839810E-002  2.239495248173821E-002
  8.953996072881744E-002  2.411353787194764E-002
  0.137408535535685       1.837505647487967E-002
  0.206319951167947       9.285561567868507E-003
  0.252278975802445       1.948645071024426E-003
  0.243696107232939      -1.048281310110459E-003
  0.184263782815680      -5.986205964000951E-004
  0.112054746960729       6.237957677069753E-004
  7.436421764960913E-002  6.134786089895797E-004
  9.548445226388651E-002 -8.530648716587624E-004
  0.160093572337363      -2.970399542811371E-003
  0.223975396435644      -5.322839878523608E-003
  0.244344015300332      -8.367869287991105E-003
  0.208361397958103      -1.252942632866062E-002
  0.140310197094912      -1.696448046728496E-002
  8.351261019697742E-002 -1.950465919685317E-002
  7.074043899179112E-002 -1.820293528151468E-002
  0.103881825102168      -1.329779792120378E-002
  0.155712272498165      -7.746116906200020E-003
  0.190447318450018      -5.478243474031927E-003
  0.187398908407759      -8.447455113997299E-003
  0.151803838271409      -1.476668106065497E-002
  0.107587357107971      -1.962174659275647E-002
  7.964515122242685E-002 -1.857056335690366E-002
  7.891611142343116E-002 -1.088842352246583E-002
  9.917356554844718E-002 -3.948183443406481E-004
  0.124830057753973       7.023842733273433E-003
  0.141947887234635       7.506053197611598E-003
  0.144667494650054       1.958920660832975E-003
  0.134808982645381      -4.572958216632194E-003
  0.117943475631624      -6.475869142460473E-003
  0.100379270018747      -1.492515152475409E-003
  8.843063121161979E-002  7.798127409711454E-003
  8.791113014571238E-002  1.591960422425627E-002
  0.101639332386761       1.834912999793556E-002
  0.125854920079433       1.448684040736267E-002
  0.149349693666071       7.736662427471829E-003
  0.158306467577857       2.866968295816117E-003
  0.145255276777836       2.713938687542262E-003
  0.115992432239349       6.557117011972465E-003
  8.821194859359079E-002  1.108258608925420E-002
  8.101388508507311E-002  1.293697331698286E-002
  0.101653983716249       1.089996500472133E-002
  0.139092723268333       6.260874396704537E-003
  0.169946252904042       1.473300998488375E-003
  0.173701102847372      -1.639399785432421E-003
  0.146922592133002      -2.790330754170335E-003
  0.106254670833254      -2.846236330373885E-003
  7.763032119081657E-002 -2.808137981531996E-003
  7.890701013386769E-002 -3.130606106255512E-003
  0.107937504789558      -3.812401378689809E-003
  0.144307168082909      -4.885480985178834E-003
  0.163343041331376      -6.611578704707455E-003
  0.152512866970693      -9.105337988423109E-003
  0.119017546651158      -1.179568711262557E-002
  8.392551274475463E-002 -1.341856533314073E-002
  6.762737683647586E-002 -1.280015627326751E-002
  7.692460020677169E-002 -9.908404390189054E-003
  0.102111225986112      -6.243527618852399E-003
  0.124926348868555      -4.040197753233723E-003
  0.130940282169452      -4.704115021953000E-003
  0.117817841098270      -7.630858003413959E-003
  9.481403186538584E-002 -1.040567121246772E-002
  7.530399120116299E-002 -1.039528367260751E-002
  6.832592824408849E-002 -6.651527349546191E-003
  7.453474611612218E-002 -7.194921066642728E-004
  8.791350490931339E-002  4.315144642127259E-003
  0.100600486878371       5.919005810699361E-003
  0.107046641142840       3.860013085296819E-003
  0.105504310853220       3.518833895552355E-004
  9.739818238589815E-002 -1.510351874498445E-003
  8.620057142102698E-002  1.018569697381837E-004
  7.659058803688054E-002  4.541064709372033E-003
  7.335181160282257E-002  9.222880171552143E-003
  7.933996015821415E-002  1.145727683785912E-002
  9.316686654881473E-002  1.023402420120209E-002
  0.108559608727747       6.742695305753144E-003
  0.116966178562494       3.379577589500549E-003
  0.112682312467148       2.061648351068616E-003
  9.729018368737478E-002  3.061369299508539E-003
  7.982817545458896E-002  5.078528900329153E-003
  7.167966375884295E-002  6.325404587382903E-003
  7.906970892679094E-002  5.741316435565587E-003
  9.830919232772231E-002  3.507748732912892E-003
  0.117510090507327       6.641221143751478E-004
  0.124112480199522      -1.717116984848364E-003
  0.113301271841479      -3.135730383254202E-003
  9.146563843672785E-002 -3.710888736000221E-003
  7.213099421841231E-002 -3.831739577657194E-003
  6.702476199494527E-002 -3.822617700107821E-003
  7.836741405209981E-002 -3.880977948015686E-003
  9.762220877740997E-002 -4.200841287969582E-003
  0.111416857132574      -5.007281162822784E-003
  0.110428436046236      -6.364284240505263E-003
  9.517465749330109E-002 -7.923583540577017E-003
  7.505161617390405E-002 -8.935804289733467E-003
  6.171655236672233E-002 -8.665855962832923E-003
  6.159534629679752E-002 -6.975472211148482E-003
  7.244804270101887E-002 -4.599014220967051E-003
  8.575632062994171E-002 -2.793790909686433E-003
  9.269822255436720E-002 -2.515943362395267E-003
  8.945413252623081E-002 -3.692141050066246E-003
  7.865286187248213E-002 -5.164024318811158E-003
  6.675127733044679E-002 -5.425093523875496E-003
  5.972794669325975E-002 -3.673332617208058E-003
  6.000010460980416E-002 -4.275215172231358E-004
  6.601396255719200E-002  2.765139354815999E-003
  7.395454521219605E-002  4.355051620884935E-003
  7.997448453749531E-002  3.836159240102961E-003
  8.168497544666278E-002  2.073116783611214E-003
  7.866011514142564E-002  6.832536166641203E-004
  7.234438473886999E-002  9.194389568201378E-004
  6.562983262341436E-002  2.840923909910704E-003
  6.195639299570124E-002  5.330180606166227E-003
  6.380937261706722E-002  6.899519393815586E-003
  7.111064846364144E-002  6.688792541572560E-003
  8.061347572127345E-002  4.966613454578017E-003
  8.720188765185335E-002  2.844205378429892E-003
  8.679770167932301E-002  1.474520027219081E-003
  7.918924040416388E-002  1.327672481604779E-003
  6.871247246780436E-002  2.008619447872881E-003
  6.190779183672729E-002  2.653598216980118E-003
  6.337729089326982E-002  2.548953587012012E-003
  7.255511462171704E-002  1.530748963495445E-003
  8.374343201450889E-002 -4.250412937246970E-005
  8.963605336001786E-002 -1.620535057915723E-003
  8.609422770206918E-002 -2.800371356229374E-003
  7.494602878780753E-002 -3.458993219270617E-003
  6.284699028176206E-002 -3.679929722414083E-003
  5.692616311926090E-002 -3.623920821695250E-003
  6.015457514932949E-002 -3.470783180189856E-003
  6.954146551433411E-002 -3.425229175113078E-003
  7.828561657578063E-002 -3.686920775997275E-003
  8.030991618567886E-002 -4.329797769492577E-003
  7.408274967142628E-002 -5.168284155852966E-003
  6.327807659227126E-002 -5.764756657416375E-003
  5.407957687632703E-002 -5.654505735926903E-003
  5.114775345237944E-002 -4.677187905307264E-003
  5.494723425646873E-002 -3.168606812312268E-003
  6.196357066490391E-002 -1.821820058403740E-003
  6.730649215983939E-002 -1.258640210530825E-003
  6.775866380730722E-002 -1.591123137475677E-003
  6.335409327103396E-002 -2.300349540094856E-003
  5.681252270308677E-002 -2.555827325773479E-003
  5.158791967291412E-002 -1.780032734289211E-003
  4.994121015615097E-002 -6.723798948970073E-005
  5.207349660343544E-002  1.849348243280068E-003
  5.646172448099473E-002  3.073790998099566E-003
  6.085539908381606E-002  3.141336870344499E-003
  6.329042543204202E-002  2.317650562323568E-003
  6.278070676423526E-002  1.399638928098351E-003
  5.963648972046660E-002  1.165424657297112E-003
  5.539755880777120E-002  1.860180417308360E-003
  5.229343648682921E-002  3.064170008878733E-003
  5.223903441812840E-002  4.009406114655149E-003
  5.571918942461837E-002  4.101668773332732E-003
  6.123195517839042E-002  3.284418083959509E-003
  6.585188232533325E-002  2.020152871372323E-003
  6.683316475871237E-002  9.437316744455456E-004
  6.337686381957482E-002  4.537035337538336E-004
  5.736663901264263E-002  5.130869909272716E-004
  5.240481434107653E-002  7.526452830396828E-004
  5.160008851226704E-002  7.565811371737977E-004
  5.550072049396276E-002  3.152986753277462E-004
  6.160084180459881E-002 -5.022711197498726E-004
  6.585729067585011E-002 -1.452336627440207E-003
  6.528407152603705E-002 -2.280495891779139E-003
  5.990905153400351E-002 -2.830768107006064E-003
  5.276775948422619E-002 -3.064725510005075E-003
  4.792754558121982E-002 -3.032455337407456E-003
  4.786710136285904E-002 -2.846733169454782E-003
  5.195230614635988E-002 -2.665766333734537E-003
  5.697359549200609E-002 -2.651071253660512E-003
  5.930685277234119E-002 -2.884065772260261E-003
  5.721187736969727E-002 -3.283702210396787E-003
  5.178341949324485E-002 -3.604278163438598E-003
  4.605350745862469E-002 -3.556038557521048E-003
  4.297740903779328E-002 -2.996056302214550E-003
  4.367573440376216E-002 -2.059454362960211E-003
  4.698863747994637E-002 -1.116561039441719E-003
  5.044334237578027E-002 -5.556822029186948E-004
  5.184936341694796E-002 -5.254159887141853E-004
  5.048030990679733E-002 -8.189652865417469E-004
  4.723547946574224E-002 -9.972499929964990E-004
  4.389277814501984E-002 -6.811224843651892E-004
  4.205494596900009E-002  1.839486404655464E-004
  4.240466692176906E-002  1.277236006009230E-003
  4.454610514424949E-002  2.106978973854627E-003
  4.733920273243512E-002  2.331791744865406E-003
  4.946072925934273E-002  1.979160677421371E-003
  4.995598336676539E-002  1.414090499846498E-003
  4.863163049391522E-002  1.085917758200536E-003
  4.617550926373974E-002  1.231916867653576E-003
  4.390684787961469E-002  1.737460427633823E-003
  4.316642665200213E-002  2.235315287963071E-003
  4.457231110681336E-002  2.360595771093460E-003
  4.755334677813796E-002  1.981199376520622E-003
  5.052731620303214E-002  1.257091098546379E-003
  5.174595387984346E-002  5.102998927976715E-004
  5.036684691954185E-002  1.305225500778421E-005
  4.706884134137945E-002 -1.608764121939567E-004
  4.373837319505995E-002 -1.401960315539407E-004
  4.233886597626948E-002 -1.405016532764638E-004
  4.365234993899932E-002 -3.239334760497107E-004
  4.672850627376235E-002 -7.223041457446204E-004
  4.944689557848994E-002 -1.249785600373288E-003
  4.985999409777879E-002 -1.769649049160866E-003
  4.744466404044013E-002 -2.160970879313942E-003
  4.343425494517370E-002 -2.355323444353491E-003
  4.001396537378612E-002 -2.346858362225038E-003
  3.892025709017328E-002 -2.190445071083737E-003
  4.036943914739471E-002 -1.989563153154268E-003
  4.299587297229616E-002 -1.862552552954070E-003
  4.479189696495937E-002 -1.885143009449804E-003
  4.439201777799762E-002 -2.035069455437695E-003
  4.186528484598407E-002 -2.182522495059561E-003
  3.855876214570238E-002 -2.152138440445723E-003
  3.617691754025106E-002 -1.832428871361220E-003
  3.574186708743011E-002 -1.263553245960455E-003
  3.707847798493124E-002 -6.349470884507803E-004
  3.906320769286826E-002 -1.796547465067152E-004
  4.038035955711529E-002 -2.697541853840775E-005
  4.027061586656403E-002 -1.131177416392297E-004
  3.885414007420753E-002 -2.174052668242404E-004
  3.693389709900832E-002 -1.069730221103763E-004
  3.548832656415717E-002  3.049635310966592E-004
  3.517210715473955E-002  8.956685108809945E-004
  3.605392585636989E-002  1.409445950173420E-003
  3.764925279572880E-002  1.623077786756856E-003
  3.917578703478885E-002  1.488030223763840E-003
  3.990877948921658E-002  1.154729671621726E-003
  3.950869798979047E-002  8.666044815749646E-004
  3.819806233329563E-002  7.996959249282917E-004
  3.668923642898628E-002  9.561497669610485E-004
  3.584898193167867E-002  1.177262795707056E-003
  3.622741748715490E-002  1.257948665731357E-003
  3.770113538527778E-002  1.079704272178047E-003
  3.947274201712112E-002  6.755930197610894E-004
  4.048769733941081E-002  1.945785190711973E-004
  4.006086617888761E-002 -1.989751617348182E-004
  3.833045317664662E-002 -4.192400989837005E-004
  3.622300030692542E-002 -4.909458606196267E-004
  3.490928129955141E-002 -5.126187982037163E-004
  3.507304196124131E-002 -5.871657688596187E-004
  3.646346637346483E-002 -7.664545217004850E-004
  3.803738793812551E-002 -1.035530888322549E-003
  3.861488498527201E-002 -1.331970115520470E-003
  3.762810961511218E-002 -1.579326213384593E-003
  3.547630027449714E-002 -1.716715641264648E-003
  3.325978883154158E-002 -1.718279262980555E-003
  3.207592578766939E-002 -1.602536489323276E-003
  3.234114719295602E-002 -1.429089414915342E-003
  3.357003868270024E-002 -1.277402552099020E-003
  3.472790628702652E-002 -1.209093776132891E-003
  3.489999722620318E-002 -1.229915851947033E-003
  3.383747255295382E-002 -1.277110529205435E-003
  3.205329136983590E-002 -1.248819631262113E-003
  3.045174254424303E-002 -1.065568980915583E-003
  2.976430353448894E-002 -7.272904147160186E-004
  3.015017560658391E-002 -3.251180913092021E-004
  3.117409065791583E-002  6.720995924552266E-006
  3.212079858815624E-002  1.725211217105199E-004
  3.241793170210040E-002  1.770807369000118E-004
  3.191833565845200E-002  1.241505542486846E-004
  3.091764653356500E-002  1.489462526439356E-004
  2.994750179389816E-002  3.279955421464586E-004
  2.948704480883978E-002  6.266870531118982E-004
  2.973949350934364E-002  9.202310689779345E-004
  3.055813366167124E-002  1.073986225224590E-003
  3.153099105894660E-002  1.029061819132272E-003
  3.217773301702655E-002  8.366140729555271E-004
  3.217852631055830E-002  6.202824034437198E-004
  3.153849627218216E-002  4.947361088393491E-004
  3.060289699334344E-002  4.956195369650560E-004
  2.989312216209655E-002  5.649595453036386E-004
  2.982573527706418E-002  5.965704043234464E-004
  3.046015021328626E-002  5.069679786483221E-004
  3.143220356687543E-002  2.847254644588223E-004
  3.213992577715385E-002 -9.492462121805500E-006
  3.209401543755579E-002 -2.854248722931512E-004
  3.122591459124230E-002 -4.763188675540689E-004
  2.995151085573151E-002 -5.698004314483526E-004
  2.893167462262342E-002 -6.032341525240062E-004
  2.866708136740164E-002 -6.337710189616489E-004
  2.918231394445919E-002 -7.049824698007140E-004
  3.000646820302188E-002 -8.276888973992572E-004
  3.046866128000774E-002 -9.798090667596979E-004
  3.012073588619313E-002 -1.119615255852862E-003
  2.901547358241490E-002 -1.203969986122843E-003
  2.766434394825819E-002 -1.205444331129612E-003
  2.670918647339948E-002 -1.124251082052431E-003
  2.652516101160861E-002 -9.906618406854203E-004
  2.700756454544988E-002 -8.540500043027289E-004
  2.766561758015556E-002 -7.597305808013776E-004
  2.794536810120929E-002 -7.234244991846338E-004
  2.756633123824979E-002 -7.188679528746258E-004
  2.666592177372886E-002 -6.898541507362037E-004
  2.568295923885566E-002 -5.836045129781808E-004
  2.507676837341317E-002 -3.865672605622665E-004
  2.506516614023814E-002 -1.386954001241530E-004
  2.552964703082534E-002  8.609120815897232E-005
  2.611849814044398E-002  2.233977305436977E-004
  2.646227063604601E-002  2.583803839747466E-004
  2.636890850709913E-002  2.352200942736011E-004
  2.590064983045989E-002  2.283535165436692E-004
  2.531365486039125E-002  2.935177217236317E-004
  2.491138012767133E-002  4.308119573409918E-004
  2.489184983027952E-002  5.842773164569294E-004
  2.525691290097510E-002  6.780147215040894E-004
  2.581679183813088E-002  6.645278060944444E-004
  2.628369272036564E-002  5.534912021279151E-004
  2.641362541970819E-002  4.031799836239676E-004
  2.613272904942479E-002  2.820340825572460E-004
  2.558368661997702E-002  2.267332940092359E-004
  2.505861049149429E-002  2.234866081268499E-004
  2.484204326561977E-002  2.221643974096336E-004
  2.504443490280765E-002  1.712024615393165E-004
  2.552483547174371E-002  4.954662796133224E-005
  2.595968595088622E-002 -1.233053624342348E-004
  2.602878462902169E-002 -3.021045635995313E-004
  2.561114984270584E-002 -4.430714550160612E-004
  2.486740174285472E-002 -5.259716623962214E-004
  2.414969068198814E-002 -5.598427640735539E-004
  2.378873390294276E-002 -5.726840700017671E-004
  2.388970001182208E-002 -5.939051724843100E-004
  2.426734652372023E-002 -6.396283170327828E-004
  2.456336026213964E-002 -7.066417958977335E-004
  2.447155153618761E-002 -7.754139696187488E-004
  2.392725482903200E-002 -8.193620302042674E-004
  2.314203830223262E-002 -8.166493125196137E-004
  2.246624835565078E-002 -7.605438024689902E-004
  2.217171363519724E-002 -6.640990913185884E-004
  2.229322466740847E-002 -5.558116272543989E-004
  2.262312613679228E-002 -4.664313802284234E-004
  2.285218723605091E-002 -4.125119792694826E-004
  2.276034040385732E-002 -3.860666810567703E-004
  2.233864197582181E-002 -3.580112465487277E-004
  2.177658971795567E-002 -2.953924689166118E-004
  2.133608018877307E-002 -1.830188850977276E-004
  2.119732792526973E-002 -3.571645361550863E-005
  2.136738289921575E-002  1.078663317980853E-004
  2.169399297634059E-002  2.073374176972141E-004
  2.196306647999458E-002  2.449767659453577E-004
  2.201654267864535E-002  2.365065333842562E-004
  2.182730737335126E-002  2.206609924146676E-004
  2.149995454810510E-002  2.339532142691887E-004
  2.120685089107910E-002  2.870158805355534E-004
  2.109695252823246E-002  3.579345924938718E-004
  2.122163716589467E-002  4.066723517867321E-004
  2.151024756510525E-002  4.007675220441755E-004
  2.180546138829125E-002  3.354293916071989E-004
  2.194261271146397E-002  2.354833081811697E-004
  2.183584973062650E-002  1.389550511681850E-004
  2.152699878606588E-002  7.381670853404871E-005
  2.116741161196486E-002  4.286646433506341E-005
  2.093667991565871E-002  2.529082467657382E-005
  2.093942843743685E-002 -7.762284411497615E-006
  2.113962736907214E-002 -7.457090813914635E-005
  2.137542136756284E-002 -1.726108360169701E-004
  2.145143336724210E-002 -2.815277324555006E-004
  2.125631731064261E-002 -3.756507743180922E-004
  2.083346483470374E-002 -4.375632688038839E-004
  2.035834843209470E-002 -4.652654662617029E-004
  2.003351498564956E-002 -4.704454271167632E-004
  1.996537026710207E-002 -4.704748200480341E-004
  2.010009702246142E-002 -4.791211191495237E-004
  2.025927706108318E-002 -5.002748177511950E-004
  2.025233830552547E-002 -5.267403711333854E-004
  1.999432492182327E-002 -5.439545412925964E-004
  1.955540640598653E-002 -5.369699174087497E-004
  1.911357305082968E-002 -4.979834279532999E-004
  1.884366542727032E-002 -4.311012996790664E-004
  1.881394485124172E-002 -3.515554401995513E-004
  1.895271839454789E-002 -2.788320043218008E-004
  1.910045435900408E-002 -2.265986877137261E-004
  1.910972613470036E-002 -1.949470910031030E-004
  1.892977692842830E-002 -1.700783200337720E-004
  1.862762837172160E-002 -1.325835582273874E-004
  1.833988333687670E-002 -6.997241342024240E-005
  1.819007280153447E-002  1.425006612797767E-005
  1.822168986397871E-002  1.011495224405244E-004
  1.838177407061808E-002  1.668653503270614E-004
  1.855763248315609E-002  1.967578492300920E-004
  1.864081088709716E-002  1.941637914183326E-004
  1.858224368081854E-002  1.779525051610964E-004
  1.841212766684873E-002  1.703141269563039E-004
  1.821862054656382E-002  1.826342629639466E-004
  1.809929402622911E-002  2.085466838593590E-004
  1.811024350712913E-002  2.284693666186975E-004
  1.823719950797420E-002  2.223971181734556E-004
  1.840238863501705E-002  1.825267753611343E-004
  1.850434770301983E-002  1.177821536614037E-004
  1.847158335140245E-002  4.789022855652577E-005
  1.830234496260261E-002 -8.610237494413947E-006
  1.806769068378620E-002 -4.461081832342252E-005
  1.787340185568035E-002 -6.689661513962338E-005
  1.779979921219514E-002 -9.016555865770347E-005
  1.785353250016395E-002 -1.271041527915536E-004
  1.796114440680998E-002 -1.807918550133056E-004
  1.801079903269271E-002 -2.434718100884736E-004
  1.791900178964092E-002 -3.014696553435688E-004
  1.768212073490799E-002 -3.426525278428185E-004
  1.738019686539149E-002 -3.620975716437824E-004
  1.712947059555602E-002 -3.634027956719542E-004
  1.701236902316503E-002 -3.557485842497085E-004
  1.702838878224839E-002 -3.487732308326895E-004
  1.709637349372127E-002 -3.478542956640046E-004
  1.710621113615102E-002 -3.517597239591929E-004
  1.698699292170384E-002 -3.534839700906485E-004
  1.674913843039127E-002 -3.438568079377564E-004
  1.647554477870529E-002 -3.164062435334850E-004
  1.626937658197384E-002 -2.712336962311712E-004
  1.619239008008044E-002 -2.157788227632852E-004
  1.623147516517878E-002 -1.616411277166789E-004
  1.631147937695529E-002 -1.187507440999669E-004
  1.634324902862239E-002 -9.000654781902774E-005
  1.627586216636498E-002 -6.969348793365507E-005
  1.612246030800517E-002 -4.704280304092794E-005
  1.594746061647210E-002 -1.315055076479689E-005
  1.582626919934883E-002  3.288787489426136E-005
  1.580272819476277E-002  8.260682929584570E-005
  1.586769784635651E-002  1.227052436697060E-004
  1.596786458707983E-002  1.428334106084345E-004
  1.603685128321984E-002  1.417472173724437E-004
  1.603032655082950E-002  1.278706161732310E-004
  1.594706105013632E-002  1.138731674016899E-004
  1.582671133956668E-002  1.087367745945194E-004
  1.572705280733349E-002  1.123748175075601E-004
  1.569286228905130E-002  1.161352853655549E-004
  1.573207175372375E-002  1.086682448222683E-004
  1.581114830555602E-002  8.325538043906854E-005
  1.587239189034164E-002  4.197069202448138E-005
  1.586476102289368E-002 -5.700924435045332E-006
  1.577214324965043E-002 -4.855827686601875E-005
  1.562321080462384E-002 -7.991346793421959E-005
  1.547619012489134E-002 -1.005994014504422E-004
  1.538593319171414E-002 -1.173179043699386E-004
  1.537174018585511E-002 -1.378137677572987E-004
  1.540521389603104E-002 -1.660246117604144E-004
  1.542639529693597E-002 -1.999416642533737E-004
  1.537945147015035E-002 -2.329969124365629E-004
  1.524667327778231E-002 -2.577409667220694E-004
  1.505983239134377E-002 -2.695713939543002E-004
  1.488152000675328E-002 -2.686331127791096E-004
  1.476771185425794E-002 -2.592305145946873E-004
  1.473461827529475E-002 -2.473532652603764E-004
  1.475018449805114E-002 -2.376511593340628E-004
  1.475506817059276E-002 -2.312576616215886E-004
  1.469954579125872E-002 -2.254031862485209E-004
  1.457332308297914E-002 -2.149914345341421E-004
  1.441040545344347E-002 -1.954503912485603E-004
  1.426722038218449E-002 -1.654983674708212E-004
  1.418853460371462E-002 -1.283408484820709E-004
  1.418220185504732E-002 -9.046851885913413E-005
  1.421706687634221E-002 -5.849214408955665E-005
  1.424354395769996E-002 -3.568092029956890E-005
  1.422313200367353E-002 -2.025756670555195E-005
  1.414919311485311E-002 -6.632488072048762E-006
  1.404803719007253E-002  1.098421637182741E-005
  1.396158404042015E-002  3.471422869065983E-005
  1.392294699436163E-002  6.131515455384272E-005
  1.393886262723099E-002  8.382381389852921E-005
  1.398765172354843E-002  9.560684739972592E-005
  1.403229684441459E-002  9.430990847165087E-005
  1.404053364410938E-002  8.321256548997290E-005
  1.400116041534364E-002  6.913546807439495E-005
  1.392860349573508E-002  5.824723928067173E-005
  1.385408893997256E-002  5.243426223206939E-005
  1.380838052385736E-002  4.847665204488757E-005
  1.380504172299352E-002  4.043120943141752E-005
  1.383287696820557E-002  2.359695291428438E-005
  1.386166660478206E-002 -2.459987579691474E-006
  1.385846894874630E-002 -3.360818956318392E-005
  1.380591172106188E-002 -6.356965221872731E-005
  1.371229522131438E-002 -8.740128288211724E-005
  1.360736721924714E-002 -1.039001241915929E-004
  1.352558005252112E-002 -1.156466043475522E-004
  1.348614717629923E-002 -1.269195257272939E-004
  1.348163937395946E-002 -1.409078312168397E-004
  1.348225503946847E-002 -1.578536808443910E-004
  1.345362583652843E-002 -1.750221043273733E-004
  1.337763801546065E-002 -1.882825550766547E-004
  1.326361985640476E-002 -1.942808429307181E-004
  1.314297103629775E-002 -1.920373691757873E-004
  1.305047804593374E-002 -1.832569425144463E-004
  1.300379100169940E-002 -1.713337022934064E-004
  1.299359404561651E-002 -1.596254235110160E-004
  1.299023141718427E-002 -1.498457273846720E-004
  1.296231922260945E-002 -1.413316856897854E-004
  1.289568167906693E-002 -1.315448777623852E-004
  1.280120072625442E-002 -1.175911793289537E-004
  1.270740209621587E-002 -9.801673880002702E-005
  1.264300307061408E-002 -7.392014355820438E-005
  1.262032394430479E-002 -4.869793702630135E-005
  1.262921756686061E-002 -2.645378552216525E-005
  1.264428485364722E-002 -9.897401831127443E-006
  1.264021016130736E-002  1.050856619002324E-006
  1.260584239317114E-002  9.061650082401564E-006
  1.254922444934274E-002  1.764072248900510E-005
  1.249158424775897E-002  2.883119184756720E-005
  1.245457109192862E-002  4.178588371741556E-005
  1.244823998093295E-002  5.313020444676478E-005
  1.246612606333563E-002  5.892913622722958E-005
  1.248941589830892E-002  5.704974162605131E-005
  1.249735362469799E-002  4.844562485256681E-005
  1.247809704751507E-002  3.656862115594961E-005
  1.243442873241565E-002  2.529912331162198E-005
  1.238161696408523E-002  1.670830173731631E-005
  1.233876247857008E-002  1.003311524895649E-005
  1.231823806700935E-002  2.438986277098297E-006
  1.231880272447571E-002 -8.986985003370732E-006
  1.232612883564803E-002 -2.529437869227158E-005
  1.232061010199663E-002 -4.494808438052348E-005
  1.228831566824488E-002 -6.467399134265535E-005
  1.222900550922151E-002 -8.125357898054556E-005
  1.215651167260710E-002 -9.314446147384908E-005
  1.209100323861723E-002 -1.010166092588384E-004
  1.204741431180842E-002 -1.070146591764977E-004
  1.202677898095889E-002 -1.132980895241958E-004
  1.201571412118553E-002 -1.207433599940501E-004
  1.199451613419036E-002 -1.284902566531253E-004
  1.194910600260892E-002 -1.344766867845074E-004
  1.187962528299115E-002 -1.365763235257006E-004
  1.180046288476234E-002 -1.337006180701570E-004
  1.173172510076013E-002 -1.263213311542173E-004
  1.168739851141278E-002 -1.162032412599827E-004
  1.166741428304697E-002 -1.055234508454590E-004
  1.165830501830524E-002 -9.582833239459197E-005
  1.164179819063746E-002 -8.734349694123144E-005
  1.160590700071346E-002 -7.898539260702743E-005
  1.155179580617157E-002 -6.908512185215114E-005
  1.149254939812649E-002 -5.646510246667593E-005
  1.144500708648028E-002 -4.129137297601714E-005
  1.141985324895431E-002 -2.520225578480391E-005
  1.141583266503045E-002 -1.058924922781971E-005
  1.142113691381412E-002  6.034631739225954E-007
  1.142064624862106E-002  7.876669337499989E-006
  1.140448990061159E-002  1.236264128164695E-005
  1.137304134567928E-002  1.605443934754196E-005
  1.133588249171958E-002  2.051772870901961E-005
  1.130579788416622E-002  2.586515867243559E-005
  1.129144485871862E-002  3.063345279591557E-005
  1.129272220819395E-002  3.265160940040467E-005
  1.130109772308926E-002  3.036810700946381E-005
  1.130440262360036E-002  2.381493774432305E-005
  1.129333820777202E-002  1.461676753748567E-005
  1.126622446584676E-002  5.056054798879054E-006
  1.122957359733660E-002 -3.210001631643032E-006
  1.119428746405068E-002 -9.989090884328045E-006
  1.116955076144877E-002 -1.646318257397566E-005
  1.115770321722037E-002 -2.427310077699497E-005
  1.115289050825422E-002 -3.437822403024483E-005
  1.114429710695290E-002 -4.638757395638738E-005
  1.112224516552843E-002 -5.872639269296843E-005
  1.108376599194437E-002 -6.947936177320214E-005
  1.103442902070577E-002 -7.737052200297527E-005
  1.098527147054610E-002 -8.231269011056766E-005
  1.094651231746337E-002 -8.526152507049920E-005
  1.092169447937632E-002 -8.752626071760061E-005
  1.090573934878430E-002 -8.996952808475811E-005
  1.088811863977623E-002 -9.253736196251222E-005
  1.085927592832957E-002 -9.433416054882404E-005
  1.081644359900327E-002 -9.415133977975643E-005
  1.076535527700098E-002 -9.113936962105853E-005
  1.071685703455604E-002 -8.527245375986777E-005
  1.068052581846724E-002 -7.738507222789083E-005
  1.065918245295240E-002 -6.878015513587102E-005
  1.064755687039796E-002 -6.061585774092737E-005
  1.063576566358234E-002 -5.338335976622776E-005
  1.061535068808949E-002 -4.674536126983786E-005
  1.058419338259647E-002 -3.982686313438287E-005
  1.054746635545344E-002 -3.181304785590688E-005
  1.051427792057837E-002 -2.253187542999055E-005
  1.049221109784580E-002 -1.268688704528527E-005
  1.048303980579438E-002 -3.585748317601335E-006
  1.048199644119848E-002  3.502833517389621E-006
  1.048076077899554E-002  8.000838723929826E-006
  1.047222439663254E-002  1.029313439077147E-005
  1.045425060820908E-002  1.144492045008095E-005
  1.043043529523583E-002  1.252260755546356E-005
  1.040767749072479E-002  1.392539929244122E-005
  1.039210543974574E-002  1.513693154451929E-005
  1.038565859076071E-002  1.505135019239780E-005
  1.038510841318069E-002  1.267261734129275E-005
  1.038390312439501E-002  7.754795848559858E-006
  1.037572752697917E-002  9.917679933182409E-007
  1.035783025409981E-002 -6.350471408292181E-006
  1.033236174300733E-002 -1.312100615985900E-005
  1.030504971881890E-002 -1.886603508333810E-005
  1.028195451295664E-002 -2.396340494892148E-005
  1.026607395860856E-002 -2.925510228562697E-005
  1.025566522555448E-002 -3.542761873032342E-005
  1.024523564362389E-002 -4.252381387542204E-005
  1.022868226401338E-002 -4.986438493772316E-005
  1.020282706901963E-002 -5.639557069913650E-005
  1.016931959413251E-002 -6.123191411996210E-005
  1.013377288978716E-002 -6.407261348056914E-005
  1.010259323911109E-002 -6.527194975834487E-005
  1.007933755245659E-002 -6.555774767719126E-005
  1.006274637336355E-002 -6.558385293585382E-005
  1.004762740473060E-002 -6.557156579071410E-005
  1.002806376702580E-002 -6.522138549395962E-005
  1.000102123927446E-002 -6.391837594047898E-005
  9.968193502739290E-003 -6.110273708676837E-005
  9.935004140668269E-003 -5.660433869572050E-005
  9.907411399718194E-003 -5.077091199804814E-005
  9.888469535270943E-003 -4.433016271566479E-005
  9.876695753510243E-003 -3.806075955899188E-005
  9.867147377132414E-003 -3.244338837562061E-005
  9.854466633143487E-003 -2.747504577670309E-005
  9.836017238638460E-003 -2.274800205155553E-005
  9.813274945104483E-003 -1.775509707231901E-005
  9.790756692776252E-003 -1.225559415850228E-005
  9.773247480536795E-003 -6.493230918645535E-006
  9.763019125548026E-003 -1.133032797138811E-006
  9.758625866590424E-003  3.057821037492769E-006
  9.755854912445131E-003  5.606140072848387E-006
  9.750156298590480E-003  6.572984051696576E-006
  9.739103925015724E-003  6.490978168027105E-006
  9.723532488240693E-003  6.031529617539861E-006
  9.706819515245347E-003  5.600292230317707E-006
  9.692822824765086E-003  5.105701778753482E-006
  9.683668215428400E-003  4.040548328398668E-006
  9.678584572173491E-003  1.824046092750344E-006
  9.674360380047995E-003 -1.807695947975673E-006
  9.667111959673562E-003 -6.601448611915468E-006
  9.654374078798060E-003 -1.189416220694581E-005
  9.636382460655006E-003 -1.695472921312346E-005
  9.615870065501127E-003 -2.134812225099760E-005
  9.596503716697449E-003 -2.510590233270833E-005
  9.580825144143401E-003 -2.861411801981598E-005
  9.568837627741437E-003 -3.230268749020519E-005
  9.558033611706330E-003 -3.633182878590330E-005
  9.544859895138029E-003 -4.045878340797601E-005
  9.526798072821445E-003 -4.414949743224064E-005
  9.503867849176712E-003 -4.685422170383821E-005
  9.478673585757500E-003 -4.828012240566441E-005
  9.454952169267802E-003 -4.851055816102114E-005
  9.435462713533993E-003 -4.791886423333883E-005
  9.420457556536203E-003 -4.694064354793874E-005
  9.407636644588787E-003 -4.583795239608963E-005
  9.393604541041439E-003 -4.458069653586004E-005
  9.375951213410805E-003 -4.289872644890035E-005
  9.354711392226019E-003 -4.046606221761325E-005
  9.332345157821035E-003 -3.711364238092501E-005
  9.312281973903269E-003 -3.295774801430473E-005
  9.296926778001197E-003 -2.837827951597773E-005
  9.286321350834742E-003 -2.385948923398797E-005
  9.278225128939870E-003 -1.977724083612432E-005
  9.269511143763716E-003 -1.624589685681604E-005
  9.258004001615009E-003 -1.310813038542259E-005
  9.243671086064050E-003 -1.007487352765305E-005
  9.228512785339118E-003 -6.938830351014241E-006
  9.215287328366286E-003 -3.740209297622143E-006
  9.205866538318921E-003 -7.863624873314711E-007
  9.200177971114323E-003  1.490897723858149E-006
  9.196293935254033E-003  2.760744055733354E-006
  9.191547139660576E-003  2.969879110271991E-006
  9.183991062120351E-003  2.364337676596958E-006
  9.173380664670766E-003  1.341904909782384E-006
  9.161167013384144E-003  2.228068950075927E-007
  9.149566707669287E-003 -9.235992798149689E-007
  9.140261152560900E-003 -2.292621091491521E-006
  9.133447539972256E-003 -4.192860265083445E-006
  9.127739505461543E-003 -6.824613046466358E-006
  9.120941026618701E-003 -1.012381614517083E-005
  9.111249816627533E-003 -1.376418782780797E-005
  9.098227508240481E-003 -1.731191969104829E-005
  9.083011094167009E-003 -2.043605460404835E-005
  9.067657409396348E-003 -2.304893570269716E-005
  9.053988144962163E-003 -2.529911249561677E-005
  9.042580510885930E-003 -2.743043215127454E-005
  9.032471642826027E-003 -2.959826823063579E-005
  9.021746887905224E-003 -3.175225914625306E-005
  9.008679328669611E-003 -3.364852257836554E-005
  8.992766125047125E-003 -3.497568327838549E-005
  8.975059292830616E-003 -3.551622544143456E-005
  8.957594538652035E-003 -3.525149565057050E-005
  8.942250058932405E-003 -3.435723360570052E-005
  8.929705092050365E-003 -3.310015041486175E-005
  8.919109665346708E-003 -3.169798313688708E-005
  8.908653155586699E-003 -3.021968838073819E-005
  8.896683855965367E-003 -2.857568203081734E-005
  8.882708371502112E-003 -2.659785510694590E-005
  8.867682367209319E-003 -2.416249856257130E-005
  8.853437711028783E-003 -2.128893834790861E-005
  8.841607178410428E-003 -1.816123091323886E-005
  8.832694017347625E-003 -1.506145328983842E-005
  8.825825518787720E-003 -1.225007848844051E-005
  8.819306753856851E-003 -9.857669720800426E-006
  8.811617956804040E-003 -7.846988388504782E-006
  8.802258479976864E-003 -6.066885413526812E-006
  8.791960367928342E-003 -4.368240689248152E-006
  8.782183669478562E-003 -2.715973654809541E-006
  8.774221041343646E-003 -1.231611565250505E-006
  8.768440836030579E-003 -1.398405488936452E-007
  8.764086708266061E-003  3.513772156998666E-007
  8.759714149322096E-003  1.672425726709149E-007
  8.753985975004198E-003 -5.900572426661723E-007
  8.746368718488098E-003 -1.696701603785472E-006
  8.737354181897958E-003 -2.928930050556073E-006
  8.728110502881236E-003 -4.178335984552805E-006
  8.719780907774522E-003 -5.492379608136465E-006
  8.712827397207341E-003 -7.017730680774255E-006
  8.706774949995879E-003 -8.883082473298815E-006
  8.700482823205560E-003 -1.109368830743209E-005
  8.692781103864235E-003 -1.350076282920904E-005
  8.683116329353967E-003 -1.586195410192195E-005
  8.671850688331326E-003 -1.795425945048197E-005
  8.660052844364255E-003 -1.967151737250455E-005
  8.648900268260954E-003 -2.105118906258208E-005
  8.639029580965133E-003 -2.221957253028927E-005
  8.630201644543940E-003 -2.329248972288156E-005
  8.621471413315528E-003 -2.429152791328351E-005
  8.611764975081142E-003 -2.512269573111152E-005
  8.600530854261948E-003 -2.562553166267413E-005
  8.588087542881415E-003 -2.566058258479534E-005
  8.575464666465131E-003 -2.518430696257655E-005
  8.563831368609222E-003 -2.427117881697626E-005
  8.553848130195796E-003 -2.307433466918476E-005
  8.545322093683369E-003 -2.174961435225297E-005
  8.537363905841561E-003 -2.038551619392531E-005
  8.528945413762569E-003 -1.897571933552577E-005
  8.519522176261288E-003 -1.744635854347165E-005
  8.509353193619715E-003 -1.572086328843602E-005
  8.499337948305867E-003 -1.378596261612727E-005
  8.490480480932049E-003 -1.172270113869615E-005
  8.483306012019461E-003 -9.685462980449686E-006
  8.477571657708367E-003 -7.840099041562465E-006
  8.472427400647969E-003 -6.294636365201016E-006
  8.466914968010272E-003 -5.060566015864137E-006
  8.460502273261127E-003 -4.066266320052763E-006
  8.453346120205577E-003 -3.215064925350336E-006
  8.446147957232733E-003 -2.454782672097225E-006
  8.439706574438748E-003 -1.818352725655379E-006
  8.434436960622325E-003 -1.411314116646726E-006
  8.430127690319752E-003 -1.352932777175745E-006
  8.426059950801699E-003 -1.705358070445952E-006
  8.421403524051916E-003 -2.432785081800610E-006
  8.415657244067717E-003 -3.415008886811826E-006
  8.408889953642503E-003 -4.507318393534997E-006
  8.401659651671169E-003 -5.611034176650972E-006
  8.394669467473933E-003 -6.713039963923727E-006
  8.388359299638101E-003 -7.871925811734801E-006
  8.382659059262077E-003 -9.160803554971278E-006
  8.377034116472002E-003 -1.060247714964511E-005
  8.370790785383013E-003 -1.213607890163465E-005
  8.363468086890787E-003 -1.363417217063837E-005
  8.355097232427109E-003 -1.495870775355115E-005
  8.346185669674135E-003 -1.602191685967134E-005
  8.337436749375255E-003 -1.681705911867220E-005
  8.329364264650658E-003 -1.740335859693239E-005
  8.322020386689374E-003 -1.785673713759946E-005
  8.314991206756920E-003 -1.821669267908881E-005
  8.307661063344312E-003 -1.845974267069261E-005
  8.299591912336412E-003 -1.851272644547374E-005
  8.290797185707740E-003 -1.829602676696315E-005
  8.281751119195798E-003 -1.777087510000895E-005
  8.273129509127964E-003 -1.696441254668230E-005
  8.265435276305549E-003 -1.595998239920698E-005
  8.258728646302829E-003 -1.485961166937541E-005
  8.252617778120116E-003 -1.374005510695453E-005
  8.246510158628911E-003 -1.262600512535068E-005
  8.239971717747046E-003 -1.149380184199264E-005
  8.232980791204724E-003 -1.030221287294579E-005
  8.225931469283109E-003 -9.032499210418240E-006
  8.219392204578603E-003 -7.715373202535429E-006
  8.213768530423177E-003 -6.429826688893035E-006
  8.209069172927123E-003 -5.274241063370923E-006
  8.204906762368456E-003 -4.325495865343098E-006
  8.200722960339368E-003 -3.608628547317033E-006
  8.196099129259187E-003 -3.093951967819854E-006
  8.190971571786072E-003 -2.723199260750934E-006
  8.185634164137531E-003 -2.449685542955316E-006
  8.180538044126181E-003 -2.269220147959272E-006
  8.176011933407794E-003 -2.223677118131430E-006
  8.172064349099555E-003 -2.375062257052483E-006
  8.168374385721645E-003 -2.765369746951102E-006
  8.164467314660676E-003 -3.386058574101888E-006
  8.159969375402554E-003 -4.175321127367573E-006
  8.154797891605026E-003 -5.044752822819130E-006
  8.149185083046375E-003 -5.919555988723766E-006
  8.143529282760444E-003 -6.768611005636936E-006
  8.138161727759222E-003 -7.607250889107885E-006
  8.133160063697836E-003 -8.472218008005574E-006
  8.128310133125038E-003 -9.384792290670046E-006
  8.123233643602776E-003 -1.032452994195966E-005
  8.117607520375171E-003 -1.122892900056327E-005
  8.111351099715738E-003 -1.201845391668887E-005
  8.104676594644943E-003 -1.263154748118227E-005
  8.097975617268348E-003 -1.304921057900516E-005
  8.091606997897774E-003 -1.329582504053201E-005
  8.085706809218827E-003 -1.341723496856798E-005
  8.080128513317646E-003 -1.344992621281702E-005
  8.074546304651235E-003 -1.339923949603117E-005
  8.068660605082861E-003 -1.323827139438227E-005
  8.062385757348531E-003 -1.292679465821319E-005
  8.055910900218621E-003 -1.243847251693383E-005
  8.049599674304526E-003 -1.178079802987380E-005
  8.043788897720871E-003 -1.099706177807190E-005
  8.038604794741685E-003 -1.014995879328467E-005
  8.033903375513464E-003 -9.296330873524526E-006
  8.029366965420847E-003 -8.466833445424820E-006
  8.024696794280346E-003 -7.661095091799806E-006
  8.019786870539591E-003 -6.860244183744390E-006
  8.014778571524711E-003 -6.049257131476816E-006
  8.009968167542753E-003 -5.236405605025742E-006
  8.005626092176199E-003 -4.458832992461313E-006
  8.001835815587832E-003 -3.771014367055719E-006
  7.998444514209059E-003 -3.222391930030240E-006
  7.995149381329121E-003 -2.836599058929225E-006
  7.991664556455957E-003 -2.603902332501103E-006
  7.987870267878576E-003 -2.491085894641415E-006
  7.983860785989852E-003 -2.463058203010240E-006
  7.979869271914814E-003 -2.503679092864356E-006
  7.976118035245521E-003 -2.623725832393223E-006
  7.972681983420020E-003 -2.851437995692302E-006
  7.969441165033148E-003 -3.211356346729252E-006
  7.966144994430916E-003 -3.704104254172363E-006
  7.962547833196493E-003 -4.299173159259076E-006
  7.958538081225477E-003 -4.944997997605239E-006
  7.954189837156799E-003 -5.590337060467958E-006
  7.949711523623558E-003 -6.204399606440432E-006
  7.945323344503250E-003 -6.784189428019042E-006
  7.941133488811508E-003 -7.345387081389716E-006
  7.937081691342520E-003 -7.902899883746968E-006
  7.932979899780718E-003 -8.453052850667448E-006
  7.928625356387855E-003 -8.967947538871414E-006
  7.923921450894355E-003 -9.404945761413837E-006
  7.918938140956299E-003 -9.725292532952251E-006
  7.913878364774819E-003 -9.910885761693259E-006
  7.908970242498177E-003 -9.969815103414063E-006
  7.904346874148148E-003 -9.928187608334486E-006
  7.899982253863957E-003 -9.813637774846174E-006
  7.895719242342359E-003 -9.640242840166915E-006
  7.891372301652527E-003 -9.403153923223285E-006
  7.886844612325982E-003 -9.085317736325471E-006
  7.882191385656377E-003 -8.671814669255836E-006
  7.877593193116546E-003 -8.163389371077042E-006
  7.873256027481393E-003 -7.581631877706740E-006
  7.869297324886327E-003 -6.963177637150493E-006
  7.865684365555290E-003 -6.346359330572378E-006
  7.862259582755561E-003 -5.757678519612495E-006
  7.858835841068048E-003 -5.205293440228537E-006
  7.855304450776604E-003 -4.682697264238210E-006
  7.851692990896959E-003 -4.180141528560988E-006
  7.848141235748863E-003 -3.697174239298325E-006
  7.844812086163588E-003 -3.249145158691738E-006
  7.841791359466034E-003 -2.863949883307578E-006
  7.839034569777886E-003 -2.570775682431867E-006
  7.836389407712356E-003 -2.387142600060958E-006
  7.833678080100616E-003 -2.311541540852258E-006
  7.830790319704866E-003 -2.325825910160209E-006
  7.827734160583348E-003 -2.405949177662197E-006
  7.824617978745540E-003 -2.534840982617457E-006
  7.821577233892357E-003 -2.709994008172382E-006
  7.818689655001937E-003 -2.941456217368950E-006
  7.815926948645087E-003 -3.241584238688646E-006
  7.813168535445303E-003 -3.612767821602308E-006
  7.810267259087001E-003 -4.040490296111502E-006
  7.807128662999588E-003 -4.495867040562854E-006
  7.803759437991287E-003 -4.946161244636651E-006
  7.800259260270239E-003 -5.367114280159838E-006
  7.796762315440686E-003 -5.750011076976305E-006
  7.793362384765703E-003 -6.099688895498449E-006
  7.790063548702405E-003 -6.425117665553427E-006
  7.786783356233325E-003 -6.728448925312856E-006
  7.783405538113297E-003 -6.999072527093721E-006
  7.779851665306212E-003 -7.216015419170593E-006
  7.776130921141992E-003 -7.357023916309444E-006
  7.772339966056576E-003 -7.408887425427738E-006
  7.768613425227403E-003 -7.373106710098557E-006
  7.765053617379119E-003 -7.263946227441502E-006
  7.761679754853612E-003 -7.100352429707518E-006
  7.758425325689303E-003 -6.896559346799669E-006
  7.755184373105830E-003 -6.656641466171309E-006
  7.751879160413738E-003 -6.375765543796160E-006
  7.748509669189283E-003 -6.047021088040897E-006
  7.745156466875089E-003 -5.669683294495633E-006
  7.741936029605274E-003 -5.254171603834271E-006
  7.738935293660799E-003 -4.820983531852203E-006
  7.736163784501103E-003 -4.394279500421163E-006
  7.733550613760326E-003 -3.993683985306321E-006
  7.730986895496314E-003 -3.628727776416184E-006
  7.728387770121187E-003 -3.298795847945636E-006
  7.725737664707313E-003 -2.998367911990742E-006
  7.723093340829302E-003 -2.724434748564028E-006
  7.720544575753814E-003 -2.481820778962905E-006
  7.718156744624175E-003 -2.283366272590597E-006
  7.715929012905200E-003 -2.144845354005625E-006
  7.713791521703693E-003 -2.077491766544287E-006
  7.711641704931001E-003 -2.082380574058080E-006
  7.709397634535933E-003 -2.149868677747973E-006
  7.707037649502364E-003 -2.264404414891910E-006
  7.704604666537216E-003 -2.411932839890956E-006
  7.702174405704080E-003 -2.585644653163482E-006
  7.699807000100326E-003 -2.786820418806250E-006
  7.697509850025349E-003 -3.020425575563872E-006
  7.695232090425445E-003 -3.288200093427067E-006
  7.692892603314462E-003 -3.583429037653523E-006
  7.690424798733126E-003 -3.890533340922319E-006
  7.687812693276240E-003 -4.189734993451431E-006
  7.685098487848454E-003 -4.464070403311823E-006
  7.682358244439749E-003 -4.704719336618329E-006
  7.679660043995831E-003 -4.911715059031953E-006
  7.677028368606361E-003 -5.089882734634606E-006
  7.674434434679670E-003 -5.242621627339622E-006
  7.671817289397139E-003 -5.367278863757663E-006
  7.669123123210847E-003 -5.454768634392854E-006
  7.666340169660489E-003 -5.493512832392051E-006
  7.663509356872661E-003 -5.475284272317131E-006
  7.660704879854705E-003 -5.399551828071728E-006
  7.657996068508364E-003 -5.273932459795428E-006
  7.655412495760827E-003 -5.110659288395042E-006
  7.652932165586625E-003 -4.921200054714554E-006
  7.650499112342464E-003 -4.712067136735529E-006
  7.648059710331795E-003 -4.484028179428160E-006
  7.645596348871819E-003 -4.234922342372422E-006
  7.643139011251997E-003 -3.964280252385358E-006
  7.640748465212015E-003 -3.677029796153936E-006
  7.638481377953506E-003 -3.384183071048905E-006
  7.636357944991632E-003 -3.100135669033966E-006
  7.634350685066722E-003 -2.838082386433422E-006
  7.632400312722610E-003 -2.606047432117795E-006
  7.630448774551793E-003 -2.405631563362850E-006
  7.628469940045364E-003 -2.234041089752064E-006
  7.626480455277576E-003 -2.088142860435306E-006
  7.624525317584497E-003 -1.968188175244301E-006
  7.622647456761357E-003 -1.879071707533903E-006
  7.620859409633956E-003 -1.828411904768996E-006
  7.619133248335921E-003 -1.822559604568913E-006
  7.617413857168003E-003 -1.862830778787514E-006
  7.615647185822296E-003 -1.944134252736808E-006
  7.613806996025799E-003 -2.056790408495560E-006
  7.611905180499610E-003 -2.190502024132110E-006
  7.609980605911049E-003 -2.338209871883408E-006
  7.608073673276231E-003 -2.497662457268326E-006
  7.606201458448058E-003 -2.669892492328735E-006
  7.604347352467001E-003 -2.855614192944283E-006
  7.602470487825184E-003 -3.051757412507064E-006
  7.600529018291479E-003 -3.250234592520982E-006
  7.598503807587275E-003 -3.439685987916363E-006
  7.596409273707458E-003 -3.609189010881504E-006
  7.594285662664439E-003 -3.751796201128941E-006
  7.592177515519077E-003 -3.865925682262441E-006
  7.590110672447074E-003 -3.953933723000933E-006
  7.588080694175941E-003 -4.018845764398174E-006
  7.586058910642659E-003 -4.061236033166472E-006
  7.584012267511799E-003 -4.078065455892982E-006
  7.581925407694575E-003 -4.064073630053708E-006
  7.579812330575802E-003 -4.014823579700321E-006
  7.577711075982646E-003 -3.929589876852423E-006
  7.575664652769856E-003 -3.812446119271280E-006
  7.573699260525892E-003 -3.670992643555503E-006
  7.571812258629309E-003 -3.513507101359409E-006
  7.569976560965311E-003 -3.346134950644673E-006
  7.568158579580982E-003 -3.171630289044816E-006
  7.566339082802555E-003 -2.990222183041469E-006
  7.564524855867691E-003 -2.801976870083799E-006
  7.562744623785526E-003 -2.609224826169951E-006
  7.561031954407910E-003 -2.417641081923151E-006
  7.559405339619858E-003 -2.235360811618291E-006
  7.557857035385673E-003 -2.070618574146413E-006
  7.556356872116051E-003 -1.929206161446483E-006
  7.554868433262524E-003 -1.813119089141434E-006
  7.553367964074044E-003 -1.721080225219747E-006
  7.551855133008516E-003 -1.650578275526538E-006
  7.550349835803313E-003 -1.600224432489813E-006
  7.548877445170803E-003 -1.571075280884420E-006
  7.547451420210062E-003 -1.566177923061180E-006
  7.546063341125497E-003 -1.588619366503806E-006
  7.544685805397445E-003 -1.639222815772609E-006
  7.543286105870142E-003 -1.715235804806106E-006
  7.541842599886021E-003 -1.810781949857456E-006
  7.540354492120171E-003 -1.918830927555260E-006
  7.538839831448670E-003 -2.033571706938947E-006
  7.537323334627878E-003 -2.151858719118058E-006
  7.535821269954059E-003 -2.272961622609845E-006
  7.534331989252577E-003 -2.396850909820026E-006
  7.532837217675292E-003 -2.522100426099316E-006
  7.531313021608136E-003 -2.644687414247618E-006
  7.529744003228963E-003 -2.758415807566627E-006
  7.528132658719229E-003 -2.856721945623984E-006
  7.526498758111178E-003 -2.934821476817409E-006
  7.524869310699783E-003 -2.990985883925477E-006
  7.523264932930206E-003 -3.026275606611773E-006
  7.521690321654563E-003 -3.042964652996284E-006
  7.520134065852648E-003 -3.042627272251859E-006
  7.518577660717991E-003 -3.025002932269868E-006
  7.517008382529879E-003 -2.988254987827371E-006
  7.515428580557347E-003 -2.930409661260035E-006
  7.513856101351324E-003 -2.851094703958774E-006
  7.512315706456654E-003 -2.752561601241803E-006
  7.510826503555645E-003 -2.639419559411254E-006
  7.509392622355408E-003 -2.517253111585080E-006
  7.508002389324759E-003 -2.390906810605039E-006
  7.506636280974142E-003 -2.263367576099016E-006
  7.505278881229190E-003 -2.135800747329854E-006
  7.503927864324850E-003 -2.008632076572527E-006
  7.502594900751085E-003 -1.882992798547181E-006
  7.501298172651250E-003 -1.761669638525533E-006
  7.500051043038372E-003 -1.649006203986332E-006
  7.498853527749187E-003 -1.549803053188082E-006
  7.497691421043321E-003 -1.467822520998768E-006
  7.496543378918904E-003 -1.404715114314058E-006
  7.495391685008541E-003 -1.359937941993591E-006
  7.494230458101708E-003 -1.331676064536825E-006
  7.493066747415967E-003 -1.318220143357954E-006
  7.491914194119084E-003 -1.319010255498361E-006
  7.490783188818727E-003 -1.334761065934573E-006
  7.489673295213248E-003 -1.366619081157843E-006
  7.488572194629350E-003 -1.414861991544382E-006
  7.487461541535790E-003 -1.477912580331428E-006
  7.486326196461013E-003 -1.552255121841573E-006
  7.485161534459257E-003 -1.633319044097593E-006
  7.483974811865860E-003 -1.716838208127959E-006
  7.482780057665893E-003 -1.799928466490027E-006
  7.481589597877201E-003 -1.881303369143784E-006
  7.480407085851189E-003 -1.960559023910625E-006
  7.479225892087903E-003 -2.037000170496933E-006
  7.478033575942413E-003 -2.108733323094463E-006
  7.476819731990624E-003 -2.172576995928870E-006
  7.475582689982996E-003 -2.224846925494605E-006
  7.474331308654428E-003 -2.262562057072626E-006
  7.473080946606511E-003 -2.284384139171539E-006
  7.471845982335319E-003 -2.290776154256146E-006
  7.470633142470632E-003 -2.283327664433615E-006
  7.469439351907590E-003 -2.263669479352856E-006
  7.468255190495330E-003 -2.232612343201250E-006
  7.467071844245501E-003 -2.189984733714976E-006
  7.465887493038850E-003 -2.135222144189026E-006
  7.464709470920840E-003 -2.068327675975693E-006
  7.463551014730802E-003 -1.990626817643437E-006
  7.462424537017127E-003 -1.904877042842919E-006
  7.461335321312552E-003 -1.814671137762591E-006
  7.460279228772865E-003 -1.723468719235655E-006
  7.459245636045666E-003 -1.633782509462965E-006
  7.458223795788852E-003 -1.546937958318429E-006
  7.457208886162486E-003 -1.463490112735325E-006
  7.456204286837269E-003 -1.384014374916472E-006
  7.455218883032630E-003 -1.309791302597641E-006
  7.454261098433131E-003 -1.242981721332827E-006
  7.453333197909613E-003 -1.186186379033545E-006
  7.452429146328444E-003 -1.141633579805062E-006
  7.451537169370750E-003 -1.110444359446809E-006
  7.450645430687038E-003 -1.092376307650634E-006
  7.449747509739806E-003 -1.086175240025514E-006
  7.448844594690129E-003 -1.090323598105222E-006
  7.447943289588138E-003 -1.103757644019259E-006
  7.447050471872144E-003 -1.126153482532348E-006
  7.446168256390149E-003 -1.157636849126613E-006
  7.445291942734806E-003 -1.198106388748002E-006
  7.444412021041893E-003 -1.246582343067183E-006
  7.443518974560135E-003 -1.300975009823556E-006
  7.442608084776982E-003 -1.358421973874099E-006
  7.441681543917760E-003 -1.416014091409967E-006
  7.440746786960034E-003 -1.471509475351431E-006
  7.439812110907811E-003 -1.523649304687935E-006
  7.438882128174503E-003 -1.571927108352674E-006
  7.437955604421313E-003 -1.615981666882501E-006
  7.437026809785328E-003 -1.654995508798749E-006
  7.436089505468490E-003 -1.687465212764527E-006
  7.435141231536081E-003 -1.711481560690404E-006
  7.434185452693652E-003 -1.725355964458289E-006
  7.433230382344638E-003 -1.728232040489062E-006
  7.432285201671188E-003 -1.720338651719699E-006
  7.431355842659408E-003 -1.702755201116677E-006
  7.430442704250121E-003 -1.676840227326045E-006
  7.429541528868579E-003 -1.643656905879194E-006
  7.428646850707436E-003 -1.603713874123408E-006
  7.427755977954349E-003 -1.557144586339280E-006
  7.426871207675902E-003 -1.504192396465248E-006
  7.425999027128414E-003 -1.445699368958491E-006
  7.425146805657063E-003 -1.383305547135967E-006
  7.424318912511616E-003 -1.319238708284967E-006
  7.423514490216375E-003 -1.255807981575801E-006
  7.422728120117568E-003 -1.194875455276509E-006
  7.421952932052543E-003 -1.137582047012819E-006
  7.421184319473122E-003 -1.084452951219788E-006
  7.420422121691847E-003 -1.035793434094356E-006
  7.419670074379474E-003 -9.921284594375533E-007
  7.418932934767688E-003 -9.544245450200941E-007
  7.418213014618184E-003 -9.239633667587584E-007
  7.417508144450067E-003 -9.019373298390446E-007
  7.416812210736998E-003 -8.889944330827538E-007
  7.416117898732861E-003 -8.849865204132684E-007
  7.415420025205434E-003 -8.890586333255009E-007
  7.414717564003828E-003 -9.000250253178418E-007
  7.414013278333785E-003 -9.168187122155770E-007
  7.413311272541975E-003 -9.387656417262932E-007
  7.412613943950640E-003 -9.655407273646004E-007
  7.411920098244549E-003 -9.968490690779969E-007
  7.411225265750359E-003 -1.032034201217318E-006
  7.410523971881032E-003 -1.069855228015863E-006
  7.409812619162663E-003 -1.108574402439103E-006
  7.409091339110482E-003 -1.146315773968240E-006
  7.408363806251474E-003 -1.181499927756149E-006
  7.407635182998552E-003 -1.213119478838780E-006
  7.406909404934643E-003 -1.240716289947873E-006
  7.406187344700123E-003 -1.264095669000639E-006
  7.405466849658431E-003 -1.282962070076077E-006
  7.404744564887849E-003 -1.296699037683805E-006
  7.404018450442032E-003 -1.304424234792548E-006
  7.403289538794988E-003 -1.305285608440936E-006
  7.402561941892697E-003 -1.298824831181755E-006
  7.401841127636638E-003 -1.285199069595831E-006
  7.401131462823881E-003 -1.265138249296587E-006
  7.400434413467211E-003 -1.239668186629248E-006
  7.399748392475185E-003 -1.209759874215293E-006
  7.399070290200596E-003 -1.176098780648720E-006
  7.398397766937864E-003 -1.139090438608236E-006
  7.397730972697586E-003 -1.099078807573368E-006
  7.397072715688434E-003 -1.056633651856877E-006
  7.396427010271984E-003 -1.012729245330931E-006
  7.395796866897407E-003 -9.687042545931997E-007
  7.395182605124055E-003 -9.260194320495276E-007
  7.394581645097030E-003 -8.859425445124919E-007
  7.393989865003532E-003 -8.493265946462447E-007
  7.393403713540806E-003 -8.165904898937902E-007
  7.392821855816910E-003 -7.878958714607404E-007
  7.392245433241906E-003 -7.634058356690452E-007
  7.391676840281497E-003 -7.434704015530189E-007
  7.391117775449050E-003 -7.286305506507411E-007
  7.390567717857698E-003 -7.194390482817337E-007
  7.390023701725730E-003 -7.162013008706359E-007
  7.389481491283129E-003 -7.187844162440726E-007
  7.388937455412784E-003 -7.266032208742378E-007
  7.388390065665909E-003 -7.387917288212107E-007
  7.387840191994608E-003 -7.544649473697572E-007
  7.387290081488184E-003 -7.729277354472160E-007
  7.386741654997950E-003 -7.937214161382976E-007
  7.386195118251987E-003 -8.164945466444892E-007
  7.385648668408203E-003 -8.407860354669821E-007
  7.385099428320760E-003 -8.658580610610940E-007
  7.384545041447159E-003 -8.906853036414303E-007
  7.383985005602572E-003 -9.141149047991556E-007
  7.383420999960258E-003 -9.351125858681662E-007
  7.382856048667684E-003 -9.529619377298996E-007
  7.382293021750854E-003 -9.673131102880384E-007
  7.381733329354074E-003 -9.780653694372635E-007
  7.381176529660470E-003 -9.851627322785690E-007
  7.380621035053193E-003 -9.884281430444710E-007
  7.380065476886239E-003 -9.875340872843102E-007
  7.379509929069241E-003 -9.821244040160346E-007
  7.378956290122758E-003 -9.720131643383919E-007
  7.378407615637928E-003 -9.573432394281205E-007
  7.377866792049794E-003 -9.386127679047893E-007
  7.377335307803944E-003 -9.165548866783221E-007
  7.376812807278913E-003 -8.919387295958573E-007
  7.376297654570142E-003 -8.654005869571637E-007
  7.375788156080991E-003 -8.373918413034836E-007
  7.375283724361515E-003 -8.082601813886111E-007
  7.374785316171598E-003 -7.784042696375045E-007
  7.374294908727869E-003 -7.484026993098019E-007
  7.373814335385815E-003 -7.190362207153210E-007
  7.373344163337662E-003 -6.911852950685856E-007
  7.372883257656377E-003 -6.656560068694413E-007
  7.372429268692414E-003 -6.430263467313919E-007
  7.371979746048670E-003 -6.235913181269054E-007
  7.371533232241143E-003 -6.074285658279813E-007
  7.371089719461975E-003 -5.945392247473556E-007
  7.370650235960731E-003 -5.849790311228250E-007
  7.370215834264266E-003 -5.789037536648145E-007
  7.369786587684364E-003 -5.765044084832888E-007
  7.369361177903442E-003 -5.778717495530547E-007
  7.368937300039615E-003 -5.828699453108755E-007
  7.368512637543050E-003 -5.910938103173765E-007
  7.368085842380096E-003 -6.019363312685258E-007
  7.367656971264706E-003 -6.147311182643623E-007
  7.367227155393905E-003 -6.288933073385556E-007
  7.366797722220449E-003 -6.439854481776161E-007
  7.366369289053798E-003 -6.596796716667740E-007
  7.365941344634389E-003 -6.756476793481042E-007
  7.365512539824352E-003 -6.914509830786461E-007
  7.365081499349051E-003 -7.065021216018937E-007
  7.364647677615594E-003 -7.201250051303092E-007
  7.364211771118096E-003 -7.316844327577475E-007
  7.363775464029845E-003 -7.407150904569304E-007
  7.363340664860703E-003 -7.469815595963323E-007
  7.362908672891779E-003 -7.504413979376078E-007
  7.362479739108753E-003 -7.511387978804128E-007
  7.362053250483054E-003 -7.490942831047210E-007
  7.361628408470069E-003 -7.442550251346375E-007
  7.361204996939802E-003 -7.365324018229278E-007
  7.360783794494568E-003 -7.259014727561808E-007
  7.360366398374813E-003 -7.125014459014711E-007
  7.359954566391739E-003 -6.966767743832378E-007
  7.359549454928082E-003 -6.789335831047830E-007
  7.359151182458310E-003 -6.598343746161070E-007
  7.358758954435409E-003 -6.398874687504641E-007
  7.358371661692198E-003 -6.194880136003468E-007
  7.357988597713634E-003 -5.989358198924926E-007
  7.357609881442690E-003 -5.785108457516904E-007
  7.357236351102057E-003 -5.585554068688419E-007
  7.356869003601833E-003 -5.395104139244599E-007
  7.356508313503281E-003 -5.218809508130433E-007
  7.356153827428276E-003 -5.061474929292096E-007
  7.355804263156828E-003 -4.926696402756906E-007
  7.355458048585408E-003 -4.816326831871032E-007
  7.355113986322518E-003 -4.730625785430900E-007
  7.354771667031223E-003 -4.668966473984250E-007
  7.354431409519760E-003 -4.630672531570762E-007
  7.354093782888678E-003 -4.615504507394612E-007
  7.353759003114692E-003 -4.623534342500598E-007
  7.353426558790671E-003 -4.654506595017548E-007
  7.353095278361681E-003 -4.707081728954941E-007
  7.352763792271122E-003 -4.778423082275599E-007
  7.352431119626299E-003 -4.864391605386930E-007
  7.352097046511007E-003 -4.960267494205061E-007
  7.351762091687970E-003 -5.061623951013272E-007
  7.351427095296499E-003 -5.164902188880993E-007
  7.351092677384992E-003 -5.267418406351451E-007
  7.350758877346901E-003 -5.366864480714775E-007
  7.350425171640756E-003 -5.460652005170239E-007
  7.350090846072545E-003 -5.545529316356015E-007
  7.349755498726303E-003 -5.617731289152496E-007
  7.349419382272454E-003 -5.673604992024774E-007
  7.349083393289004E-003 -5.710376749107612E-007
  7.348748720432801E-003 -5.726647083341741E-007
  7.348416354785134E-003 -5.722360261061725E-007
  7.348086737260692E-003 -5.698296165225309E-007
  7.347759732833797E-003 -5.655396810345694E-007
  7.347434931694157E-003 -5.594317032278694E-007
  7.347112092815654E-003 -5.515440516464207E-007
  7.346791469767739E-003 -5.419321205109113E-007
  7.346473832028239E-003 -5.307262045942972E-007
  7.346160172632498E-003 -5.181668771034381E-007
  7.345851271834125E-003 -5.045951959285600E-007
  7.345547365051078E-003 -4.904011021157967E-007
  7.345248099136336E-003 -4.759566377352539E-007
  7.344952793438020E-003 -4.615680386469248E-007
  7.344660848840993E-003 -4.474687811891486E-007
  7.344372068033364E-003 -4.338517965350458E-007
  7.344086707333270E-003 -4.209172002563186E-007
  7.343805238896189E-003 -4.089042161266232E-007
  7.343527968948888E-003 -3.980862637818489E-007
  7.343254737027577E-003 -3.887300052351701E-007
  7.342984869613904E-003 -3.810398766273718E-007
  7.342717411893004E-003 -3.751176928157113E-007
  7.342451501985834E-003 -3.709581760480003E-007
  7.342186674584578E-003 -3.684810967475014E-007
  7.341922927517763E-003 -3.675807200721576E-007
  7.341660525072586E-003 -3.681646202589115E-007
  7.341399662766073E-003 -3.701612139568839E-007
  7.341140193099197E-003 -3.734940967865642E-007
  7.340881570369545E-003 -3.780406218902292E-007
  7.340623042371602E-003 -3.836011689178730E-007
  7.340363974986950E-003 -3.898992972829043E-007
  7.340104123338223E-003 -3.966152807388420E-007
  7.339843699015672E-003 -4.034366543358597E-007
  7.339583202772396E-003 -4.101001503598239E-007
  7.339323125189299E-003 -4.164048755847287E-007
  7.339063688422858E-003 -4.221933857460773E-007
  7.338804772598904E-003 -4.273155962262524E-007
  7.338546060857131E-003 -4.315997061054165E-007
  7.338287311964760E-003 -4.348493895601910E-007
  7.338028599774254E-003 -4.368705760009818E-007
  7.337770382009388E-003 -4.375136360551512E-007
  7.337513360953182E-003 -4.367078422610620E-007
  7.337258216929634E-003 -4.344695225884180E-007
  7.337005364896836E-003 -4.308803968892257E-007
  7.336754867286301E-003 -4.260492264671717E-007
  7.336506544454241E-003 -4.200785265722772E-007
  7.336260211446104E-003 -4.130540168403985E-007
  7.336015900346934E-003 -4.050604836784681E-007
  7.335773939502104E-003 -3.962121576368498E-007
  7.335534845642588E-003 -3.866775179697485E-007
  7.335299092731229E-003 -3.766820285678534E-007
  7.335066890441735E-003 -3.664852108030791E-007
  7.334838097129417E-003 -3.563430052304144E-007
  7.334612313190493E-003 -3.464742714867311E-007
  7.334389097374821E-003 -3.370473147496472E-007
  7.334168180417751E-003 -3.281905849275015E-007
  7.333949555468692E-003 -3.200181044487712E-007
  7.333733398619089E-003 -3.126524431394200E-007
  7.333519871506202E-003 -3.062303019316716E-007
  7.333308924379446E-003 -3.008863789102533E-007
  7.333100214913692E-003 -2.967239334091682E-007
  7.332893188996480E-003 -2.937881147264863E-007
  7.332687276015965E-003 -2.920565349313763E-007
  7.332482087172970E-003 -2.914518837814440E-007
  7.332277506822121E-003 -2.918692529071284E-007
  7.332073631034384E-003 -2.932031271509848E-007
  7.331870595872890E-003 -2.953599376491821E-007
  7.331668399115050E-003 -2.982509189659349E-007
  7.331466819280930E-003 -3.017715929293335E-007
  7.331265476784182E-003 -3.057818949548603E-007
  7.331063999393665E-003 -3.101004720514654E-007
  7.330862195750167E-003 -3.145184470403717E-007
  7.330660138779465E-003 -3.188267973044951E-007
  7.330458114628403E-003 -3.228438544407813E-007
  7.330256469871384E-003 -3.264295954239151E-007
  7.330055445792716E-003 -3.294811215587164E-007
  7.329855092605746E-003 -3.319144306744547E-007
  7.329655307989370E-003 -3.336450791741329E-007
  7.329455972389673E-003 -3.345803795342952E-007
  7.329257099459354E-003 -3.346285383521272E-007
  7.329058913702358E-003 -3.337199569257669E-007
  7.328861810948930E-003 -3.318287271791915E-007
  7.328666224686434E-003 -3.289822197394656E-007
  7.328472473842032E-003 -3.252534664441774E-007
  7.328280676119123E-003 -3.207406868853726E-007
  7.328090771806983E-003 -3.155451895534190E-007
  7.327902639470610E-003 -3.097591508268030E-007
  7.327716233596127E-003 -3.034685096293687E-007
  7.327531663867519E-003 -2.967672174179338E-007
  7.327349171199904E-003 -2.897725799115954E-007
  7.327169015768052E-003 -2.826310324354368E-007
  7.326991342321925E-003 -2.755094094579858E-007
  7.326816099818305E-003 -2.685751370608563E-007
  7.326643059986029E-003 -2.619749617570210E-007
  7.326471922347306E-003 -2.558224149592130E-007
  7.326302444576705E-003 -2.501990692566166E-007
  7.326134524471419E-003 -2.451668681337875E-007
  7.325968189579652E-003 -2.407828664219470E-007
  7.325803504628955E-003 -2.371068768125127E-007
  7.325640453753602E-003 -2.341970752053855E-007
  7.325478867507491E-003 -2.320958345098627E-007
  7.325318437225724E-003 -2.308137904792170E-007
  7.325158808254605E-003 -2.303212086503254E-007
  7.324999698766104E-003 -2.305516426062965E-007
  7.324840977745713E-003 -2.314160755400606E-007
  7.324682660853316E-003 -2.328201107363968E-007
  7.324524830706602E-003 -2.346754615200288E-007
  7.324367530726987E-003 -2.369006253824640E-007
  7.324210694923497E-003 -2.394120401956985E-007
  7.324054153297578E-003 -2.421125142266322E-007
  7.323897708026188E-003 -2.448851935571873E-007
  7.323741235246116E-003 -2.475980240323150E-007
  7.323584753870445E-003 -2.501175613098477E-007
  7.323428423110795E-003 -2.523256229474622E-007
  7.323272471676147E-003 -2.541307106971390E-007
  7.323117099918655E-003 -2.554691784097564E-007
  7.322962409962112E-003 -2.562969402866466E-007
  7.322808401112942E-003 -2.565777126016638E-007
  7.322655029642534E-003 -2.562753978050447E-007
  7.322502295547535E-003 -2.553554191389453E-007
  7.322350304668102E-003 -2.537943218829216E-007
  7.322199269931521E-003 -2.515920026746640E-007
  7.322049450947779E-003 -2.487793446798108E-007
  7.321901066135741E-003 -2.454166405454423E-007
  7.321754226281150E-003 -2.415833665141751E-007
  7.321608925136939E-003 -2.373645903140285E-007
  7.321465089607688E-003 -2.328408748587257E-007
  7.321322658421100E-003 -2.280861852329412E-007
  7.321181643046442E-003 -2.231734957852404E-007
  7.321042136109907E-003 -2.181833526346818E-007
  7.320904263518536E-003 -2.132090865890360E-007
  7.320768108876808E-003 -2.083544766557601E-007
  7.320633654103618E-003 -2.037241109214045E-007
  7.320500770094134E-003 -1.994108795964144E-007
  7.320369262145748E-003 -1.954866052214256E-007
  7.320238943741510E-003 -1.919999701536524E-007
  7.320109696972528E-003 -1.889817957647077E-007
  7.319981486739105E-003 -1.864537452910612E-007
  7.319854323229386E-003 -1.844348955963205E-007
  7.319728196918710E-003 -1.829421864945087E-007
  7.319603025393110E-003 -1.819845264599542E-007
  7.319478643462368E-003 -1.815541182275713E-007
  7.319354842406687E-003 -1.816202319488766E-007
  7.319231435943005E-003 -1.821293129936210E-007
  7.319108315820039E-003 -1.830117970091520E-007
  7.318985466830198E-003 -1.841923496926136E-007
  7.318862934883598E-003 -1.855985181002730E-007
  7.318740768505460E-003 -1.871639050965827E-007
  7.318618968395950E-003 -1.888252548175585E-007
  7.318497473814900E-003 -1.905163569160790E-007
  7.318376192522495E-003 -1.921634349349832E-007
  7.318255055863286E-003 -1.936857168040162E-007
  7.318134066693358E-003 -1.950018040405701E-007
  7.318013312723409E-003 -1.960390656901811E-007
  7.317892938114775E-003 -1.967415298150854E-007
  7.317773089860295E-003 -1.970725983483146E-007
  7.317653869105326E-003 -1.970118264047121E-007
  7.317535313743209E-003 -1.965482704243507E-007
  7.317417420060631E-003 -1.956746469021333E-007
  7.317300188845122E-003 -1.943858020618886E-007
  7.317183667939382E-003 -1.926822667157167E-007
  7.317067966053585E-003 -1.905765798717001E-007
  7.316953229663752E-003 -1.880983938984313E-007
  7.316839596020721E-003 -1.852950421150671E-007
  7.316727148573223E-003 -1.822268076334356E-007
  7.316615899166941E-003 -1.789590628568838E-007
  7.316505805708463E-003 -1.755550702253805E-007
  7.316396813800655E-003 -1.720726670582865E-007
  7.316288897714560E-003 -1.685656982780870E-007
  7.316182077243522E-003 -1.650883135021715E-007
  7.316076401466318E-003 -1.616986829425321E-007
  7.315971909670185E-003 -1.584591542268573E-007
  7.315868592593702E-003 -1.554320333509826E-007
  7.315766376537719E-003 -1.526727448024022E-007
  7.315665139431241E-003 -1.502236386828103E-007
  7.315564749615594E-003 -1.481113462198105E-007
  7.315465105499288E-003 -1.463486055817261E-007
  7.315366154391881E-003 -1.449390529074315E-007
  7.315267881330166E-003 -1.438819770463019E-007
  7.315170276097086E-003 -1.431742808718502E-007
  7.315073298839619E-003 -1.428086835947386E-007
  7.314976864887828E-003 -1.427694791669721E-007
  7.314880857789350E-003 -1.430286333939844E-007
  7.314785163157031E-003 -1.435448479979799E-007
  7.314689704193168E-003 -1.442665707453042E-007
  7.314594459255888E-003 -1.451377538520840E-007
  7.314499452516285E-003 -1.461037007581626E-007
  7.314404724192568E-003 -1.471144037326904E-007
  7.314310298110365E-003 -1.481242899767340E-007
  7.314216165159945E-003 -1.490893684166854E-007
  7.314122291473242E-003 -1.499642113749143E-007
  7.314028645702665E-003 -1.507012087609551E-007
  7.313935228993987E-003 -1.512531285545835E-007
  7.313842090106071E-003 -1.515780406037208E-007
  7.313749316978970E-003 -1.516442549390525E-007
  7.313657009565818E-003 -1.514328837145623E-007
  7.313565249134745E-003 -1.509369517241035E-007
  7.313474080739946E-003 -1.501578711469733E-007
  7.313383517586179E-003 -1.491014678705357E-007
  7.313293563360415E-003 -1.477758309494865E-007
  7.313204238564083E-003 -1.461920424527451E-007
  7.313115595046167E-003 -1.443670659780819E-007
  7.313027710114094E-003 -1.423267645837845E-007
  7.312940663476211E-003 -1.401069188751794E-007
  7.312854509998381E-003 -1.377512460844773E-007
  7.312769263385152E-003 -1.353070996927958E-007
  7.312684899412106E-003 -1.328207831884170E-007
  7.312601376133048E-003 -1.303345412764929E-007
  7.312518659034248E-003 -1.278862608194636E-007
  7.312436736728122E-003 -1.255113466335339E-007
  7.312355618645198E-003 -1.232450410886298E-007
  7.312275316754646E-003 -1.211232960364381E-007
  7.312195822485220E-003 -1.191812355135811E-007
  7.312117092556412E-003 -1.174497037436258E-007
  7.312039052078668E-003 -1.159515325255091E-007
  7.311961613288270E-003 -1.146993502115418E-007
  7.311884699463805E-003 -1.136959134906313E-007
  7.311808260928086E-003 -1.129365780728487E-007
  7.311732274918542E-003 -1.124124187373532E-007
  7.311656730524506E-003 -1.121122763462959E-007
  7.311581608344204E-003 -1.120227523476194E-007
  7.311506867210086E-003 -1.121264409493813E-007
  7.311432445894902E-003 -1.123997522632530E-007
  7.311358278880555E-003 -1.128119398868490E-007
  7.311284317213333E-003 -1.133262758341509E-007
  7.311210542753351E-003 -1.139031164933853E-007
  7.311136968139607E-003 -1.145035661952966E-007
  7.311063623046216E-003 -1.150921538052197E-007
  7.310990534976512E-003 -1.156375397530749E-007
  7.310917715591943E-003 -1.161114035451270E-007
  7.310845159998172E-003 -1.164866691126906E-007
  7.310772858743192E-003 -1.167365376644128E-007
  7.310700815001133E-003 -1.168352541822890E-007
  7.310629056636313E-003 -1.167604658849159E-007
  7.310557635998440E-003 -1.164960625325908E-007
  7.310486617420529E-003 -1.160340718567051E-007
  7.310416059325551E-003 -1.153746857340110E-007
  7.310346000680171E-003 -1.145245080544364E-007
  7.310276458786576E-003 -1.134940517635691E-007
  7.310207438794928E-003 -1.122958387029120E-007
  7.310138948698238E-003 -1.109440039255408E-007
  7.310071010681899E-003 -1.094553578187244E-007
  7.310003662070253E-003 -1.078509725545315E-007
  7.309936945254967E-003 -1.061570398747609E-007
  7.309870892323095E-003 -1.044041613523673E-007
  7.309805513032324E-003 -1.026251218817022E-007
  7.309740792732866E-003 -1.008520410844256E-007
  7.309676701097586E-003 -9.911411693231029E-008
  7.309613206442570E-003 -9.743680639899328E-008
  7.309550287458931E-003 -9.584246149100275E-008
  7.309487935936553E-003 -9.435163897013958E-008
  7.309426149420491E-003 -9.298398019014291E-008
  7.309364918558717E-003 -9.175787906024420E-008
  7.309304216849496E-003 -9.068891693245673E-008
  7.309243998968725E-003 -8.978779725698485E-008
  7.309184208836558E-003 -8.905883265373521E-008
  7.309124793021396E-003 -8.849975441192393E-008
  7.309065712163672E-003 -8.810290574590884E-008
  7.309006944424560E-003 -8.785715700554816E-008
  7.308948479656894E-003 -8.774955032945824E-008
  7.308890308288324E-003 -8.776591679561185E-008
  7.308832411765702E-003 -8.789036065499525E-008
  7.308774760275472E-003 -8.810419206469442E-008
  7.308717319091201E-003 -8.838522145432234E-008
  7.308660059889317E-003 -8.870812650956814E-008
  7.308602970591588E-003 -8.904599385195551E-008
  7.308546058255812E-003 -8.937247705567565E-008
  7.308489343584024E-003 -8.966367635751126E-008
  7.308432850355696E-003 -8.989901657416025E-008
  7.308376595810786E-003 -9.006096954675925E-008
  7.308320587226014E-003 -9.013410260239211E-008
  7.308264826201788E-003 -9.010427298337128E-008
  7.308209317712780E-003 -8.995864491392187E-008
  7.308154078326147E-003 -8.968667548387020E-008
  7.308099138602806E-003 -8.928161136853464E-008
  7.308044538122960E-003 -8.874170850592201E-008
  7.307990315792863E-003 -8.807051414348106E-008
  7.307936500686093E-003 -8.727605201534469E-008
  7.307883108228602E-003 -8.636933177877905E-008
  7.307830143392055E-003 -8.536293066714172E-008
  7.307777608571210E-003 -8.427029032539203E-008
  7.307725511268326E-003 -8.310590799475636E-008
  7.307673866995106E-003 -8.188605484652413E-008
  7.307622695688129E-003 -8.062934005675825E-008
  7.307572013711299E-003 -7.935652985678285E-008
  7.307521826021904E-003 -7.808946243991626E-008
  7.307472122918173E-003 -7.684941595183641E-008
  7.307422883122972E-003 -7.565559143554895E-008
  7.307374081366156E-003 -7.452429890810985E-008
  7.307325696169835E-003 -7.346903629778789E-008
  7.307277713584444E-003 -7.250116374112706E-008
  7.307230125078839E-003 -7.163057791992524E-008
  7.307182921195433E-003 -7.086584440564970E-008
  7.307136084975773E-003 -7.021360788881789E-008
  7.307089589204535E-003 -6.967755513686227E-008
  7.307043399247480E-003 -6.925749229603262E-008
  7.306997480027334E-003 -6.894905884587277E-008
  7.306951803358935E-003 -6.874426605130703E-008
  7.306906351751181E-003 -6.863261506444977E-008
  7.306861116883228E-003 -6.860226499414280E-008
  7.306816094017848E-003 -6.864074032623955E-008
  7.306771275858197E-003 -6.873496986525418E-008
  7.306726649531373E-003 -6.887085633586367E-008
  7.306682198453670E-003 -6.903285337603055E-008
  7.306637907959264E-003 -6.920402075609977E-008
  7.306593771421403E-003 -6.936674965943828E-008
  7.306549793366594E-003 -6.950396303886106E-008
  7.306505987850614E-003 -6.960032350406683E-008
  7.306462373065553E-003 -6.964297554393412E-008
  7.306418965218256E-003 -6.962160711230855E-008
  7.306375775007264E-003 -6.952798494238668E-008
  7.306332808421093E-003 -6.935538621283186E-008
  7.306290071053939E-003 -6.909836675914241E-008
  7.306247573146664E-003 -6.875306970586790E-008
  7.306205332221398E-003 -6.831793074537387E-008
  7.306163371629855E-003 -6.779437893926832E-008
  7.306121715702351E-003 -6.718711069580903E-008
  7.306080384099712E-003 -6.650373615817839E-008
  7.306039388361872E-003 -6.575392933641674E-008
  7.305998732337604E-003 -6.494846423682059E-008
  7.305958415958188E-003 -6.409854859557749E-008
  7.305918439967207E-003 -6.321566485807361E-008
  7.305878808775834E-003 -6.231181708698997E-008
  7.305839529789659E-003 -6.139984350965534E-008
  7.305800609637316E-003 -6.049342133435272E-008
  7.305762049516042E-003 -5.960657608938325E-008
  7.305723842348760E-003 -5.875279937687470E-008
  7.305685973382586E-003 -5.794410740133125E-008
  7.305648423893540E-003 -5.719040969662342E-008
  7.305611175935998E-003 -5.649938785939418E-008
  7.305574215562657E-003 -5.587680994268032E-008
  7.305537532901173E-003 -5.532698567554863E-008
  7.305501119322075E-003 -5.485302317909706E-008
  7.305464963593257E-003 -5.445669848456969E-008
  7.305429049448089E-003 -5.413800258195691E-008
  7.305393356124092E-003 -5.389463994544279E-008
  7.305357861690125E-003 -5.372179952938188E-008
  7.305322547387244E-003 -5.361238196702581E-008
  7.305287400665383E-003 -5.355762722829405E-008
  7.305252415386107E-003 -5.354788322964308E-008
  7.305217589294610E-003 -5.357320151667269E-008
  7.305182920388750E-003 -5.362356735749411E-008
  7.305148404364374E-003 -5.368879465432195E-008
  7.305114034610063E-003 -5.375831189988539E-008
  7.305079804700274E-003 -5.382112350399688E-008
  7.305045711885959E-003 -5.386612190668771E-008
  7.305011759529241E-003 -5.388271616312568E-008
  7.304977957061128E-003 -5.386155397670625E-008
  7.304944317464038E-003 -5.379505342351590E-008
  7.304910853662873E-003 -5.367755983572923E-008
  7.304877575766762E-003 -5.350514226688194E-008
  7.304844490547445E-003 -5.327522765806847E-008
  7.304811603219173E-003 -5.298633544266279E-008
  7.304778920271167E-003 -5.263808772656063E-008
  7.304746451541504E-003 -5.223148480034222E-008
  7.304714210206713E-003 -5.176926155334649E-008
  7.304682210588196E-003 -5.125607693730662E-008
  7.304650464927838E-003 -5.069836986448653E-008
  7.304618980851330E-003 -5.010389086881017E-008
  7.304587760817151E-003 -4.948108719456573E-008
  7.304556803707751E-003 -4.883858393774261E-008
  7.304526107523272E-003 -4.818493211676926E-008
  7.304495671566081E-003 -4.752863074938102E-008
  7.304465496862971E-003 -4.687827066873650E-008
  7.304435584631829E-003 -4.624258329979366E-008
  7.304405933740285E-003 -4.563024182050808E-008
  7.304376538674881E-003 -4.504941426624445E-008
  7.304347389231011E-003 -4.450721892282827E-008
  7.304318472143702E-003 -4.400929578065220E-008
  7.304289773787674E-003 -4.355965023544497E-008
  7.304261282504587E-003 -4.316078292347683E-008
  7.304232989377085E-003 -4.281397488534296E-008
  7.304204887191623E-003 -4.251953227256083E-008
  7.304176968373075E-003 -4.227684297470548E-008
  7.304149223237430E-003 -4.208422774622397E-008
  7.304121639686862E-003 -4.193870393053910E-008
  7.304094204611818E-003 -4.183584357193401E-008
  7.304066906274820E-003 -4.176986489728695E-008
  7.304039736398491E-003 -4.173397425820572E-008
  7.304012690868293E-003 -4.172084498847521E-008
  7.303985768761402E-003 -4.172305468076067E-008
  7.303958970353816E-003 -4.173333746476422E-008
  7.303932295299266E-003 -4.174462054378311E-008
  7.303905742019901E-003 -4.174993848388367E-008
  7.303879308608337E-003 -4.174238372537506E-008
  7.303852994652613E-003 -4.171522252580572E-008
  7.303826802869519E-003 -4.166220094801572E-008
  7.303800739556244E-003 -4.157794744380473E-008
  7.303774813555332E-003 -4.145831461591670E-008
  7.303749034268205E-003 -4.130052819196557E-008
  7.303723409766488E-003 -4.110310989256932E-008
  7.303697945956793E-003 -4.086565496043911E-008
  7.303672647124892E-003 -4.058860978704057E-008
  7.303647517392389E-003 -4.027317503862309E-008
  7.303622562117506E-003 -3.992136919957539E-008
  7.303597788336501E-003 -3.953618015799092E-008
  7.303573203920320E-003 -3.912167044444687E-008
  7.303548815869276E-003 -3.868291960697161E-008
  7.303524628657969E-003 -3.822577254852223E-008
  7.303500643502886E-003 -3.775646544727670E-008
  7.303476858893187E-003 -3.728126212369667E-008
  7.303453272016040E-003 -3.680621970445902E-008
  7.303429880227763E-003 -3.633712373167502E-008
  7.303406681736782E-003 -3.587953585308936E-008
  7.303383675151547E-003 -3.543883779144234E-008
  7.303360858216633E-003 -3.502016606825763E-008
  7.303338226527585E-003 -3.462820412947643E-008
  7.303315773019019E-003 -3.426688944897307E-008
  7.303293488571119E-003 -3.393914996560532E-008
  7.303271363443721E-003 -3.364677572722024E-008
  7.303249388791366E-003 -3.339046411599403E-008
  7.303227557491163E-003 -3.316999048591645E-008
  7.303205863928785E-003 -3.298439948346576E-008
  7.303184302989528E-003 -3.283211677536023E-008
  7.303162868943557E-003 -3.271094142567852E-008
  7.303141554950014E-003 -3.261795972314982E-008
  7.303120353524547E-003 -3.254947514819217E-008
  7.303099257747247E-003 -3.250104667252823E-008
  7.303078262561591E-003 -3.246767120290369E-008
  7.303057365468922E-003 -3.244406938373610E-008
  7.303036566273102E-003 -3.242498058844446E-008
  7.303015866065881E-003 -3.240537253786511E-008
  7.302995266055386E-003 -3.238052228833067E-008
  7.302974766897674E-003 -3.234599783741306E-008
  7.302954368872399E-003 -3.229762181334402E-008
  7.302934072741355E-003 -3.223150147761634E-008
  7.302913880733877E-003 -3.214416271397648E-008
  7.302893797037447E-003 -3.203275750447630E-008
  7.302873827462780E-003 -3.189526422868960E-008
  7.302853978424608E-003 -3.173059643578667E-008
  7.302834255759212E-003 -3.153857936406333E-008
  7.302814663974779E-003 -3.131981909115368E-008
  7.302795206267487E-003 -3.107553873567994E-008
  7.302775885194089E-003 -3.080746235459242E-008
  7.302756703526487E-003 -3.051778783563212E-008
  7.302737664729987E-003 -3.020922906202986E-008
  7.302718772743843E-003 -2.988506065885551E-008
  7.302700031156353E-003 -2.954909200988388E-008
  7.302681442217618E-003 -2.920553407135499E-008
  7.302663006223576E-003 -2.885878053890051E-008
  7.302644721590903E-003 -2.851317051693867E-008
  7.302626585553194E-003 -2.817280758141120E-008
  7.302608595070042E-003 -2.784147656253903E-008
  7.302590747442300E-003 -2.752264487873117E-008
  7.302573040318392E-003 -2.721949128426399E-008
  7.302555471140853E-003 -2.693489611354141E-008
  7.302538036407668E-003 -2.667135709826612E-008
  7.302520731225549E-003 -2.643084538891400E-008
  7.302503549459277E-003 -2.621465788831804E-008
  7.302486484438509E-003 -2.602333093112172E-008
  7.302469529870088E-003 -2.585665243320524E-008
  7.302452680497470E-003 -2.571376163220867E-008
  7.302435932204359E-003 -2.559328496460963E-008
  7.302419281581494E-003 -2.549344601859033E-008
  7.302402725276332E-003 -2.541211190658981E-008
  7.302386259554307E-003 -2.534678243141264E-008
  7.302369880361296E-003 -2.529456691156850E-008
  7.302353583875680E-003 -2.525220409001003E-008
  7.302337367251478E-003 -2.521615854537484E-008
  7.302321229144556E-003 -2.518278514292891E-008
  7.302305169739207E-003 -2.514851602405040E-008
  7.302289190274937E-003 -2.511001300574141E-008
  7.302273292347814E-003 -2.506424807451017E-008
  7.302257477371832E-003 -2.500851394655345E-008
  7.302241746475070E-003 -2.494040252352308E-008
  7.302226100842763E-003 -2.485780161709957E-008
  7.302210542258629E-003 -2.475894295323853E-008
  7.302195073485103E-003 -2.464249808435845E-008
  7.302179698221061E-003 -2.450768484903906E-008
  7.302164420620421E-003 -2.435433478975287E-008
  7.302149244603450E-003 -2.418288814099186E-008
  7.302134173303680E-003 -2.399431775401122E-008
  7.302119208907898E-003 -2.379001665840601E-008
  7.302104352919224E-003 -2.357169706793337E-008
  7.302089606636454E-003 -2.334133465243524E-008
  7.302074971531388E-003 -2.310115987989123E-008
  7.302060449278990E-003 -2.285366687288925E-008
  7.302046041406021E-003 -2.260159748155079E-008
  7.302031748748779E-003 -2.234787111624913E-008
  7.302017571021309E-003 -2.209546105670579E-008
  7.302003506732388E-003 -2.184724804324188E-008
  7.301989553492948E-003 -2.160589469419913E-008
  7.301975708540502E-003 -2.137377290188797E-008
  7.301961969195905E-003 -2.115294800076173E-008
  7.301948333020615E-003 -2.094519472976103E-008
  7.301934797624832E-003 -2.075200707147574E-008
  7.301921360281442E-003 -2.057457357335232E-008
  7.301908017610627E-003 -2.041371579041795E-008
  7.301894765555288E-003 -2.026981422778315E-008
  7.301881599697612E-003 -2.014275859572459E-008
  7.301868515772134E-003 -2.003195036303501E-008
  7.301855510122028E-003 -1.993636097023437E-008
  7.301842579882662E-003 -1.985462306420632E-008
  7.301829722834498E-003 -1.978511924157615E-008
  7.301816937053137E-003 -1.972603989444226E-008
  7.301804220591331E-003 -1.967540405217440E-008
  7.301791571397543E-003 -1.963106151849785E-008
  7.301778987529263E-003 -1.959070713033737E-008
  7.301766467543748E-003 -1.955193175850099E-008
  7.301754010844576E-003 -1.951231381201285E-008
  7.301741617787395E-003 -1.946953169997910E-008
  7.301729289484282E-003 -1.942146528236982E-008
  7.301717027413125E-003 -1.936625951179152E-008
  7.301704833040469E-003 -1.930234302521173E-008
  7.301692707647575E-003 -1.922841686550175E-008
  7.301680652424138E-003 -1.914344117318241E-008
  7.301668668736759E-003 -1.904664372525713E-008
  7.301656758380144E-003 -1.893755638349063E-008
  7.301644923632791E-003 -1.881606462791972E-008
  7.301633167054423E-003 -1.868244327946529E-008
  7.301621491111200E-003 -1.853735514828304E-008
  7.301609897811139E-003 -1.838180634063542E-008
  7.301598388523360E-003 -1.821707235387718E-008
  7.301586964048271E-003 -1.804462120752756E-008
  7.301575624865326E-003 -1.786605738551736E-008
  7.301564371390531E-003 -1.768309484839918E-008
  7.301553204079964E-003 -1.749754838701601E-008
  7.301542123312680E-003 -1.731132082132660E-008
  7.301531129118858E-003 -1.712636575465371E-008
  7.301520220910377E-003 -1.694461996566576E-008
  7.301509397370638E-003 -1.676791753619761E-008
  7.301498656570852E-003 -1.659790923086242E-008
  7.301487996254349E-003 -1.643600886825470E-008
  7.301477414141071E-003 -1.628337504221702E-008
  7.301466908100784E-003 -1.614091922159827E-008
  7.301456476125420E-003 -1.600932003190663E-008
  7.301446116149428E-003 -1.588902439111737E-008
  7.301435825853731E-003 -1.578022814940891E-008
  7.301425602595299E-003 -1.568284489098562E-008
  7.301415443529176E-003 -1.559648201622149E-008
  7.301405345877758E-003 -1.552044263249078E-008
  7.301395307218235E-003 -1.545376020982180E-008
  7.301385325650102E-003 -1.539525777426502E-008
  7.301375399773943E-003 -1.534361269328752E-008
  7.301365528518495E-003 -1.529740817551117E-008
  7.301355710934539E-003 -1.525516270308676E-008
  7.301345946085478E-003 -1.521534295536187E-008
  7.301336233101503E-003 -1.517637588248796E-008
  7.301326571364848E-003 -1.513667600599021E-008
  7.301316960715586E-003 -1.509469460465106E-008
  7.301307401554534E-003 -1.504898406526501E-008
  7.301297894777874E-003 -1.499826077762492E-008
  7.301288441571721E-003 -1.494144936872287E-008
  7.301279043170472E-003 -1.487769978654108E-008
  7.301269700697412E-003 -1.480638166705350E-008
  7.301260415153686E-003 -1.472707018710421E-008
  7.301251187533988E-003 -1.463953886603028E-008
  7.301242018974947E-003 -1.454376698220354E-008
  7.301232910826063E-003 -1.443995747351330E-008
  7.301223864580599E-003 -1.432855190814922E-008
  7.301214881686023E-003 -1.421022805332220E-008
  7.301205963323029E-003 -1.408587282348251E-008
  7.301197110259510E-003 -1.395653495654429E-008
  7.301188322842854E-003 -1.382337087420750E-008
  7.301179601116597E-003 -1.368759873264073E-008
  7.301170944980640E-003 -1.355046922052112E-008
  7.301162354295278E-003 -1.341325084612068E-008
  7.301153828867683E-003 -1.327721884427854E-008
  7.301145368331578E-003 -1.314363510673236E-008
  7.301136971994786E-003 -1.301371253553658E-008
  7.301128638748934E-003 -1.288856719784607E-008
  7.301120367100880E-003 -1.276916998058945E-008
  7.301112155317557E-003 -1.265631111664510E-008
  7.301104001614231E-003 -1.255058542145195E-008
  7.301095904295491E-003 -1.245239646601540E-008
  7.301087861789130E-003 -1.236196977766327E-008
  7.301079872576726E-003 -1.227936310666679E-008
  7.301071935083617E-003 -1.220446653817411E-008
  7.301064047612477E-003 -1.213699399160348E-008
  7.301056208376779E-003 -1.207647516481361E-008
  7.301048415631179E-003 -1.202225897362863E-008
  7.301040667839142E-003 -1.197353497653516E-008
  7.301032963796708E-003 -1.192937095750150E-008
  7.301025302656096E-003 -1.188875734328482E-008
  7.301017683848830E-003 -1.185064696325055E-008
  7.301010106962240E-003 -1.181398249080935E-008
  7.301002571645362E-003 -1.177771173289361E-008
  7.300995077598214E-003 -1.174079792910250E-008
  7.300987624646606E-003 -1.170223458541919E-008
  7.300980212852959E-003 -1.166107091689651E-008
  7.300972842591885E-003 -1.161644668324904E-008
  7.300965514538848E-003 -1.156762864008858E-008
  7.300958229568882E-003 -1.151403840190672E-008
  7.300950988611786E-003 -1.145526483289723E-008
  7.300943792532052E-003 -1.139106094830004E-008
  7.300936642084848E-003 -1.132133193836633E-008
  7.300929537954064E-003 -1.124612345378318E-008
  7.300922480831557E-003 -1.116561668207994E-008
  7.300915471474815E-003 -1.108013037932596E-008
  7.300908510695116E-003 -1.099012401229287E-008
  7.300901599270181E-003 -1.089619365049667E-008
  7.300894737819886E-003 -1.079905488789801E-008
  7.300887926705246E-003 -1.069951304473790E-008
  7.300881165998029E-003 -1.059842694291479E-008
  7.300874455529194E-003 -1.049667509933542E-008
  7.300867794981796E-003 -1.039513093582236E-008
  7.300861183972198E-003 -1.029464807021315E-008
  7.300854622074169E-003 -1.019605107298003E-008
  7.300848108776531E-003 -1.010012449711767E-008
  7.300841643405387E-003 -1.000759490374224E-008
  7.300835225063244E-003 -9.919105774424775E-009
  7.300828852628266E-003 -9.835190475882636E-009
  7.300822524823159E-003 -9.756250912791103E-009
  7.300816240324666E-003 -9.682547694323724E-009
  7.300809997863414E-003 -9.614202695527690E-009
  7.300803796271282E-003 -9.551209710432074E-009
  7.300797634464773E-003 -9.493446301154477E-009
  7.300791511389380E-003 -9.440681342638331E-009
  7.300785425971016E-003 -9.392577141785524E-009
  7.300779377114379E-003 -9.348689807259198E-009
  7.300773363759320E-003 -9.308473972864372E-009
  7.300767384971520E-003 -9.271296641182060E-009
  7.300761440023393E-003 -9.236460707757729E-009
  7.300755528426027E-003 -9.203234099280543E-009
  7.300749649900014E-003 -9.170877932872856E-009
  7.300743804306044E-003 -9.138668246386653E-009
  7.300737991576406E-003 -9.105909617959553E-009
  7.300732211684788E-003 -9.071943430716542E-009
  7.300726464666997E-003 -9.036156014767286E-009
  7.300720750674113E-003 -8.997991098430307E-009
  7.300715070020019E-003 -8.956967424446928E-009
  7.300709423188096E-003 -8.912698317638879E-009
  7.300703810784917E-003 -8.864907662036302E-009
  7.300698233458305E-003 -8.813437470536091E-009
  7.300692691816240E-003 -8.758245687838228E-009
  7.300687186381207E-003 -8.699396851605272E-009
  7.300681717593504E-003 -8.637050711364267E-009
  7.300676285849002E-003 -8.571453385552559E-009
  7.300670891538375E-003 -8.502932684177718E-009
  7.300665535055670E-003 -8.431895455361055E-009
  7.300660216763529E-003 -8.358822584024107E-009
  7.300654936928589E-003 -8.284257742153965E-009
  7.300649695658580E-003 -8.208788822210924E-009
  7.300644492872291E-003 -8.133024649267442E-009
  7.300639328315752E-003 -8.057571780581929E-009
  7.300634201612992E-003 -7.983015917464487E-009
  7.300629112322137E-003 -7.909909790697888E-009
  7.300624059967065E-003 -7.838765990671753E-009
  7.300619044031053E-003 -7.770050949797751E-009
  7.300614063922269E-003 -7.704176489421742E-009
  7.300609118937882E-003 -7.641487697430544E-009
  7.300604208254698E-003 -7.582249059063195E-009
  7.300599330959228E-003 -7.526632860182570E-009
  7.300594486107956E-003 -7.474713676347853E-009
  7.300589672792037E-003 -7.426470453298437E-009
  7.300584890178982E-003 -7.381794611147314E-009
  7.300580137517569E-003 -7.340500527899558E-009
  7.300575414113186E-003 -7.302334641965419E-009
  7.300570719296751E-003 -7.266981494666163E-009
  7.300566052412630E-003 -7.234067790884167E-009
  7.300561412838453E-003 -7.203167517589769E-009
  7.300556800030085E-003 -7.173811211508999E-009
  7.300552213569731E-003 -7.145500570874628E-009
  7.300547653192550E-003 -7.117726882629696E-009
  7.300543118778756E-003 -7.089989801904618E-009
  7.300538610316741E-003 -7.061812939490061E-009
  7.300534127857711E-003 -7.032754373233202E-009
  7.300529671485276E-003 -7.002412810502446E-009
  7.300525241313032E-003 -6.970432024976169E-009
  7.300520837505811E-003 -6.936506407697338E-009
  7.300516460306020E-003 -6.900389002628447E-009
  7.300512110043339E-003 -6.861900976855447E-009
  7.300507787115561E-003 -6.820939767020162E-009
  7.300503491944693E-003 -6.777482910401204E-009
  7.300499224926225E-003 -6.731586047852171E-009
  7.300494986392826E-003 -6.683375923525570E-009
  7.300490776605174E-003 -6.633040973592355E-009
  7.300486595767257E-003 -6.580822476740687E-009
  7.300482444050247E-003 -6.527007940598270E-009
  7.300478321605406E-003 -6.471926341814957E-009
  7.300474228554144E-003 -6.415943120102931E-009
  7.300470164957650E-003 -6.359452531703338E-009
  7.300466130781117E-003 -6.302866169237639E-009
  7.300462125871349E-003 -6.246598463368381E-009
  7.300458149959548E-003 -6.191051623947909E-009
