  0.999999988234148       0.000000000000000E+000
  0.808001966527931      -2.594859635015185E-003
  0.350860551155396      -1.563295661861987E-002
 -0.101307617664071      -3.562902470171143E-002
 -0.292739568354346      -4.737274614972520E-002
 -0.131323308925537      -3.858754476449033E-002
  0.267189620255207      -1.361450808053657E-002
  0.659355344684997       7.049964719489248E-003
  0.821770913093494       2.459702998282269E-003
  0.674743223815853      -3.029759242100646E-002
  0.313799031292909      -7.070605439034763E-002
 -5.837861393494242E-002 -8.839966387113296E-002
 -0.250247383931675      -6.615272379871769E-002
 -0.180156071356455      -1.442932858379597E-002
  9.308805114107867E-002  3.452110927337881E-002
  0.413510765270399       4.941085501022698E-002
  0.613526912842605       2.271720672447749E-002
  0.595938222187374      -2.360013312543936E-002
  0.375878163068502      -5.382763490276497E-002
  6.842630827807089E-002 -4.399664732357655E-002
 -0.169070529315843       1.562578900572947E-003
 -0.213696679243534       5.425885930446969E-002
 -3.865812948491747E-002  8.208942446278192E-002
  0.269763125452111       7.156693704409835E-002
  0.552022623842596       3.519389512257194E-002
  0.656791243995019       4.345122866618189E-004
  0.524272466437773      -1.033971898281334E-002
  0.224748794509823       6.021362183700633E-003
 -7.432929976592667E-002  3.431773391695721E-002
 -0.199867391376966       5.415175109887423E-002
 -7.345893885638759E-002  5.427038989520559E-002
  0.239172186808556       3.785455023096009E-002
  0.562399087988360       1.678681510596506E-002
  0.711597889702778       1.386178029364991E-003
  0.601705502493780      -5.767403667849330E-003
  0.297753610677464      -8.242200622567220E-003
 -2.383156243866122E-002 -9.777235517805670E-003
 -0.179826247055497      -1.037065316231910E-002
 -8.721683350649043E-002 -7.868623861317604E-003
  0.191325651232293      -2.663577927494188E-003
  0.488622463867318       4.512231654413398E-005
  0.633145540541007      -6.358066301985267E-003
  0.546838335668613      -2.327319821933273E-002
  0.284209433718607      -4.315867177366435E-002
 -5.783990771978736E-003 -5.311337038022903E-002
 -0.167877919559799      -4.412235605349743E-002
 -0.125572119551304      -1.901134751034090E-002
  8.324238078424058E-002  7.724994970118412E-003
  0.334761851961815       1.916752455826815E-002
  0.490649795331765       8.045781206490951E-003
  0.471063344708843      -1.733663385361350E-002
  0.291949070936250      -3.816373443028406E-002
  5.123293229459124E-002 -3.794543330849628E-002
 -0.125020476249759      -1.404938501152976E-002
 -0.147471331541473       2.035236977360770E-002
 -7.535445051171385E-003  4.528884789518372E-002
  0.219813972029816       4.746657475155384E-002
  0.415075969321120       2.873745631370587E-002
  0.475919290432245       3.967162959759817E-003
  0.370963795948179      -9.612967389131710E-003
  0.157694582215811      -3.744728201822649E-003
 -4.652044723028245E-002  1.649100632719182E-002
 -0.127037444872356       3.745557731470296E-002
 -3.547482735988907E-002  4.661218390101587E-002
  0.181375446524266       4.005010013823457E-002
  0.405429149456287       2.331648032742270E-002
  0.512654668222488       6.235839410641720E-003
  0.443643886847567      -3.706158164272573E-003
  0.238430190729158      -4.846000868456537E-003
  1.426889827533865E-002 -3.375896509204892E-004
 -0.101583070275719       5.253123147948215E-003
 -4.506090063498839E-002  8.630417113614041E-003
  0.148467565474565       8.254485917221062E-003
  0.365910512503530       3.544918574564008E-003
  0.482649039662165      -5.400827097569936E-003
  0.433809063650336      -1.697061112418662E-002
  0.249255835498064      -2.731002417034491E-002
  3.348291006072605E-002 -3.140792565666331E-002
 -9.581981085632749E-002 -2.616731719360095E-002
 -7.375890857650044E-002 -1.342078120618637E-002
  7.847891114670799E-002 -1.019027900562598E-004
  0.269623109956261       5.478907115452967E-003
  0.391692590678750      -7.753481930675468E-004
  0.379238833395154      -1.525873443820406E-002
  0.242203800237172      -2.823238870531891E-002
  5.675623450292965E-002 -2.992577087971795E-002
 -7.820693080146032E-002 -1.719626800224240E-002
 -9.403065863140948E-002  3.952297648422096E-003
  1.309959615512833E-002  2.197881226052837E-002
  0.182586998754200       2.724803240987060E-002
  0.323008623968317       1.827131861263965E-002
  0.360566722936268       2.515484796188427E-003
  0.277373839777223      -8.676461338383363E-003
  0.120175250650598      -7.494384767061086E-003
 -2.480961959514383E-002  5.584395075708718E-003
 -7.793949365405133E-002  2.263517033064116E-002
 -9.047113930983884E-003  3.375809144393003E-002
  0.145802211780548       3.326887332258343E-002
  0.303341596114365       2.262306245961711E-002
  0.378376865773975       8.655079729063790E-003
  0.330890924311675      -1.118371595757783E-003
  0.188687005362991      -2.811327621475316E-003
  3.226945177801516E-002  2.391017704024350E-003
 -5.017871275816776E-002  9.891620658136164E-003
 -1.251114897075112E-002  1.475541536934398E-002
  0.123355186986676       1.413997668424737E-002
  0.280147578264179       8.047461500085687E-003
  0.369399984344040      -1.321562361177478E-003
  0.341583014583076      -1.073801294051802E-002
  0.213426855535012      -1.704758156594372E-002
  5.718872714926448E-002 -1.814815693796418E-002
 -4.120773222527484E-002 -1.388228415491832E-002
 -3.058090073881315E-002 -6.503547079127140E-003
  7.810103438889683E-002 -9.061227524317673E-005
  0.219955360040978       1.328760915311688E-003
  0.314032594732516      -3.800069247747902E-003
  0.308478382847031      -1.312335889750442E-002
  0.207780153759963      -2.121992574194716E-002
  6.807398894189826E-002 -2.263164611246815E-002
 -3.532006244909770E-002 -1.536629782625685E-002
 -4.921221519960410E-002 -2.527880080151223E-003
  2.984564285458391E-002  9.251747246911362E-003
  0.155636003712915       1.380473145940696E-002
  0.258680897980283       9.330270644274517E-003
  0.283936233452437      -3.886830582009141E-004
  0.219586651067450      -8.336211035428226E-003
  0.102198245799549      -8.691979705746719E-003
 -3.783943825082776E-003 -4.619594549605255E-004
 -4.088031084824937E-002  1.200954877346300E-002
  1.077885732675934E-002  2.187780735891444E-002
  0.123148317829135       2.404710998526063E-002
  0.235680105875906       1.809738867493339E-002
  0.288201908017732       8.177004905801094E-003
  0.253597971112264       1.882013108951589E-004
  0.152538085315397      -1.770608974961548E-003
  4.205279694119447E-002  2.485854982433791E-003
 -1.597384877799094E-002  9.606017959987025E-003
  1.090649343107669E-002  1.498525510705989E-002
  0.107725735219952       1.537989485853060E-002
  0.220581238388993       1.038752269142300E-002
  0.286897248187258       2.251946576942151E-003
  0.270429803589800      -5.556932888109386E-003
  0.181257524413966      -1.006350968985124E-002
  6.957270878678551E-002 -1.001471615631977E-002
 -2.956416414451720E-003 -6.252555375069971E-003
  2.209017725261603E-003 -1.242808312159766E-003
  7.949517470525383E-002  2.020586007025174E-003
  0.183352099042137       1.377543226588733E-003
  0.254568900610769      -3.378799487846388E-003
  0.253450126187621      -1.019635172634910E-002
  0.181185607342236      -1.561211348730969E-002
  7.797613804060108E-002 -1.652173619614541E-002
 -2.138311713095196E-004 -1.199876313254259E-002
 -1.271206137910995E-002 -4.056473080488600E-003
  4.425791155198499E-002  3.281844116781034E-003
  0.136784032046753       6.232784662960456E-003
  0.212877960265622       3.536364064397231E-003
  0.231127950462887      -2.673789263909584E-003
  0.182683293145911      -8.061387706646796E-003
  9.506664517582833E-002 -8.689912057690284E-003
  1.640229352402539E-002 -3.442927459879670E-003
 -1.093776197900050E-002  5.263914485918851E-003
  2.703631842275176E-002  1.293810153517440E-002
  0.108972170606595       1.571721925814496E-002
  0.190272047758096       1.263530820663009E-002
  0.227472080622993       6.074923958369623E-003
  0.201689623554947       2.072101451425145E-004
  0.128546276566681      -1.534447393900030E-003
  4.930725007919486E-002  1.617387470868518E-003
  8.133151618124595E-003  7.520608594405166E-003
  2.788060137726963E-002  1.255850231615768E-002
  9.769776206424340E-002  1.377067560744810E-002
  0.179214019353315       1.041153925034657E-002
  0.227878699532449       4.149231466961458E-003
  0.217601674861084      -2.029390338708329E-003
  0.155004613566879      -5.464391341434675E-003
  7.540324773464863E-002 -5.112218356100864E-003
  2.288333456312560E-002 -1.899849962821611E-003
  2.572986249758455E-002  1.897058465350517E-003
  8.098074925536798E-002  3.850394156364062E-003
  0.156605543558408       2.564121436374838E-003
  0.209810107109737      -1.668127543379996E-003
  0.210964374678451      -7.004722536155539E-003
  0.159717687278863      -1.094166213119667E-002
  8.453214075030661E-002 -1.156117854080065E-002
  2.631457541706037E-002 -8.554136987689890E-003
  1.562874413719385E-002 -3.465577242932968E-003
  5.623071361568694E-002  1.047468831476624E-003
  0.123777439926699       2.631099346800697E-003
  0.179934565836393       5.758858086963095E-004
  0.193684846341384      -3.706407858588198E-003
  0.158008615816087      -7.421072848718832E-003
  9.303867628058891E-002 -7.983304359410304E-003
  3.441599500258347E-002 -4.553463403591457E-003
  1.359040179652493E-002  1.416557901281561E-003
  4.091671029986145E-002  6.990035631620837E-003
  0.100559472775466       9.447394606848196E-003
  0.159635001684535       7.866002486488766E-003
  0.186336203906167       3.626988085043570E-003
  0.167102958134548      -4.440417886566063E-004
  0.113619369195865      -1.763004220510483E-003
  5.604302152373482E-002  5.231771116874889E-004
  2.632906545908563E-002  5.112136830143980E-003
  4.080357142634227E-002  9.383775523393473E-003
  9.145115420660242E-002  1.094571897493796E-002
  0.150571533831427       8.958240044374425E-003
  0.186145467246551       4.506600984363241E-003
  0.179413470065719      -1.116941970294719E-004
  0.135004420747549      -2.701879806366113E-003
  7.810234905465212E-002 -2.325492795444854E-003
  4.032226265307896E-002  3.040650718172422E-004
  4.219895991029975E-002  3.317825604981556E-003
  8.200962254732509E-002  4.741728003998037E-003
  0.137049039378251       3.523881229230994E-003
  0.176493649652559       3.295047445363858E-005
  0.178558969940302      -4.177935626084869E-003
  0.142371317050800      -7.186309113276400E-003
  8.806690787039731E-002 -7.678083770745735E-003
  4.528691524729396E-002 -5.608874843923570E-003
  3.667055535834901E-002 -2.222948055165857E-003
  6.557363357511180E-002  5.900816493230539E-004
  0.114684714023629       1.289874867614393E-003
  0.156029497325053      -4.782019575858212E-004
  0.166572177940280      -3.662818510206473E-003
  0.140710895477652      -6.354744686647639E-003
  9.291636876154485E-002 -6.835689000222881E-003
  4.934646444956937E-002 -4.557300974086475E-003
  3.331186593541341E-002 -4.857647318446794E-004
  5.266635037512281E-002  3.411950297530807E-003
  9.591441879620032E-002  5.269040348692525E-003
  0.138914341925626       4.378781153031426E-003
  0.158274702823447       1.592380784524782E-003
  0.144031467588165      -1.184499519141662E-003
  0.104766313736406      -2.103208231805141E-003
  6.256443901474795E-002 -4.380812805495882E-004
  4.074847979872091E-002  3.014060639195466E-003
  5.116701680470921E-002  6.419371306566062E-003
  8.793438983375063E-002  7.972675678926098E-003
  0.130913934829411       6.911543359608011E-003
  0.156905290778714       3.902545848952814E-003
  0.152338528399935       6.105884412821945E-004
  0.120533620270787      -1.264211246339555E-003
  7.962809005314361E-002 -9.163245637508469E-004
  5.242053611572188E-002  1.178055572072684E-003
  5.379469933038004E-002  3.591871952040483E-003
  8.265829301557383E-002  4.769646249428106E-003
  0.122773696501372       3.870258739577563E-003
  0.151910228377397       1.184937862944488E-003
  0.154163820335867      -2.059955774482976E-003
  0.128606017571736      -4.376597182343941E-003
  8.954600323593452E-002 -4.795080049956645E-003
  5.839529256317999E-002 -3.346632548940178E-003
  5.176681662430839E-002 -1.016294301235225E-003
  7.244061708948907E-002  7.959300142618709E-004
  0.108120977435766       1.020943423367333E-003
  0.138511211769212      -5.129583822194304E-004
  0.146635296857841      -2.988697868902945E-003
  0.128087950681697      -5.037064540826964E-003
  9.318154659877798E-002 -5.476681876361124E-003
  6.098018970955482E-002 -3.963262224454231E-003
  4.868353183962237E-002 -1.190662706141562E-003
  6.227943034717959E-002  1.478305559572421E-003
  9.353848899232117E-002  2.758606588640760E-003
  0.124832644506951       2.155310612607306E-003
  0.138960330287743       2.377686196673610E-004
  0.128509731644780      -1.686493491986368E-003
  9.967990538436583E-002 -2.317786330326821E-003
  6.861193828592434E-002 -1.105252614591023E-003
  5.239115475357813E-002  1.441847953934944E-003
  5.972196590513944E-002  4.048894427261323E-003
  8.634643989407390E-002  5.401941929419646E-003
  0.117601415599871       4.883874595757373E-003
  0.136589836559656       2.901483476434650E-003
  0.133421809010769       6.286404836347885E-004
  0.110477709335905      -6.714505731686315E-004
  8.089165469986323E-002 -3.494222835176682E-004
  6.118966517016256E-002  1.295312592500322E-003
  6.219146421616721E-002  3.217846433673970E-003
  8.317526064005136E-002  4.232430911691001E-003
  0.112451320767820       3.668084182701361E-003
  0.133937249842522       1.716266191322608E-003
  0.136041945788812      -7.014890882319659E-004
  0.117948118830338      -2.451095789698661E-003
  8.988163861656678E-002 -2.794525910916918E-003
  6.731264680479986E-002 -1.763547495029117E-003
  6.237394557400548E-002 -1.123334664844248E-004
  7.726269264226271E-002  1.109399556314264E-003
  0.103220640776835       1.126040345509844E-003
  0.125553721663470      -1.538490483977954E-004
  0.131817999503465      -2.098423981412097E-003
  0.118610734639757      -3.698775607394786E-003
  9.326302318031844E-002 -4.113317785983906E-003
  6.960951226945987E-002 -3.119858027903106E-003
  6.028151459318521E-002 -1.233515797889978E-003
  6.982382287841782E-002  5.739801681129163E-004
  9.238707775248343E-002  1.403380833026821E-003
  0.115155785538919       9.178839355878034E-004
  0.125507636373165      -4.759510818059621E-004
  0.117907960306303      -1.858751300260447E-003
  9.678175578951202E-002 -2.314555756867869E-003
  7.388748566410742E-002 -1.445306510688676E-003
  6.174718345963434E-002  4.052482786363177E-004
  6.679937988639788E-002  2.344330482833734E-003
  8.601008616067934E-002  3.429782588888656E-003
  0.108714170791694       3.192939247790071E-003
  0.122576954084878       1.889727108899008E-003
  0.120347683293457       3.423182316365866E-004
  0.103711860082110      -5.323724097699421E-004
  8.219877285151042E-002 -2.359720187842000E-004
  6.783035334313096E-002  1.044775721030922E-003
  6.850526541255496E-002  2.560136878592538E-003
  8.375024542725336E-002  3.428379302318219E-003
  0.105118698236688       3.126611156808481E-003
  0.120941839733510       1.768624970994914E-003
  0.122763382332150       2.511246203864567E-005
  0.109909499494428      -1.256475512203455E-003
  8.972185892739638E-002 -1.514087972312745E-003
  7.339634547203705E-002 -7.620832354497499E-004
  6.978060073632744E-002  4.388722417105117E-004
  8.056615289648612E-002  1.304563755103224E-003
  9.948975688767876E-002  1.259320572339616E-003
  0.115913462615267       2.431302161887651E-004
  0.120741253634562      -1.265990331529757E-003
  0.111382084544155      -2.518429878264959E-003
  9.305231355876814E-002 -2.899455332847740E-003
  7.577158592681628E-002 -2.256263239858017E-003
  6.878356029809123E-002 -9.723345711834272E-004
  7.551246949497403E-002  2.472875746351829E-004
  9.180975638732061E-002  7.613624800735656E-004
  0.108383973176263       3.391649216622449E-004
  0.115995735999410      -7.191673529145770E-004
  0.110515505801683      -1.753282526009641E-003
  9.507988709589155E-002 -2.110074361141657E-003
  7.822937815894231E-002 -1.505610009584416E-003
  6.913134900510594E-002 -1.818753873767358E-004
  7.255987363945587E-002  1.227936189045371E-003
  8.637840328224156E-002  2.049876084798607E-003
  0.102846180707172       1.939538206521842E-003
  0.112955654397460       1.065879902998735E-003
  0.111372493537535       7.801258899816228E-006
  9.927186175805604E-002 -5.755197078801753E-004
  8.356635217011073E-002 -3.134410403265149E-004
  7.301760900519907E-002  6.745695167129712E-004
  7.341272424963335E-002  1.853885309057382E-003
  8.445487600062250E-002  2.578780979275817E-003
  0.100033505532824       2.451482879364735E-003
  0.111665178685704       1.535882402799238E-003
  0.113169236548754       3.117186858885367E-004
  0.104001771871485      -5.981000894663297E-004
  8.944892778030088E-002 -7.704483392289009E-004
  7.762828100415378E-002 -2.052622887451508E-004
  7.499412403936931E-002  6.888462689596367E-004
  8.283286187938768E-002  1.331055052031911E-003
  9.665067081537759E-002  1.291313430592681E-003
  0.108738735544260       5.222052146715647E-004
  0.112454820521327      -6.227772398367964E-004
  0.105844061552622      -1.588150927662980E-003
  9.262582091137114E-002 -1.919483834179407E-003
  8.005325585396128E-002 -1.504949887431323E-003
  7.487660417680046E-002 -6.270819078161674E-004
  7.965860425528073E-002  1.989087896211471E-004
  9.145500697554125E-002  5.090081014693306E-004
  0.103537601459653       1.413265466192319E-004
  0.109155980385653      -6.809149467855880E-004
  0.105236872256158      -1.476991029289492E-003
  9.399639699718447E-002 -1.775135491818509E-003
  8.162482851718131E-002 -1.371407871771037E-003
  7.482323062478866E-002 -4.397420319118617E-004
  7.713047782233183E-002  5.658150887294392E-004
  8.705336440636115E-002  1.161399099376368E-003
  9.898475125429504E-002  1.097333442092465E-003
  0.106350651924903       4.903127428581523E-004
  0.105221329266785      -2.479165439953929E-004
  9.640472345293255E-002 -6.437964394083675E-004
  8.490984505435224E-002 -4.261040062494383E-004
  7.712593761076551E-002  3.257760940546385E-004
  7.730285864285641E-002  1.230035077345899E-003
  8.526796894147225E-002  1.817338104328389E-003
  9.660213220358081E-002  1.790542176464540E-003
  0.105131728569100       1.184637699196803E-003
  0.106332092585810       3.405160195616276E-004
  9.976646665436417E-002 -2.888707941049985E-004
  8.924591217198655E-002 -3.891860086133081E-004
  8.066458879228297E-002  4.712097477610921E-005
  7.873597936344620E-002  7.253804752691629E-004
  8.443456512400742E-002  1.218879019096757E-003
  9.452965217836405E-002  1.206994448401927E-003
  0.103428999518715       6.493387019739250E-004
  0.106281985263961      -1.972820163655628E-004
  0.101621038919862      -9.240563068902092E-004
  9.210335273602473E-002 -1.194328288288551E-003
  8.298098774923778E-002 -9.231375169205620E-004
  7.917860933930744E-002 -3.160771493908929E-004
  8.260506065027756E-002  2.500651204422453E-004
  9.116708978045007E-002  4.365794750309418E-004
  9.999362056269986E-002  1.267998644692972E-004
  0.104158124691500      -5.142865635525665E-004
  0.101379313593714      -1.134688607661586E-003
  9.322141033557522E-002 -1.390273814755347E-003
  8.416583381618863E-002 -1.132437981810957E-003
  7.910415651900533E-002 -4.866831201858801E-004
  8.065567996625947E-002  2.191401468060434E-004
  8.778096646974086E-002  6.358174808148619E-004
  9.642396321159036E-002  5.827710993661344E-004
  0.101790843546319       1.430472175718361E-004
  0.100986535849553      -3.875657391106249E-004
  9.456029244626099E-002 -6.675289681488470E-004
  8.613733240417272E-002 -4.993683288731037E-004
  8.037614727161935E-002  6.249261224076294E-005
  8.040104434529810E-002  7.442263353028623E-004
  8.612315896728866E-002  1.205557929545726E-003
  9.434977501165948E-002  1.227046235083480E-003
  0.100587314920978       8.278571253231457E-004
  0.101520199127995       2.502695572035862E-004
  9.679835704358918E-002 -1.781167038098358E-004
  8.917003097993310E-002 -2.261774814415218E-004
  8.291873754504583E-002  1.159493330483196E-004
  8.149054482240531E-002  6.365388932481443E-004
  8.562373204286307E-002  1.023834741692260E-003
  9.299402361076618E-002  1.039938543247028E-003
  9.954142537393350E-002  6.504209217555026E-004
  0.101722141829433       3.970021251559942E-005
  9.843686345268167E-002 -4.934794197511055E-004
  9.158642908795052E-002 -7.004799240741383E-004
  8.497596566084938E-002 -5.159821461944753E-004
  8.219752211764476E-002 -8.819890212098234E-005
  8.466889360670020E-002  3.078309087857847E-004
  9.089929160242229E-002  4.239033117714127E-004
  9.736110010940568E-002  1.741687343390730E-004
  0.100460474767559      -3.207344783139854E-004
  9.850723110457989E-002 -8.029486807868176E-004
  9.260546043926256E-002 -1.020103102690286E-003
  8.599769968049716E-002 -8.624754727330031E-004
  8.225117321741217E-002 -4.201646282847426E-004
  8.330117262930818E-002  6.937700107282095E-005
  8.842524007088692E-002  3.530082275712207E-004
  9.469142812458804E-002  2.997350228791418E-004
  9.860652144695324E-002 -3.053003683142771E-005
  9.803888103714771E-002 -4.237345309614074E-004
  9.335860792730344E-002 -6.322686323176083E-004
  8.718680080732071E-002 -5.121122824782730E-004
  8.291844638372707E-002 -1.011457555701405E-004
  8.285080663888632E-002  4.034851241094641E-004
  8.694835205710462E-002  7.550630436275955E-004
  9.290691743328436E-002  7.925241614633069E-004
  9.745655985363789E-002  5.265373472788848E-004
  9.816682416386405E-002  1.299267488902509E-004
  9.475799362061328E-002 -1.606876079678835E-004
  8.921128097119629E-002 -1.763903831625088E-004
  8.464093747774019E-002  9.231027438135138E-005
  8.356853856046964E-002  4.932426570040683E-004
  8.655415868857270E-002  7.993177796037373E-004
  9.192594195977156E-002  8.348269913088717E-004
  9.673519141204930E-002  5.711240031929612E-004
  9.839178052705490E-002  1.398240443618087E-004
  9.607293809015903E-002 -2.419559584652782E-004
  9.113926345094153E-002 -3.914541274643627E-004
  8.634896947295614E-002 -2.586401839353619E-004
  8.432253585173455E-002  5.017141867272912E-005
  8.611164113249843E-002  3.346532640807722E-004
  9.065339475484954E-002  4.127402407566915E-004
  9.539200824093617E-002  2.204458435719654E-004
  9.770592858373528E-002 -1.549485328488257E-004
  9.634434403478886E-002 -5.249752838234322E-004
  9.208667450427660E-002 -7.042746972830971E-004
  8.727868421286439E-002 -6.111750519475063E-004
  8.452028245727218E-002 -3.098781738840926E-004
  8.523923852064096E-002  2.754358451383145E-005
  8.893354916231962E-002  2.170763986531770E-004
  9.348427514911574E-002  1.632642023840810E-004
  9.634706919999377E-002 -9.057432660892212E-005
  9.595342276625089E-002 -3.888861456202157E-004
  9.255083706319929E-002 -5.513494913290404E-004
  8.803309753423981E-002 -4.724535721419520E-004
  8.487310138937867E-002 -1.785599006586790E-004
  8.475944169681722E-002  1.880780296465844E-004
  8.768823805002889E-002  4.484257773525405E-004
  9.199801667055042E-002  4.845920709081156E-004
  9.531018698469933E-002  3.026330004257202E-004
  9.584322287701487E-002  2.640611000821465E-005
  9.337473693749075E-002 -1.729912509744072E-004
  8.933230032847674E-002 -1.723830621220439E-004
  8.598026042243825E-002  3.638582184361050E-005
  8.516462232329587E-002  3.437606756106483E-004
  8.731071018974686E-002  5.845256136437011E-004
  9.121676629878421E-002  6.293454533698188E-004
  9.474112849858596E-002  4.550065563376460E-004
  9.599027064822223E-002  1.552244233617645E-004
  9.434864343105454E-002 -1.127463298725391E-004
  9.079023766363033E-002 -2.151483553284416E-004
  8.731510400703628E-002 -1.140331360861847E-004
  8.583550165591877E-002  1.144375489786647E-004
  8.713122537209339E-002  3.245664478460032E-004
  9.044420426409211E-002  3.828322527675070E-004
  9.392212154844458E-002  2.412450693809939E-004
  9.565243865929285E-002 -3.758565760260358E-005
  9.471004441162834E-002 -3.163521183759831E-004
  9.164508548464234E-002 -4.590371124857508E-004
  8.815458374981136E-002 -4.046860790698670E-004
  8.613287772813150E-002 -1.987701687994238E-004
  8.663217017680448E-002  3.408190470015206E-005
  8.930363529954943E-002  1.599099078972469E-004
  9.261576750820395E-002  1.088665057750066E-004
  9.471568682806879E-002 -8.785136472706768E-005
  9.444982531091949E-002 -3.170249100028883E-004
  9.198243708625423E-002 -4.469481624802599E-004
  8.868120094906498E-002 -3.999664007251433E-004
  8.634656208627589E-002 -1.942419957092206E-004
  8.621904733302858E-002  6.752254370326600E-005
  8.831187697521864E-002  2.553166684178075E-004
  9.142765688940245E-002  2.829334362444374E-004
  9.383678770721075E-002  1.538449936140072E-004
  9.423372714864527E-002 -4.280570525666829E-005
  9.244273003476643E-002 -1.830257164059774E-004
  8.949195740461241E-002 -1.769518482058218E-004
  8.702765333050211E-002 -1.787411659687305E-005
  8.640150646041289E-002  2.152221549499457E-004
  8.793657037869712E-002  4.021775390715377E-004
  9.076972183810421E-002  4.480044670880420E-004
  9.334573216188095E-002  3.342964008976514E-004
  9.428030827916103E-002  1.277948021421550E-004
  9.311314703883250E-002 -5.778099938063141E-005
  9.054135166574837E-002 -1.248333381002608E-004
  8.801550700154094E-002 -4.485786962769563E-005
  8.693144699732869E-002  1.275324903044579E-004
  8.786740219890177E-002  2.864339216914271E-004
  9.028287083057193E-002  3.339720869324805E-004
  9.283516851248703E-002  2.340760306604876E-004
  9.412884570912591E-002  3.137914572123887E-005
  9.347989024216072E-002 -1.743917391748171E-004
  9.127642385070790E-002 -2.836335031099123E-004
  8.874620430777930E-002 -2.509100895030266E-004
  8.726931939504377E-002 -1.083250702874907E-004
  8.762065945901477E-002  5.390642384513926E-005
  8.955791379304184E-002  1.381933888778362E-004
  9.197393891923279E-002  9.326466122480113E-005
  9.351941994072761E-002 -5.855966380438539E-005
  9.334621123451549E-002 -2.348901429016418E-004
  9.156235032165887E-002 -3.394017234560248E-004
  8.915527552367303E-002 -3.147578792634228E-004
  8.743538570214467E-002 -1.732940738381650E-004
  8.731351957137687E-002  1.087930440282732E-005
  8.881079643434082E-002  1.433250384254612E-004
  9.106449836666929E-002  1.610200106681873E-004
  9.281724152345332E-002  6.593399342975628E-005
  9.311255085299783E-002 -7.756846450315159E-005
  9.181238172593349E-002 -1.794180466615863E-004
  8.965694058082485E-002 -1.739308930031375E-004
  8.784290099597432E-002 -5.564305736919830E-005
  8.735998428459521E-002  1.184765403109465E-004
  8.845340003585236E-002  2.610526558391220E-004
  9.050372381064842E-002  3.024274616636520E-004
  9.238188517308628E-002  2.282448637891986E-004
  9.307601229670820E-002  8.610896533968007E-005
  9.224212697736156E-002 -4.175844537217148E-005
  9.037901195823354E-002 -8.425178066058250E-005
  8.853883732052756E-002 -2.011038551010857E-005
  8.774068966275808E-002  1.114387223973823E-004
  8.841341642983942E-002  2.334154536086358E-004
  9.017193492311011E-002  2.741016179843523E-004
  9.204299804353254E-002  2.063832700227316E-004
  9.300840141557999E-002  6.194658484968827E-005
  9.256251542777894E-002 -8.695530175449593E-005
  9.097894219821931E-002 -1.675522612588802E-004
  8.914597294498317E-002 -1.460865565026543E-004
  8.806902655831599E-002 -4.521926499080710E-005
  8.831854342678397E-002  6.975303285044980E-005
  8.972636943313206E-002  1.277018285358327E-004
  9.149199504094735E-002  9.090372687345798E-005
  9.263274902199663E-002 -2.478916824122677E-005
  9.252513173709288E-002 -1.594942620602840E-004
  9.123940718755462E-002 -2.427596370192209E-004
  8.948833040588643E-002 -2.321920632380356E-004
  8.822539002545783E-002 -1.360488046580985E-004
  8.811901711619012E-002 -7.762162322058372E-006
  8.919275369093412E-002  8.407236771616742E-005
  9.082504926204503E-002  9.338016324944287E-005
  9.210191296276286E-002  2.123044759969881E-005
  9.232274629066177E-002 -8.580722044449615E-005
  9.137971008491401E-002 -1.621772717735874E-004
  8.980552353620207E-002 -1.597593997595915E-004
  8.846990419811200E-002 -7.409209345445223E-005
  8.809743344340924E-002  5.376222750149381E-005
  8.887399093041921E-002  1.602907303722128E-004
  9.035532440606243E-002  1.944692559320733E-004
  9.172196474911873E-002  1.452386668559224E-004
  9.223442033099244E-002  4.662516736954155E-005
  9.163585693555723E-002 -4.188110874549254E-005
  9.028304755153788E-002 -6.848742013962429E-005
  8.893919451677874E-002 -1.739146857741406E-005
  8.834841972165310E-002  8.319486572405915E-005
  8.882882549231130E-002  1.773050172751880E-004
  9.010633647063680E-002  2.124003510362942E-004
  9.147560225245213E-002  1.681195345944296E-004
  9.219372514452480E-002  6.689975023609955E-005
  9.188704409716091E-002 -3.899983556309748E-005
  9.074825475264151E-002 -9.651845794641080E-005
  8.942005517010167E-002 -8.066949287717004E-005
  8.863492852527501E-002 -7.479200861794250E-006
  8.881272679216337E-002  7.577247171352538E-005
  8.983696535929103E-002  1.172182679448087E-004
  9.112879058669023E-002  8.905266702333570E-005
  9.197249957735049E-002  2.450802374708281E-006
  9.190976820074910E-002 -9.913563112698030E-005
  9.098563102463110E-002 -1.642193629364952E-004
  8.971447167776200E-002 -1.614628435601887E-004
  8.878994685293987E-002 -9.632679206133294E-005
  8.870238874013599E-002 -7.309684216897863E-006
  8.947473155157593E-002  5.576793096452742E-005
  9.065915143480330E-002  5.921720102159325E-005
  9.159127789883424E-002  3.557766797504266E-006
  9.175799243524507E-002 -7.748110530535727E-005
  9.107544229316016E-002 -1.361223298984868E-004
  8.992689894359612E-002 -1.370428392546419E-004
  8.894433854840053E-002 -7.658461500170005E-005
  8.865812052998617E-002  1.569566503513691E-005
  8.920891186083399E-002  9.365932532580374E-005
  9.027823818411507E-002  1.199701786680209E-004
  9.127146057149833E-002  8.618942015750290E-005
  9.164825900398556E-002  1.669291667005624E-005
  9.121703589928146E-002 -4.542614451658391E-005
  9.023290936364126E-002 -6.241676397111051E-005
  8.924946746792277E-002 -2.253790080066103E-005
  8.881008837891965E-002  5.391501800488934E-005
  8.915073332325671E-002  1.262515334892894E-004
  9.007655127849405E-002  1.559947959110508E-004
  9.107646462614533E-002  1.278782510873093E-004
  9.160852102106909E-002  5.776913978446219E-005
  9.139668732813658E-002 -1.657085613277463E-005
  9.057654856871360E-002 -5.650625563263276E-005
  8.961311574771948E-002 -4.360300057751145E-005
  8.904005076234342E-002  1.077302264591377E-005
  8.916634743928356E-002  7.236206133896282E-005
  8.991152201781313E-002  1.033197409809117E-004
  9.085700899538221E-002  8.312069037434536E-005
  9.148153268095564E-002  1.958567684256918E-005
  9.144820950356257E-002 -5.581191228097896E-005
  9.078535683011425E-002 -1.054910981032454E-004
  8.986413064803875E-002 -1.063177950105720E-004
  8.918908928312122E-002 -6.187314791781018E-005
  8.911980189431093E-002  1.085133423353713E-007
  8.967709029962319E-002  4.344042471927638E-005
  9.053827289863980E-002  4.348163387219495E-005
  9.122040473429203E-002  4.148283535034551E-007
  9.134768973956844E-002 -6.132595083251838E-005
  9.085517661794919E-002 -1.068977033993206E-004
  9.001852462083691E-002 -1.103373763603241E-004
  8.929687191931743E-002 -6.864580004736060E-005
  8.907832322858934E-002 -3.063598702280146E-006
  8.946913244538016E-002  5.291756870321565E-005
  9.024105898094939E-002  7.200456996737782E-005
  9.096266696225187E-002  4.780560210088093E-005
  9.123922849586542E-002 -2.179975358200791E-006
  9.092792971344248E-002 -4.669572546570923E-005
  9.021113992866775E-002 -5.819295273090663E-005
  8.949038573179569E-002 -2.793207645986018E-005
  8.916245661051805E-002  2.949902747300801E-005
  8.940236258158367E-002  8.452546290825080E-005
  9.007172903448928E-002  1.089820401363880E-004
  9.080033633737360E-002  9.144533374282163E-005
  9.119289834767692E-002  4.313337887496976E-005
  9.104559264215135E-002 -8.676387108292918E-006
  9.045373099356850E-002 -3.587309727120315E-005
  8.975376609199280E-002 -2.488743245277142E-005
  8.933452363416391E-002  1.619915593687771E-005
  8.942340748160559E-002  6.254187744230208E-005
  8.996499374823717E-002  8.651122202308865E-005
  9.065665622156975E-002  7.293795517590018E-005
  9.111874363808385E-002  2.725673370760290E-005
  9.110366411324212E-002 -2.777312186825433E-005
  9.062877448620367E-002 -6.475850423692220E-005
  8.996184145427778E-002 -6.665406839419065E-005
  8.946983656199486E-002 -3.579827017016147E-005
  8.941637398107548E-002  7.820756751841038E-006
  8.981956519682874E-002  3.791024907441408E-005
  9.044688739075733E-002  3.643619943178069E-005
  9.094725736650595E-002  3.376859523747938E-006
  9.104544834189669E-002 -4.357568934859601E-005
  9.069131219660234E-002 -7.900960234932596E-005
  9.008304114492385E-002 -8.383165049185558E-005
  8.955414358891127E-002 -5.559575930036230E-005
  8.938855468299071E-002 -9.544682782226839E-006
  8.966638364195338E-002  3.002787315434254E-005
  9.022408523277581E-002  4.318774112598774E-005
  9.074865336393455E-002  2.512092687279372E-005
  9.095175107832845E-002 -1.158745488424610E-005
  9.072700053874215E-002 -4.423874194785350E-005
  9.020471833269127E-002 -5.270256451385938E-005
  8.967611691687305E-002 -3.045447578851338E-005
  8.943092845901086E-002  1.203878962762037E-005
  8.959892327165576E-002  5.329565650489436E-005
  9.008193476422842E-002  7.271388738769327E-005
  9.061184224967467E-002  6.176641931016880E-005
  9.090039074016648E-002  2.838914505291908E-005
  9.079714873648709E-002 -7.709721251482368E-006
  9.036905510729776E-002 -2.607985722546886E-005
  8.985954873264683E-002 -1.674347522430429E-005
  8.955194031920392E-002  1.454480803265693E-005
  8.961358914200615E-002  4.975727748038365E-005
  9.000648278461504E-002  6.871253364884937E-005
  9.051186307447365E-002  6.019075359553938E-005
  9.085325338755235E-002  2.794332381324726E-005
  9.084872002696648E-002 -1.159495453184483E-005
  9.050853068613018E-002 -3.848241775419051E-005
  9.002583801480882E-002 -4.018555505826870E-005
  8.966752602348546E-002 -1.823012077032190E-005
  8.962682755703573E-002  1.296601641130125E-005
  8.991905535815489E-002  3.428750045540955E-005
  9.037665557544539E-002  3.252415912810910E-005
  9.074439345047872E-002  7.534408216069501E-006
  9.082069502526083E-002 -2.788383156067745E-005
  9.056695115319770E-002 -5.520494408011544E-005
  9.012560502530192E-002 -6.039062990659720E-005
  8.973886701186304E-002 -4.146452519065969E-005
  8.961441182092925E-002 -9.355113520534963E-006
  8.981252885394947E-002  1.832477585846757E-005
  9.021604112215952E-002  2.702496180570593E-005
  9.059786438423978E-002  1.313420311652155E-005
  9.074738610461312E-002 -1.428478024222138E-005
  9.058541134604522E-002 -3.873189751974218E-005
  9.020501841008156E-002 -4.547972756234435E-005
  8.981739075330249E-002 -2.964290021595979E-005
  8.963406877031416E-002  1.286252713741590E-006
  8.975124198666037E-002  3.171901391216676E-005
  9.009933249869748E-002  4.659912184309766E-005
  9.048419904897373E-002  3.957865390670678E-005
  9.069567396878313E-002  1.627909820030897E-005
  9.062278066855191E-002 -9.051561799699316E-006
  9.031248517145250E-002 -2.153074106829685E-005
  8.994092770610489E-002 -1.382128696038720E-005
  8.971454455978667E-002  9.979345346134868E-006
  8.975650511413207E-002  3.678729196575504E-005
  9.004086166605824E-002  5.185833343561829E-005
  9.040952013593571E-002  4.689118166518725E-005
  9.066116920233705E-002  2.445984838813522E-005
  9.066215453052226E-002 -3.580370633815961E-006
  9.041823687040858E-002 -2.272719008221870E-005
  9.006873364904057E-002 -2.378138932552221E-005
  8.980773166082673E-002 -7.739594822825266E-006
  8.977685789369912E-002  1.498698270493691E-005
  8.998880259744400E-002  3.049048547837895E-005
  9.032283815282015E-002  2.908399582042621E-005
  9.059341053318570E-002  1.056135236531611E-005
  9.065289078527967E-002 -1.583201798941453E-005
  9.047163151115062E-002 -3.660098543389691E-005
  9.015197134165456E-002 -4.143184555260632E-005
  8.986978620621371E-002 -2.874634044589579E-005
  8.977693847084782E-002 -6.377613222487970E-006
  8.991872666754615E-002  1.290748645504422E-005
  9.021120111362871E-002  1.849167413188785E-005
  9.048960894059858E-002  7.672156957000881E-006
  9.060011045620656E-002 -1.302021968372881E-005
  9.048377177628247E-002 -3.158353837143531E-005
  9.020703699248118E-002 -3.723352608243837E-005
  8.992303255704193E-002 -2.630364266470290E-005
  8.978618930225069E-002 -4.143898129718303E-006
  8.986777289614553E-002  1.794474606748143E-005
  9.011850797568666E-002  2.897018243185161E-005
  9.039783990391352E-002  2.421976978628905E-005
  9.055255558704796E-002  7.682838537269799E-006
  9.050081688384259E-002 -1.033126212355622E-005
  9.027553958469765E-002 -1.898429385434917E-005
  9.000416843075751E-002 -1.287605978091753E-005
  8.983712705687714E-002  5.080849168899943E-006
  8.986506059904240E-002  2.539285112379362E-005
  9.007035226876285E-002  3.728933797303110E-005
  9.033877942458882E-002  3.462987565364392E-005
  9.052378619565014E-002  1.917196755703970E-005
  9.052721403795613E-002 -5.379572949309714E-007
  9.035202049160788E-002 -1.396053201986012E-005
  9.009868729801633E-002 -1.435299367295960E-005
  8.990835932968347E-002 -2.366820376250015E-006
  8.988483383076636E-002  1.447204762637106E-005
  9.003847397932140E-002  2.603666666815895E-005
  9.028230621117624E-002  2.521596760914612E-005
  9.048144002598833E-002  1.177593063376829E-005
  9.052776137497008E-002 -7.614394118546101E-006
  9.039856206596740E-002 -2.313378765336770E-005
  9.016734292331774E-002 -2.721355759656892E-005
  8.996179400692467E-002 -1.860891864465109E-005
  8.989294304904570E-002 -2.936419766389252E-006
  8.999477545629027E-002  1.054817664263462E-005
  9.020715129912311E-002  1.409665010226358E-005
  9.041053568815480E-002  5.687452417227320E-006
  9.049255554469392E-002 -9.972857187331446E-006
  9.040936884392410E-002 -2.415203619974278E-005
  9.020837638216007E-002 -2.894940339316306E-005
  9.000058994800210E-002 -2.160986469618912E-005
  8.989873094515838E-002 -5.945279352185194E-006
  8.995557156118214E-002  9.859410629885673E-006
  9.013623911932218E-002  1.778691573967318E-005
  9.033898333116080E-002  1.434758809950934E-005
  9.045212122358719E-002  2.378218822972403E-006
  9.041532090805178E-002 -1.065455958676947E-005
  9.025162044159069E-002 -1.685088519964690E-005
  9.005322736373174E-002 -1.223052516479011E-005
  8.992974944257341E-002  1.142565162357714E-006
  8.994789128260326E-002  1.638427022912971E-005
  9.009576486968435E-002  2.563023321126515E-005
  9.029086582559698E-002  2.434197949637368E-005
  9.042651937015590E-002  1.371535071617798E-005
  9.043065754405684E-002 -8.974868882656106E-008
  9.030454383026223E-002 -9.416285337628036E-006
  9.012064812350477E-002 -9.325904926880196E-006
  8.998161570980590E-002 -2.433878955298178E-007
  8.996351704192099E-002  1.238659282569797E-005
  9.007472000939248E-002  2.118532803133351E-005
  9.025258268532008E-002  2.092777875818159E-005
  9.039905389575718E-002  1.137647778698981E-005
  9.043496672523654E-002 -2.665175732119634E-006
  9.034297147690780E-002 -1.405688330118875E-005
  9.017584213047719E-002 -1.725155645358576E-005
  9.002627400673535E-002 -1.127902373991520E-005
  8.997542745476207E-002 -1.700063507341387E-007
  9.004876812391432E-002  9.361989354131349E-006
  9.020321818637171E-002  1.165991057370702E-005
  9.035204809021703E-002  5.210614761560855E-006
  9.041317249733087E-002 -6.596089295671974E-006
  9.035398614114502E-002 -1.740769657510939E-005
  9.020828067318119E-002 -2.143583955298627E-005
  9.005652148609632E-002 -1.661040083229255E-005
  8.998097124261124E-002 -5.642860287787657E-006
  9.002068587689853E-002  5.542866102339979E-006
  9.015100087633071E-002  1.110374786618595E-005
  9.029826007483591E-002  8.461220981349350E-006
  9.038105710659898E-002 -3.637230806980689E-007
  9.035492463142208E-002 -9.958398228908020E-006
  9.023596115673763E-002 -1.455954309369970E-005
  9.009087414822420E-002 -1.122883964369712E-005
  8.999952691637263E-002 -1.422870571302642E-006
  9.001100043550092E-002  9.871084646713239E-006
  9.011732725917876E-002  1.691481237544052E-005
  9.025892721596881E-002  1.635799520144222E-005
  9.035816664374553E-002  9.012834759408831E-006
  9.036214853834929E-002 -6.798488922719360E-007
  9.027115289503472E-002 -7.156726008746051E-006
  9.013744595620873E-002 -6.801683486397493E-006
  9.003567637063067E-002  1.107870379175269E-007
  9.002159414151738E-002  9.640103433132084E-006
  9.010189564231094E-002  1.640780123500016E-005
  9.023147676771796E-002  1.657225756264293E-005
  9.033907383361420E-002  9.908305891930013E-006
  9.036672582644012E-002 -1.290100019733503E-007
  9.030120984835618E-002 -8.353286399790912E-006
  9.018040915537122E-002 -1.070416801157847E-005
  9.007160959429450E-002 -6.433400207050561E-006
  9.003413181352897E-002  1.562963324547066E-006
  9.008703745729478E-002  8.412045912522670E-006
  9.019947614563134E-002  9.980583991130066E-006
  9.030852066676748E-002  5.134009627706754E-006
  9.035420987541665E-002 -3.689120309330267E-006
  9.031230283092552E-002 -1.186965969321347E-005
  9.020687174191554E-002 -1.516835039385825E-005
  9.009623007997065E-002 -1.203161076578701E-005
  9.004040132863923E-002 -4.386455688905150E-006
  9.006827397008604E-002  3.481287969217580E-006
  9.016241350178358E-002  7.315259873511348E-006
  9.026950122628256E-002  5.212918041831349E-006
  9.033020019686115E-002 -1.383986690125758E-006
  9.031174092820707E-002 -8.548860445776214E-006
  9.022535090624052E-002 -1.207395465636844E-005
  9.011928342709906E-002 -9.786994095470805E-006
  9.005172450083812E-002 -2.711160328364825E-006
  9.005878116630268E-002  5.544301176703754E-006
  9.013515468096021E-002  1.079612617913371E-005
  9.023782765225209E-002  1.057481266803713E-005
  9.031030895197974E-002  5.431895683377108E-006
  9.031378266366283E-002 -1.429282983267378E-006
  9.024799183694329E-002 -5.965075217472564E-006
  9.015063060573163E-002 -5.526693632060243E-006
  9.007598805651468E-002 -2.881819124115158E-007
  9.006492180694511E-002  6.898630294581101E-006
  9.012275100508316E-002  1.211293645654730E-005
  9.021700991187627E-002  1.252964392005438E-005
  9.029591198000085E-002  7.945259808475253E-006
  9.031703004249052E-002  8.424339510131711E-007
  9.027031070327063E-002 -5.014401683020590E-006
  9.018294331735484E-002 -6.656284025758478E-006
  9.010376723056934E-002 -3.511013417575134E-006
  9.007613708858267E-002  2.338049931740250E-006
  9.011430870985863E-002  7.351327149633196E-006
  9.019619465638609E-002  8.506330003987252E-006
  9.027613944088442E-002  4.950480259744556E-006
  9.031034436319757E-002 -1.564801726500979E-006
  9.028079362678602E-002 -7.683176049814486E-006
  9.020462322052293E-002 -1.030202946356622E-005
  9.012408572851800E-002 -8.257855786143560E-006
  9.008297022083625E-002 -2.920015105847750E-006
  9.010263317539331E-002  2.610883248891637E-006
  9.017075792022128E-002  5.234739421958536E-006
  9.024874744505815E-002  3.548814465217968E-006
  9.029335070880271E-002 -1.417783283318716E-006
  9.028042122359622E-002 -6.815279080973487E-006
  9.021777147036260E-002 -9.569981647411171E-006
  9.014029995882032E-002 -8.074276539822253E-006
  9.009039449781277E-002 -3.043551053916200E-006
  9.009461149323891E-002  2.912940657800336E-006
  9.014945802996371E-002  6.748212953109037E-006
  9.022387962711671E-002  6.644862372580240E-006
  9.027677384980604E-002  2.977818761591827E-006
  9.027966333840617E-002 -1.940354165112416E-006
  9.023202822957803E-002 -5.168813057768591E-006
  9.016105184811886E-002 -4.765911129896213E-006
  9.010621662668913E-002 -8.383390371329900E-007
  9.009746544585277E-002  4.551061260027942E-006
  9.013899672934315E-002  8.544753034086257E-006
  9.020744966261644E-002  9.065650265703780E-006
  9.026519768277870E-002  5.936560999693109E-006
  9.028119087097944E-002  9.403428630507062E-007
  9.024780320732242E-002 -3.191930419167127E-006
  9.018454633575843E-002 -4.290931550547599E-006
  9.012686963943560E-002 -1.921830613672392E-006
  9.010645776137054E-002  2.415081770101180E-006
  9.013396488671904E-002  6.146929160614317E-006
  9.019358330827258E-002  7.061679193242316E-006
  9.025219126614480E-002  4.517314947758928E-006
  9.027779812805352E-002 -2.305687544797810E-007
  9.025702040074352E-002 -4.745305535795495E-006
  9.020204816050265E-002 -6.758164002346000E-006
  9.014349206142744E-002 -5.400058133116132E-006
  9.011329289332708E-002 -1.644666390613851E-006
  9.012723127593170E-002  2.264187706507018E-006
  9.017661163743616E-002  4.068140254636727E-006
  9.023349369638069E-002  2.732934946039817E-006
  9.026635101669493E-002 -1.007145929953443E-006
  9.025739243945079E-002 -5.083635794463082E-006
  9.021203998408593E-002 -7.250754317400089E-006
  9.015552854058535E-002 -6.318195587252281E-006
  9.011873286953991E-002 -2.784034251213911E-006
  9.012117963178073E-002  1.467052407071868E-006
  9.016058996548175E-002  4.217439188849736E-006
  9.021454766850183E-002  4.131542316191311E-006
  9.025314884658858E-002  1.464655171066610E-006
  9.025550419605409E-002 -2.112248530920280E-006
  9.022099397231874E-002 -4.458865068506587E-006
  9.016921966220312E-002 -4.150545370926769E-006
  9.012889468422321E-002 -1.249041384950657E-006
  9.012196192394110E-002  2.754810583285768E-006
  9.015171667157215E-002  5.779456621625390E-006
  9.020135506897604E-002  6.298697819859974E-006
  9.024354311711899E-002  4.162831208990833E-006
  9.025556200008794E-002  6.519999878537216E-007
  9.023163937309413E-002 -2.252719087285106E-006
  9.018577570737010E-002 -2.966836376520108E-006
  9.014370151163686E-002 -1.161225946572882E-006
  9.012857240953953E-002  2.082987385390027E-006
  9.014834627857338E-002  4.894659575807629E-006
  9.019171488228102E-002  5.653849159672153E-006
  9.023465208717128E-002  3.876366738914434E-006
  9.025379436813682E-002  4.606966955081618E-007
  9.023920446693690E-002 -2.825725052672505E-006
  9.019954868135845E-002 -4.325495725369895E-006
  9.015700084953894E-002 -3.391266209630995E-006
  9.013485657907160E-002 -7.161551487485313E-007
  9.014477155577444E-002  2.075157225318271E-006
  9.018061132720374E-002  3.336744667310220E-006
  9.022215020166921E-002  2.305546711298427E-006
  9.024640785377942E-002 -4.952303086556897E-007
  9.024027681211601E-002 -3.564587890809052E-006
  9.020750910139158E-002 -5.261817879622226E-006
  9.016634805272593E-002 -4.705703674791970E-006
  9.013927905425240E-002 -2.241848011271173E-006
  9.014065560693689E-002  7.692473419628988E-007
  9.016900929401533E-002  2.714492871259226E-006
  9.020816029755375E-002  2.613492229146758E-006
  9.023635283621455E-002  6.402946037963885E-007
  9.023826530776984E-002 -1.996732200306821E-006
  9.021327090215935E-002 -3.738842097092110E-006
  9.017550186886017E-002 -3.539692715321822E-006
  9.014583875766004E-002 -1.431523255046167E-006
  9.014036049771065E-002  1.509407247546067E-006
  9.016164042384847E-002  3.767861994234101E-006
  9.019759479867800E-002  4.223427130232935E-006
  9.022836951068472E-002  2.752741084713063E-006
  9.023734470723582E-002  2.752618605978984E-007
  9.022015960434385E-002 -1.771761769770739E-006
  9.018685909064190E-002 -2.230982567191730E-006
  9.015611949460678E-002 -8.537476238260376E-007
  9.014486328805014E-002  1.580739824728792E-006
  9.015903142202199E-002  3.711342372979579E-006
  9.019053862965395E-002  4.351282519783210E-006
  9.022195913839329E-002  3.135175216379666E-006
  9.023623234624124E-002  7.049229579455514E-007
  9.022598397709664E-002 -1.658467842190802E-006
  9.019737174009286E-002 -2.745259544204969E-006
  9.016645666136286E-002 -2.074540469367985E-006
  9.015022765487898E-002 -1.403994969640792E-007
  9.015729077645690E-002  1.879981586071422E-006
  9.018332228894507E-002  2.786278730785290E-006
  9.021368159355544E-002  2.014918576008749E-006
  9.023161805142435E-002 -6.212000929066327E-008
  9.022747589429279E-002 -2.356217491738472E-006
  9.020384323502480E-002 -3.669181469931771E-006
  9.017390614852026E-002 -3.349063984772634E-006
  9.015403772791419E-002 -1.635125693497244E-006
  9.015478566075585E-002  4.907736389206079E-007
  9.017521832894894E-002  1.855633030748437E-006
  9.020365770073430E-002  1.740293284030899E-006
  9.022427605543326E-002  2.633902245867389E-007
  9.022583621388137E-002 -1.700714074452545E-006
  9.020775355877081E-002 -3.016185465617965E-006
  9.018021512733479E-002 -2.913884584820648E-006
  9.015840404372508E-002 -1.407233125267921E-006
  9.015410088158661E-002  7.277064934870814E-007
  9.016930584581719E-002  2.388798488366615E-006
  9.019533167017098E-002  2.754382769275113E-006
  9.021775893162202E-002  1.724875278597773E-006
  9.022443143504276E-002 -3.889630305214426E-008
  9.021206039868405E-002 -1.493818549907046E-006
  9.018785175867015E-002 -1.794240288781002E-006
  9.016536162194344E-002 -7.523328721891018E-007
  9.015695714045364E-002  1.070505405541367E-006
  9.016707143515597E-002  2.684183280063743E-006
  9.018992689138770E-002  3.219218719519882E-006
  9.021288690244918E-002  2.399992833592547E-006
  9.022349537294173E-002  6.845417988134582E-007
  9.021628324368954E-002 -9.992296327076992E-007
  9.019562359764030E-002 -1.768954963150703E-006
  9.017314922403297E-002 -1.268156335698581E-006
  9.016124907264771E-002  1.504811108845556E-007
  9.016627579709653E-002  1.633427224959794E-006
  9.018518523413863E-002  2.304732021880118E-006
  9.020738041822871E-002  1.747647410990840E-006
  9.022065212302206E-002  2.258822835127167E-007
  9.021788837306488E-002 -1.471623576228003E-006
  9.020086828882729E-002 -2.470374377698199E-006
  9.017912076471762E-002 -2.288575361172317E-006
  9.016456643306624E-002 -1.091690428709856E-006
  9.016495406525997E-002  4.116224522889062E-007
  9.017970446289984E-002  1.368396343679285E-006
  9.020038905966896E-002  1.251228935456630E-006
  9.021549285816288E-002  1.407696520248078E-007
  9.021677459881117E-002 -1.330113668781624E-006
  9.020371472831122E-002 -2.333477082756844E-006
  9.018365467737585E-002 -2.303629626969412E-006
  9.016763346726488E-002 -1.242559749327091E-006
  9.016428100705519E-002  2.907373512041242E-007
  9.017514534087054E-002  1.495201602716806E-006
  9.019398229369290E-002  1.768893957556574E-006
  9.021032036836517E-002  1.032752679849492E-006
  9.021526933716838E-002 -2.378678142410016E-007
  9.020635253874543E-002 -1.285491144184793E-006
  9.018873840186849E-002 -1.491853865088444E-006
  9.017226637628012E-002 -7.149270406310263E-007
  9.016597436118905E-002  6.411517613257859E-007
  9.017316874853608E-002  1.856425596546169E-006
  9.018972333716589E-002  2.294048599198767E-006
  9.020647597653385E-002  1.746399941824464E-006
  9.021433386190954E-002  5.400892498758543E-007
  9.020924337120829E-002 -6.529725138292223E-007
  9.019430873745202E-002 -1.189488565952107E-006
  9.017795521879950E-002 -8.056361370685575E-007
  9.016921706563950E-002  2.465803283502185E-007
  9.017278260615075E-002  1.347941150707903E-006
  9.018651134489750E-002  1.858826743217546E-006
  9.020273398979765E-002  1.470713703442534E-006
  9.021255211803900E-002  3.699602341446173E-007
  9.021072841570046E-002 -8.721661243855000E-007
  9.019848138943373E-002 -1.617884556786047E-006
  9.018269592759785E-002 -1.511631256524487E-006
  9.017204993701942E-002 -6.678410727407543E-007
  9.017223454197347E-002  4.018179680348521E-007
  9.018289953830390E-002  1.076945534947840E-006
  9.019796186471554E-002  9.706930608234900E-007
  9.020904409206768E-002  1.375600113074821E-007
  9.021010233992172E-002 -9.644048065488188E-007
  9.020068949875691E-002 -1.731640847983888E-006
  9.018609485948874E-002 -1.748008303482931E-006
  9.017434336241233E-002 -1.009074414837937E-006
  9.017175570600099E-002  8.286258692826341E-008
  9.017952524596565E-002  9.459308354306239E-007
  9.019316456644963E-002  1.139556349232696E-006
  9.020506959629868E-002  6.017808394434151E-007
  9.020873920425815E-002 -3.251513560252101E-007
  9.020231063269524E-002 -1.090853064006602E-006
  9.018949003511625E-002 -1.242991337992987E-006
  9.017741888038708E-002 -6.739995884163389E-007
  9.017270176597698E-002  3.255407222300327E-007
  9.017780344971023E-002  1.232390009478378E-006
  9.018977880506868E-002  1.580345795666841E-006
  9.020198586633354E-002  1.213343680505183E-006
  9.020778804959691E-002  3.642461598118396E-007
  9.020418259419323E-002 -4.804304061119751E-007
  9.019337202251683E-002 -8.517612370175647E-007
  9.018145840370256E-002 -5.546654771925891E-007
  9.017502961923531E-002  2.307105373788650E-007
  9.017754515680991E-002  1.054968975398277E-006
  9.018750218172661E-002  1.450857241541553E-006
  9.019935104155540E-002  1.189783811424218E-006
  9.020660698049796E-002  4.030257284101829E-007
  9.020541412974181E-002 -4.961117664051886E-007
  9.019660375213838E-002 -1.042834580868941E-006
  9.018514970451572E-002 -9.751135831393899E-007
  9.017736867370742E-002 -3.721609449381031E-007
  9.017743964522434E-002  3.963721120600903E-007
  9.018515935090583E-002  8.790443226035677E-007
  9.019613778477446E-002  7.919524469632725E-007
  9.020428022436520E-002  1.715606866599901E-007
  9.020515446408256E-002 -6.507407367746563E-007
  9.019838453396570E-002 -1.235044685726091E-006
  9.018778015404141E-002 -1.275281387942782E-006
  9.017917431222393E-002 -7.638955260326917E-007
  9.017719547533887E-002  9.742126224764094E-009
  9.018276024944867E-002  6.231472658292772E-007
  9.019264413935867E-002  7.540673333225851E-007
  9.020132546992887E-002  3.544101914361614E-007
  9.020405045206094E-002 -3.292271990046180E-007
  9.019941953677439E-002 -8.967096406435468E-007
  9.019008950953683E-002 -1.016878509893850E-006
  9.018124326367052E-002 -6.081428966136205E-007
  9.017770686534483E-002  1.208562323254466E-007
  9.018131662828092E-002  7.901047882463365E-007
  9.018997156913761E-002  1.058563876301112E-006
  9.019885735285704E-002  8.092299700923008E-007
  9.020313081323858E-002  2.081891437683418E-007
  9.020056881919779E-002 -3.922100283228464E-007
  9.019273333577130E-002 -6.501101991773891E-007
  9.018404378854791E-002 -4.212858826436102E-007
  9.017930411953226E-002  1.655149774087660E-007
  9.018106671350846E-002  7.841079958490996E-007
  9.018827820746399E-002  1.093090423896392E-006
  9.019692344478972E-002  9.230309398251774E-007
  9.020227722438350E-002  3.661405748169252E-007
  9.020150152522081E-002 -2.787721121347279E-007
  9.019516102277765E-002 -6.732047155074322E-007
  9.018684862828104E-002 -6.243127826174168E-007
  9.018116197838454E-002 -1.869940685812206E-007
  9.018116918253219E-002  3.715215619956669E-007
  9.018675975469417E-002  7.225613526885092E-007
  9.019476582155056E-002  6.576190316126838E-007
  9.020075349803279E-002  2.007414286916159E-007
  9.020147269069724E-002 -4.084777456959721E-007
  9.019661276233278E-002 -8.495416343170335E-007
  9.018891699085897E-002 -8.974535932509684E-007
  9.018262453282354E-002 -5.436070519629457E-007
  9.018112400692581E-002  3.892381728562960E-009
  9.018511715105196E-002  4.383404814315827E-007
  9.019228721380453E-002  5.241145520450330E-007
  9.019862469812030E-002  2.241260064630378E-007
  9.020065363385973E-002 -2.838568945165332E-007
  9.019732344499191E-002 -7.088143904229415E-007
  9.019053797265961E-002 -8.081707539085479E-007
  9.018405829715337E-002 -5.199764712386530E-007
  9.018141052351741E-002  6.174314485481594E-009
  9.018396190566232E-002  4.944846928485514E-007
  9.019021439614122E-002  6.956722757090482E-007
  9.019667878077735E-002  5.222617473137229E-007
  9.019982108932013E-002  9.280158900415687E-008
  9.019799617803698E-002 -3.374244070802622E-007
  9.019231112212932E-002 -5.191089143291975E-007
  9.018596661662227E-002 -3.455807998274261E-007
  9.018246570412106E-002  9.123246676364714E-008
  9.018369125807274E-002  5.546179105045953E-007
  9.018890631599399E-002  7.951416652031815E-007
  9.019520645487138E-002  6.872387788251360E-007
  9.019914906744990E-002  2.955316699312740E-007
  9.019864591844208E-002 -1.640573457499063E-007
  9.019407879804123E-002 -4.451248392776384E-007
  9.018804289674200E-002 -4.058944423577737E-007
  9.018388449216136E-002 -8.445044510151468E-008
  9.018385583345485E-002  3.258992639213026E-007
  9.018790377430426E-002  5.857351437995162E-007
  9.019374264608411E-002  5.418044489382206E-007
  9.019814699205760E-002  2.096564429933448E-007
  9.019873377753013E-002 -2.376315848347050E-007
  9.019524990420223E-002 -5.666919584876412E-007
  9.018967023239238E-002 -6.122534364276163E-007
  9.018507519961341E-002 -3.658704935792848E-007
  9.018394523943989E-002  2.276945261370657E-008
  9.018681602872944E-002  3.309975643168624E-007
  9.019202319874156E-002  3.865403858606785E-007
  9.019665532273934E-002  1.609035966080210E-007
  9.019817082815416E-002 -2.177451172664858E-007
  9.019578172721844E-002 -5.377031508623269E-007
  9.019085173567400E-002 -6.212264195963565E-007
  9.018610982211146E-002 -4.212713863376045E-007
  9.018413195936004E-002 -4.495990802284056E-008
  9.018593547945972E-002  3.076768998412992E-007
  9.019045272059958E-002  4.545623906725506E-007
  9.019515506743672E-002  3.304699428281527E-007
  9.019746407787821E-002  2.009745160041174E-008
  9.019616281500342E-002 -2.915010597118475E-007
  9.019203542009689E-002 -4.224239247239643E-007
  9.018739983888617E-002 -2.937124020041145E-007
  9.018481043061262E-002  2.909925745551473E-008
  9.018565595982311E-002  3.742985754403465E-007
  9.018942184182217E-002  5.597005441036407E-007
  9.019400750319619E-002  4.923065978688077E-007
  9.019690513650326E-002  2.173354973344349E-007
  9.019657866876885E-002 -1.092226850784930E-007
  9.019328487811000E-002 -3.080558497569203E-007
  9.018889819880820E-002 -2.750051484956765E-007
  9.018585408317004E-002 -3.649519331201007E-008
  9.018580571974663E-002  2.675730873104466E-007
  9.018873433398600E-002  4.627184750664726E-007
  9.019299106254623E-002  4.362229176700559E-007
  9.019622971656324E-002  1.978833165432938E-007
  9.019670323111886E-002 -1.273877279009290E-007
  9.019420773635627E-002 -3.697735014488100E-007
  9.019016459851542E-002 -4.079837921898459E-007
  9.018681201622045E-002 -2.343669388382464E-007
  9.018596534687168E-002  4.336109628313008E-008
  9.018803246032316E-002  2.634973905383212E-007
  9.019181781627825E-002  3.000560900899103E-007
  9.019520735778690E-002  1.311828143079499E-007
  9.019634277033674E-002 -1.507398707474951E-007
  9.019463346023138E-002 -3.917133118207868E-007
  9.019105581239159E-002 -4.614917551185533E-007
  9.018758963787615E-002 -3.243797365058534E-007
  9.018611652201804E-002 -5.701045458569533E-008
  9.018739291013940E-002  1.956096278808362E-007
  9.019065818675581E-002  3.005729672766826E-007
  9.019407998251244E-002  2.093520070170312E-007
  9.019577714172680E-002 -1.748365592509762E-008
  9.019484977709698E-002 -2.457179328087848E-007
  9.019185285940381E-002 -3.425592329256715E-007
  9.018846492534581E-002 -2.495051169997453E-007
  9.018654848158025E-002 -1.317946281066201E-008
  9.018712765735749E-002  2.419304373207769E-007
  9.018984388709181E-002  3.828228481111456E-007
  9.019317822779421E-002  3.406877794685710E-007
  9.019530407790442E-002  1.471438855118305E-007
  9.019509185416891E-002 -8.511326686378027E-008
  9.019271320361097E-002 -2.256015240362956E-007
  9.018952192104143E-002 -1.978215649190102E-007
  9.018729053044205E-002 -2.008654730457872E-008
  9.018723241541925E-002  2.063295767816822E-007
  9.018934847338429E-002  3.542348758504737E-007
  9.019244946930045E-002  3.406866426888197E-007
  9.019482896811200E-002  1.716487791340181E-007
  9.019520635420850E-002 -6.280486947671978E-008
  9.019341898024155E-002 -2.391789636636373E-007
  9.019048965369675E-002 -2.685416594688110E-007
  9.018804447932866E-002 -1.442965676730667E-007
  9.018741188876771E-002  5.599546652812585E-008
  9.018890175130830E-002  2.148569727543839E-007
  9.019165543162828E-002  2.401122885589001E-007
  9.019413790183384E-002  1.150044241188033E-007
  9.019499046929662E-002 -9.391924961783119E-008
  9.019377080760904E-002 -2.746638836449542E-007
  9.019117765750514E-002 -3.318100313462294E-007
  9.018864712427990E-002 -2.383187876061296E-007
  9.018755337696309E-002 -4.897978268091050E-008
  9.018845849038282E-002  1.311207975302959E-007
  9.019082079878561E-002  2.050067804469987E-007
  9.019331251923489E-002  1.366349011847486E-007
  9.019456127051977E-002 -3.064930772363839E-008
  9.019390179460472E-002 -1.994575996797262E-007
  9.019172650813868E-002 -2.728026173588478E-007
  9.018925079766410E-002 -2.072992097815993E-007
  9.018783260849904E-002 -3.604211109735405E-008
  9.018822700341483E-002  1.507800514191770E-007
  9.019018466917941E-002  2.561294083642521E-007
  9.019260741040153E-002  2.291559583915634E-007
  9.019416494614700E-002  9.196919847815560E-008
  9.019402683298988E-002 -7.399271387101803E-008
  9.019230697881420E-002 -1.737648245825596E-007
  9.018998310467928E-002 -1.511580466519103E-007
  9.018834524026416E-002 -1.882764170173482E-008
  9.018828391220124E-002  1.499163617213850E-007
  9.018981043626226E-002  2.623476521390398E-007
  9.019206727629762E-002  2.574235433203911E-007
  9.019381345311549E-002  1.386067728769108E-007
  9.019411043315907E-002 -2.919621315211204E-008
  9.019282951227645E-002 -1.562231611291606E-007
  9.019070658354832E-002 -1.773205353802890E-007
  9.018892298040422E-002 -8.698682238008995E-008
  9.018845071620976E-002  5.889350078278516E-008
  9.018952475814969E-002  1.749331529535377E-007
  9.019152856266650E-002  1.936565000648538E-007
  9.019334758961130E-002  1.022095660448607E-007
  9.019398849429007E-002 -5.151390610980492E-008
  9.019312023985172E-002 -1.861013309923938E-007
  9.019124264329360E-002 -2.316784794484727E-007
  9.018939727483154E-002 -1.678127265456145E-007
  9.018858757481846E-002 -3.366953320292628E-008
  9.018923091563918E-002  9.460136443960801E-008
  9.019094169980031E-002  1.462539170179245E-007
  9.019275780587609E-002  9.454473851177015E-008
  9.019367804987254E-002 -2.949683978017736E-008
  9.019321073970241E-002 -1.551842992721708E-007
  9.019163306056972E-002 -2.116557040521507E-007
  9.018982493124483E-002 -1.667158652343682E-007
  9.018877632896448E-002 -4.380259948548971E-008
  9.018904379506379E-002  9.178857879886239E-008
  9.019045436621043E-002  1.693031903243158E-007
  9.019221414665590E-002  1.512126173697864E-007
  9.019335440794052E-002  5.298569240420923E-008
  9.019326476660944E-002 -6.650247915985837E-008
  9.019202014471989E-002 -1.381139743230287E-007
  9.019032661492002E-002 -1.205620773607673E-007
  9.018912303253675E-002 -2.255062132090647E-008
  9.018906292845498E-002  1.028684391261213E-007
  9.019016234473669E-002  1.881044155678157E-007
  9.019180307369713E-002  1.882391816301996E-007
  9.019308274723654E-002  1.051461994146417E-007
  9.019331366878013E-002 -1.442505799093689E-008
  9.019239470489737E-002 -1.052548684544498E-007
  9.019085525081449E-002 -1.196393976990984E-007
  9.018955348847332E-002 -5.309245527884137E-008
  9.018920058754554E-002  5.409678568929226E-008
  9.018997442586724E-002  1.398385477916316E-007
  9.019143240701138E-002  1.547117822065520E-007
  9.019276535164367E-002  8.885169310315076E-008
  9.019324707860428E-002 -2.330972079543896E-008
  9.019263002998631E-002 -1.226233527242933E-007
  9.019127157335832E-002 -1.579520444263160E-007
  9.018992703853215E-002 -1.138989346845872E-007
  9.018932905389611E-002 -1.846659762465602E-008
  9.018978735190925E-002  7.315680879883294E-008
  9.019102754503079E-002  1.093580515286478E-007
  9.019235248999746E-002  7.030158291850965E-008
  9.019303181409860E-002 -2.180370413329044E-008
  9.019270218159783E-002 -1.156472816673173E-007
  9.019155915576167E-002 -1.594466688856734E-007
  9.019023968851572E-002 -1.293041487733948E-007
  9.018946541653632E-002 -4.178427307080166E-008
  9.018964643534258E-002  5.586760770209535E-008
  9.019066302800707E-002  1.120905187870284E-007
  9.019194133632913E-002  9.922122022652229E-008
  9.019277596937784E-002  2.809094605339496E-008
  9.019271837445768E-002 -5.871588546298901E-008
  9.019181728568652E-002 -1.108435536784011E-007
  9.019058255621212E-002 -9.793819419272873E-008
  9.018969744009421E-002 -2.594612304456490E-008
  9.018964150319189E-002  6.676065515775147E-008
  9.019043212955674E-002  1.309293982786384E-007
  9.019162375042999E-002  1.335218854799853E-007
  9.019256029918797E-002  7.543504718997381E-008
  9.019273797390744E-002 -9.665691689717642E-009
  9.019207778324888E-002 -7.440094196814969E-008
  9.019096052675545E-002 -8.385566981446940E-008
  9.019000961643017E-002 -3.442667939617555E-008
  9.018974534906136E-002  4.482915867672974E-008
  9.019030219106794E-002  1.087481673540248E-007
  9.019136251304750E-002  1.211171861200519E-007
  9.019233888852111E-002  7.436519753827410E-008
  9.019270049962047E-002 -6.780985505238594E-009
  9.019226236397118E-002 -7.937239205309699E-008
  9.019127989408852E-002 -1.060094856311430E-007
  9.019030078533113E-002 -7.512429895226640E-008
  9.018985987935892E-002 -6.748116848920239E-009
  9.019018690217710E-002  5.911084535517267E-008
  9.019108668888530E-002  8.478871196668864E-008
  9.019205411321637E-002  5.557106962347539E-008
  9.019255637419196E-002 -1.265711371496446E-008
  9.019232503811074E-002 -8.265474477578892E-008
  9.019149790752840E-002 -1.165833519288237E-007
  9.019053598338719E-002 -9.670730971984930E-008
  9.018996523159602E-002 -3.471419651104996E-008
  9.019008774344095E-002  3.522573396111906E-008
  9.019082085905626E-002  7.555483987213625E-008
  9.019174980302075E-002  6.590239700553458E-008
  9.019236096238913E-002  1.385733033403460E-008
  9.019232475894046E-002 -4.976438414561190E-008
  9.019167244364082E-002 -8.827131089227600E-008
  9.019077213621508E-002 -7.933355232515442E-008
  9.019012104873364E-002 -2.697914018426403E-008
  9.019007105158730E-002  4.105633731692331E-008
  9.019063896338479E-002  8.889925176202635E-008
  9.019150371425329E-002  9.226542652283206E-008
  9.019218836702121E-002  5.147727748879503E-008
  9.019232390727512E-002 -9.220004506424509E-009
  9.019184895676920E-002 -5.540652615452467E-008
  9.019103739816818E-002 -6.152994414698606E-008
  9.019034208975775E-002 -2.472471126017064E-008
  9.019014366844541E-002  3.405089330170044E-008
  9.019054365402333E-002  8.193958923937606E-008
  9.019131417755566E-002  9.239939415306636E-008
  9.019202884245192E-002  5.962389771337044E-008
  9.019229968379433E-002  1.352555596253595E-009
  9.019198859113893E-002 -5.124555727328015E-008
  9.019127804116879E-002 -7.083564879173483E-008
  9.019056513893518E-002 -4.875078237831609E-008
  9.019024029899436E-002  6.705608515890683E-010
  9.019047382505874E-002  4.841352272077509E-008
  9.019112697235496E-002  6.698337847821701E-008
  9.019183376148295E-002  4.545879739673298E-008
  9.019220553214535E-002 -4.811362296100191E-009
  9.019204400618845E-002 -5.680621531885296E-008
  9.019144615609911E-002 -8.288315059688124E-008
  9.019074558298594E-002 -6.988753288242900E-008
  9.019032558879345E-002 -2.605661440375538E-008
  9.019040863534752E-002  2.390159455437376E-008
  9.019093779936675E-002  5.263689720355816E-008
  9.019161330560180E-002  4.515914847687142E-008
  9.019206119215140E-002  6.786335730000377E-009
  9.019203932756151E-002 -4.017355405834810E-008
  9.019156737902131E-002 -6.897599516719602E-008
  9.019091109344339E-002 -6.318497118081060E-008
  9.019043227028362E-002 -2.550151137618820E-008
  9.019038905101809E-002  2.404146490917761E-008
  9.019079670999530E-002  5.932879993627930E-008
  9.019142393499466E-002  6.252487978834535E-008
  9.019192404492178E-002  3.363382160736875E-008
  9.019202679592248E-002 -9.878263025899986E-009
  9.019168470699689E-002 -4.300149824175261E-008
  9.019109473855928E-002 -4.703286488168329E-008
  9.019058584797687E-002 -1.970744906177191E-008
  9.019043648895321E-002  2.386075010969182E-008
  9.019072321716129E-002  5.976792675756988E-008
  9.019128261850494E-002  6.855966870710436E-008
  9.019180522193175E-002  4.578993734392302E-008
  9.019200751027223E-002  4.175302528438486E-009
  9.019178645395737E-002 -3.367379146124244E-008
  9.019127237693880E-002 -4.778956616383442E-008
  9.019075318122358E-002 -3.169423730265422E-008
  9.019051383470407E-002  4.341960512840379E-009
  9.019068053702847E-002  3.926823797207904E-008
  9.019115471176069E-002  5.300498811120584E-008
  9.019167121422844E-002  3.744042276379014E-008
  9.019194654481280E-002  6.706360898635862E-010
  9.019183427986699E-002 -3.770807043747577E-008
  9.019140256526392E-002 -5.750968222224601E-008
  9.019089277312686E-002 -4.898641028693064E-008
  9.019058420368349E-002 -1.794054753047366E-008
  9.019064062969059E-002  1.776226823366594E-008
  9.019102296495894E-002  3.820662237997713E-008
  9.019151456087653E-002  3.236568407419733E-008
  9.019184314224929E-002  3.963628174250632E-009
  9.019183083998571E-002 -3.084745277396074E-008
  9.019148971887184E-002 -5.256892109464023E-008
  9.019101158887693E-002 -4.909852935004073E-008
  9.019065969058976E-002 -2.222655930732860E-008
  9.019062337283794E-002  1.358759785521255E-008
  9.019091595591638E-002  3.934256566457013E-008
  9.019137082131688E-002  4.194945968524709E-008
  9.019173599074060E-002  2.125179650372999E-008
  9.019181358137754E-002 -1.016242796493825E-008
  9.019156700233666E-002 -3.411522309508012E-008
  9.019113787502898E-002 -3.691250765706847E-008
  9.019076514699302E-002 -1.677079523559996E-008
  9.019065251021098E-002  1.541563190502674E-008
  9.019085763064491E-002  4.226005368704494E-008
  9.019126336200234E-002  4.950559152200472E-008
  9.019164512457650E-002  3.375596259115025E-008
  9.019179575952543E-002  4.122464524937582E-009
  9.019163847024977E-002 -2.299747848529328E-008
  9.019126630357974E-002 -3.302317720206234E-008
  9.019088797949054E-002 -2.112205902486570E-008
  9.019071148840023E-002  5.345940740320214E-009
  9.019083031447324E-002  3.110273762181733E-008
  9.019117446831519E-002  4.147838048578474E-008
  9.019155187581382E-002  3.044378133699440E-008
  9.019175575945840E-002  3.764949165110784E-009
  9.019167801740374E-002 -2.435409736105843E-008
  9.019136647040592E-002 -3.917986545920372E-008
  9.019099573578028E-002 -3.349738308692541E-008
  9.019076930854862E-002 -1.139359269196956E-008
  9.019080772190470E-002  1.421125495636722E-008
  9.019108422539202E-002  2.881405528551467E-008
  9.019144225492384E-002  2.430362440874428E-008
  9.019168357623450E-002  3.283666870952743E-009
  9.019167753912763E-002 -2.255107140250626E-008
  9.019143127926435E-002 -3.898378423151766E-008
  9.019108321376845E-002 -3.710219633684419E-008
  9.019082485222941E-002 -1.807766710794095E-008
  9.019079505842068E-002  7.659290174025312E-009
  9.019100512405401E-002  2.628944237046371E-008
  9.019133504817486E-002  2.821432062911485E-008
  9.019160169699020E-002  1.320985205419572E-008
  9.019166018950019E-002 -9.647322443031605E-009
  9.019148241897783E-002 -2.714014961496885E-008
  9.019117019767159E-002 -2.923781886226508E-008
  9.019089708343715E-002 -1.453933927308991E-008
  9.019081206969197E-002  9.108047418650610E-009
  9.019095854634163E-002  2.906224473283675E-008
  9.019125256676695E-002  3.487919673186920E-008
  9.019153117634281E-002  2.397226566741068E-008
  9.019164303087114E-002  2.868334568630037E-009
  9.019153093224525E-002 -1.654211681434797E-008
  9.019126129167558E-002 -2.361413454529766E-008
  9.019098541915103E-002 -1.474696905226031E-008
  9.019085511540093E-002  4.783871999231409E-009
  9.019093960869357E-002  2.388737944917281E-008
  9.019118924483686E-002  3.184278427772512E-008
  9.019146489879425E-002  2.416686302642657E-008
  9.019161576603932E-002  4.959253832447201E-009
  9.019156206039504E-002 -1.549021048702071E-008
  9.019133729142849E-002 -2.643340993550572E-008
  9.019106776881096E-002 -2.253659784096316E-008
  9.019090174294311E-002 -6.679421147630468E-009
  9.019092790166790E-002  1.179152255948288E-008
  9.019112800621842E-002  2.231208671711680E-008
  9.019138892100728E-002  1.891435364200229E-008
  9.019156632265558E-002  3.413673335952936E-009
  9.019156425373022E-002 -1.572439684892413E-008
  9.019138670425569E-002 -2.813522718378745E-008
  9.019113354081147E-002 -2.725664120568451E-008
  9.019094407196797E-002 -1.384417371406544E-008
  9.019092011753693E-002  4.580948351938788E-009
  9.019107105145512E-002  1.797157643731248E-008
  9.019131045816581E-002  1.929285523209403E-008
  9.019150524520959E-002  8.305052276452611E-009
  9.019154934656939E-002 -8.444304150780497E-009
  9.019142123303284E-002 -2.134196455474826E-008
  9.019119408186595E-002 -2.303731235431073E-008
  9.019099394708682E-002 -1.243199367708901E-008
  9.019092980298148E-002  4.826233182499255E-009
  9.019103426232800E-002  1.954919349189926E-008
  9.019124719116514E-002  2.408984442477720E-008
  9.019145036346846E-002  1.648474162875026E-008
  9.019153322621104E-002  1.409859933875501E-009
  9.019145320938711E-002 -1.251191201223479E-008
  9.019125769765157E-002 -1.750898357624232E-008
  9.019105637828988E-002 -1.090011289300959E-008
  9.019096003858845E-002  3.533773415866549E-009
  9.019101993004242E-002  1.774062251415213E-008
  9.019120085527987E-002  2.388465190705575E-008
  9.019140205499057E-002  1.863167038323613E-008
  9.019151355796179E-002  4.892075715004115E-009
  9.019147649548315E-002 -9.883498965169269E-009
  9.019131431441305E-002 -1.785807097075265E-008
  9.019111837220267E-002 -1.509316865568213E-008
  9.019099666434544E-002 -3.618770964007473E-009
  9.019101443311420E-002  9.801253936196220E-009
  9.019115929808964E-002  1.746950512649190E-008
  9.019134951282703E-002  1.499318460429641E-008
  9.019148000780805E-002  3.633194611711126E-009
  9.019148031362555E-002 -1.048490962540298E-008
  9.019135245481040E-002 -1.980685051735265E-008
  9.019116846951951E-002 -1.950274674448115E-008
  9.019102968233783E-002 -1.005224496242679E-008
  9.019101073681722E-002  3.122276162826120E-009
  9.019111929103986E-002  1.271737026933821E-008
  9.019129312210268E-002  1.357893792141941E-008
  9.019143550848871E-002  5.478408166231727E-009
  9.019146880573690E-002 -6.859763865679953E-009
  9.019137656314501E-002 -1.644169303562283E-008
  9.019121136327513E-002 -1.787894446046440E-008
  9.019106475053836E-002 -1.031227595714504E-008
  9.019101642085137E-002  2.197047541307832E-009
  9.019109086015194E-002  1.297430940791689E-008
  9.019124500703345E-002  1.642361287254084E-008
  9.019139309527381E-002  1.105961602212278E-008
  9.019145437814535E-002  2.333312295235846E-010
  9.019139719377370E-002 -9.800719856592110E-009
  9.019125533904601E-002 -1.336778510835075E-008
  9.019110832503210E-002 -8.471530486187292E-009
  9.019103700370014E-002  2.179635959858693E-009
  9.019107930757789E-002  1.274048448030642E-008
  9.019121030979109E-002  1.748405641225509E-008
  9.019135704705836E-002  1.393129618740118E-008
  9.019143933440109E-002  4.145782556437615E-009
  9.019141375103447E-002 -6.479638940363191E-009
  9.019129667811182E-002 -1.223284248706411E-008
  9.019115418761987E-002 -1.020846805673469E-008
  9.019106494620159E-002 -1.838110031823007E-009
  9.019107694004362E-002  7.981660420871066E-009
  9.019118180930999E-002  1.364041046848405E-008
  9.019132049432733E-002  1.190320642818848E-008
  9.019141650731648E-002  3.641736876759165E-009
  9.019141810335843E-002 -6.713967784558716E-009
  9.019132611417872E-002 -1.366001264842865E-008
  9.019119249405598E-002 -1.364359597180874E-008
  9.019109093229731E-002 -6.963733444860997E-009
  9.019107613965856E-002  2.470276311086879E-009
  9.019115429396903E-002  9.349502912006190E-009
  9.019128059703009E-002  9.898295776478698E-009
  9.019138476107703E-002  3.911388881992711E-009
  9.019140995073655E-002 -5.201950723698655E-009
  9.019134362301534E-002 -1.235279848990955E-008
  9.019122355109156E-002 -1.359029726460583E-008
  9.019111621067583E-002 -8.244062138345755E-009
  9.019107987855093E-002  7.677965828601506E-010
  9.019113291913969E-002  8.598627114823978E-009
  9.019124450627364E-002  1.115579911722915E-008
  9.019135242657514E-002  7.319235043682691E-009
  9.019139770926692E-002 -5.085210985728984E-010
  9.019135681949943E-002 -7.789522017021354E-009
  9.019125385287183E-002 -1.037897328446553E-008
  9.019114644305283E-002 -6.790105492155463E-009
  9.019109359276224E-002  1.038585833315319E-009
  9.019112336906911E-002  8.864933095500492E-009
  9.019121813561001E-002  1.250408778455373E-008
  9.019132506465333E-002  1.011393237978864E-008
  9.019138569669261E-002  3.156357268270441E-009
  9.019136801578416E-002 -4.466074403519855E-009
  9.019128344849080E-002 -8.591010314333481E-009
  9.019117977661120E-002 -7.076726357120082E-009
  9.019111430042896E-002 -9.329081578870719E-010
  9.019112230881716E-002  6.294672717561313E-009
  9.019119819201707E-002  1.051557153292669E-008
  9.019129928662536E-002  9.346518881730445E-009
  9.019136991570686E-002  3.386890381926043E-009
  9.019137208916170E-002 -4.161355197088304E-009
  9.019130594491520E-002 -9.289926450573009E-009
  9.019120894604654E-002 -9.387248160061427E-009
  9.019113467863263E-002 -4.635680562495652E-009
  9.019112323677947E-002  2.145804727051104E-009
  9.019117955396759E-002  7.097628938728969E-009
  9.019127138099414E-002  7.453737446571108E-009
  9.019134764117519E-002  3.036181594842013E-009
  9.019136673368390E-002 -3.695197291456416E-009
  9.019131911367688E-002 -9.037606005167892E-009
  9.019123190755991E-002 -1.009415102027184E-008
  9.019115338181141E-002 -6.343537209816169E-009
  9.019112614501651E-002  1.188539720764178E-010
  9.019116395584541E-002  5.775056008456822E-009
  9.019124475336641E-002  7.633313699924194E-009
  9.019132341200035E-002  4.851328039546590E-009
  9.019135686772069E-002 -8.475963443432491E-010
  9.019132763581370E-002 -6.169952292496287E-009
  9.019125288727679E-002 -8.087441091926214E-009
  9.019117439506426E-002 -5.492303242397128E-009
  9.019113521464489E-002  2.295403923144109E-010
  9.019115610735796E-002  6.000485591973801E-009
  9.019122460735814E-002  8.763560596130689E-009
  9.019130247090712E-002  7.151185126897595E-009
  9.019134708255372E-002  2.198520775600720E-009
  9.019133484322436E-002 -3.270460903270011E-009
  9.019127370988200E-002 -6.222996804767610E-009
  9.019119823522977E-002 -5.080935387905632E-009
  9.019115015496368E-002 -5.560908646611722E-010
  9.019115541698615E-002  4.783539393903756E-009
  9.019121028509533E-002  7.955155462139137E-009
  9.019128394492608E-002  7.202441667128743E-009
  9.019133587176735E-002  2.935131976004680E-009
  9.019133817874091E-002 -2.533746450444851E-009
  9.019129062646382E-002 -6.286365475025402E-009
  9.019122022450414E-002 -6.404406278003714E-009
  9.019116593688760E-002 -2.995938349067144E-009
  9.019115714178870E-002  1.905675664628953E-009
  9.019119774662411E-002  5.493909719051889E-009
  9.019126453911888E-002  5.741886788896367E-009
  9.019132040434068E-002  2.498786990412749E-009
  9.019133489435704E-002 -2.461216045538552E-009
  9.019130075893918E-002 -6.444318196284893E-009
  9.019123747245471E-002 -7.326755711533497E-009
  9.019118007601407E-002 -4.704756575405351E-009
  9.019115971819273E-002 -8.228127502186271E-011
  9.019118669641461E-002  3.987764978905613E-009
  9.019124522701391E-002  5.319149949157186E-009
  9.019130258051004E-002  3.279859245632163E-009
  9.019132731090733E-002 -8.935815582651441E-010
  9.019130643431653E-002 -4.810195914545711E-009
  9.019125218063144E-002 -6.256757473889823E-009
  9.019119482432399E-002 -4.407540953866210E-009
  9.019116578151570E-002 -2.521740503142227E-010
  9.019118040463614E-002  3.977589739271800E-009
  9.019122989131437E-002  6.049608068962917E-009
  9.019128655910946E-002  4.949717378206047E-009
  9.019131934576234E-002  1.410840950699497E-009
  9.019131086154931E-002 -2.523338956325410E-009
  9.019126663700508E-002 -4.642989529961283E-009
  9.019121165689546E-002 -3.785373379694327E-009
  9.019117631915849E-002 -4.517736554764882E-010
  9.019117970095661E-002  3.497976427857645E-009
  9.019121933640722E-002  5.888667646938618E-009
  9.019127297307220E-002  5.425908793395448E-009
  9.019131111782112E-002  2.388110822552107E-009
  9.019131330388717E-002 -1.554641747975579E-009
  9.019127911050362E-002 -4.279132142451656E-009
  9.019122800795729E-002 -4.377200245191460E-009
  9.019118832626240E-002 -1.910288267407709E-009
  9.019118158903537E-002  1.654405570999495E-009
  9.019121087005381E-002  4.275543507921123E-009
  9.019125946433929E-002  4.467428768321060E-009
  9.019130040366606E-002  2.104225288231433E-009
  9.019131140464864E-002 -1.535120909711865E-009
  9.019128696941262E-002 -4.491391983467113E-009
  9.019124107441399E-002 -5.208113986951883E-009
  9.019119915634534E-002 -3.373896817989544E-009
  9.019118398291917E-002 -6.799212689194146E-011
  9.019120325351265E-002  2.857217250878660E-009
  9.019124567865767E-002  3.804450647051179E-009
  9.019128752077961E-002  2.300225728578408E-009
  9.019130581870981E-002 -7.680785619037607E-010
  9.019129093479149E-002 -3.664375617862184E-009
  9.019125157449896E-002 -4.770767883876296E-009
  9.019120967664436E-002 -3.471595103059994E-009
  9.019118816246326E-002 -4.726170690766321E-010
  9.019119838082373E-002  2.608521026882057E-009
  9.019123412246687E-002  4.142678411978892E-009
  9.019127535187327E-002  3.378661111566477E-009
  9.019129942995867E-002  8.354845513898099E-010
  9.019129354605621E-002 -2.007548586610145E-009
  9.019126153616339E-002 -3.539972832614623E-009
  9.019122146530015E-002 -2.905013794810864E-009
  9.019119547279059E-002 -4.550735604157701E-010
  9.019119758264305E-002  2.463126168931008E-009
  9.019122618535902E-002  4.263446984408409E-009
  9.019126521429587E-002  3.992074470630384E-009
  9.019129320719498E-002  1.837053151923833E-009
  9.019129514596864E-002 -9.961730685180992E-010
  9.019127054572303E-002 -2.963044767989732E-009
  9.019123344023558E-002 -3.030437970052609E-009
  9.019120442664161E-002 -1.230993292286778E-009
  9.019119927236770E-002  1.376286781793156E-009
  9.019122038170797E-002  3.306240335239625E-009
  9.019125573502398E-002  3.469498379820309E-009
  9.019128573811994E-002  1.762317727533639E-009
  9.019129408432228E-002 -8.939456579650798E-010
  9.019127661136193E-002 -3.074853066544629E-009
  9.019124334685286E-002 -3.640185265212884E-009
  9.019121275358344E-002 -2.350874498570756E-009
  9.019120147120277E-002  1.858686733365254E-011
  9.019121525127512E-002  2.124078618646727E-009
  9.019124602113889E-002  2.798657132179636E-009
  9.019127656546096E-002  1.687947978715850E-009
  9.019129011926681E-002 -5.712989069989044E-010
  9.019127953145685E-002 -2.718434828935031E-009
  9.019125099474509E-002 -3.570628012422312E-009
  9.019122040553895E-002 -2.668848871624862E-009
  9.019120448548854E-002 -5.158316728441558E-010
  9.019121162096090E-002  1.716381156982258E-009
  9.019123743634530E-002  2.839249872049073E-009
  9.019126743204309E-002  2.296988159104888E-009
  9.019128510930143E-002  4.572381625392535E-010
  9.019128103303491E-002 -1.608933580369228E-009
  9.019125785760035E-002 -2.727589870728690E-009
  9.019122864366134E-002 -2.267232211801571E-009
  9.019120951490607E-002 -4.750063831510972E-010
  9.019121077931358E-002  1.674223303243751E-009
  9.019123140075840E-002  3.024106531820336E-009
  9.019125978090471E-002  2.872047747904455E-009
  9.019128030326488E-002  1.344314758366525E-009
  9.019128195001641E-002 -6.891791993014330E-010
  9.019126423888317E-002 -2.105011749985966E-009
  9.019123728399785E-002 -2.145482898491454E-009
  9.019121605971807E-002 -8.257808550743288E-010
  9.019121211568766E-002  1.089563641993281E-009
  9.019122732350064E-002  2.519811705206824E-009
  9.019125303662102E-002  2.665980968346431E-009
  9.019127501972074E-002  1.443394245697411E-009
  9.019128134107174E-002 -4.846526837312992E-010
  9.019126885449692E-002 -2.082935592163214E-009
  9.019124475236660E-002 -2.516582357324385E-009
  9.019122243431296E-002 -1.602854065691060E-009
  9.019121405990130E-002  1.023521202737392E-010
  9.019122392205128E-002  1.623587194977940E-009
  9.019124625006952E-002  2.108218780823537E-009
  9.019126855935478E-002  1.291135606094760E-009
  9.019127860961737E-002 -3.709286456975425E-010
  9.019127109670193E-002 -1.962628473933004E-009
  9.019125042280557E-002 -2.619231610696876E-009
  9.019122810469685E-002 -1.998608842776857E-009
  9.019121633991695E-002 -4.585310260879159E-010
  9.019122132340181E-002  1.152084108407279E-009
  9.019123997488029E-002  1.966433891215416E-009
  9.019126180190484E-002  1.573706073243477E-009
  9.019127478138626E-002  2.343799855411721E-010
  9.019127196582793E-002 -1.275848551637423E-009
  9.019125518696904E-002 -2.101031376489212E-009
  9.019123388646075E-002 -1.775554075995022E-009
  9.019121980621592E-002 -4.722374738293277E-010
  9.019122052173785E-002  1.103529437000843E-009
  9.019123537763184E-002  2.108985736276917E-009
  9.019125600261280E-002  2.026861333111434E-009
  9.019127103488860E-002  9.414618429163666E-010
  9.019127239288917E-002 -5.194508290710522E-010
  9.019125963194348E-002 -1.538796563384997E-009
  9.019124004050583E-002 -1.560967337631773E-009
  9.019122450469416E-002 -5.908486935415245E-010
  9.019122148397417E-002  8.195867124294287E-010
  9.019123242923666E-002  1.883810326087420E-009
  9.019125112194973E-002  2.015727114318080E-009
  9.019126722100718E-002  1.146844897833952E-009
  9.019127199692055E-002 -2.456254932388703E-010
  9.019126307515873E-002 -1.409607698289318E-009
  9.019124561309423E-002 -1.734106410948797E-009
  9.019122933491402E-002 -1.080002862507102E-009
  9.019122312542148E-002  1.535879978928860E-010
  9.019123018639079E-002  1.258621153566792E-009
  9.019124639406959E-002  1.611994598852341E-009
  9.019126269509059E-002  1.015389934018470E-009
  9.019127015315762E-002 -2.037907166793280E-010
  9.019126483546171E-002 -1.381055620825578E-009
  9.019124986912276E-002 -1.884330284460111E-009
  9.019123359684987E-002 -1.458785880246661E-009
  9.019122491508348E-002 -3.588550974185259E-010
  9.019122839830240E-002  8.007071204628202E-010
  9.019124188042142E-002  1.387888088548309E-009
  9.019125776923924E-002  1.099257692319478E-009
  9.019126730365379E-002  1.193742731688425E-010
  9.019126536884110E-002 -9.898632081264561E-010
  9.019125322494595E-002 -1.604224525308165E-009
  9.019123769658965E-002 -1.380298492786900E-009
  9.019122733408287E-002 -4.385351262275760E-010
  9.019122770387865E-002  7.109009861474529E-010
  9.019123840088684E-002  1.454017902187094E-009
  9.019125338395634E-002  1.410227196122431E-009
  9.019126438757284E-002  6.354999126367356E-010
  9.019126548493397E-002 -4.170959039456274E-010
  9.019125628455003E-002 -1.153243129343532E-009
  9.019124203802924E-002 -1.165521979263362E-009
  9.019123065909869E-002 -4.529769248200275E-010
  9.019122834338440E-002  5.859271021635572E-010
  9.019123621155985E-002  1.378783193329267E-009
  9.019124979245564E-002  1.495654833469533E-009
  9.019126157464953E-002  8.816142842821103E-010
  9.019126517231436E-002 -1.201883859737212E-010
  9.019125879591323E-002 -9.635518830978292E-010
  9.019124614265912E-002 -1.201516764185624E-009
  9.019123426897026E-002 -7.285428831134142E-010
  9.019122966627670E-002  1.687315075287438E-010
  9.019123472092495E-002  9.762424624134826E-010
  9.019124648718892E-002  1.238518300845037E-009
  9.019125840034675E-002  8.071869146044039E-010
  9.019126393666982E-002 -8.325365879469736E-011
  9.019126018122095E-002 -9.505620888328952E-010
  9.019124935372137E-002 -1.332853425126289E-009
  9.019123749685552E-002 -1.040500785471697E-009
  9.019123109864460E-002 -2.543746267166463E-010
  9.019123353579256E-002  5.803727612864571E-010
  9.019124328679635E-002  1.002971267704518E-009
  9.019125485838513E-002  7.894102016136100E-010
  9.019126186671458E-002  7.041440466362055E-011
  9.019126054681752E-002 -7.469413702248330E-010
  9.019125176253658E-002 -1.207350128271385E-009
  9.019124044617602E-002 -1.057481577054115E-009
  9.019123282343497E-002 -3.809936417712985E-010
  9.019123298378801E-002  4.533120782050671E-010
  9.019124068471421E-002  9.982771123593089E-010
  9.019125156723383E-002  9.740623406835086E-010
  9.019125961881154E-002  4.176057776183154E-010
  9.019126049356856E-002 -3.440368931309011E-010
  9.019125385736947E-002 -8.785112696201018E-010
  9.019124349371233E-002 -8.870195870019495E-010
  9.019123515527280E-002 -3.655223570447169E-010
  9.019123337931285E-002  3.984128710751173E-010
  9.019123902864110E-002  9.882609484465217E-010
  9.019124888931568E-002  1.088681525835475E-009
  9.019125750587763E-002  6.559871353594427E-010
  9.019126020758107E-002 -6.316382868630484E-011
  9.019125564762795E-002 -6.721763776650976E-010
  9.019124647583043E-002 -8.441951804528497E-010
  9.019123781243268E-002 -4.993819586311633E-010
  9.019123439987391E-002  1.563556779899387E-010
  9.019123801566074E-002  7.497137516706627E-010
  9.019124655646216E-002  9.476767466192659E-010
  9.019125526249569E-002  6.392237326714696E-010
  9.019125937163190E-002 -7.847464373581044E-012
  9.019125672419170E-002 -6.436854312380271E-010
  9.019124889462164E-002 -9.308895381668951E-010
  9.019124025917738E-002 -7.285086813534386E-010
  9.019123554897394E-002 -1.651020444232203E-010
  9.019123725573343E-002  4.369736281007932E-010
  9.019124431201783E-002  7.417893413159271E-010
  9.019125274347427E-002  5.840020576966375E-010
  9.019125789865998E-002  5.613720728864029E-011
  9.019125700665225E-002 -5.468977318768680E-010
  9.019125065722408E-002 -8.929931116745733E-010
  9.019124241452964E-002 -7.952652557340686E-010
  9.019123681123119E-002 -3.116169846040899E-010
  9.019123685114126E-002  2.914485381240948E-010
  9.019124239574235E-002  6.883816089756168E-010
  9.019125030022679E-002  6.735478327897371E-010
  9.019125619123110E-002  2.711570397932645E-010
  9.019125688253642E-002 -2.826419487632355E-010
  9.019125209522662E-002 -6.732569422965573E-010
  9.019124455470559E-002 -6.815035619833679E-010
  9.019123844250539E-002 -3.019405207593371E-010
  9.019123708112689E-002  2.579852817265477E-010
  9.019124113289559E-002  6.952477282900415E-010
  9.019124828820367E-002  7.786223020927670E-010
  9.019125458523022E-002  4.736351298284783E-010
  9.019125660814414E-002 -4.244923425216438E-011
  9.019125334466831E-002 -4.816968836433290E-010
  9.019124669348368E-002 -6.051308841662581E-010
  9.019124036973211E-002 -3.524857464295090E-010
  9.019123783788043E-002  1.283101329269874E-010
  9.019124042119837E-002  5.661321583265532E-010
  9.019124661855341E-002  7.174555715057934E-010
  9.019125297917076E-002  4.992065575685717E-010
  9.019125602714476E-002  3.133879151755781E-011
  9.019125416300398E-002 -4.324357266853395E-010
  9.019124850266658E-002 -6.457446472890202E-010
  9.019124221519201E-002 -5.039411152986155E-010
  9.019123875022771E-002 -9.840754110351502E-011
  9.019123994588980E-002  3.373890278572971E-010
  9.019124505429520E-002  5.585099015709606E-010
  9.019125120022324E-002  4.429143955427473E-010
  9.019125499465720E-002  5.601267653832555E-011
  9.019125439857835E-002 -3.885775529514583E-010
  9.019124981277941E-002 -6.486264324351596E-010
  9.019124381236786E-002 -5.862910496527231E-010
  9.019123969704948E-002 -2.415159276597267E-010
  9.019123967275239E-002  1.931758817857600E-010
  9.019124366622461E-002  4.808313452023650E-010
  9.019124940889267E-002  4.704204086645137E-010
  9.019125371986723E-002  1.776736592382102E-010
  9.019125426342002E-002 -2.268610266245087E-010
  9.019125081057376E-002 -5.142330750607414E-010
  9.019124532421437E-002 -5.236199183902373E-010
  9.019124084363571E-002 -2.491836983815064E-010
  9.019123980156646E-002  1.595029528432933E-010
  9.019124270505935E-002  4.820504638605622E-010
  9.019124789481554E-002  5.489770542340488E-010
  9.019125249399794E-002  3.332806671982474E-010
  9.019125400484876E-002 -3.764890747599337E-011
  9.019125166744069E-002 -3.547683305576869E-010
  9.019124684191049E-002 -4.433639959601031E-010
  9.019124222375914E-002 -2.580127601895202E-010
  9.019124034372092E-002  9.502036734687081E-011
  9.019124218640275E-002  4.188129843107679E-010
  9.019124668100208E-002  5.352680802848606E-010
  9.019125132602115E-002  3.822375305227707E-010
  9.019125358462825E-002  4.539568540735235E-011
  9.019125227273017E-002 -2.913286029115220E-010
  9.019124818066172E-002 -4.480979487750875E-010
  9.019124360308345E-002 -3.473068167220522E-010
  9.019124105507205E-002 -5.392119892366952E-011
  9.019124189220970E-002  2.629381273765836E-010
  9.019124559127945E-002  4.246468261419453E-010
  9.019125007239061E-002  3.411122829936742E-010
  9.019125286645031E-002  5.850097695891442E-011
  9.019125247325865E-002 -2.684911199608648E-010
  9.019124916374036E-002 -4.632204759108263E-010
  9.019124479812286E-002 -4.240511991310593E-010
  9.019124177829740E-002 -1.784557901053401E-010
  9.019124172392047E-002  1.345105910913282E-010
  9.019124460166136E-002  3.424079378914538E-010
  9.019124877521380E-002  3.343508527737150E-010
  9.019125193112719E-002  1.204418203424664E-010
  9.019125235732139E-002 -1.761303812315759E-010
  9.019124986823147E-002 -3.887166542004634E-010
  9.019124587729561E-002 -3.992926431870681E-010
  9.019124259341622E-002 -2.022023965598930E-010
  9.019124179763426E-002  9.476831318610593E-011
  9.019124387715763E-002  3.313833781197007E-010
  9.019124764018971E-002  3.834709243416646E-010
  9.019125099793232E-002  2.300244699441354E-010
  9.019125212416763E-002 -3.739887084443215E-011
  9.019125044904176E-002 -2.670182625123826E-010
  9.019124694664667E-002 -3.310961718636539E-010
  9.019124357259045E-002 -1.954284946313581E-010
  9.019124217542733E-002  6.367158662929259E-011
  9.019124348741839E-002  3.031845482190107E-010
  9.019124674514105E-002  3.928667736387083E-010
  9.019125013544183E-002  2.862484248510021E-010
  9.019125180705327E-002  4.447449281691730E-011
  9.019125088375095E-002 -1.991521192471038E-010
  9.019124792485625E-002 -3.134008265768775E-010
  9.019124459176012E-002 -2.407768292322336E-010
  9.019124271803577E-002 -2.747166872556951E-011
  9.019124330315584E-002  2.039817132082937E-010
  9.019124598168449E-002  3.232949852106226E-010
  9.019124924920389E-002  2.639457722472513E-010
  9.019125130694851E-002  5.845449056230930E-011
  9.019125105133891E-002 -1.811900493818668E-010
  9.019124866439843E-002 -3.262054247706818E-010
  9.019124548972866E-002 -3.016891913182374E-010
  9.019124327552204E-002 -1.264845228459574E-010
  9.019124321074673E-002  9.897710472058519E-011
  9.019124528562973E-002  2.492115053251401E-010
  9.019124832004007E-002  2.428236013162912E-010
  9.019125063148777E-002  8.619563397124805E-011
  9.019125096514234E-002 -1.316884740399605E-010
  9.019124917216730E-002 -2.895178105489327E-010
  9.019124627014143E-002 -3.006670508267580E-010
  9.019124386431406E-002 -1.599714494912169E-010
  9.019124325845408E-002  5.493594884577113E-011
  9.019124474755942E-002  2.275910660561859E-010
  9.019124747582127E-002  2.670583798702763E-010
  9.019124992673719E-002  1.570937568507753E-010
  9.019125076522252E-002 -3.648713741683686E-011
  9.019124956438608E-002 -2.034641838248869E-010
  9.019124702164640E-002 -2.504328666371796E-010
  9.019124455573251E-002 -1.516508195270990E-010
  9.019124351682341E-002  3.810516073149595E-011
  9.019124444924984E-002  2.149805147442745E-010
  9.019124680904005E-002  2.837408479184222E-010
  9.019124928212267E-002  2.096668920081072E-010
  9.019125051767192E-002  3.637277238193526E-011
  9.019124986755130E-002 -1.395474470207463E-010
  9.019124772728726E-002 -2.223533036946828E-010
  9.019124529968237E-002 -1.694827425556178E-010
  9.019124392139377E-002 -1.377790406930246E-011
  9.019124432916964E-002  1.559686587850876E-010
  9.019124626824720E-002  2.447090596900041E-010
  9.019124865057669E-002  2.033149200519848E-010
  9.019125016582864E-002  5.464410384376392E-011
  9.019125000233455E-002 -1.202621966585190E-010
  9.019124828152635E-002 -2.275433246572336E-010
  9.019124597371848E-002 -2.120307770639649E-010
  9.019124435120088E-002 -8.661689004275224E-011
  9.019124428661997E-002  7.615826194270069E-011
  9.019124578336712E-002  1.849768805017797E-010
  9.019124799040651E-002  1.800941620359124E-010
  9.019124968417788E-002  6.544703565113280E-011
  9.019124994506447E-002 -9.469416051807853E-011
  9.019124865469690E-002 -2.120229463108608E-010
  9.019124654549952E-002 -2.229601135326258E-010
  9.019124478392568E-002 -1.229725718557519E-010
  9.019124432424268E-002  3.204870500294797E-011
  9.019124539070780E-002  1.574774355202317E-010
  9.019124736891698E-002  1.867443784749074E-010
  9.019124915794006E-002  1.073523945541455E-010
  9.019124978183327E-002 -3.337755314160250E-011
  9.019124892109384E-002 -1.553924170432428E-010
  9.019124707489368E-002 -1.903808199532241E-010
  9.019124527240510E-002 -1.189745919919534E-010
  9.019124449972706E-002  1.953319949673107E-011
  9.019124516129975E-002  1.497462113200357E-010
  9.019124686974245E-002  2.020454957343664E-010
  9.019124867279797E-002  1.505175983163284E-010
  9.019124958490643E-002  2.626115120337252E-011
  9.019124912683710E-002 -1.007354261028023E-010
  9.019124757806243E-002 -1.606319968504376E-010
  9.019124580932127E-002 -1.219381231595236E-010
