   1.00000002677447       0.000000000000000E+000
  0.828156428930606      -2.203975096745709E-003
  0.403512871496482      -1.313885534881628E-002
 -5.953116507690342E-002 -2.946838041328693E-002
 -0.336625017668029      -3.800715981311716E-002
 -0.305436391750137      -2.851405199899034E-002
  7.434571744615890E-004 -4.991303842531551E-003
  0.419378466112731       1.550477794139029E-002
  0.744317128903026       1.636346468862572E-002
  0.824211264201983      -4.132280316396967E-003
  0.627900756047866      -3.004626527361009E-002
  0.251851192255991      -3.960561589993076E-002
 -0.128077201459480      -2.217566475926446E-002
 -0.336788145893131       1.335521498572348E-002
 -0.278066883697013       4.536515420767354E-002
  2.162184417481779E-002  5.566223343098272E-002
  0.423266186071361       4.203880558112357E-002
  0.737663581310967       1.789738211579948E-002
  0.814466155950836       5.118678646244201E-004
  0.616637847060084      -1.774421112692949E-003
  0.241894947376239       6.532942239655373E-003
 -0.123314963043923       1.464894484613669E-002
 -0.296805437522611       1.548940220750984E-002
 -0.193372687188716       1.023399595576119E-002
  0.131862672732100       4.585771331742323E-003
  0.512803638454114       1.586944374914280E-003
  0.758393712162232      -1.562896240212607E-003
  0.749122652252091      -9.714476488271296E-003
  0.493889736408319      -2.305029764819027E-002
  0.120354274661652      -3.447004463892363E-002
 -0.192317109382640      -3.436791071207923E-002
 -0.301406262295577      -1.910662405809916E-002
 -0.165776802961351       4.341552674398477E-003
  0.140261357002840       2.225226070769914E-002
  0.466585254309184       2.400999055609057E-002
  0.658904333513429       1.021107389628555E-002
  0.629186925726228      -7.569969536404765E-003
  0.394422428470130      -1.527580383348484E-002
  6.766157329413520E-002 -6.502761589082138E-003
 -0.194562402922671       1.342007192026266E-002
 -0.265490647545496       3.204984831100441E-002
 -0.108921702226095       3.897487176327433E-002
  0.201773900502047       3.229911027062579E-002
  0.517472769141176       1.814959861435332E-002
  0.685439134456513       4.787541723918207E-003
  0.624875400663816      -3.229774172319792E-003
  0.367474991739884      -6.441830549097017E-003
  4.146547767208443E-002 -7.512481656665918E-003
 -0.193160247300765      -7.653101900979037E-003
 -0.224815689235316      -6.004251836689952E-003
 -4.464904503527554E-002 -2.082248999675329E-003
  0.251934966906027       1.832763916949126E-003
  0.515475109748973       1.447910410371004E-003
  0.617151081424740      -5.762339799195371E-003
  0.510125787052353      -1.712925092729093E-002
  0.248714990703896      -2.530490477763091E-002
 -4.118505658046428E-002 -2.309282946895216E-002
 -0.223709337674100      -9.094099284449767E-003
 -0.216571604886365       1.042621689890371E-002
 -2.763775932894492E-002  2.527968939889436E-002
  0.250817037755009       2.812340992116721E-002
  0.486343527036031       1.926131396774480E-002
  0.568472406980093       6.014002244628076E-003
  0.460430273487565      -2.632250343687587E-003
  0.216466425519989      -1.962542146411591E-003
 -4.389138522404616E-002  6.130640268612693E-003
 -0.193278172097582       1.551047397329252E-002
 -0.158496352935491       2.042193385277767E-002
  4.333052199131331E-002  1.874981715983026E-002
  0.312950958425050       1.203029744190144E-002
  0.518049670924675       3.200542613222774E-003
  0.558777429027380      -5.455611996776076E-003
  0.416693511869065      -1.261523962881470E-002
  0.162612430210931      -1.702042925883133E-002
 -7.989641869200031E-002 -1.709915957908624E-002
 -0.196070336055551      -1.203897279556228E-002
 -0.135336829043003      -3.400794913339539E-003
  6.637313244274408E-002  4.643229955097015E-003
  0.306785322415742       7.420716083275626E-003
  0.468321473477415       3.050848463769679E-003
  0.474404950849580      -5.648652702055351E-003
  0.324409365269388      -1.247617686046720E-002
  9.192252470172037E-002 -1.180722166399533E-002
 -0.111523235642315      -2.471932419844600E-003
 -0.189552751302708       1.127771411109303E-002
 -0.106099897333745       2.244211803018782E-002
  9.812947416082782E-002  2.567354878288591E-002
  0.325390419523540       2.033878076629476E-002
  0.467627112173215       1.033704117030552E-002
  0.458209361158263       1.191523596926518E-003
  0.303908079411417      -3.293141939257265E-003
  8.139750380657854E-002 -2.624915245861605E-003
 -0.100353262683255       1.078306790593814E-003
 -0.153516817546893       4.961083268559939E-003
 -5.426203619121230E-002  6.908959535016354E-003
  0.146242566695360       5.936937766718650E-003
  0.347926165904958       1.938170195422723E-003
  0.451592457171082      -4.410359271482845E-003
  0.407315477328183      -1.140856629651154E-002
  0.237658123973468      -1.637226198728627E-002
  2.506375693448316E-002 -1.659484778396634E-002
 -0.129305504103403      -1.101809193468449E-002
 -0.154455433686799      -1.449935676935725E-003
 -4.252850516439576E-002  7.880547648406989E-003
  0.149193812822161       1.255181402716367E-002
  0.327104025328922       1.065795692534071E-002
  0.406396711978936       4.122225542382879E-003
  0.350978605160518      -2.412360014715285E-003
  0.189672685462549      -4.460141691736006E-003
  1.578121584055870E-003 -4.326167836676313E-004
 -0.122169803790101       7.537777006910066E-003
 -0.122053548617035       1.509455372722586E-002
  1.476669610638392E-003  1.832104843459822E-002
  0.188502552352766       1.580164181787204E-002
  0.348806540209780       8.963328224943732E-003
  0.405653261234942       8.600021361613412E-004
  0.332879810407793      -5.536430728964989E-003
  0.167149342762557      -8.498871306398792E-003
 -1.056179312454778E-002 -7.818440500724815E-003
 -0.114927808473757      -4.500846290233012E-003
 -9.780552716525838E-002 -3.167361978628009E-004
  2.908107744201618E-002  2.680194253294085E-003
  0.201055110793690       2.810005982166511E-003
  0.332956150771935      -4.121644445351682E-004
  0.360736425782391      -5.709313702377409E-003
  0.271826769604878      -1.031662599671560E-002
  0.110009334998485      -1.127822132578315E-002
 -4.676764345603493E-002 -7.180730090818450E-003
 -0.124284878595316       7.709756301432890E-004
 -8.727441602882363E-002  9.174180182169492E-003
  4.458201473928260E-002  1.424193519382203E-002
  0.206972041415417       1.393731220298334E-002
  0.322214799810123       9.087708198913630E-003
  0.336392510827795       2.794141460517357E-003
  0.244724398423811      -1.437346555279507E-003
  9.324957303453975E-002 -1.637295734843071E-003
 -4.382577097573444E-002  1.750489114228280E-003
 -0.100143967473538       6.411504600676441E-003
 -4.917720425374394E-002  9.589848752065068E-003
  8.328485688165252E-002  9.477418179025655E-003
  0.232122439617689       5.884908152140086E-003
  0.324875606250278       8.452872907626578E-005
  0.316978167452490      -5.858895677364725E-003
  0.212996202312291      -9.883715110958291E-003
  6.368596034867241E-002 -1.062909770076563E-002
 -5.931025888507403E-002 -7.929951741783733E-003
 -9.840498800814546E-002 -2.974963044440088E-003
 -3.749366042678612E-002  2.050094651797650E-003
  9.121221017796195E-002  4.866577974359582E-003
  0.223727318064253       4.241556424724105E-003
  0.295675309055064       7.503162981175386E-004
  0.273126873138238      -3.385613793697729E-003
  0.168210128235347      -5.439572236524434E-003
  3.243609687777842E-002 -3.715990920044758E-003
 -6.860145850174901E-002  1.427183572131306E-003
 -8.678522532808793E-002  7.715926759456877E-003
 -1.421579655346285E-002  1.219657757456653E-002
  0.113532036941145       1.283215395822193E-002
  0.234944423199544       9.525264451328994E-003
  0.292313733948026       4.032154211318002E-003
  0.259353785471595      -1.077895913382176E-003
  0.153446417233390      -3.748080308320649E-003
  2.673787423342549E-002 -3.325591215671615E-003
 -5.945106836556170E-002 -6.614330977756521E-004
 -6.436917455200496E-002  2.471772292529218E-003
  1.273745461314757E-002  4.253729772104997E-003
  0.132836702504667       3.584919473629365E-003
  0.236606975066185       5.049090568040446E-004
  0.273465240907771      -3.828346603017169E-003
  0.225882377364572      -7.583473791854277E-003
  0.117291512500856      -9.009477477012152E-003
  9.039218723677999E-005 -7.244829116792967E-003
 -7.005973874789702E-002 -2.816394881931793E-003
 -6.098115825239254E-002  2.488730972381630E-003
  2.107663313431615E-002  6.420647039715717E-003
  0.135180858614760       7.386829551997397E-003
  0.225950736901924       5.296572060043219E-003
  0.250293079297738       1.624593933417793E-003
  0.197778136184568      -1.383516757644590E-003
  9.507005650736206E-002 -1.932837240047183E-003
 -7.435162513560648E-003  3.631136272163337E-004
 -6.012847779056288E-002  4.317616757842391E-003
 -3.800403839191051E-002  7.854137506993566E-003
  4.761801687963626E-002  9.114198333003814E-003
  0.154955354827503       7.372127292257204E-003
  0.232217698066300       3.311858604574190E-003
  0.242654862804593      -1.392240676805833E-003
  0.182065238969055      -4.900380005307640E-003
  8.038467169332429E-002 -6.013612130888846E-003
 -1.322701748678057E-002 -4.626046835095741E-003
 -5.437121049401190E-002 -1.690212495197369E-003
 -2.472820161553723E-002  1.241767995441499E-003
  5.956647614520216E-002  2.706050252032700E-003
  0.156318545445223       1.980425935251465E-003
  0.218086044334172      -5.642243613672174E-004
  0.215132337821203      -3.595718081474944E-003
  0.149427837703331      -5.427210804314172E-003
  5.315106603297907E-002 -4.851199881081809E-003
 -2.727879743880239E-002 -1.792403048927371E-003
 -5.370076870703164E-002  2.586091608613022E-003
 -1.435348311943451E-002  6.423001726271091E-003
  7.092738554777683E-002  8.087374700836104E-003
  0.160706307934558       7.002869201780076E-003
  0.212109966972999       3.919285782222851E-003
  0.201362895480451       4.898689560648396E-004
  0.134873981599877      -1.600848898569695E-003
  4.569816209682618E-002 -1.479674082542210E-003
 -2.274007712607925E-002  5.351846821664436E-004
 -3.768849953330709E-002  3.172674364863053E-003
  7.302182119139440E-003  4.892814579662675E-003
  8.962227470180859E-002  4.644408810471214E-003
  0.168895470376209       2.337555586530943E-003
  0.206693847011174      -1.151713018482921E-003
  0.185043354319645      -4.403105826109462E-003
  0.114796544026632      -6.090081346950823E-003
  2.997751027523863E-002 -5.559247025578368E-003
 -2.895099320777283E-002 -3.113410097304534E-003
 -3.464236970570005E-002  1.224234401502673E-004
  1.423011976636473E-002  2.707114772538483E-003
  9.281129759110751E-002  3.551053468441249E-003
  0.162483307910152       2.439778238003167E-003
  0.189662987877673       1.474307641003350E-004
  0.161838135377260      -1.942474166859951E-003
  9.320801550810394E-002 -2.539701989153035E-003
  1.741687104355608E-002 -1.119409725862440E-003
 -2.891232772187783E-002  1.791880719919950E-003
 -2.380641196516816E-002  4.874304600602907E-003
  2.972428237180061E-002  6.682439608011774E-003
  0.105483196845357       6.369069959881554E-003
  0.166977704076040       4.089357948539089E-003
  0.185067130686698       8.921641994302267E-004
  0.151835939976843      -1.820132087772694E-003
  8.407868887375633E-002 -2.970418141527579E-003
  1.485804719275577E-002 -2.287523027835828E-003
 -2.264325748285406E-002 -3.778286467410294E-004
 -1.109450853884441E-002  1.612825518940073E-003
  4.288320186636298E-002  2.563315876652250E-003
  0.112282950250668       1.901850107979734E-003
  0.163050893888381      -1.374104550975826E-004
  0.170614366616228      -2.628943758307836E-003
  0.131579149563391      -4.385884899880351E-003
  6.503847725168330E-002 -4.514887505075074E-003
  3.039055627891434E-003 -2.845393889327110E-003
 -2.502160524963234E-002 -2.864482044768052E-005
 -6.460530420955828E-003  2.754071000885031E-003
  4.888955457211702E-002  4.347641941179351E-003
  0.113779614534513       4.177781479170176E-003
  0.156906432711281       2.525185792375494E-003
  0.157989444017357       3.739853631598941E-004
  0.117308896353363      -1.092926526293795E-003
  5.522694703286827E-002 -1.093456061324553E-003
  2.081999224743038E-003  3.671431602410601E-004
 -1.654934433919262E-002  2.515861121983661E-003
  7.916739366058955E-003  4.216340894496899E-003
  6.318237381210515E-002  4.541441815022135E-003
  0.122271651938580       3.223393929473950E-003
  0.156705256139529       7.682632762684119E-004
  0.150213774140582      -1.802183206969729E-003
  0.106383496551975      -3.439036707644667E-003
  4.663934036760855E-002 -3.546356575647870E-003
 -3.248275941381257E-004 -2.234154564923401E-003
 -1.245141186616149E-002 -2.404030419826647E-004
  1.518821815541047E-002  1.430541398615383E-003
  6.831300904747480E-002  1.982772813987861E-003
  0.120629257804298       1.199795558906036E-003
  0.146687640095720      -4.586138916375226E-004
  0.134118853381997      -2.081013231286913E-003
  8.937416912036220E-002 -2.748836533626922E-003
  3.432271420540722E-002 -1.991004563478570E-003
 -4.503739462882621E-003 -2.640739331818095E-005
 -8.729792427630499E-003  2.330342396252167E-003
  2.316723771754062E-002  4.059033612276829E-003
  7.538706215261608E-002  4.428139875454842E-003
  0.122653579776126       3.345845632649355E-003
  0.142482939316894       1.392442371158288E-003
  0.125919147626994      -4.780346096902965E-004
  8.161080522901394E-002 -1.411360344852940E-003
  3.137364814087053E-002 -1.062374909774323E-003
 -5.031112609637030E-004  2.589523906222247E-004
  1.023202520142013E-003  1.765220358356240E-003
  3.465116807303745E-002  2.593084361605249E-003
  8.360650342396736E-002  2.226422633956342E-003
  0.123946954439452       7.397710668870510E-004
  0.136194802323605      -1.244823894860037E-003
  0.114647853967724      -2.857037005764675E-003
  6.992126623958418E-002 -3.387458762863487E-003
  2.360018203084172E-002 -2.615637372710318E-003
 -2.300125370550059E-003 -9.071684124482923E-004
  4.087141097047910E-003  9.628116653613051E-004
  3.895136532107868E-002  2.176476813467667E-003
  8.489996850585436E-002  2.258177106776854E-003
  0.119543696484785       1.294390202623805E-003
  0.126337815637512      -1.180607461265966E-004
  0.102434146650565      -1.172154916083082E-003
  5.982347913347542E-002 -1.253329834091543E-003
  1.933110552605864E-002 -2.460086903493732E-004
  4.647841499129609E-004  1.408301675529874E-003
  1.205511988135262E-002  2.929517115735233E-003
  4.816884514613638E-002  3.583387924931085E-003
  9.117515720780003E-002  3.039225063234113E-003
  0.120383678945757       1.525048284641700E-003
  0.122021981374440      -2.911036798160093E-004
  9.574027132004759E-002 -1.628233364341187E-003
  5.456991472026839E-002 -1.963262729384268E-003
  1.845342639730681E-002 -1.266630701157755E-003
  4.552627968836533E-003  4.339205217479105E-006
  1.904422833457838E-002  1.142154205892315E-003
  5.432668964285449E-002  1.536452780362563E-003
  9.289925007028584E-002  9.654410535753382E-004
  0.115943393168580      -3.036210118144373E-004
  0.112404062441183      -1.648022072899607E-003
  8.419335090859220E-002 -2.391080101771239E-003
  4.507497009038395E-002 -2.127872371735631E-003
  1.386714571523577E-002 -9.208558387030034E-004
  5.323391553908996E-003  7.277047416511355E-004
  2.311153205537197E-002  2.113696970562401E-003
  5.822989828942804E-002  2.665460474963856E-003
  9.353254101244401E-002  2.212833489105296E-003
  0.112090719487862       1.060259941829559E-003
  0.105313709016877      -1.709106881609148E-004
  7.693412521352713E-002 -8.519622231159377E-004
  4.101081183920548E-002 -6.545917718235910E-004
  1.500330798686174E-002  2.942359333778074E-004
  1.132126078846755E-002  1.483703440018623E-003
  3.143171499584062E-002  2.277247338913483E-003
  6.531637767997242E-002  2.227134805779738E-003
  9.645862695749439E-002  1.291303213349257E-003
  0.109880026787049      -1.497363954893172E-004
  9.931722235426406E-002 -1.478685424709432E-003
  7.010163015351219E-002 -2.135830999047882E-003
  3.642227476980897E-002 -1.879518982127258E-003
  1.437357867474645E-002 -8.907126987913957E-004
  1.419610837124674E-002  3.236679680899834E-004
  3.545399073948063E-002  1.178588767629446E-003
  6.742164770046467E-002  1.290231683859478E-003
  9.441091065385075E-002  6.544052362729584E-004
  0.103397852512953      -3.592282492968963E-004
  9.024541596134732E-002 -1.192544963721184E-003
  6.155312306962651E-002 -1.373902588535656E-003
  3.131538311658374E-002 -7.497993170161167E-004
  1.407794864397327E-002  4.386939536998256E-004
  1.793694816578908E-002  1.671419585708339E-003
  4.074626599437559E-002  2.399717250126052E-003
  7.130391761847465E-002  2.309398826006091E-003
  9.486882391073993E-002  1.467971127412167E-003
  0.100290407598238       2.857658568323038E-004
  8.530186997613613E-002 -6.873827500319146E-004
  5.746375277912835E-002 -1.028233541372705E-003
  3.037241225560723E-002 -6.387390050238642E-004
  1.702849338269177E-002  2.173021518988919E-004
  2.359596610568317E-002  1.053147039978930E-003
  4.654531109059078E-002  1.402139622250755E-003
  7.450218693623520E-002  1.045468987742903E-003
  9.384050587555359E-002  1.159256175312691E-004
  9.527294728101192E-002 -9.690637345103454E-004
  7.825425570833711E-002 -1.709641972378077E-003
  5.111355033060511E-002 -1.762310410655212E-003
  2.691820919483314E-002 -1.101374672446431E-003
  1.712456411642571E-002 -2.764746252941000E-005
  2.610250576867151E-002  9.776744308898687E-004
  4.915192023942985E-002  1.482647485685856E-003
  7.490843931056082E-002  1.307395819302429E-003
  9.091189355690817E-002  6.034285910095196E-004
  8.961080125017865E-002 -2.273528061255958E-004
  7.191081492019102E-002 -7.333226024564765E-004
  4.660174763800594E-002 -6.351927865325258E-004
  2.600451624680692E-002  3.853593334560820E-005
  1.998966822865156E-002  9.677295990777079E-004
  3.126710069840965E-002  1.698848965122970E-003
  5.419014700273902E-002  1.866526245191298E-003
  7.759388496340711E-002  1.369954527647285E-003
  9.024148041293592E-002  4.192637249862864E-004
  8.622153355634034E-002 -5.682938723831572E-004
  6.770389366256292E-002 -1.169441257333318E-003
  4.377054179363520E-002 -1.154618065995461E-003
  2.594405107151582E-002 -5.907179605941211E-004
  2.261381544425631E-002  2.000128912201573E-004
  3.505619527703576E-002  8.018936835928046E-004
  5.693681849618608E-002  9.085069924456515E-004
  7.747981471472509E-002  4.685817396964790E-004
  8.672274565287097E-002 -2.934509576798414E-004
  8.029784618811073E-002 -9.898593717619934E-004
  6.144813845664518E-002 -1.259227198316788E-003
  3.935257476733937E-002 -9.415543053036613E-004
  2.462346407688036E-002 -1.551356314768567E-004
  2.418500354531077E-002  7.606743308329885E-004
  3.800403522164748E-002  1.408111634517386E-003
  5.921462665847532E-002  1.519966659915664E-003
  7.752273613707050E-002  1.083745246970542E-003
  8.420314615372972E-002  3.419863499410784E-004
  7.626284636281229E-002 -3.298467659182671E-004
  5.778409205060136E-002 -6.072158412204840E-004
  3.784671749949241E-002 -3.722509117745948E-004
  2.608207044947965E-002  2.335433838399601E-004
  2.803219619036145E-002  8.833879929982665E-004
  4.254745327215540E-002  1.228032038983557E-003
  6.244149668551985E-002  1.066915900239056E-003
  7.803834353402266E-002  4.448706020818862E-004
  8.186197096869459E-002 -3.709085375358263E-004
  7.219674764541543E-002 -1.020377976218701E-003
  5.382477643291560E-002 -1.222624401065184E-003
  3.562939643582407E-002 -9.072945122682221E-004
  2.626534397695442E-002 -2.435174871204151E-004
  3.000679189994735E-002  4.455474205692806E-004
  4.476601956393608E-002  8.397004418663084E-004
  6.320076497176032E-002  7.740772310739175E-004
  7.632910835948760E-002  3.142197630004760E-004
  7.787458088811638E-002 -2.808415385692787E-004
  6.724137960625470E-002 -6.881362497485185E-004
  4.971137330187445E-002 -6.794176321385874E-004
  3.381223931257615E-002 -2.321690130012207E-004
  2.716640010442119E-002  4.600554442907207E-004
  3.283969646515400E-002  1.081874138060925E-003
  4.793660586882532E-002  1.348288650767642E-003
  6.508175104720164E-002  1.140745831443255E-003
  7.603059507065836E-002  5.616231050923336E-004
  7.564118233049741E-002 -1.179996213770621E-004
  6.429310690472068E-002 -5.904853738281731E-004
  4.761592944399749E-002 -6.587373249701627E-004
  3.369979721539749E-002 -3.271909164952378E-004
  2.916811842233943E-002  2.059942065699128E-004
  3.601743437092094E-002  6.498272514327236E-004
  5.073124417713022E-002  7.640805482228474E-004
  6.605816988228851E-002  4.756906330410725E-004
  7.455813643235044E-002 -8.749116087649075E-005
  7.218431703021824E-002 -6.603603898876426E-004
  6.017835632825419E-002 -9.694684075676755E-004
  4.439404719539036E-002 -8.643620914320823E-004
  3.241460745764083E-002 -3.884282136140827E-004
  2.988358501783613E-002  2.437681719381195E-004
  3.782511557293781E-002  7.504657762753707E-004
  5.222577740708707E-002  9.171068406207918E-004
  6.604324787681159E-002  6.963961686710353E-004
  7.263806647950798E-002  2.265909646586552E-004
  6.895683610353795E-002 -2.395323538437315E-004
  5.694117416689598E-002 -4.595458287342636E-004
  4.251352559911577E-002 -3.191238186108000E-004
  3.266561907778710E-002  1.140336703719382E-004
  3.207875788122351E-002  6.252543787338353E-004
  4.090755696387759E-002  9.587450771532224E-004
  5.477401254950538E-002  9.421120264377955E-004
  6.694025001087534E-002  5.691696539422138E-004
  7.158186994010445E-002  1.716734966990444E-006
  6.657176422996280E-002 -5.093367576795138E-004
  5.444430414536583E-002 -7.442792858886252E-004
  4.110495677806573E-002 -6.178958570641009E-004
  3.294063797098809E-002 -2.165446073974080E-004
  3.374446733225257E-002  2.475066746282602E-004
  4.293570977314481E-002  5.410267351052923E-004
  5.591002856356835E-002  5.226288063540122E-004
  6.631817139013556E-002  2.091991568603792E-004
  6.914745162948145E-002 -2.351151146448245E-004
  6.311217141004749E-002 -5.807905753663022E-004
  5.121477063663890E-002 -6.452521510277037E-004
  3.923665064421538E-002 -3.812197877969257E-004
  3.291652312463569E-002  1.010618634068951E-004
  3.519302734405586E-002  5.875418789802208E-004
  4.483579080552714E-002  8.632602901059216E-004
  5.710098580423211E-002  8.143764152733224E-004
  6.606453049529544E-002  4.803565814448201E-004
  6.748540044927891E-002  3.198051064645461E-005
  6.081490501307914E-002 -3.131365645284436E-004
  4.939999828691562E-002 -3.958924443101383E-004
  3.881149123507945E-002 -1.908766461567119E-004
  3.413013906566925E-002  1.843245925655031E-004
  3.751125006365878E-002  5.290732146436407E-004
  4.719388335872433E-002  6.588130409132210E-004
  5.840820561314677E-002  4.949452216170462E-004
  6.571525052502909E-002  1.022711007947486E-004
  6.563217986863315E-002 -3.432077934081151E-004
  5.827681606031448E-002 -6.395650179968703E-004
  4.725631252306176E-002 -6.555192362171998E-004
  3.788081780298453E-002 -3.918077283412948E-004
  3.458676319281887E-002  2.146496330887466E-005
  3.882043290549745E-002  3.891674838852914E-004
  4.839165677672634E-002  5.453261655527169E-004
  5.858504871480311E-002  4.315412761554312E-004
  6.446699630296721E-002  1.223216070314891E-004
  6.326076780586902E-002 -2.139309560705110E-004
  5.564714939343211E-002 -3.985014645745386E-004
  4.538245327916952E-002 -3.296126351679036E-004
  3.744401392775532E-002 -3.127997242463209E-005
  3.561766803163507E-002  3.592317652643154E-004
  4.069549036319332E-002  6.584832004140985E-004
  5.014040332995024E-002  7.254374237452173E-004
  5.935588862680815E-002  5.286142847506074E-004
  6.392552756579153E-002  1.598186903187862E-004
  6.173103014019152E-002 -2.113744359612980E-004
  5.393293108467673E-002 -4.195970256283794E-004
  4.436059481795405E-002 -3.821631295607901E-004
  3.762966734056118E-002 -1.364181788754127E-004
  3.691164005918363E-002  1.812508362485019E-004
  4.243286419479578E-002  4.036119246185154E-004
  5.141289742444106E-002  4.143587181859257E-004
  5.944919287592448E-002  2.038810516071235E-004
  6.265989273263940E-002 -1.273654259528579E-004
  5.954289561621244E-002 -4.186713294828198E-004
  5.166204151736321E-002 -5.272921945225317E-004
  4.284890516809795E-002 -3.970576040048534E-004
  3.732701327035943E-002 -8.456355880833107E-005
  3.767683658079689E-002  2.690016880660277E-004
  4.362203184533431E-002  5.060862359257760E-004
  5.220732335773152E-002  5.277485815208530E-004
  5.926064674263271E-002  3.393353189428925E-004
  6.141668796995689E-002  4.542646244861858E-005
  5.772055854426204E-002 -2.027013273801447E-004
  5.004759696961522E-002 -2.810774025515709E-004
  4.215626669413959E-002 -1.525630448397896E-004
  3.785089784732566E-002  1.165313798042859E-004
  3.915129691818811E-002  3.900832088153447E-004
  4.534883875622769E-002  5.290811771850872E-004
  5.338881473846153E-002  4.590926113064790E-004
  5.937454133130143E-002  2.057645139187397E-004
  6.045284286228652E-002 -1.182662504990262E-004
  5.616883248079806E-002 -3.680418516576845E-004
  4.864722781097734E-002 -4.356375518701428E-004
  4.153142885498240E-002 -3.006842418492644E-004
  3.820964381682948E-002 -3.813952445920211E-005
  4.019167863264156E-002  2.196868609563802E-004
  4.641405383260628E-002  3.478390796909855E-004
  5.379276137301688E-002  2.886308772128023E-004
  5.873834378389680E-002  7.808047378982570E-005
  5.888995896387728E-002 -1.732734893816337E-004
  5.423152465129994E-002 -3.352069299558806E-004
  4.706317118715831E-002 -3.213605641929727E-004
  4.085967125067899E-002 -1.307978926594127E-004
  3.858195987373528E-002  1.521068192254682E-004
  4.126182294210850E-002  3.988136862592750E-004
  4.753567493389757E-002  4.984500164354757E-004
  5.433661626384579E-002  4.103412338777348E-004
  5.839403981382350E-002  1.821607181267577E-004
  5.780749471503498E-002 -7.448569889585783E-005
  5.293736447134961E-002 -2.386446765441355E-004
  4.619513890956067E-002 -2.380646420208365E-004
  4.085142693766265E-002 -8.275999387764751E-005
  3.945003019002932E-002  1.416368395466820E-004
  4.259645891350603E-002  3.168648177621498E-004
  4.869724711414487E-002  3.500710714183836E-004
  5.476043130709916E-002  2.187028955813397E-004
  5.785583277450762E-002 -1.916165404347239E-005
  5.652296660515441E-002 -2.534959192157054E-004
  5.145072003511379E-002 -3.756419739765965E-004
  4.511350883399456E-002 -3.302730633966573E-004
  4.055506992202538E-002 -1.410729710140094E-004
  3.991769462142561E-002  1.017805720106516E-004
  4.342767516820797E-002  2.857182634419833E-004
  4.931733609950045E-002  3.298062101452479E-004
  5.470637059947848E-002  2.226232618204175E-004
  5.700381901442364E-002  2.608661987822888E-005
  5.514871567593678E-002 -1.560393175020680E-004
  5.009569957681060E-002 -2.292314520544063E-004
  4.432409698930561E-002 -1.540030539744549E-004
  4.062178862317695E-002  3.555630943265958E-005
  4.073976239254769E-002  2.490164506613107E-004
  4.456603951529077E-002  3.838018728597860E-004
  5.020787002093730E-002  3.746929430013656E-004
  5.492848959902014E-002  2.247480843084802E-004
  5.647488898542866E-002  3.053043027487351E-006
  5.415240953548690E-002 -1.891273850496837E-004
  4.913375100160090E-002 -2.670566211667932E-004
  4.386592935935065E-002 -2.024766528092122E-004
  4.087435252934653E-002 -3.577209594539727E-005
  4.154820435678758E-002  1.450199352132258E-004
  4.549113056316959E-002  2.477018468791629E-004
  5.074037121791653E-002  2.206186783879535E-004
  5.473535407049203E-002  7.704967982919988E-005
  5.555843856783395E-002 -1.121195059915562E-004
  5.284719138333506E-002 -2.534201824876292E-004
  4.794485947624801E-002 -2.762462190353360E-004
  4.322863181753646E-002 -1.667091295685734E-004
  4.095139031611503E-002  2.620122067644153E-005
  4.216120727513153E-002  2.147033924548037E-004
  4.621663494547577E-002  3.145458994069609E-004
  5.112137639476401E-002  2.849794792660294E-004
  5.450464091745846E-002  1.472427847334028E-004
  5.476592051207935E-002 -2.695959219691796E-005
  5.183147867816615E-002 -1.509617299295224E-004
  4.716514082250307E-002 -1.651717693824796E-004
  4.303996511311824E-002 -6.532349140035138E-005
  4.143247571723296E-002  9.642287076370511E-005
  4.307684346736816E-002  2.376295726582778E-004
  4.713108437462916E-002  2.859684763663618E-004
  5.160611573167437E-002  2.141853843441977E-004
  5.433951756297202E-002  5.289103491433276E-005
  5.403748560467142E-002 -1.246504438444262E-004
  5.088315692589415E-002 -2.380110268819703E-004
  4.642574585454180E-002 -2.380147938761524E-004
  4.281502926588930E-002 -1.295948346204843E-004
  4.175931533814044E-002  3.162734601776965E-005
  4.371198187940230E-002  1.669661987672974E-004
  4.767389436308653E-002  2.128371199142913E-004
  5.169695014271221E-002  1.509600207827285E-004
  5.383570495530574E-002  1.622595286307993E-005
  5.308267053808210E-002 -1.211834133750100E-004
  4.983801881334562E-002 -1.904055816670354E-004
  4.569525310279881E-002 -1.543198954990568E-004
  4.265658894865000E-002 -2.722007665744184E-005
  4.216408806269783E-002  1.325196730360746E-004
  4.441508242317488E-002  2.508950875203970E-004
  4.828644779626269E-002  2.738579594231728E-004
  5.189458961893297E-002  1.928391229867284E-004
  5.351207323211362E-002  4.810600838014931E-005
  5.239481893322077E-002 -9.131276371978825E-005
  4.912376907821007E-002 -1.611262334126051E-004
  4.530448709248382E-002 -1.324026932472454E-004
  4.277916546789488E-002 -2.465569374275880E-005
  4.273741238963635E-002  1.046008740745242E-004
  4.515475591883981E-002  1.884156039239205E-004
  4.882356598419779E-002  1.830423102675728E-004
  5.195222412358100E-002  8.888610116969952E-005
  5.303565075910408E-002 -5.014947968279823E-005
  5.157454149930186E-002 -1.682746772177057E-004
  4.830000001022452E-002 -2.096779890954334E-004
  4.480334043684069E-002 -1.551734576576531E-004
  4.275827412945589E-002 -3.090804516619835E-005
  4.311565538562025E-002  1.047775962867045E-004
  4.565818592412722E-002  1.896882125023112E-004
  4.912340984618110E-002  1.874723634815073E-004
  5.182695257584842E-002  1.044075925375847E-004
  5.247862176491323E-002 -1.456993967662744E-005
  5.079613633259671E-002 -1.083378858070457E-004
  4.762472288772648E-002 -1.294548783189921E-004
  4.451288258423682E-002 -6.693754363897773E-005
  4.295677501618979E-002  4.890094871286683E-005
  4.368159049129636E-002  1.616046399864928E-004
  4.630472163545221E-002  2.161288814400052E-004
  4.953664253244595E-002  1.853554982123267E-004
  5.181453938827896E-002  8.283341951621244E-005
  5.205740779823306E-002 -4.417540817290257E-005
  5.017783915480575E-002 -1.377089450613049E-004
  4.710837010254436E-002 -1.568809229428127E-004
  4.433735522467155E-002 -9.701265529477840E-005
  4.318510946362693E-002  8.920681916820231E-006
  4.417225968503653E-002  1.069293524108293E-004
  4.678240012701657E-002  1.484380850334208E-004
  4.972690330734327E-002  1.136389047027490E-004
  5.157671302079556E-002  2.058812603658211E-005
  5.145169976947695E-002 -8.409986818313169E-005
  4.943535299522035E-002 -1.481958607150808E-004
  4.651980254904250E-002 -1.391880962220632E-004
  4.411494642109311E-002 -5.978167361376878E-005
  4.336442321583900E-002  5.374229028904262E-005
  4.460019167299994E-002  1.492657683070421E-004
  4.719566414332486E-002  1.839106239522886E-004
  4.988172526578059E-002  1.443031055047177E-004
  5.136650589754278E-002  5.237673991201816E-005
  5.095630553566101E-002 -4.583808161194100E-005
  4.887926049901079E-002 -1.027769901736029E-004
  4.616089953858431E-002 -9.223243564260398E-005
  4.411845394043488E-002 -2.156629771293529E-005
  4.372295797441682E-002  7.245379116688482E-005
  4.513779930083107E-002  1.419288043219830E-004
  4.765272861697291E-002  1.511979672661679E-004
  5.003884235188985E-002  9.397836132267523E-005
  5.114733296621710E-002 -3.879790350605906E-006
  5.046042674469858E-002 -9.713458510880458E-005
  4.833047876796537E-002 -1.430362907849095E-004
  4.579720156696555E-002 -1.217033688716571E-004
  4.407747002129186E-002 -4.523039354033883E-005
  4.397801529071833E-002  4.866628873251583E-005
  4.551444870918445E-002  1.151659072398332E-004
  4.791644807793146E-002  1.239350274131312E-004
  5.001053272616115E-002  7.337455419236492E-005
  5.079052680564949E-002 -9.200511582553177E-006
  4.989859506903409E-002 -8.130309317740026E-005
  4.778706894591918E-002 -1.061033104090326E-004
  4.548830230831429E-002 -7.021159201906308E-005
  4.410932030637639E-002  1.009468385263650E-005
  4.429845708413784E-002  9.702335242128887E-005
  4.594076233543332E-002  1.496647602813170E-004
  4.822498415193559E-002  1.436390869027780E-004
  5.004412048174822E-002  8.253545275591056E-005
  5.053182067028326E-002 -4.225944156082608E-006
  4.947473511718400E-002 -7.587143856807573E-005
  4.740460773856132E-002 -9.994555313802024E-005
  4.533089430962208E-002 -6.764885361910013E-005
  4.424805910953353E-002  2.451846584679256E-006
  4.465787736709661E-002  7.393074325827767E-005
  4.633608133184702E-002  1.104396561362211E-004
  4.845165474151377E-002  9.331032871777275E-005
  4.997589846663619E-002  3.035856165093145E-005
  5.018011408300343E-002 -4.821002508209686E-005
  4.898131910887539E-002 -1.046268697194061E-004
  4.697221720633767E-002 -1.118276890921963E-004
  4.512596058574834E-002 -6.632648576034680E-005
  4.432268225861413E-002  1.040896502777615E-005
  4.492812578487055E-002  8.256602826839204E-005
  4.662604985524208E-002  1.173016026757228E-004
  4.858096142711890E-002  1.003451814150346E-004
  4.984778150270308E-002  4.242912214859368E-005
  4.982768849330631E-002 -2.639020725155087E-005
  4.855034789458036E-002 -7.159230565067457E-005
  4.664962810545056E-002 -7.094056081157607E-005
  4.504929822799294E-002 -2.503429800306904E-005
  4.451432506115059E-002  4.331275490973693E-005
  4.528553467244158E-002  1.003949081321100E-004
  4.697192018817643E-002  1.180272519297019E-004
  4.874831837320341E-002  8.707715803796469E-005
  4.975867025968878E-002  2.165056277371271E-005
  4.952784434511599E-002 -4.793978053406053E-005
  4.818397594314611E-002 -8.987695449767363E-005
  4.638744521826357E-002 -8.603557608141669E-005
  4.500522878172616E-002 -4.036816258706477E-005
  4.469111792034310E-002  2.343369318885761E-005
  4.557501311259044E-002  7.370443671228471E-005
  4.720889157891016E-002  8.618903732208064E-005
  4.879137272974431E-002  5.559396759035669E-005
  4.955857153599293E-002 -2.186354155762518E-006
  4.915077794136238E-002 -5.808892447491666E-005
  4.777910980390950E-002 -8.412827197236903E-005
  4.611518009013045E-002 -6.691949905788139E-005
  4.496114593005038E-002 -1.398398060327231E-005
  4.486215528322401E-002  5.008679840542060E-005
  4.584834943816216E-002  9.561420295106975E-005
  4.742838126360313E-002  1.020829974555502E-004
  4.883362181571092E-002  6.778185892346964E-005
  4.939176569622282E-002  1.027815966225097E-005
  4.884826436449937E-002 -4.235412655489575E-005
  4.748194163323474E-002 -6.519127943916214E-005
  4.596247126718046E-002 -4.836207942284248E-005
  4.502227466049241E-002 -1.505245341101298E-006
  4.510344266836446E-002  5.123932433509380E-005
  4.614976469369411E-002  8.314437630644675E-005
  4.764153849551673E-002  7.787368259494712E-005
  4.885262087762000E-002  3.726401348022109E-005
  4.920269332445871E-002 -1.975450440799422E-005
  4.853394943219706E-002 -6.644781966752717E-005
  4.718041196888218E-002 -8.118897963669508E-005
  4.579981399815641E-002 -5.773280640174296E-005
  4.505255774853717E-002 -7.960105981255017E-006
  4.528442993642968E-002  4.410841016680667E-005
  4.636548741638733E-002  7.401554481478388E-005
  4.776008179065309E-002  6.857680120589320E-005
  4.879073390683158E-002  3.197219200340825E-005
  4.896599502109752E-002 -1.661345822609412E-005
  4.821372158612396E-002 -5.252910269489879E-005
  4.690913986347685E-002 -5.767214874666449E-005
  4.568743728386661E-002 -2.916054205356329E-005
  4.513433449925915E-002  1.945810888383427E-005
  4.550526746067123E-002  6.492859655762938E-005
  4.660769553345994E-002  8.558943483557564E-005
  4.790054418455916E-002  7.175190954743707E-005
  4.875959104132783E-002  3.018328913306771E-005
  4.877865738550375E-002 -1.936941917115408E-005
  4.796130188632430E-002 -5.382252775911438E-005
  4.671261635301514E-002 -5.783839111941134E-005
  4.563820882564725E-002 -3.100370282414348E-005
  4.525000884264160E-002  1.227995414917421E-005
  4.572174297677127E-002  5.002096087048058E-005
  4.681081288574047E-002  6.338893313236438E-005
  4.798150275063212E-002  4.576566392857424E-005
  4.866713702255748E-002  5.769239651961405E-006
  4.854301015896363E-002 -3.710954287117691E-005
  4.767874509523549E-002 -6.204616933257320E-005
  4.649874427238220E-002 -5.693070905123966E-005
  4.557274575824333E-002 -2.408661155594682E-005
  4.533980171613058E-002  2.102322331605983E-005
  4.589937221981166E-002  5.737490519722022E-005
  4.696887546279936E-002  6.851021603759117E-005
  4.802548096004388E-002  5.030953281986781E-005
  4.856111035637924E-002  1.271714457620930E-005
  4.832632159202060E-002 -2.531096785191809E-005
  4.744604832185351E-002 -4.509893013127800E-005
  4.635358983038863E-002 -3.724770403226443E-005
  4.557743544527169E-002 -6.016157581126769E-006
  4.548569039974907E-002  3.294693363374536E-005
  4.611160099381301E-002  6.032482162980850E-005
  4.714276188315497E-002  6.251006058863775E-005
  4.807662719117208E-002  3.810162311585115E-005
  4.846498125586516E-002 -1.559016755487753E-006
  4.812848481916417E-002 -3.798096677705403E-005
  4.723865863528158E-002 -5.446615114052047E-005
  4.622998395049651E-002 -4.405457193889439E-005
  4.558702711249157E-002 -1.267340644503622E-005
  4.561085081656735E-002  2.394527171651685E-005
  4.627729111159034E-002  4.799695121936185E-005
  4.725376180952538E-002  4.819714862055889E-005
  4.806401517801701E-002  2.509101424724514E-005
  4.831934838777001E-002 -9.418960394297479E-006
  4.790409279957684E-002 -3.800728712676275E-005
  4.702695635790025E-002 -4.638132948923903E-005
  4.611564831099890E-002 -3.015197245865996E-005
  4.560788777573382E-002  3.161553307434622E-006
  4.574086201941190E-002  3.788344509263273E-005
  4.644034434196343E-002  5.779973594680336E-005
  4.736119860605840E-002  5.392434798471404E-005
  4.805743197684201E-002  2.868054603949171E-005
  4.819804193967170E-002 -5.454014591509545E-006
  4.772421094147626E-002 -3.210003754986249E-005
  4.687322940566126E-002 -3.889530100615743E-005
  4.605974752444418E-002 -2.334726988883991E-005
  4.567366880500279E-002  6.158610244490603E-006
  4.589312676733004E-002  3.460080850444363E-005
  4.660219050535086E-002  4.768968508598954E-005
  4.745120468821800E-002  3.876822455949954E-005
  4.802852494913604E-002  1.193321595018227E-005
  4.805936376920005E-002 -2.006671773627809E-005
  4.753575530454670E-002 -4.206647590432210E-005
  4.671625719372136E-002 -4.379344908465289E-005
  4.599757319926493E-002 -2.472164851682483E-005
  4.572179914910941E-002  5.823088496332482E-006
  4.601293321089590E-002  3.328341688916045E-005
  4.672075779238424E-002  4.492303637850991E-005
  4.749737350283311E-002  3.588596737116273E-005
  4.796751895400968E-002  1.136868561752053E-005
  4.790934938686885E-002 -1.607491226707568E-005
  4.735863027202341E-002 -3.272119459723901E-005
  4.658747561364816E-002 -3.032582311099234E-005
  4.596982117810471E-002 -1.002902092614414E-005
  4.580006599966924E-002  1.831861401532634E-005
  4.615277975326666E-002  4.101520308147706E-005
  4.685025813858010E-002  4.715133452193029E-005
  4.755182962698655E-002  3.381747073850309E-005
  4.792008633547612E-002  7.394144698024637E-006
  4.778294642096568E-002 -1.963506899339902E-005
  4.721373117037563E-002 -3.474785405423154E-005
  4.649206180776200E-002 -3.136746469480798E-005
  4.596624035147018E-002 -1.189484422923805E-005
  4.588479869534817E-002  1.361976409129340E-005
  4.627865366314095E-002  3.245647281558830E-005
  4.694970571151148E-002  3.540414205158983E-005
  4.756968621938756E-002  2.114786412152333E-005
  4.784001415963668E-002 -3.215883389097838E-006
  4.763487557987695E-002 -2.572351741721947E-005
  4.705902358236639E-002 -3.538066508335351E-005
  4.639385651098259E-002 -2.744874537419949E-005
  4.595943973632215E-002 -5.648342922280874E-006
  4.596009916901418E-002  1.973298490919780E-005
  4.638804890679353E-002  3.685694032331687E-005
  4.703045684493273E-002  3.801724333642460E-005
  4.757492928258732E-002  2.324962507863728E-005
  4.776117641820922E-002  1.687061928216226E-007
  4.750524765990920E-002 -1.982894581559370E-005
  4.693706457627150E-002 -2.711257934049320E-005
  4.633457824750628E-002 -1.842152064197519E-005
  4.598782054615676E-002  1.672088213887855E-006
  4.605928836508544E-002  2.309525986074085E-005
  4.650781860023522E-002  3.521956668523001E-005
  4.711154389800572E-002  3.200082602300957E-005
  4.757734282198624E-002  1.483818734078950E-005
  4.768282689199338E-002 -8.187573488323168E-006
  4.738211652750927E-002 -2.627564633356187E-005
  4.682513906645867E-002 -3.111444086285075E-005
  4.628253061173440E-002 -2.081708517142870E-005
  4.601371265862551E-002 -7.131482770509204E-007
  4.614243353677776E-002  1.933364129271572E-005
  4.659946757995316E-002  2.973764712861093E-005
  4.715895262863716E-002  2.578749121669016E-005
  4.754942962267941E-002  9.821261515281121E-006
  4.758504496108521E-002 -1.002556839758635E-005
  4.725354322635570E-002 -2.384257332481534E-005
  4.671943949684641E-002 -2.475890875662014E-005
  4.624217805413636E-002 -1.222195650571362E-005
  4.604994444241516E-002  7.813219842545347E-006
  4.623047242283994E-002  2.582778068288266E-005
  4.669105734635429E-002  3.335377143323095E-005
  4.720590852509085E-002  2.701662336766035E-005
  4.752671488048062E-002  1.007235924943713E-005
  4.750229765039011E-002 -9.259718514018066E-006
  4.714970660519803E-002 -2.181750661137262E-005
  4.664335662547615E-002 -2.190128240596164E-005
  4.622871422110066E-002 -9.941506052548070E-006
  4.610320107959831E-002  7.824282242051469E-006
  4.632206622946947E-002  2.246174272289451E-005
  4.677407141176626E-002  2.669710927475441E-005
  4.723757823750078E-002  1.840645155096820E-005
  4.748881888025620E-002  1.572184358784611E-006
  4.740949592404402E-002 -1.571422512526793E-005
  4.704200887407280E-002 -2.519790746887679E-005
  4.656658628950266E-002 -2.242821201020454E-005
  4.621253735652121E-002 -8.841206926734779E-006
  4.614730634480851E-002  9.014512329827597E-006
  4.639699541477938E-002  2.269249017702941E-005
  4.683605579457854E-002  2.592131484644150E-005
  4.725001456272759E-002  1.756613187924690E-005
  4.743994421655603E-002  2.074315282208347E-006
  4.731781311394388E-002 -1.276799819791075E-005
  4.694703654905815E-002 -1.964679955098754E-005
  4.650960177126282E-002 -1.524130820799272E-005
  4.621672067254694E-002 -1.766740753060687E-006
  4.620683778641305E-002  1.417222460098798E-005
  4.648021010877337E-002  2.482431914043750E-005
  4.690092658487385E-002  2.503941183122207E-005
  4.726433973040697E-002  1.471163619007945E-005
  4.739647724531154E-002 -1.236462799017977E-006
  4.723715687052886E-002 -1.528350707146503E-005
  4.686711726204971E-002 -2.094820732793558E-005
  4.646700539964650E-002 -1.587104124995412E-005
  4.622900024693768E-002 -2.867632626371531E-006
  4.626428798765594E-002  1.151944706981609E-005
  4.655091889258465E-002  2.023424705032242E-005
  4.694646953033150E-002  1.911354807522864E-005
  4.725840580296126E-002  8.845132201397591E-006
  4.733742353985783E-002 -5.440294756483624E-006
  4.714854592575136E-002 -1.671006741387948E-005
  4.678615697774958E-002 -1.944829151617212E-005
  4.642662514583735E-002 -1.229483873816066E-005
  4.624226444225726E-002  1.352330897582663E-006
  4.631858872835394E-002  1.503004475766716E-005
  4.661457385682302E-002  2.234946429681963E-005
  4.698435027966542E-002  2.005181720602114E-005
  4.724893725948774E-002  9.514032795796517E-006
  4.728275968042837E-002 -3.994199169147433E-006
  4.707313799766164E-002 -1.390905194622158E-005
  4.672458719770317E-002 -1.554858793473335E-005
  4.640672690369722E-002 -8.330759940425649E-006
  4.627172318533463E-002  4.017251829486057E-006
  4.638141810170209E-002  1.532693123455807E-005
  4.667901644108938E-002  2.000254302852244E-005
  4.701823771371268E-002  1.571407921776902E-005
  4.723502138877821E-002  4.478942724772335E-006
  4.722665659817707E-002 -8.363132951442244E-006
  4.700019060207777E-002 -1.675711263407893E-005
  4.666733309154569E-002 -1.684467970274455E-005
  4.638914419581203E-002 -8.777593369797220E-006
  4.629787549970024E-002  3.421440890175360E-006
  4.643388350355191E-002  1.385270172829070E-005
  4.672769598905559E-002  1.760088110469342E-005
  4.703513971228002E-002  1.307553680405722E-005
  4.720781333769215E-002  2.714474263150340E-006
  4.716448152724729E-002 -8.261593837280701E-006
  4.692906422139390E-002 -1.441322799214302E-005
  4.661748834175011E-002 -1.271142221448688E-005
  4.638052393563451E-002 -3.966352677201452E-006
  4.633076856151302E-002  7.612839376402501E-006
  4.648911993807172E-002  1.648696782014456E-005
  4.677615643716327E-002  1.846503841542007E-005
  4.705186394002078E-002  1.269539593956502E-005
  4.718385904638008E-002  2.023722622278711E-006
  4.711087529946682E-002 -8.428662985945812E-006
  4.687107729027140E-002 -1.375535675160578E-005
  4.658214839941429E-002 -1.161107531964190E-005
  4.638347955940744E-002 -3.288870717785048E-006
  4.636883769239973E-002  6.968696138313642E-006
  4.654202192275133E-002  1.406490556947846E-005
  4.681645733723172E-002  1.452095016280661E-005
  4.705823107578330E-002  8.130123200616950E-006
  4.715120529659112E-002 -1.988536856761878E-006
  4.705256700852240E-002 -1.093816101386178E-005
  4.681226735578541E-002 -1.442465439471476E-005
  4.654757397127429E-002 -1.081282464454218E-005
  4.638566991169059E-002 -1.874790634750070E-006
  4.640238612452312E-002  8.108828964459741E-006
  4.658657177426002E-002  1.443762426599607E-005
  4.684682255440210E-002  1.424810984842044E-005
  4.705666820209979E-002  7.851916328213729E-006
  4.711589896800884E-002 -1.472576142109932E-006
  4.699830535362210E-002 -9.110121896318408E-006
  4.676310198295092E-002 -1.135385707334567E-005
  4.652511643608689E-002 -7.176799441753999E-006
  4.639871822458134E-002  1.314585899723794E-006
  4.644284814733418E-002  9.942143095587062E-006
  4.663354984367361E-002  1.449898335928894E-005
  4.687677357051023E-002  1.277619790969682E-005
  4.705466731426877E-002  5.599206953306062E-006
  4.708258313789100E-002 -3.609236480107883E-006
  4.694923438799821E-002 -1.050679155412294E-005
  4.672096939296001E-002 -1.192482590073686E-005
  4.650867101121317E-002 -7.365304410197373E-006
  4.641377606156194E-002  8.082243869212120E-007
  4.647968419282959E-002  8.556387045554229E-006
  4.667182305287146E-002  1.213469033921035E-005
  4.689549939190831E-002  9.889568040287010E-006
  4.704236296475973E-002  3.019317223199058E-006
  4.704270324186069E-002 -5.049410760007058E-006
  4.689835353112806E-002 -1.034793272397087E-005
  4.668069312759093E-002 -1.028719838540678E-005
  4.649525520609710E-002 -4.887129032573449E-006
  4.643047352508114E-002  3.266803789004143E-006
  4.651544860991491E-002  1.029942583088185E-005
  4.670688901085666E-002  1.292212600010875E-005
  4.691104582530382E-002  9.998847406580011E-006
  4.702955020481303E-002  3.054436651186286E-006
  4.700675036777771E-002 -4.502103671279788E-006
  4.685577581715363E-002 -9.045869159033151E-006
  4.665113742855138E-002 -8.480089914765012E-006
  4.649194583964262E-002 -3.216739741959370E-006
  4.645388681277424E-002  4.065307585844856E-006
  4.655321054998355E-002  9.748805739589848E-006
  4.673985287150032E-002  1.103739695567012E-005
  4.692253684157580E-002  7.292914942596784E-006
  4.701328914701439E-002  3.142098910811717E-007
  4.696967218304259E-002 -6.560310434670248E-006
  4.681447113554401E-002 -1.007701409312348E-005
  4.662372814958948E-002 -8.626488754578208E-006
  4.648937054207511E-002 -2.989845161029556E-006
  4.647479164373350E-002  4.073951669166767E-006
  4.658484148688560E-002  9.183255104546730E-006
  4.676442254214715E-002  9.965499173178988E-006
  4.692591573964309E-002  6.177262642870159E-006
  4.699180317391820E-002 -2.172851861254736E-007
  4.693176479581462E-002 -6.030519320401217E-006
  4.677650765690972E-002 -8.408024843134616E-006
  4.660204701249059E-002 -6.200295971447220E-006
  4.649245778634312E-002 -4.927930581483816E-007
  4.649933598130149E-002  5.947464638129346E-006
  4.661750449519543E-002  1.002601670285286E-005
  4.678838431694637E-002  9.812570204364531E-006
  4.692897717752062E-002  5.451114532901725E-006
  4.697212944456059E-002 -9.397972092014973E-007
  4.689855037376979E-002 -6.312996305145323E-006
  4.674532706326166E-002 -8.167604988874602E-006
  4.658721324839293E-002 -5.737659648190383E-006
  4.650011189650784E-002 -3.280579221128341E-007
  4.652458091883628E-002  5.349876144823373E-006
  4.664690012120293E-002  8.507841915895795E-006
  4.680652232882274E-002  7.625368658725066E-006
  4.692591311519268E-002  3.163201431587800E-006
  4.694808656999255E-002 -2.687826826165862E-006
  4.686367657822507E-002 -7.086681015094933E-006
  4.671469730638815E-002 -7.918762466060357E-006
  4.657355116960734E-002 -4.802945284656549E-006
  4.650776097663700E-002  7.493350737478966E-007
  4.654759931532127E-002  6.086328023511038E-006
  4.667212635288798E-002  8.704010955223375E-006
  4.682005698751374E-002  7.442814656797481E-006
  4.691984496484590E-002  3.019649440879487E-006
  4.692422441323958E-002 -2.349723714877579E-006
  4.683253892803278E-002 -6.041961728269847E-006
  4.669031929013103E-002 -6.295204384537897E-006
  4.656667042381039E-002 -3.043131220539241E-006
  4.652068399284191E-002  2.080034862598849E-006
  4.657319104173969E-002  6.552924146445413E-006
  4.669734654257205E-002  8.194943863541802E-006
  4.683227544837133E-002  6.211915883838319E-006
  4.691286031081144E-002  1.559538501257997E-006
  4.690110164782183E-002 -3.539557923606835E-006
  4.680395503203152E-002 -6.680055658045947E-006
  4.666928487685208E-002 -6.429253753412299E-006
  4.656222286115738E-002 -2.997339579423140E-006
  4.653360017805101E-002  1.891676593606895E-006
  4.659574871727135E-002  5.853640127022816E-006
  4.671718469436482E-002  7.000820294812754E-006
  4.683843281341350E-002  4.840772471726676E-006
  4.690105376793953E-002  4.896202256249837E-007
  4.687571721232629E-002 -3.891854154533587E-006
  4.677584343314928E-002 -6.155922399117050E-006
  4.665048412023293E-002 -5.203132570361049E-006
  4.656018951963246E-002 -1.497638834674008E-006
  4.654772702842635E-002  3.177106094742514E-006
  4.661780442514098E-002  6.593193001460324E-006
  4.673540129834354E-002  7.153502002428772E-006
  4.684321868249359E-002  4.647620730136962E-006
  4.688956100932348E-002  3.302743288392834E-007
  4.685308726088949E-002 -3.704738988253172E-006
  4.675258578334378E-002 -5.543181671776387E-006
  4.663731060236960E-002 -4.365949402527863E-006
  4.656282896469722E-002 -8.233175287837031E-007
  4.656421514909169E-002  3.303325086626128E-006
  4.663951503089551E-002  5.978299526043250E-006
  4.675126688395752E-002  5.896955179104895E-006
  4.684506399429664E-002  3.104032502408950E-006
  4.687597044209384E-002 -1.046545336826341E-006
  4.682997148027274E-002 -4.560958386592353E-006
  4.673022744741936E-002 -5.772455103942935E-006
  4.662536396281878E-002 -4.136691068907003E-006
  4.656570769801052E-002 -4.759306308844507E-007
  4.657907743411681E-002  3.436626782435231E-006
  4.665777158422679E-002  5.742351502885553E-006
  4.676282976668465E-002  5.389635449708279E-006
  4.684324898801939E-002  2.624130799930816E-006
  4.686068451078125E-002 -1.152326075534203E-006
  4.680767838712031E-002 -4.076200266204890E-006
  4.671075697082990E-002 -4.727516253768642E-006
  4.661714650355848E-002 -2.807355323613732E-006
  4.657174849963292E-002  7.345656910043033E-007
  4.659559342381071E-002  4.175011058094716E-006
  4.667610459450614E-002  5.857293097716822E-006
  4.677366619913118E-002  4.986838204762859E-006
  4.684108320524711E-002  2.000567856434894E-006
  4.684637882664936E-002 -1.660822051397229E-006
  4.678792118372330E-002 -4.258994563622639E-006
  4.669473006011313E-002 -4.595800691296490E-006
  4.661204907569080E-002 -2.578255156112370E-006
  4.657934841999799E-002  7.564057413003531E-007
  4.661144848807093E-002  3.758987762954496E-006
  4.669178698691850E-002  4.972181915703117E-006
  4.678087438394078E-002  3.829076722985500E-006
  4.683563541989434E-002  9.122249881252396E-007
  4.683017025022091E-002 -2.344370123417102E-006
  4.676793515841428E-002 -4.358369180122623E-006
  4.667962344949527E-002 -4.162989345770179E-006
  4.660798926191421E-002 -1.863514492992803E-006
  4.658711262461965E-002  1.428264107797999E-006
  4.662615787332381E-002  4.142113385536498E-006
  4.670536032902713E-002  5.009112378056145E-006
  4.678597802692894E-002  3.664792959657765E-006
  4.682920666499934E-002  8.084028623159009E-007
  4.681482692786147E-002 -2.151163215336111E-006
  4.675062693167479E-002 -3.784457306116527E-006
  4.666821654786925E-002 -3.329115890845206E-006
  4.660745906864214E-002 -1.045581602449429E-006
  4.659718107607732E-002  1.924810213492313E-006
  4.664148971516184E-002  4.123305150605282E-006
  4.671818521709303E-002  4.481256606638835E-006
  4.678984179785996E-002  2.829302593621077E-006
  4.682203275966705E-002 -3.352520788542965E-008
  4.679982889646347E-002 -2.737197436655242E-006
  4.673466835725562E-002 -4.006409946914699E-006
  4.665844748077821E-002 -3.270599202794506E-006
  4.660787296238517E-002 -9.260539818144740E-007
  4.660674821489037E-002  1.870315315692771E-006
  4.665473909352313E-002  3.769050701331342E-006
  4.672791609161806E-002  3.879374052715385E-006
  4.679062734628557E-002  2.189324578729597E-006
  4.681281838464693E-002 -4.434143966360423E-007
  4.678438933423949E-002 -2.718762023019857E-006
  4.671973615239566E-002 -3.527560621931829E-006
  4.665044750823431E-002 -2.483253359824580E-006
  4.660985307742237E-002 -9.787990658383300E-008
  4.661697712873800E-002  2.476717468720364E-006
  4.666761852908553E-002  4.011374279343356E-006
  4.673673224050980E-002  3.790757215017362E-006
  4.679079051309550E-002  1.948688963924552E-006
  4.680402663900821E-002 -6.094717136760265E-007
  4.677069395750982E-002 -2.653618451861858E-006
  4.670751132661704E-002 -3.224376762880280E-006
  4.664527401777722E-002 -2.088825112268356E-006
  4.661383193462385E-002  1.602768787153707E-007
  4.662775861432679E-002  2.403745500561223E-006
  4.667958746000544E-002  3.543535587421131E-006
  4.674374693525529E-002  3.031456078347375E-006
  4.678913546674126E-002  1.125146734342435E-006
  4.679415697415291E-002 -1.247499660550610E-006
  4.675695239424058E-002 -2.944223489425426E-006
  4.669598534927383E-002 -3.160505253485242E-006
  4.664085179052117E-002 -1.811055384116683E-006
  4.661788371834712E-002  4.399914397557080E-007
  4.663754723578944E-002  2.509215677921131E-006
  4.668966297485373E-002  3.420131777479516E-006
  4.674862299719130E-002  2.769593966763115E-006
  4.678594000561324E-002  9.112693767698002E-007
  4.678398276530000E-002 -1.227461217885629E-006
  4.674427809592340E-002 -2.601335439493520E-006
  4.668647499621617E-002 -2.552346155578189E-006
  4.663861544443171E-002 -1.120583314530973E-006
  4.662352420992643E-002  9.855992297907798E-007
  4.664791961361116E-002  2.740427571214053E-006
  4.669943586943229E-002  3.298909977288269E-006
  4.675286393677432E-002  2.400630454010027E-006
  4.678246698802128E-002  4.865134473619381E-007
  4.677435655733573E-002 -1.523111098903603E-006
  4.673298066851596E-002 -2.677239679665652E-006
  4.667869830769842E-002 -2.450589630195483E-006
  4.663774585642238E-002 -9.882803132010809E-007
  4.662953688629435E-002  9.753889000609288E-007
  4.665744065184793E-002  2.479846908278639E-006
  4.670741629305997E-002  2.803963221116641E-006
  4.675503567486889E-002  1.809102919309587E-006
  4.677738795387087E-002 -3.429529571773874E-009
  4.676406793566320E-002 -1.743671345741540E-006
  4.672198164732148E-002 -2.567369659283803E-006
  4.667175661829679E-002 -2.081765390057584E-006
  4.663761378606926E-002 -5.281683723476381E-007
  4.663567106804922E-002  1.342982951162898E-006
  4.666632435645697E-002  2.639776606677162E-006
  4.671430352641354E-002  2.758767119061211E-006
  4.675625608510819E-002  1.669664017361806E-006
  4.677209574802024E-002 -7.971407166914016E-008
  4.675460295308828E-002 -1.636169085593420E-006
  4.671269098875893E-002 -2.256084500706354E-006
  4.666686764335912E-002 -1.660955749061684E-006
  4.663919608512973E-002 -1.635741486626023E-007
  4.664266609366696E-002  1.492146229787086E-006
  4.667509301317545E-002  2.496180771589412E-006
  4.672040546716659E-002  2.363554013636255E-006
  4.675658699099492E-002  1.163188264422140E-006
  4.676635046872499E-002 -5.230558817472976E-007
  4.674537245198184E-002 -1.887287600634476E-006
  4.670416832151707E-002 -2.286751013665441E-006
  4.666280688819725E-002 -1.549665399881914E-006
  4.664111686494809E-002 -5.012729116871169E-008
  4.664916253202080E-002  1.480282309247276E-006
  4.668256153790780E-002  2.309514670641985E-006
  4.672481892132397E-002  2.056486956202290E-006
  4.675544541812777E-002  8.681581707818023E-007
  4.675986763004095E-002 -6.600717522651051E-007
  4.673633919438725E-002 -1.778302882429297E-006
  4.669657861611629E-002 -1.945730969445243E-006
  4.665992573675787E-002 -1.088008978064552E-006
  4.664392695701549E-002  3.736943035525201E-007
  4.665592994929459E-002  1.732364052914718E-006
  4.668971154316520E-002  2.339059274244195E-006
  4.672868042831384E-002  1.913713306914789E-006
  4.675401235272284E-002  6.739760550880045E-007
  4.675373078965865E-002 -7.769717589036054E-007
  4.672835426080374E-002 -1.745953388524701E-006
  4.669045025944895E-002 -1.783803368842788E-006
  4.665840586989271E-002 -8.967653806058530E-007
  4.664749966625819E-002  4.643416677357021E-007
  4.666260798947211E-002  1.628443459234489E-006
  4.669602518673448E-002  2.030810160093593E-006
  4.673136504610253E-002  1.483326788987697E-006
  4.675157291793226E-002  2.593936405695276E-007
  4.674713340250604E-002 -1.044461248210060E-006
  4.672052596064744E-002 -1.800259338607683E-006
  4.668484598006657E-002 -1.650957796548405E-006
  4.665734553120145E-002 -6.780434912648571E-007
  4.665107773903034E-002  6.441141121515130E-007
  4.666869009487930E-002  1.681897312195584E-006
  4.670131578174541E-002  1.948867596166026E-006
  4.673301576669890E-002  1.336621559812894E-006
  4.674854970239427E-002  1.603599474377530E-007
  4.674068880541213E-002 -9.997787036801343E-007
  4.671356347209960E-002 -1.582123187837689E-006
  4.668049912317748E-002 -1.313424971398517E-006
  4.665746694029563E-002 -3.358182451210710E-007
  4.665536589498805E-002  8.679944755678054E-007
  4.667486363462580E-002  1.712206252749810E-006
  4.670623550785475E-002  1.791330555535651E-006
  4.673420066765988E-002  1.072632706922115E-006
  4.674535266848130E-002 -9.351374030376075E-008
  4.673457280412267E-002 -1.147500066345647E-006
  4.670736000570398E-002 -1.592170125609287E-006
  4.667702168903242E-002 -1.230256394189482E-006
  4.665815625566644E-002 -2.540296011632654E-007
  4.665961765463046E-002  8.535714015794063E-007
  4.668035122298592E-002  1.555830756527913E-006
  4.671005690561062E-002  1.521139764246119E-006
  4.673428526747313E-002  7.791081160759549E-007
  4.674144756986334E-002 -2.995037042349947E-007
  4.672834086136268E-002 -1.186605809723154E-006
  4.670155607500471E-002 -1.453418287457894E-006
  4.667415703005800E-002 -9.754189763057872E-007
  4.665930059874895E-002  1.211679826075495E-008
  4.666391212176115E-002  1.032364894208212E-006
  4.668545472478499E-002  1.599465781432199E-006
  4.671329660589389E-002  1.451796295235512E-006
  4.673394703834279E-002  6.739055873003051E-007
  4.673758404080207E-002 -3.497195156157956E-007
  4.672271637674338E-002 -1.124189945204114E-006
  4.669676873481005E-002 -1.283711670930368E-006
  4.667237291941874E-002 -7.651690486899544E-007
  4.666121491662658E-002  1.665769630573126E-007
  4.666843325915340E-002  1.051483232089986E-006
  4.669025212549145E-002  1.458883049498200E-006
  4.671593589462542E-002  1.194418429588142E-006
  4.673305797071050E-002  3.901435187415919E-007
  4.673349970122095E-002 -5.636979764905404E-007
  4.671728490227665E-002 -1.209973991779011E-006
  4.669244111927904E-002 -1.245194757425711E-006
  4.667101664161753E-002 -6.628432905214862E-007
  4.666322775250935E-002  2.481590073095676E-007
  4.667257827682850E-002  1.046841677625450E-006
  4.669428159692072E-002  1.354300695538242E-006
  4.671769160632362E-002  1.034544764113402E-006
  4.673151134771338E-002  2.557039345443234E-007
  4.672923250716352E-002 -5.959119575199054E-007
  4.671218798949956E-002 -1.105265422265934E-006
  4.668878803273931E-002 -1.028853988548921E-006
  4.667036691372145E-002 -4.093455450975935E-007
  4.666568950399512E-002  4.491822566059481E-007
  4.667677882419457E-002  1.131325963014431E-006
  4.669804911354697E-002  1.311677130282466E-006
  4.671910918938699E-002  9.098262176941851E-007
  4.672983125269402E-002  1.252799315121841E-007
  4.672521360734836E-002 -6.626138088965999E-007
  4.670770360224439E-002 -1.079535107301401E-006
  4.668590432009909E-002 -9.356988315231230E-007
  4.667034335016889E-002 -3.138375451588604E-007
  4.666838324309840E-002  4.751618008667076E-007
  4.668073308004148E-002  1.045545873434741E-006
  4.670121249024855E-002  1.123508550274225E-006
  4.671983043451244E-002  6.772067325370603E-007
  4.672764705735066E-002 -7.162563247531173E-008
  4.672105403865336E-002 -7.581941028607684E-007
  4.670342546202422E-002 -1.052260794271778E-006
  4.668338706745656E-002 -8.164423733193934E-007
  4.667058872698575E-002 -1.694053700127621E-007
  4.667105101171690E-002  5.749344032243660E-007
  4.668432889744314E-002  1.061060462826015E-006
  4.670382715508176E-002  1.063073868631108E-006
  4.672006637143882E-002  5.909411842542806E-007
  4.672528367920135E-002 -1.182491022622413E-007
  4.671713621154767E-002 -7.179968526238446E-007
  4.669974156539892E-002 -9.207728964426932E-007
  4.668159708176879E-002 -6.353471683940248E-007
  4.667142694498821E-002 -7.548293766620615E-009
  4.667398549349359E-002  6.536159432212892E-007
  4.668783432877948E-002  1.027164991507575E-006
  4.670613054658575E-002  9.347856211815478E-007
  4.672000001777558E-002  4.245189306620226E-007
  4.672283398991855E-002 -2.556279637599245E-007
  4.671342962845091E-002 -7.797540343003324E-007
  4.669648334335610E-002 -9.016701889035799E-007
  4.668024136708202E-002 -5.717546893424025E-007
  4.667248129875426E-002  4.244689196453584E-008
  4.667678201080211E-002  6.402553401295497E-007
  4.669086999497366E-002  9.344905780858823E-007
  4.670780424104778E-002  7.892494594190274E-007
  4.671938561739220E-002  2.827566660016160E-007
  4.672011730148944E-002 -3.337325939226243E-007
  4.670980426090173E-002 -7.595839153568266E-007
  4.669356386467467E-002 -7.902536088887849E-007
  4.667928316615413E-002 -4.143078613248646E-007
  4.667378494144123E-002  1.838907405707883E-007
  4.667956531271170E-002  7.156552703639574E-007
  4.669366184783639E-002  9.281807552577203E-007
  4.670916267943244E-002  7.253498565781833E-007
  4.671858993693354E-002  2.113930655088052E-007
  4.671750205663149E-002 -3.623637375751234E-007
  4.670658033727204E-002 -7.205504699172210E-007
  4.669122079340374E-002 -6.963743895484698E-007
  4.667886664539630E-002 -3.099335768492183E-007
  4.667539890426173E-002  2.445503468024654E-007
  4.668233448515582E-002  6.950012362786183E-007
  4.669616572247347E-002  8.236681538178493E-007
  4.671012508223015E-002  5.711136680718754E-007
  4.671748888946727E-002  6.246434171356069E-008
  4.671480816787810E-002 -4.554834809606752E-007
  4.670351502201675E-002 -7.346860107274579E-007
  4.668915804249238E-002 -6.450318309794148E-007
  4.667867139296456E-002 -2.350248311626162E-007
  4.667702086968073E-002  2.942760730028347E-007
  4.668484855339860E-002  6.881792083936194E-007
  4.669823230596975E-002  7.614677656445876E-007
  4.671064247683118E-002  4.861597205788188E-007
  4.671612094787240E-002  2.311000341328177E-009
  4.671213551817558E-002 -4.521087607245134E-007
  4.670074295214081E-002 -6.572837890298974E-007
  4.668752831065692E-002 -5.170496373356321E-007
  4.667886523571135E-002 -1.032761918190800E-007
  4.667884023673231E-002  3.812412145341179E-007
  4.668732441791178E-002  7.022731766251583E-007
  4.670010135075833E-002  7.072373001072653E-007
  4.671095737300610E-002  3.973080356184678E-007
  4.671469894961250E-002 -7.546182551869659E-008
  4.670963245151656E-002 -4.834551857108212E-007
  4.669832305474404E-002 -6.339179038046960E-007
  4.668629506766425E-002 -4.608892369766272E-007
  4.667933061252107E-002 -5.475682674541400E-008
  4.668068687971432E-002  3.837771501784050E-007
  4.668957057308580E-002  6.419988754966655E-007
  4.670158295474371E-002  5.976833141475474E-007
  4.671089065140275E-002  2.764605847569607E-007
  4.671305184999427E-002 -1.628151863488020E-007
  4.670712934505750E-002 -5.065323001165937E-007
  4.669608611800600E-002 -5.899079634801805E-007
  4.668530029068257E-002 -3.755125512344260E-007
  4.667994266305249E-002  3.062022686240341E-008
  4.668249500579972E-002  4.320688082503718E-007
  4.669159956936529E-002  6.377012766314711E-007
  4.670277181966976E-002  5.533147600977054E-007
  4.671060462086019E-002  2.252689031583590E-007
  4.671138115757147E-002 -1.840944106621235E-007
  4.670483445707636E-002 -4.763549150780755E-007
  4.669422132270146E-002 -5.129681462803900E-007
  4.668470162748137E-002 -2.809022813641246E-007
  4.668082847924724E-002  1.031093710825011E-007
  4.668436942257968E-002  4.507765564656873E-007
  4.669350059130124E-002  5.939605122381377E-007
  4.670373954215263E-002  4.652755198914587E-007
  4.671014116841790E-002  1.290135190702916E-007
  4.670968153722290E-002 -2.516991084818674E-007
  4.670268105799805E-002 -4.947361279988177E-007
  4.669259810428119E-002 -4.867001638782885E-007
  4.668431784764259E-002 -2.362669928096213E-007
  4.668178228161614E-002  1.319464317823487E-007
  4.668611074440077E-002  4.391067416013620E-007
  4.669510647648611E-002  5.389443266816171E-007
  4.670436457994047E-002  3.874919684881776E-007
  4.670942375465711E-002  6.253793733549659E-008
  4.670791131961829E-002 -2.757602021914819E-007
  4.670065075095592E-002 -4.632418779681442E-007
  4.669121575591012E-002 -4.108084227024181E-007
  4.668416957984063E-002 -1.461702365591754E-007
  4.668285635766537E-002  2.012085333334049E-007
  4.668781299545662E-002  4.638472260619417E-007
  4.669655507585151E-002  5.172775443955162E-007
  4.670481811526584E-002  3.391548415110039E-007
  4.670863480300375E-002  1.838957204029291E-008
  4.670623681584966E-002 -2.893051224785610E-007
  4.669886998763695E-002 -4.372474154210083E-007
  4.669014814534311E-002 -3.580688872492641E-007
  4.668427910065912E-002 -9.476069042587484E-008
  4.668403307365940E-002  2.218141170053686E-007
  4.668943394163895E-002  4.372873476918504E-007
  4.669779093033122E-002  4.484333104724784E-007
  4.670503446671046E-002  2.520548021278960E-007
  4.670769371782598E-002 -5.498749188844629E-008
  4.670455535432501E-002 -3.238534172938618E-007
  4.669721135524347E-002 -4.260510384189406E-007
  4.668925001952130E-002 -3.148740403079737E-007
  4.668450026577290E-002 -4.659297094721747E-008
  4.668518784060892E-002  2.481545545172516E-007
  4.669089091170633E-002  4.282473043739177E-007
  4.669878441642950E-002  4.099873472156340E-007
  4.670503549760013E-002  2.063380208535650E-007
  4.670666132564730E-002 -8.090795896980673E-008
  4.670294920576933E-002 -3.115212771251771E-007
  4.669576336336277E-002 -3.748979142107466E-007
  4.668860845765805E-002 -2.427986382990529E-007
  4.668491941451926E-002  1.834243312750462E-008
  4.668641161748861E-002  2.808224894865098E-007
  4.669228339381691E-002  4.180165534835081E-007
  4.669964069646555E-002  3.652472515168644E-007
  4.670492070379512E-002  1.499450974173986E-007
  4.670561449680990E-002 -1.229170939803425E-007
  4.670145622752343E-002 -3.224182250576814E-007
  4.669451565918514E-002 -3.549399520072943E-007
  4.668816682258664E-002 -2.084996057387440E-007
  4.668544608137931E-002  4.283856304824602E-008
  4.668759827967086E-002  2.759624312224294E-007
  4.669350671383470E-002  3.786863252914012E-007
  4.670026699182462E-002  3.035146391441258E-007
  4.670461102298370E-002  8.945313295629068E-008
  4.670448343269337E-002 -1.581123046001997E-007
  4.670001039819151E-002 -3.191394184610344E-007
  4.669340482975048E-002 -3.168991280124699E-007
  4.668787016143226E-002 -1.542296307187115E-007
  4.668604529420495E-002  8.901166082506187E-008
  4.668874523356233E-002  2.954693523262537E-007
  4.669459801209121E-002  3.672153849676259E-007
  4.670073831738090E-002  2.724520847841691E-007
  4.670420789065676E-002  5.971236640561634E-008
  4.670337859294502E-002 -1.667541664230048E-007
  4.669871388382501E-002 -2.979689760073088E-007
  4.669251315137998E-002 -2.726675776071063E-007
  4.668777774204466E-002 -1.059722375483875E-007
  4.668675745714832E-002  1.191102567717133E-007
  4.668988107191500E-002  2.926931849945982E-007
  4.669557882883105E-002  3.312966873772330E-007
  4.670106820974110E-002  2.176109392644694E-007
  4.670371023129179E-002  7.834135436833912E-009
  4.670227548760755E-002 -1.964362939840068E-007
  4.669751291152230E-002 -2.976977295906891E-007
  4.669175885905939E-002 -2.493028067671480E-007
  4.668778944803304E-002 -7.705893315750444E-008
  4.668747957639876E-002  1.343173411602347E-007
  4.669091610652606E-002  2.828293705577944E-007
  4.669638426986591E-002  2.984665872201073E-007
  4.670122011005037E-002  1.763132114103687E-007
  4.670310569027896E-002 -2.215562963400926E-008
  4.670117765167896E-002 -1.997104169799328E-007
  4.669641929422474E-002 -2.707078257329492E-007
  4.669115900135271E-002 -2.021181089883701E-007
  4.668793009165356E-002 -2.861764252310593E-008
  4.668825006661557E-002  1.651025482920894E-007
  4.669190720097065E-002  2.857977060572461E-007
  4.669708936980366E-002  2.766025721529198E-007
  4.670127998149811E-002  1.437888105065448E-007
  4.670247840478216E-002 -4.722751695139989E-008
  4.670015327980676E-002 -2.042280583913625E-007
  4.669547476350732E-002 -2.528975850417138E-007
  4.669072542006962E-002 -1.722164517036966E-007
  4.668818577244114E-002 -3.680311145369948E-009
  4.668903835229484E-002  1.696695203239010E-007
  4.669281665555169E-002  2.638500281906814E-007
  4.669765527008041E-002  2.343497776515712E-007
  4.670120838518248E-002  9.692987441466800E-008
  4.670178476152249E-002 -8.087802655861874E-008
  4.669915030733192E-002 -2.130317828025472E-007
  4.669461776787148E-002 -2.366241513248250E-007
  4.669039161287814E-002 -1.417671109592243E-007
  4.668849464982179E-002  2.446353293377744E-008
  4.668979878153982E-002  1.815137018850326E-007
  4.669362407500430E-002  2.545517591835378E-007
  4.669808989883226E-002  2.103011644433656E-007
  4.670103756942287E-002  7.234023072331335E-008
  4.670107212269542E-002 -9.115862105977808E-008
  4.669822068227822E-002 -2.009224816742331E-007
  4.669389704456633E-002 -2.048724223400848E-007
  4.669020039756307E-002 -1.027381833912543E-007
  4.668889565854864E-002  5.462236049002632E-008
  4.669057046940400E-002  1.904747458645708E-007
  4.669437121635790E-002  2.395084155353026E-007
  4.669843585173292E-002  1.790694871019621E-007
  4.670080457189629E-002  3.940908275227555E-008
  4.670036319126675E-002 -1.116508550001162E-007
  4.669736532734280E-002 -2.018657652951823E-007
  4.669328905463500E-002 -1.893230305116966E-007
  4.669010736574593E-002 -8.207756891933909E-008
  4.668933224736047E-002  6.652862441731284E-008
  4.669129532634630E-002  1.842301821685040E-007
  4.669500707947777E-002  2.148737591162689E-007
  4.669865318076127E-002  1.451510066423226E-007
  4.670047944121682E-002  1.031221809156175E-008
  4.669963394654206E-002 -1.235543659337761E-007
  4.669656234206657E-002 -1.917919098413479E-007
  4.669277331036355E-002 -1.622544980302105E-007
  4.669009683701752E-002 -5.027694631677955E-008
  4.668979969511662E-002  8.940873870999747E-008
  4.669198547678579E-002  1.895657289514845E-007
  4.669556304214538E-002  2.029362392498920E-007
  4.669878962628406E-002  1.246195472753878E-007
  4.670011857478196E-002 -6.250433277409755E-009
  4.669893951817419E-002 -1.260084728231587E-007
  4.669585696001656E-002 -1.774364801417632E-007
  4.669238064366683E-002 -1.371495123293427E-007
  4.669018574182177E-002 -2.628535662500714E-008
  4.669030516805892E-002  1.003760219938727E-007
  4.669264324167795E-002  1.812936945643351E-007
  4.669603938705984E-002  1.778757042628448E-007
  4.669884261841786E-002  9.269308345609931E-008
  4.669971269984865E-002 -3.237692197603320E-008
  4.669825939363234E-002 -1.368726991463853E-007
  4.669521512284072E-002 -1.710817655262478E-007
  4.669206539214397E-002 -1.197544142274652E-007
  4.669032309221066E-002 -8.889782522063090E-009
  4.669080103530508E-002  1.074011979305428E-007
  4.669323235631592E-002  1.733302084093276E-007
  4.669641574492343E-002  1.582515088891592E-007
  4.669880747006006E-002  7.097347239052254E-008
  4.669926866160402E-002 -4.511820534547152E-008
  4.669760627791286E-002 -1.334788442805833E-007
  4.669465101732316E-002 -1.518097929794505E-007
  4.669184200188019E-002 -9.218396543928791E-008
  4.669052557434985E-002  1.566730953596062E-008
  4.669130968780378E-002  1.192224778612086E-007
  4.669378328882810E-002  1.687632072932075E-007
  4.669672982679061E-002  1.412251083196474E-007
  4.669872452393130E-002  5.087057697105405E-008
  4.669882234353801E-002 -5.813917819806102E-008
  4.669700460621432E-002 -1.334199474850346E-007
  4.669417340761357E-002 -1.396486755831781E-007
  4.669170362123152E-002 -7.524959852933680E-008
  4.669077473404647E-002  2.740017134863213E-008
  4.669180708188891E-002  1.180840850807189E-007
  4.669427178171479E-002  1.531770725286540E-007
  4.669695983564505E-002  1.165209924212401E-007
  4.669857386761353E-002  2.676711904440740E-008
  4.669835304426386E-002 -7.213104650399728E-008
  4.669643032839645E-002 -1.324411544553558E-007
  4.669375457429105E-002 -1.256587635874912E-007
  4.669162173520945E-002 -5.591678143758597E-008
  4.669104661394699E-002  4.249710751268079E-008
  4.669227958690450E-002  1.220736435834831E-007
  4.669469828059842E-002  1.451024438421876E-007
  4.669712037228982E-002  1.016222321095888E-007
  4.669838057564830E-002  1.375517654877647E-008
  4.669789037333288E-002 -7.544270706052873E-008
  4.669591176925621E-002 -1.230126726935985E-007
  4.669341799106574E-002 -1.067428123917402E-007
  4.669161457465312E-002 -3.551785660011515E-008
  4.669135632524968E-002  5.544300279775740E-008
  4.669274199230074E-002  1.219339651999553E-007
  4.669507866314004E-002  1.321607004946982E-007
  4.669722718370720E-002  8.184048260639589E-008
  4.669815662022306E-002 -4.154793892011548E-009
  4.669743801339031E-002 -8.419227118332484E-008
  4.669544108664730E-002 -1.201330913374163E-007
  4.669314403641039E-002 -9.559213757020815E-008
  4.669165389030791E-002 -2.345949422530270E-008
  4.669167248544016E-002  6.076172349974242E-008
  4.669316556217825E-002  1.163762501073648E-007
  4.669539081146740E-002  1.171349393422765E-007
  4.669726575874977E-002  6.361787841722757E-008
  4.669789334717640E-002 -1.747444332394288E-008
  4.669699015470329E-002 -8.657499057729816E-008
  4.669501297762221E-002 -1.104815607788296E-007
  4.669292768161863E-002 -7.822845087982866E-008
  4.669173702398455E-002 -6.022356292931035E-009
  4.669199815383125E-002  7.095899987740955E-008
  4.669356183585650E-002  1.157587530989116E-007
  4.669565524297269E-002  1.074207670258696E-007
  4.669726313585640E-002  5.080408235852483E-008
  4.669761955643201E-002 -2.615935257755547E-008
  4.669657200068148E-002 -8.624857323775333E-008
  4.669464505814754E-002 -1.009816305804353E-007
  4.669277765392375E-002 -6.415758788994146E-008
  4.669186529685638E-002  5.524479951928046E-009
  4.669233038547069E-002  7.385577998425552E-008
  4.669392663645361E-002  1.078150326349885E-007
  4.669586794863447E-002  9.143248057105927E-008
  4.669721467780399E-002  3.320880403164399E-008
  4.669732764162927E-002 -3.834470750563274E-008
  4.669617060166121E-002 -8.871553848396940E-008
  4.669431823152036E-002 -9.406667206826263E-008
  4.669267036459281E-002 -5.252437533539515E-008
  4.669201446009798E-002  1.526314295399852E-008
  4.669264894205002E-002  7.639651316750434E-008
  4.669424747227105E-002  1.017198960908212E-007
  4.669602560218290E-002  7.976356039423168E-008
  4.669712496464381E-002  2.196675199773771E-008
  4.669702695278284E-002 -4.319141806511217E-008
  4.669579661472928E-002 -8.415744197112989E-008
  4.669404221811858E-002 -8.152571432717478E-008
  4.669261438220482E-002 -3.718162637139250E-008
  4.669219346061759E-002  2.693365214761090E-008
  4.669296522867255E-002  7.968044081262134E-008
  4.669453935021994E-002  9.583103821891997E-008
  4.669614599709804E-002  6.810464408939802E-008
  4.669701176246779E-002  1.039086351271017E-008
  4.669673139513791E-002 -4.924953103171503E-008
  4.669545677081322E-002 -8.228297512663954E-008
  4.669381515324220E-002 -7.341292172243291E-008
  4.669260027829119E-002 -2.771292454246562E-008
  4.669238828828937E-002  3.214106031024676E-008
  4.669326427263032E-002  7.705291431048733E-008
  4.669478909798373E-002  8.559644092516519E-008
  4.669621869527635E-002  5.419574506062935E-008
  4.669686645223780E-002 -1.435468124879428E-009
  4.669643230265377E-002 -5.415015798325938E-008
  4.669514087841953E-002 -7.859804459173427E-008
  4.669362532739389E-002 -6.338661623090746E-008
  4.669261662513180E-002 -1.634493166587244E-008
  4.669259074639993E-002  3.953179863525257E-008
  4.669354392236173E-002  7.736221409516906E-008
  4.669500198069387E-002  7.934961798537006E-008
  4.669625560490130E-002  4.518410293493029E-008
  4.669670490389298E-002 -8.089664095319758E-009
  4.669614598096279E-002 -5.454101757719682E-008
  4.669486269268863E-002 -7.195716710693866E-008
  4.669348255940073E-002 -5.246006577004815E-008
  4.669266977869375E-002 -6.065194827326816E-009
  4.669280543399004E-002  4.441701086363339E-008
  4.669380878731072E-002  7.455050920411379E-008
  4.669518332589567E-002  7.005014686171462E-008
  4.669626190480861E-002  3.349559789686403E-008
  4.669653004750033E-002 -1.716498720114557E-008
  4.669587080326988E-002 -5.747417740256594E-008
  4.669461471778478E-002 -6.831463638781600E-008
  4.669337396086037E-002 -4.500754446623920E-008
  4.669274371559121E-002  6.689690073001052E-010
  4.669301642035967E-002  4.640004131389905E-008
  4.669404599235920E-002  7.022306249093779E-008
  4.669532492920395E-002  6.107441272216836E-008
  4.669623389148800E-002  2.393094115384650E-008
  4.669634111162203E-002 -2.283951575831283E-008
  4.669560695444033E-002 -5.652249949151945E-008
  4.669439680955795E-002 -6.104866923099512E-008
  4.669329912895343E-002 -3.461933451366712E-008
  4.669283911800347E-002  9.646603694345946E-009
  4.669322731483073E-002  5.024610287275205E-008
  4.669426334002838E-002  6.775356970998304E-008
  4.669543863767093E-002  5.412148593483511E-008
  4.669618570811034E-002  1.636868436606659E-008
  4.669615175544760E-002 -2.702813451275524E-008
  4.669536485590726E-002 -5.519101831270235E-008
  4.669421447707590E-002 -5.490773154912478E-008
  4.669325862557365E-002 -2.685551355053163E-008
  4.669295302775520E-002  1.494866637184486E-008
  4.669343371974183E-002  5.010034737129016E-008
  4.669445669236510E-002  6.172016822944471E-008
  4.669552113066300E-002  4.451603734054180E-008
  4.669611413770788E-002  7.148985328835122E-009
  4.669595742391856E-002 -3.214515678955788E-008
  4.669513737489637E-002 -5.446839904108869E-008
  4.669405781937511E-002 -4.935314920682722E-008
  4.669324097945585E-002 -1.966206612509056E-008
  4.669307464674106E-002  1.999391307914461E-008
  4.669362793178418E-002  5.045757737108156E-008
  4.669462305804314E-002  5.729838512581450E-008
  4.669557430547778E-002  3.766776819364011E-008
  4.669602470494384E-002  1.480603475374051E-009
  4.669576519666479E-002 -3.355545489188183E-008
  4.669493120386405E-002 -5.057698021857592E-008
  4.669393213472454E-002 -4.165941042583870E-008
  4.669325031676586E-002 -1.148742953885706E-008
  4.669320804361406E-002  2.509351388625380E-008
  4.669381518953175E-002  5.037180712688704E-008
  4.669476936164711E-002  5.232855045092610E-008
  4.669560612225877E-002  3.032741655037278E-008
  4.669592473064368E-002 -4.754177845790397E-009
  4.669557973056133E-002 -3.592866297053020E-008
  4.669474684557452E-002 -4.835322946261723E-008
  4.669383348730691E-002 -3.642446431115175E-008
  4.669327932471114E-002 -6.321695632131862E-009
  4.669334448385547E-002  2.715147561395120E-008
  4.669398736028485E-002  4.781976213133653E-008
  4.669488935814924E-002  4.593294296277386E-008
  4.669561235938945E-002  2.275113721016551E-008
  4.669581116094243E-002 -1.023459409617505E-008
  4.669539792203297E-002 -3.698742645100628E-008
  4.669458034351415E-002 -4.470631237535785E-008
  4.669375721298376E-002 -2.993102616206084E-008
  4.669332375451903E-002 -6.274455507534825E-011
  4.669348174531049E-002  3.035894412159654E-008
  4.669414557970548E-002  4.675137702024800E-008
  4.669498791868321E-002  4.149393249685347E-008
  4.669560079491815E-002  1.747804089752118E-008
  4.669569293618943E-002 -1.344954424287958E-008
  4.669522790802678E-002 -3.632176084924968E-008
  4.669443761582755E-002 -4.029308769575952E-008
  4.669370663496621E-002 -2.378583853726990E-008
  4.669338498680151E-002  4.899325037226803E-009
  4.669362046166721E-002  3.173067247746308E-008
  4.669429076545154E-002  4.378241626052522E-008
  4.669506653200584E-002  3.543318414755265E-008
  4.669557286380722E-002  1.095679295075035E-008
  4.669557021960115E-002 -1.768340239895324E-008
  4.669506741297320E-002 -3.670152690087994E-008
  4.669431348194178E-002 -3.714069036782060E-008
  4.669367423841701E-002 -1.910019860880569E-008
  4.669345463637596E-002  8.454913217077067E-009
  4.669375317642194E-002  3.214110848622507E-008
  4.669441781446488E-002  4.065627945598471E-008
  4.669512297012024E-002  3.017649330477863E-008
  4.669552872397865E-002  6.073449250806677E-009
  4.669544440509595E-002 -1.981475241699956E-008
  4.669491788179312E-002 -3.497783692132875E-008
  4.669420881038315E-002 -3.225957617548863E-008
  4.669366052020084E-002 -1.321600124615055E-008
  4.669353369692623E-002  1.276662896977029E-008
  4.669388239377424E-002  3.310380768066561E-008
  4.669453129359895E-002  3.810988498734859E-008
  4.669516356005753E-002  2.560716762542813E-008
  4.669547532179664E-002  1.855301802664485E-009
  4.669532150084952E-002 -2.158800241295191E-008
  4.669478303834625E-002 -3.350245492584286E-008
  4.669412444416799E-002 -2.838951969896854E-008
  4.669366379376575E-002 -9.022109225827530E-009
  4.669361902459289E-002  1.502098116941813E-008
  4.669400477203499E-002  3.206830295073772E-008
  4.669462853040961E-002  3.400033612871973E-008
  4.669518642429750E-002  2.009791394244222E-008
  4.669541099958206E-002 -2.726944698732743E-009
  4.669519919080322E-002 -2.337201685806900E-008
  4.669465927641359E-002 -3.194636366639098E-008
  4.669405552753933E-002 -2.450563750110885E-008
  4.669367875730109E-002 -4.855866504737815E-009
  4.669370614608288E-002  1.739525501214477E-008
  4.669411787697583E-002  3.154429183637511E-008
  4.669470975316486E-002  3.095050201355281E-008
  4.669519422648363E-002  1.616080046066081E-008
  4.669533989613480E-002 -5.468441273067801E-009
  4.669508183254525E-002 -2.341582236111474E-008
  4.669455016452088E-002 -2.910267708147789E-008
  4.669400447471216E-002 -1.998637341460731E-008
  4.669370701120555E-002 -6.878318212332322E-010
  4.669379660893033E-002  1.934204997543551E-008
  4.669422390163802E-002  3.044120022526796E-008
  4.669477799860297E-002  2.738470621951404E-008
  4.669519036970375E-002  1.182816565092742E-008
  4.669526480104581E-002 -8.593716627067570E-009
  4.669497055698937E-002 -2.402773835483431E-008
  4.669445455389414E-002 -2.717000148190984E-008
  4.669396796656496E-002 -1.673391924589761E-008
  4.669374388267007E-002  2.027692054335225E-009
  4.669388557111882E-002  1.995097544767730E-008
  4.669431889418051E-002  2.842715020894663E-008
  4.669483072604378E-002  2.353113748584662E-008
  4.669517356374610E-002  7.833840386512962E-009
  4.669518501638690E-002 -1.093645953035611E-008
  4.669486451395705E-002 -2.369071482974290E-008
  4.669437104212310E-002 -2.437042191951848E-008
  4.669394423146903E-002 -1.281374657466040E-008
  4.669378792798685E-002  5.257160935515421E-009
  4.669397278833381E-002  2.107651791825230E-008
  4.669440441260749E-002  2.709364005581095E-008
  4.669487130072572E-002  2.058121576761982E-008
  4.669514833211857E-002  4.869343134718228E-009
  4.669510516627318E-002 -1.235039610762148E-008
  4.669476739130002E-002 -2.278976441318416E-008
  4.669430177549502E-002 -2.155581014100134E-008
  4.669393390165395E-002 -9.447942058908322E-009
  4.669383882977071E-002  7.517105730408140E-009
  4.669405775771288E-002  2.108048479732809E-008
  4.669448032347120E-002  2.474738910349383E-008
  4.669490002364880E-002  1.688253071251510E-008
  4.669511496678909E-002  1.421457344219717E-009
  4.669502482899024E-002 -1.410682443845700E-008
  4.669467747576803E-002 -2.225350462356016E-008
  4.669424363446071E-002 -1.922783410849955E-008
  4.669393291874815E-002 -6.661269310754576E-009
  4.669389248336464E-002  9.261444583643081E-009
  4.669413728667409E-002  2.084535009490364E-008
  4.669454497950132E-002  2.260597759070553E-008
  4.669491686174396E-002  1.386899982465334E-008
  4.669507457444136E-002 -9.828090317146173E-010
  4.669494549730932E-002 -1.469693730539866E-008
  4.669459598821471E-002 -2.068326415590379E-008
  4.669419730915171E-002 -1.617223144143768E-008
  4.669394167121400E-002 -3.487056594200980E-009
  4.669394952950433E-002  1.115188973402365E-008
  4.669421281830945E-002  2.067724754856727E-008
  4.669460084280648E-002  2.058441232192054E-008
  4.669492501223528E-002  1.105653215232924E-008
  4.669503038096738E-002 -3.196351273003003E-009
  4.669486958333394E-002 -1.527088355415467E-008
  4.669452390670304E-002 -1.942118363886549E-008
  4.669416220542633E-002 -1.380062114137925E-008
  4.669395837702414E-002 -1.286592962660542E-009
  4.669400771099988E-002  1.197787258498772E-008
  4.669428232951736E-002  1.958885335024861E-008
  4.669464652064887E-002  1.796421539185237E-008
  4.669492365474291E-002  8.021458790980659E-009
  4.669498171477745E-002 -5.333603078263279E-009
  4.669479604358188E-002 -1.562723658050628E-008
  4.669445951004784E-002 -1.795405612468115E-008
  4.669413603402453E-002 -1.131063999731777E-008
  4.669398069439959E-002  9.824697118161875E-010
  4.669406533990789E-002  1.294325545536528E-008
  4.669434536663819E-002  1.884359389236389E-008
  4.669468298214335E-002  1.595684351553202E-008
  4.669491488888414E-002  5.819923833158263E-009
  4.669493116192560E-002 -6.573245144448635E-009
  4.669472723769981E-002 -1.522677408816124E-008
  4.669440445106376E-002 -1.604052161460839E-008
  4.669411967052928E-002 -8.750918703774874E-009
  4.669400903562367E-002  3.002810440192135E-009
  4.669412285390170E-002  1.348940100628100E-008
  4.669440277009996E-002  1.767353736370370E-008
  4.669471151599802E-002  1.362580624643795E-008
  4.669490011810763E-002  3.402284374967554E-009
  4.669487967600942E-002 -8.005010555705421E-009
  4.669466314389275E-002 -1.511220077887796E-008
  4.669435750660796E-002 -1.458575320944676E-008
  4.669411088909499E-002 -6.809959194497023E-009
  4.669404072515656E-002  4.356691542827353E-009
  4.669417780393979E-002  1.349068759016889E-008
  4.669445283519189E-002  1.623453338565120E-008
  4.669473132213233E-002  1.137387951614253E-008
  4.669487922393226E-002  1.371229081368846E-009
  4.669482736780154E-002 -8.875994255428854E-009
  4.669460367468890E-002 -1.442822321018292E-008
  4.669431821668527E-002 -1.267929538889827E-008
  4.669410902791168E-002 -4.573314741332376E-009
  4.669407532765426E-002  5.903861062753180E-009
  4.669423044546859E-002  1.368710020095154E-008
  4.669449676252686E-002  1.508253076614472E-008
  4.669474444072112E-002  9.520815843799365E-009
  4.669485463944607E-002 -2.184569635735083E-010
  4.669477645458135E-002 -9.395098358606736E-009
  4.669455031426231E-002 -1.361683449479176E-008
  4.669428711451372E-002 -1.094415825467175E-008
  4.669411381687760E-002 -2.783194323641936E-009
  4.669411217969559E-002  6.843435572089894E-009
  4.669428017577879E-002  1.327180553772645E-008
  4.669453428240015E-002  1.344905646478890E-008
  4.669475090130910E-002  7.376071762311233E-009
  4.669482638845331E-002 -1.940215469513866E-009
  4.669472655169474E-002 -9.978609030491991E-009
  4.669450199388170E-002 -1.289995654388891E-008
  4.669426246377660E-002 -9.381417116276011E-009
  4.669412318494910E-002 -1.212850567043912E-009
  4.669414939610634E-002  7.611868298234644E-009
  4.669432578401065E-002  1.284830825035741E-008
  4.669456510819966E-002  1.204454699344614E-008
  4.669475125719628E-002  5.690619282164815E-009
  4.669479550336593E-002 -3.063973472658542E-009
  4.669467871389244E-002 -9.966390787633586E-009
  4.669445945239736E-002 -1.172231298381238E-008
  4.669424461327917E-002 -7.564644688805326E-009
  4.669413728984334E-002  4.171288104019248E-010
  4.669418728760780E-002  8.325781205593280E-009
  4.669436802395566E-002  1.235769349484243E-008
  4.669459050163351E-002  1.062955908285905E-008
  4.669474705860691E-002  4.053709431684624E-009
  4.669476340124678E-002 -4.143702778619574E-009
  4.669463378441132E-002 -1.000884122812274E-008
  4.669442269600427E-002 -1.077107730151937E-008
  4.669423276235461E-002 -6.155239343219981E-009
  4.669415482899997E-002  1.525979451425648E-009
  4.669422448718619E-002  8.524665708051714E-009
  4.669440583758866E-002  1.148185096476475E-008
  4.669460986646962E-002  9.035956686908398E-009
  4.669473805942275E-002  2.445893132744347E-009
  4.669472989621414E-002 -5.055173424137153E-009
  4.669459134034790E-002 -9.844875895869449E-009
  4.669439093000358E-002 -9.659007131980863E-009
  4.669422585762434E-002 -4.658849389243642E-009
  4.669417481100605E-002  2.683832781783433E-009
  4.669426044764415E-002  8.810345156085178E-009
  4.669443938539445E-002  1.080177950495681E-008
  4.669462408778263E-002  7.771199935948105E-009
  4.669472562544446E-002  1.257525598279628E-009
  4.669469643541577E-002 -5.552479249876236E-009
  4.669455252884457E-002 -9.381785461448273E-009
  4.669436479715336E-002 -8.439447316464018E-009
  4.669422408004090E-002 -3.257853753545985E-009
  4.669419719518474E-002  3.599872345377500E-009
  4.669429520312414E-002  8.803945337741970E-009
  4.669446896671716E-002  9.870680133779232E-009
  4.669463371071099E-002  6.343365011282523E-009
  4.669471032311664E-002 -1.952537606622083E-011
  4.669466328665155E-002 -6.123683341921858E-009
  4.669451706381435E-002 -9.046558176767884E-009
  4.669434339941544E-002 -7.438824230466404E-009
  4.669422609936817E-002 -2.147891842776314E-009
  4.669422056615479E-002  4.223958970850568E-009
  4.669432761992691E-002  8.597733849019706E-009
  4.669449396209979E-002  8.904778297991288E-009
  4.669463864027620E-002  5.064807019795343E-009
  4.669469238753376E-002 -1.007104613258461E-009
  4.669463072798678E-002 -6.352651838962042E-009
  4.669448503640600E-002 -8.408881045747505E-009
  4.669432658293519E-002 -6.234184746919689E-009
  4.669423165496425E-002 -9.358180284190683E-010
  4.669424481523420E-002  4.894016627082231E-009
  4.669435798311787E-002  8.446966186220071E-009
  4.669451514392786E-002  8.051391306490282E-009
  4.669464002068847E-002  3.957821171442568E-009
  4.669467304922057E-002 -1.811568745744738E-009
  4.669459974080594E-002 -6.462428110270147E-009
  4.669445693699636E-002 -7.783005865295627E-009
  4.669431429774432E-002 -5.197584681770608E-009
  4.669424030828950E-002 -1.706822932497013E-011
  4.669426938450266E-002  5.221071698186903E-009
  4.669438586815441E-002  7.991946851013601E-009
  4.669453233855795E-002  6.996861491523380E-009
  4.669463786430890E-002  2.768509697533217E-009
  4.669465230461359E-002 -2.613556987558837E-009
  4.669457008043728E-002 -6.546494092183768E-009
  4.669443215667718E-002 -7.163253461288902E-009
  4.669430562481805E-002 -4.218397387842942E-009
  4.669425105001480E-002  8.192201243045688E-010
  4.669429346721439E-002  5.499008945656964E-009
  4.669441090785647E-002  7.581443273364702E-009
  4.669454569579509E-002  6.110662601978259E-009
  4.669463272627232E-002  1.853310467838059E-009
  4.669463087081532E-002 -3.097310556594386E-009
  4.669454236623543E-002 -6.348399219665608E-009
  4.669441105833264E-002 -6.362558040826635E-009
  4.669430067639226E-002 -3.183385291814383E-009
  4.669426389302440E-002  1.610222761535919E-009
  4.669431718347773E-002  5.686991373226906E-009
  4.669443347567505E-002  7.095569838362083E-009
  4.669455584396581E-002  5.196552555357656E-009
  4.669462533519104E-002  9.494312514198116E-010
  4.669460933237092E-002 -3.573318803908478E-009
  4.669451681639167E-002 -6.199383680947194E-009
  4.669439339685375E-002 -5.701829534918943E-009
  4.669429881782307E-002 -2.373598041448968E-009
  4.669427802405327E-002  2.137403700405942E-009
  4.669433979393262E-002  5.641737926586580E-009
  4.669445308902798E-002  6.469274783101792E-009
  4.669456259638134E-002  4.263718723613366E-009
  4.669461569276506E-002  1.331646694002663E-010
  4.669458769287865E-002 -3.905555200367948E-009
  4.669449327446727E-002 -5.910595907633471E-009
  4.669437880662040E-002 -4.947394574297813E-009
  4.669429956798629E-002 -1.522276268355603E-009
  4.669429304074766E-002  2.683205219562264E-009
  4.669436117651891E-002  5.638561966106428E-009
  4.669447001607044E-002  5.945414174142632E-009
  4.669456657318101E-002  3.499393175004870E-009
  4.669460459743351E-002 -4.801709963437228E-010
  4.669456669533293E-002 -4.057108791711193E-009
  4.669447223585385E-002 -5.520170080670185E-009
  4.669436746435141E-002 -4.201829375953951E-009
  4.669430285532887E-002 -7.825677660141734E-010
  4.669430878839547E-002  3.057512688018125E-009
  4.669438126355822E-002  5.462050270307950E-009
  4.669448436326495E-002  5.293589573611862E-009
  4.669456801503797E-002  2.669201400957145E-009
  4.669459227798500E-002 -1.115228543734516E-009
  4.669454637898404E-002 -4.226075450811994E-009
  4.669445343243337E-002 -5.181461635663062E-009
  4.669435880007917E-002 -3.557789602700326E-009
  4.669430794186655E-002 -1.766513622638655E-010
  4.669432456736054E-002  3.309551054798513E-009
  4.669439958311433E-002  5.224690739784980E-009
  4.669449597819382E-002  4.674673969911578E-009
  4.669456704967775E-002  1.964666979973652E-009
  4.669457899974506E-002 -1.566607522975168E-009
  4.669452697585649E-002 -4.206700580553561E-009
  4.669443694829054E-002 -4.698513646053406E-009
  4.669435274508980E-002 -2.837505038990483E-009
  4.669431470829834E-002  4.463569752769980E-010
  4.669434036057830E-002  3.553202349892542E-009
  4.669441634201808E-002  4.992571471089762E-009
  4.669450531526168E-002  4.097968384934591E-009
  4.669456428545680E-002  1.334267845691705E-009
  4.669456535150896E-002 -1.943370469025959E-009
  4.669450887772352E-002 -4.154613906847729E-009
  4.669442287475161E-002 -4.256804511007829E-009
  4.669434910388752E-002 -2.237407157607457E-009
  4.669432279126104E-002  8.963455483537972E-010
  4.669435580133224E-002  3.617725576077351E-009
  4.669443130195147E-002  4.622568821974576E-009
  4.669451230444110E-002  3.452689331189559E-009
  4.669455975658506E-002  7.028973070681484E-010
  4.669455134327617E-002 -2.281337676801354E-009
  4.669449194835817E-002 -4.062284954761951E-009
  4.669441088075228E-002 -3.802403930930469E-009
  4.669434740574679E-002 -1.657526469771284E-009
  4.669433171851482E-002  1.313496518614004E-009
  4.669437057527163E-002  3.671680091638338E-009
  4.669444441440074E-002  4.295251612006239E-009
  4.669451717068865E-002  2.913597446657996E-009
  4.669455386679225E-002  2.237811218386650E-010
  4.669453740562142E-002 -2.459797926251786E-009
  4.669447650601043E-002 -3.846895536005468E-009
  4.669440110697994E-002 -3.291193152775393E-009
  4.669434764601185E-002 -1.090830751239343E-009
  4.669434144540144E-002  1.669718601892360E-009
  4.669438471698645E-002  3.653236218875335E-009
  4.669445586181690E-002  3.916472377634127E-009
  4.669452022400661E-002  2.357401886894290E-009
  4.669454695078280E-002 -2.488023024761621E-010
  4.669452376015962E-002 -2.635919509641106E-009
  4.669446255194988E-002 -3.662761195483627E-009
  4.669439330930464E-002 -2.859501940798034E-009
  4.669434940545787E-002 -6.428077807208653E-010
  4.669435151198491E-002  1.898417276658414E-009
  4.669439786398481E-002  3.536951807369507E-009
  4.669446546077775E-002  3.499227577332427E-009
  4.669452145336332E-002  1.829945758441932E-009
  4.669453908602664E-002 -6.423181972187771E-010
  4.669451045925870E-002 -2.715720939156010E-009
  4.669445003020593E-002 -3.398722633448251E-009
  4.669438731380405E-002 -2.383442082978298E-009
  4.669435246188681E-002 -1.830280992409263E-010
  4.669436176257385E-002  2.127706670717984E-009
  4.669441002998774E-002  3.437522272059261E-009
  4.669447343352038E-002  3.133270881886953E-009
  4.669452124304361E-002  1.386677443410749E-009
  4.669453070550348E-002 -9.405472201249721E-010
  4.669449785426295E-002 -2.721665130288255E-009
  4.669443912024783E-002 -3.110530899427596E-009
