  0.999999998757915       0.000000000000000E+000
  0.845643559434431      -1.897093229309543E-003
  0.456532001392442      -1.116599953268118E-002
  1.020026960905551E-002 -2.455671207718953E-002
 -0.298441041733609      -3.051872628342694E-002
 -0.344785287858897      -2.065235783473337E-002
 -0.123556144886042       9.037123772845592E-004
  0.257766639344798       1.948245634421400E-002
  0.631076853291294       2.192163809258990E-002
  0.838957098658849       7.876680592328593E-003
  0.796774921490003      -9.737344101712491E-003
  0.524570458638026      -1.553514807150034E-002
  0.138677357645487      -4.165359111922679E-003
 -0.194769214293046       1.610019569079974E-002
 -0.329005740531770       3.107139732597873E-002
 -0.201640269322588       3.220877524577810E-002
  0.134122233692510       2.201203773987771E-002
  0.529957182627875       9.554691750022151E-003
  0.808655523856069       1.487218864828784E-003
  0.845919665921115      -2.808871497306440E-003
  0.627663651361676      -8.075187244212901E-003
  0.254550518698262      -1.614786250869140E-002
 -0.107219037330385      -2.260599187745562E-002
 -0.302932145889670      -2.063764055793825E-002
 -0.256633351684721      -8.340762607969107E-003
  6.826200521405967E-004  7.860465351517921E-003
  0.350334746375158       1.746120309150735E-002
  0.639932772549734       1.437136870818444E-002
  0.747394559767939       2.168466540021060E-003
  0.629779729689863      -8.614995226079510E-003
  0.339454552511466      -8.889019310119151E-003
  2.086728787959420E-003  2.046213394972224E-003
 -0.235651561753789       1.661012497989569E-002
 -0.268807394493206       2.544447316762402E-002
 -8.116745655470534E-002  2.438434167337323E-002
  0.245458966536766       1.623438691756041E-002
  0.566308722844088       6.785177185174364E-003
  0.738722478590094      -4.858485322445537E-004
  0.687100007660268      -6.109782151381762E-003
  0.436655441033386      -1.184871574279988E-002
  0.100100782078429      -1.700744289322410E-002
 -0.175255461607844      -1.801681400723925E-002
 -0.273803765761617      -1.192096891472403E-002
 -0.160570855847173      -2.832269579866670E-004
  0.107511134156145       1.064737709084979E-002
  0.409932829326906       1.425487284379394E-002
  0.615776314326031       8.843429190237234E-003
  0.638595213633815      -7.392235384705276E-004
  0.471249014476845      -6.695602169891571E-003
  0.187721518491917      -4.169881900356680E-003
 -8.844213982459585E-002  5.356632600293713E-003
 -0.236704027217367       1.568109403364671E-002
 -0.191782589493098       2.076472314054544E-002
  2.697600597818731E-002  1.869745655746106E-002
  0.323135804251501       1.185517079945145E-002
  0.565613154398778       3.933708388871351E-003
  0.647435107965600      -2.968467141082884E-003
  0.533710068763519      -8.715325402343958E-003
  0.276400247894172      -1.329784146428476E-002
 -1.055480673762460E-002 -1.530562326431075E-002
 -0.203272765882522      -1.266755033799826E-002
 -0.222485333823554      -5.071861279402306E-003
 -6.624505184102569E-002  4.486163788656513E-003
  0.192195577139163       1.099495285155246E-002
  0.438332107269135       1.090737316027261E-002
  0.566186813088441       4.981452307300664E-003
  0.522725161710022      -2.027466615715812E-003
  0.329118377821363      -4.744494043895016E-003
  7.080320771337129E-002 -9.849928278168921E-004
 -0.139351020502532       6.939312589896407E-003
 -0.209648940918451       1.420960509586513E-002
 -0.109526817734213       1.693730846512542E-002
  0.116700456140788       1.431930344221910E-002
  0.369069645075328       8.220064053270082E-003
  0.536258746275396       1.164848957691120E-003
  0.545168337869400      -5.217632275012984E-003
  0.393141906650028      -1.018115800166019E-002
  0.148161075605841      -1.293225812889830E-002
 -8.257113846481720E-002 -1.229107724102259E-002
 -0.200645095852267      -7.624060784166815E-003
 -0.159052878950511      -1.585061066396111E-004
  1.910771845961487E-002  6.893966333342850E-003
  0.252805030707391       1.003166343587233E-002
  0.439466277406056       7.880153853152411E-003
  0.499226104471394       2.370794410365326E-003
  0.408344851386570      -2.426383606430185E-003
  0.208301332631613      -3.045611696213176E-003
 -1.275239215760124E-002  1.098692825447296E-003
 -0.158232204855671       7.534827402796957E-003
 -0.164950715387038       1.259479725758023E-002
 -3.062520970161415E-002  1.374964912256275E-002
  0.185114223455233       1.074717965942467E-002
  0.387030717796239       5.088119340865419E-003
  0.486455442695324      -1.279481225304572E-003
  0.440451004955522      -6.835182828535450E-003
  0.270293670482024      -1.050245808656448E-002
  5.113165505180897E-002 -1.136555908061167E-002
 -0.122033471092416      -8.847517853972819E-003
 -0.176283891671382      -3.401740160826291E-003
 -9.187768160250435E-002  3.047203662325926E-003
  9.068487118571980E-002  7.703477642701619E-003
  0.289743620424520       8.456609004444924E-003
  0.418564940528919       5.334487149919724E-003
  0.422571426361958       6.613701203309260E-004
  0.302035067830909      -2.353680900446112E-003
  0.111056551351973      -1.654404621079783E-003
 -6.637161495028628E-002  2.432739835754511E-003
 -0.152911348402472       7.571970027989941E-003
 -0.111411779328317       1.098371786955277E-002
  3.905756162980892E-002  1.101267655140831E-002
  0.231769372332607       7.720252062151335E-003
  0.381860517138530       2.415528325695824E-003
  0.423776952156087      -3.214653152700267E-003
  0.339937920796345      -7.689403398337763E-003
  0.167872202118436      -9.892544473988369E-003
 -1.709363980522165E-002 -9.152797625674711E-003
 -0.135456212097193      -5.536410742631265E-003
 -0.138226775687260      -1.739553804164915E-004
 -2.745227955774193E-002  4.877593369021473E-003
  0.145917191377751       7.494902343711213E-003
  0.305165667701501       6.685615125989606E-003
  0.381391518148459       3.292531308860758E-003
  0.342943421156819      -4.056704678225245E-004
  0.208334965730573      -2.035220828528416E-003
  3.748917923151951E-002 -5.402063333364301E-004
 -9.466339825936811E-002  3.261954940242158E-003
 -0.130805146312071       7.282134490151317E-003
 -5.601684538167133E-002  9.416413232226226E-003
  9.600199802134783E-002  8.603696926976654E-003
  0.257993624971775       5.128294868057742E-003
  0.358855121089211       2.254857519814355E-004
  0.354846599099132      -4.552877241864889E-003
  0.248464169586619      -7.821995543404126E-003
  8.673184615283711E-002 -8.640086969959809E-003
 -6.004323213364190E-002 -6.727277290141742E-003
 -0.129322103058602      -2.670953751565509E-003
 -9.334126998830997E-002  2.080227057324989E-003
  2.961209868654199E-002  5.671027769020165E-003
  0.184124744722326       6.688522781138355E-003
  0.302378091099912       4.957129988589075E-003
  0.333637851687761       1.720145798905866E-003
  0.265787811298987      -1.011110021940004E-003
  0.129885536700543      -1.591212733746845E-003
 -1.391039891664556E-002  3.445694439341459E-004
 -0.102770178186529       3.740906985718999E-003
 -9.850330579055333E-002  6.785826747170509E-003
 -3.948742661118946E-003  7.901166680392828E-003
  0.138620647577356       6.462798968670642E-003
  0.266308076658256       2.938609301741119E-003
  0.323288085382164      -1.459121338592269E-003
  0.285147723298871      -5.295876042076917E-003
  0.169177420227483      -7.368268007662574E-003
  2.624222991808828E-002 -7.027542868854671E-003
 -8.191298486165643E-002 -4.391261547951780E-003
 -0.109700904686732      -3.897602310057049E-004
 -4.715998906479290E-002  3.479695167550719E-003
  7.644949372593772E-002  5.728569030809763E-003
  0.206101603922868       5.579255632128402E-003
  0.285296541282612       3.401709420768266E-003
  0.280488073360259       5.644855519671771E-004
  0.195157909551793      -1.281092750610616E-003
  6.769506402389366E-002 -1.089640660370405E-003
 -4.575007264898230E-002  1.038068603915715E-003
 -9.586420529782702E-002  3.962183532148919E-003
 -6.152957970854608E-002  6.149171130445096E-003
  4.127977592382813E-002  6.446588465397411E-003
  0.166839073759426       4.572806222607249E-003
  0.259931362752045       1.146942548436251E-003
  0.280057320311046      -2.642760121336405E-003
  0.218943192003923      -5.509693699937655E-003
  0.103734979324562      -6.499072937626438E-003
 -1.533442098125054E-002 -5.291630081997571E-003
 -8.715937265204866E-002 -2.331827313240891E-003
 -8.196815948348385E-002  1.282247197940058E-003
 -3.839764310048390E-003  4.182663442308512E-003
  0.111707085766689       5.299752867391544E-003
  0.213687003615258       4.368720994034401E-003
  0.257991836977078       2.084502746726976E-003
  0.226341252159612      -2.315762545953649E-004
  0.133745124115625      -1.307790187355159E-003
  2.146420587244490E-002 -5.750425296795322E-004
 -6.127655846935279E-002  1.564376311207497E-003
 -7.878056609538608E-002  3.982272981363498E-003
 -2.424263924617664E-002  5.416113843382913E-003
  7.762009895209226E-002  5.070208509932687E-003
  0.181694087130856       2.937939178815799E-003
  0.242371241675972      -2.505216849527184E-004
  0.233443703378824      -3.361574398612390E-003
  0.159287249387650      -5.297088440971644E-003
  5.254606365645553E-002 -5.383656827871375E-003
 -4.047911640767447E-002 -3.609825196140943E-003
 -8.016117866108041E-002 -6.453613591325208E-004
 -5.062839804095105E-002  2.388333704260373E-003
  3.377657967058816E-002  4.353269740822157E-003
  0.135258933175841       4.582156326589314E-003
  0.209363983802216       3.190469331113107E-003
  0.224341496628256       1.030120146499047E-003
  0.174670358844672      -7.251346900375914E-004
  8.301002572654467E-002 -1.163385156096378E-003
 -1.007412068603458E-002 -8.143471866397546E-005
 -6.399099918915861E-002  1.937684931364252E-003
 -5.577226212369128E-002  3.840173040217677E-003
  1.015716382951152E-002  4.623863052683726E-003
  0.104240330016381       3.796325953090434E-003
  0.184966461385359       1.567379379078922E-003
  0.217103203515585      -1.269826389567410E-003
  0.186968782082658      -3.676890221110387E-003
  0.108110576653968      -4.774407792694717E-003
  1.503736642710876E-002 -4.169043916371971E-003
 -5.208531721651950E-002 -2.101328923208092E-003
 -6.496028616437130E-002  6.377096834005054E-004
 -1.923522134904086E-002  3.008113049561907E-003
  6.402293729589516E-002  4.143906960122240E-003
  0.147901627733945       3.726491085712255E-003
  0.195911460410484       2.128394508404773E-003
  0.187786398271908       2.371190777203039E-004
  0.127990228797544      -9.722540410459189E-004
  4.337405241509083E-002 -9.077358924096937E-004
 -2.883089589292327E-002  3.635305723427364E-004
 -5.734634118810080E-002  2.168280978722620E-003
 -3.036976178841385E-002  3.568474202180247E-003
  3.954465244645791E-002  3.808226188380279E-003
  0.121262211335926       2.650478130737265E-003
  0.178860361351732       4.651065926324011E-004
  0.187333108176587      -1.942189382281674E-003
  0.143337155125037      -3.665115880947165E-003
  6.635806706914119E-002 -4.055024703151801E-003
 -1.007906020357950E-002 -2.971009033675939E-003
 -5.317637970866024E-002 -8.349744564974989E-004
 -4.508329027676856E-002  1.531547582633541E-003
  9.606774766197996E-003  3.236328553360057E-003
  8.622478921321708E-002  3.686851586044797E-003
  0.151059833966880       2.843254929668323E-003
  0.176123215886043       1.229882158438910E-003
  0.151183334749383      -3.131038696198699E-004
  8.790665513873122E-002 -1.027343570424142E-003
  1.443984830312482E-002 -5.915835570000392E-004
 -3.707306803562976E-002  7.383469581352690E-004
 -4.452558421054823E-002  2.267248016706561E-003
 -5.326234074538511E-003  3.198552640586183E-003
  6.273585883659408E-002  3.003748169391492E-003
  0.129502600801198       1.654212163893587E-003
  0.165737022220859      -3.748186721945496E-004
  0.155837793045756      -2.311665311506166E-003
  0.104447487325185      -3.407888182622722E-003
  3.415908281317986E-002 -3.239037466955127E-003
 -2.455333168195693E-002 -1.872417786219414E-003
 -4.667976705806746E-002  1.603961422324630E-004
 -2.343865211521623E-002  2.077902311609025E-003
  3.417690366815059E-002  3.169301147904524E-003
  0.100491176117789       3.091170545748740E-003
  0.146521319733883       2.009322340813479E-003
  0.152597789656166       5.153805223717566E-004
  0.116739044646982      -6.502386674860408E-004
  5.522070285455528E-002 -9.420508977917405E-004
 -4.784234148032611E-003 -2.572719089981544E-004
 -3.718288906255725E-002  1.028530429219676E-003
 -2.829487391320641E-002  2.248996114041829E-003
  1.737037593354773E-002  2.761909422898244E-003
  7.932502746188197E-002  2.241816813150345E-003
  0.130234623199423       8.215972727387869E-004
  0.147905812173462      -9.690705488371408E-004
  0.124874785026161      -2.430560688868034E-003
  7.145536519094293E-002 -2.984169900372450E-003
  1.101176264506065E-002 -2.408004704564233E-003
 -3.037392239694012E-002 -9.257905583162753E-004
 -3.526060875707650E-002  8.855060041727440E-004
 -2.279337568826147E-003  2.333293573601308E-003
  5.352951382534148E-002  2.896685670246705E-003
  0.107504330760080       2.442555395477811E-003
  0.136213473357571       1.273980989447032E-003
  0.127596456102610      -1.430649043872882E-005
  8.600902828095998E-002 -8.104091103733718E-004
  3.006564556103816E-002 -7.637565230071699E-004
 -1.567314489633089E-002  6.150707717539256E-005
 -3.146931453402821E-002  1.227191629436895E-003
 -1.092212342693598E-002  2.131817437544890E-003
  3.643643714576930E-002  2.289421152063079E-003
  8.951060584071747E-002  1.548529748306904E-003
  0.124978914894224       1.576999519826921E-004
  0.127471890284993      -1.343496054182523E-003
  9.615017896475854E-002 -2.354458794305114E-003
  4.487155816204833E-002 -2.464768948083514E-003
 -4.034133691914510E-003 -1.623312652214164E-003
 -2.958098256096862E-002 -1.579541440993000E-004
 -2.121227486654015E-002  1.361320273144651E-003
  1.678178601003905E-002  2.359741494623702E-003
  6.735944863910180E-002  2.496829929416206E-003
  0.108322507874975       1.804768720682487E-003
  0.122026919313752       6.643640688573659E-004
  0.102962011289418      -3.721805640111804E-004
  5.994420535586850E-002 -8.323676236989370E-004
  1.205786115676913E-002 -5.340442930361894E-004
 -1.979942384080416E-002  3.399976541310025E-004
 -2.203134637602954E-002  1.334820546210109E-003
  5.850006683731576E-003  1.937074254420614E-003
  5.119936015230970E-002  1.809778846768943E-003
  9.392446513116334E-002  9.431713847615348E-004
  0.115331106357034      -3.413127876790493E-004
  0.106236458600001      -1.530392038950863E-003
  7.083261825455010E-002 -2.137847298497017E-003
  2.468061476837198E-002 -1.909124242763416E-003
 -1.220783536574364E-002 -9.269352535579538E-004
 -2.412075144515142E-002  4.245689412144650E-004
 -6.398036112800821E-003  1.621261168726934E-003
  3.271742593151424E-002  2.218341598087243E-003
  7.585744643553899E-002  2.034567463474751E-003
  0.104206621504038       1.221975511954130E-003
  0.105686844009718       1.903399721915532E-004
  8.008851273140845E-002 -5.802248720373329E-004
  3.896956087976647E-002 -7.543787867228219E-004
  4.471135568730835E-004 -2.874980614437915E-004
 -1.877954679960815E-002  5.622355621220543E-004
 -1.066965545335147E-002  1.358302513302439E-003
  2.078865787709550E-002  1.687667100663926E-003
  6.148636701107910E-002  1.347913327469503E-003
  9.347490046248590E-002  4.375662882388525E-004
  0.102827960837861      -6.869542750802373E-004
  8.564324217251046E-002 -1.565469276814905E-003
  4.960114142602347E-002 -1.830774206317374E-003
  1.046683360860301E-002 -1.363944791841652E-003
 -1.486994731295863E-002 -3.436171345917234E-004
 -1.574123483661832E-002  8.302303742185766E-004
  7.764387301502146E-003  1.705025176012588E-003
  4.500540894645887E-002  1.965055311534234E-003
  7.956797018147527E-002  1.560656632405663E-003
  9.647686475002060E-002  7.215396620926678E-004
  8.866899496382943E-002 -1.510962534728824E-004
  5.993101393226320E-002 -6.654014205117943E-004
  2.308085148332312E-002 -6.117922844254229E-004
 -5.744411079056801E-003 -5.103480682633904E-005
 -1.415506339492035E-002  7.203532481345952E-004
  1.159539557192396E-003  1.309405546093634E-003
  3.312455342921294E-002  1.406309599502173E-003
  6.750729220573405E-002  9.238256960264291E-004
  8.921049530048059E-002  3.625894167334415E-005
  8.885152361227482E-002 -8.965798732380320E-004
  6.676335008912540E-002 -1.485029772402598E-003
  3.271531215693040E-002 -1.476619437965956E-003
  1.537197572254889E-003 -8.632295936645646E-004
 -1.339147904256229E-002  1.162248719156672E-004
 -5.926379974987154E-003  1.077619687330137E-003
  2.028467058414741E-002  1.653893005524056E-003
  5.353413526808799E-002  1.648200413072326E-003
  7.925868120793234E-002  1.112327685578448E-003
  8.640176664242565E-002  3.170167651243317E-004
  7.215489164761248E-002 -3.719286692736624E-004
  4.304433625098156E-002 -6.564029548014673E-004
  1.194782339136631E-002 -4.353276213601822E-004
 -7.601354907944168E-003  1.561656133158253E-004
 -7.308118333499191E-003  8.134125090618646E-004
  1.235571761584231E-002  1.203031252809206E-003
  4.248583538420617E-002  1.113968160493232E-003
  6.974082974224473E-002  5.519776915786744E-004
  8.220883342359017E-002 -2.626722037896300E-004
  7.456829887825304E-002 -9.913306730906766E-004
  5.031001867879057E-002 -1.323638411242965E-003
  2.009732900229547E-002 -1.110888504104703E-003
 -2.966444442151960E-003 -4.292320020543669E-004
 -9.061372164810795E-003  4.533660900070264E-004
  4.136050109145786E-003  1.191330486943994E-003
  3.055752711362153E-002  1.507353969796544E-003
  5.850387544886743E-002  1.307229489839991E-003
  7.580765059783508E-002  7.145544105273653E-004
  7.511921907896382E-002  1.114915772764504E-005
  5.701940741227957E-002 -4.897507707762629E-004
  2.964070332695013E-002 -5.811354929537341E-004
  5.014938094163763E-003 -2.500554802149154E-004
 -6.216654476391803E-003  3.221889593936874E-004
  5.913425669741932E-004  8.459324493019059E-004
  2.215833201503954E-002  1.055486091408771E-003
  4.882143067601354E-002  8.286674012046676E-004
  6.883108600912793E-002  2.412337470434931E-004
  7.349141392174648E-002 -4.663970624893921E-004
  6.089886457707989E-002 -9.941456529854085E-004
  3.667479507256479E-002 -1.112400872686601E-003
  1.141749318027185E-002 -7.608530144384341E-004
 -3.971059059166505E-003 -7.400427625336005E-005
 -3.021956491628539E-003  6.767216925124448E-004
  1.355889114207053E-002  1.198602150546533E-003
  3.830495390713896E-002  1.300847207995623E-003
  6.033168659895320E-002  9.724658537195771E-004
  7.011163602301045E-002  3.817636994913731E-004
  6.358687943367468E-002 -2.012870103707487E-004
  4.384335433157482E-002 -5.249518300248451E-004
  1.965735504991473E-002 -4.649031485595340E-004
  1.593098662130284E-003 -7.501023842228371E-005
 -2.616585439936676E-003  4.414970089369501E-004
  8.610897770039394E-003  8.262993083383970E-004
  3.011189304468150E-002  8.829589497527186E-004
  5.232177533453022E-002  5.647385914217964E-004
  6.549891140666020E-002 -4.740481379675453E-006
  6.396403161632692E-002 -5.859270351455548E-004
  4.851240927210910E-002 -9.280237730758795E-004
  2.597732897230786E-002 -8.778518785875445E-004
  6.176287782893464E-003 -4.458387687870350E-004
 -2.394742884263491E-003  1.987636443025524E-004
  3.770036134974185E-003  8.005740122988232E-004
  2.173873785715805E-002  1.126729731229466E-003
  4.351079792604296E-002  1.064424432207702E-003
  5.956554889289301E-002  6.655273171087971E-004
  6.301645219828220E-002  1.197610046010501E-004
  5.255795997766046E-002 -3.308980449706896E-004
  3.294383147006159E-002 -4.984755961843747E-004
  1.282683276925793E-002 -3.292425387615401E-004
  9.381662961714796E-004  7.667234770184860E-005
  2.291247153579296E-003  5.137710732951189E-004
  1.605856769801456E-002  7.652222136299677E-004
  3.601900972470078E-002  7.003151382826119E-004
  5.334296489692839E-002  3.325029392354366E-004
  6.047037856387311E-002 -1.867537166627690E-004
  5.438034347382222E-002 -6.346927114114276E-004
  3.784033994401079E-002 -8.146327589095171E-004
  1.812193600231261E-002 -6.413948708458096E-004
  3.778211349620184E-003 -1.779691663171028E-004
  9.115289163536546E-004  3.918253763545038E-004
  1.056046500610217E-002  8.421897241036479E-004
  2.832420037133691E-002  1.001188003143552E-003
  4.635399445825159E-002  8.221496139677137E-004
  5.681129569087363E-002  4.002150251019865E-004
  5.526867395085693E-002 -7.230161029543180E-005
  4.257765798702292E-002 -3.914338242022685E-004
  2.441569836102083E-002 -4.301424972005477E-004
  8.744303271783570E-003 -1.913272367818564E-004
  2.314052727139091E-003  1.972208507555420E-004
  7.749048504559734E-003  5.426372517932858E-004
  2.246867146410544E-002  6.743575455934727E-004
  3.988759223579511E-002  5.202510162401554E-004
  5.233866258661242E-002  1.383296566598048E-004
  5.442302321234100E-002 -3.091726108306809E-004
  4.532532632576419E-002 -6.272325652195116E-004
  2.910325160857238E-002 -6.732983165894818E-004
  1.285531822301038E-002 -4.192019701600899E-004
  3.594275188263538E-003  3.680636918152779E-005
  5.203462571944420E-003  5.125325349500979E-004
  1.679699531683864E-002  8.198764606830449E-004
  3.317507857690862E-002  8.443888681254999E-004
  4.714535360049985E-002  5.920653129109479E-004
  5.267413971947233E-002  1.836830545890715E-004
  4.748662700280623E-002 -2.000468115510513E-004
  3.399524682851147E-002 -3.979414640617505E-004
  1.817844433538104E-002 -3.374995220150135E-004
  6.927926004473390E-003 -6.384268664369324E-005
  5.039813256308026E-003  2.834305279747169E-004
  1.316211264808688E-002  5.344007995441974E-004
  2.757581702802643E-002  5.651788486679396E-004
  4.187727880201080E-002  3.528034101237671E-004
  4.980249362225415E-002 -1.501696960878408E-005
  4.794909855577428E-002 -3.789322273770939E-004
  3.721478696661748E-002 -5.780740657115107E-004
  2.234604658966169E-002 -5.203637380881544E-004
  9.821137175598347E-003 -2.224709480343151E-004
  5.011621987187765E-003  1.975412821670783E-004
  9.866169641642015E-003  5.711654045333145E-004
  2.211494345609280E-002  7.514857549793775E-004
  3.631747023369569E-002  6.749772646254750E-004
  4.627132104455322E-002  3.865717186309908E-004
  4.771514416786091E-002  1.773865015603318E-005
  4.014780332292572E-002 -2.721774491524532E-004
  2.698701949885157E-002 -3.653273343139700E-004
  1.402379902884157E-002 -2.351390037895236E-004
  6.869764845058333E-003  4.477779346964982E-005
  8.521428039364502E-003  3.357261890312835E-004
  1.809773934953095E-002  4.968866634958315E-004
  3.128174767085483E-002  4.481274298096572E-004
  4.224894844192224E-002  2.051743033786388E-004
  4.622225965172614E-002 -1.278343501707112E-004
  4.153411478065801E-002 -4.045690702668103E-004
  3.030693685914063E-002 -5.008501883016750E-004
  1.747672370075352E-002 -3.688816753266497E-004
  8.608419784427191E-003 -5.793652871658054E-005
  7.469997408403851E-003  3.070912267716542E-004
  1.442261942259412E-002  5.795024020333579E-004
  2.631400008084748E-002  6.533395611902783E-004
  3.789887185251952E-002  5.075652429891828E-004
  4.414681151111205E-002  2.130826003572461E-004
  4.242187305421762E-002 -9.984531299304414E-005
  3.358942364645305E-002 -2.990269804460926E-004
  2.158573676063900E-002 -3.073155445456722E-004
  1.166055386908177E-002 -1.344116197754878E-004
  8.076036168642020E-003  1.298649329034948E-004
  1.226985530350430E-002  3.571908232743960E-004
  2.227341389141830E-002  4.384507892909300E-004
  3.361908832060229E-002  3.320449835665661E-004
  4.132001150814894E-002  8.181201046653715E-005
  4.204616558546039E-002 -2.028299282506758E-004
  3.554831543389140E-002 -3.953463760958384E-004
  2.472220476581171E-002 -4.076637955994731E-004
  1.430521775828746E-002 -2.285837463712035E-004
  8.791954140813883E-003  7.145835833502792E-005
  1.048578445095671E-002  3.709690004441662E-004
  1.853073962449623E-002  5.496587951385059E-004
  2.932966083753402E-002  5.395377743688469E-004
  3.814632977104920E-002  3.528047169877595E-004
  4.117806997993148E-002  7.484195930163685E-005
  3.719167200792405E-002 -1.740943157693498E-004
  2.801878586016440E-002 -2.913858610048125E-004
  1.771287695519851E-002 -2.357692420901949E-004
  1.075414890380668E-002 -4.345094435859794E-005
  1.009653314131818E-002  1.898737897607440E-004
  1.590750088432494E-002  3.526419420955146E-004
  2.553771731036899E-002  3.671966996627885E-004
  3.471524596591610E-002  2.238650294160554E-004
  3.942710501697259E-002 -1.531774075152521E-005
  3.766037824055873E-002 -2.444364986228959E-004
  3.024843660123690E-002 -3.605165468167008E-004
  2.046784496251411E-002 -3.086897099358238E-004
  1.257956700481662E-002 -1.060665592989614E-004
  9.963845332578922E-003  1.658130536006066E-004
  1.366499712325102E-002  3.963146999947165E-004
  2.197214952010447E-002  4.932002466981600E-004
  3.120261453331218E-002  4.215920213117807E-004
  3.732973359199929E-002  2.177050640888935E-004
  3.773559086603478E-002 -2.819429441117005E-005
  3.232554976813998E-002 -2.117339327952219E-004
  2.353020690199463E-002 -2.596098526561238E-004
  1.521072288027159E-002 -1.603259437952467E-004
  1.095955967149080E-002  3.257375396204583E-005
  1.254386139751891E-002  2.256786312369380E-004
  1.916551965795786E-002  3.278132622741929E-004
  2.784707668118999E-002  2.904065881489954E-004
  3.475890059056484E-002  1.285242738289472E-004
  3.689690667661271E-002 -8.633676029338780E-005
  3.337662607388373E-002 -2.581541572350557E-004
  2.578704716219306E-002 -3.087437925013831E-004
  1.746442499529892E-002 -2.119887882572955E-004
  1.201754893554942E-002 -5.132237555270616E-006
  1.175622097849819E-002  2.275081961119024E-004
  1.670704960508465E-002  3.910183463847583E-004
  2.463535110641370E-002  4.205181542641554E-004
  3.204867694299396E-002  3.083250231216062E-004
  3.573147363305786E-002  1.061109997938604E-004
  3.413642819069363E-002 -9.848665979896438E-005
  2.803040967255643E-002 -2.202662733661298E-004
  2.012571244156637E-002 -2.129965319151056E-004
  1.387207854112950E-002 -8.828955904393587E-005
  1.194685386836434E-002  9.105450023985438E-005
  1.510367254114141E-002  2.398714217350635E-004
  2.187440008773294E-002  2.886765660360929E-004
  2.924098093290943E-002  2.141768060100209E-004
  3.397074010772161E-002  4.904700201519415E-005
  3.402504557031875E-002 -1.329950252476876E-004
  2.942817914374932E-002 -2.499618779787663E-004
  2.222691861410129E-002 -2.476922111219274E-004
  1.557187388281749E-002 -1.234989276239225E-004
  1.233270237383757E-002  7.277437065021152E-005
  1.385569296628271E-002  2.604846885261363E-004
  1.940130666806717E-002  3.630133076904541E-004
  2.649588857945774E-002  3.404406757834176E-004
  3.203118167215353E-002  2.059738095976206E-004
  3.362294512105269E-002  1.926785589195454E-005
  3.063475196736652E-002 -1.401054783446444E-004
  2.442736945104203E-002 -2.072373783408895E-004
  1.773708448586799E-002 -1.594021335181705E-004
  1.346612824292869E-002 -2.471902146923573E-005
  1.341945641837830E-002  1.314599332613198E-004
  1.753741254818520E-002  2.361148563903242E-004
  2.395013972810689E-002  2.409189257973181E-004
  2.981774227693125E-002  1.432342170433559E-004
  3.257939002606059E-002 -1.324629982198652E-005
  3.106253555271487E-002 -1.581969751449306E-004
  2.597238454608332E-002 -2.258259134040571E-004
  1.955816182917547E-002 -1.837709298443058E-004
  1.461338052359988E-002 -4.716358294975959E-005
  1.325431275464616E-002  1.280825074604208E-004
  1.601060350702959E-002  2.695990543180091E-004
  2.161842461656606E-002  3.197435317488037E-004
  2.759557549498224E-002  2.600450697537834E-004
  3.133709837455816E-002  1.184379008771863E-004
  3.124779298685612E-002 -4.358553269674620E-005
  2.741922580438177E-002 -1.580262934227116E-004
  2.156405502287827E-002 -1.796951660979583E-004
  1.624738347517155E-002 -1.050619521969077E-004
  1.375959235417843E-002  2.734456945220750E-005
  1.512565985479403E-002  1.548255386495217E-004
  1.967924465581038E-002  2.185836370560156E-004
  2.537805180824109E-002  1.895747816156191E-004
  2.971232959609355E-002  8.090192549665246E-005
  3.080289466516729E-002 -5.845230223009384E-005
  2.820878208217123E-002 -1.655522667558182E-004
  2.309793520310376E-002 -1.913183361997934E-004
  1.771624136965873E-002 -1.220184292509711E-004
  1.439600777762005E-002  1.484201364126096E-005
  1.454146211061765E-002  1.626082183858179E-004
  1.803232922912696E-002  2.600780093671869E-004
  2.329835541534673E-002  2.677958486507759E-004
  2.802243468271006E-002  1.846328205251460E-004
  3.015757872698689E-002  4.761923289902147E-005
  2.881135567543921E-002 -8.464267020271484E-005
  2.461566821747820E-002 -1.575478860404357E-004
  1.942901005587616E-002 -1.438250015552643E-004
  1.551057091600767E-002 -5.457324472039211E-005
  1.453287343869263E-002  6.656493669766847E-005
  1.686425306531467E-002  1.632624253840674E-004
  2.142879797099372E-002  1.915124117951604E-004
  2.619590053856480E-002  1.388008136036074E-004
  2.907727846463350E-002  2.917949196139381E-005
  2.883563568178148E-002 -8.776078953745987E-005
  2.560999658940137E-002 -1.589784093468044E-004
  2.083517759334509E-002 -1.513476525063797E-004
  1.659938892435363E-002 -6.610237152759199E-005
  1.472739864892904E-002  6.182420128669648E-005
  1.599163229386707E-002  1.790953036221975E-004
  1.979201334274019E-002  2.370832491898595E-004
  2.443665428251297E-002  2.126802402005435E-004
  2.789254058212551E-002  1.178282353849858E-004
  2.867315363758472E-002 -6.191871572012784E-006
  2.647547629151166E-002 -1.070073117002547E-004
  2.229348134199326E-002 -1.438403554541731E-004
  1.796668305002742E-002 -1.047414068337349E-004
  1.536833531415294E-002 -1.099911330642570E-005
  1.559131182307385E-002  9.295667866787332E-005
  1.848533284685073E-002  1.595155447494042E-004
  2.274127214546763E-002  1.588561425432372E-004
  2.647768791768713E-002  9.177395013140762E-005
  2.806722096997482E-002 -1.109704651970229E-005
  2.684022752541894E-002 -1.031265256279135E-004
  2.336177015904498E-002 -1.423721099731188E-004
  1.916797694488993E-002 -1.099947366020051E-004
  1.608434828343323E-002 -1.840861085301239E-005
  1.542837792638960E-002  9.425653087252739E-005
  1.744460686958860E-002  1.808074205906908E-004
  2.121407335167135E-002  2.053877430421323E-004
  2.507044276604863E-002  1.587356943526880E-004
  2.733452898148526E-002  6.176304731275926E-005
  2.704343107477540E-002 -4.392186353246868E-005
  2.435768853497104E-002 -1.142449075857159E-004
  2.047445089640828E-002 -1.216201015912215E-004
  1.709179969036503E-002 -6.640944456475738E-005
  1.566364348682056E-002  2.394568737293045E-005
  1.677198023084441E-002  1.075264713199685E-004
  1.988743236503501E-002  1.465906096398036E-004
  2.361623154441162E-002  1.240588923256690E-004
  2.631904160657364E-002  5.068872295871611E-005
  2.682719415755114E-002 -4.004723439046880E-005
  2.494370111295842E-002 -1.069623519886824E-004
  2.151458261758595E-002 -1.193569631965526E-004
  1.804592068785137E-002 -7.044130672881567E-005
  1.603976664753962E-002  1.980703756498425E-005
  1.634158688303653E-002  1.134646885155024E-004
  1.878255844974891E-002  1.711855266236178E-004
  2.226772148908879E-002  1.691573375563606E-004
  2.526506904273832E-002  1.091366645484740E-004
  2.647716692127047E-002  1.731330974496703E-005
  2.540087294306606E-002 -6.733866485166588E-005
  2.253373221234641E-002 -1.100187486709267E-004
  1.914270747347991E-002 -9.494089931807655E-005
  1.670226988432248E-002 -3.166734239762794E-005
  1.625088670397503E-002  4.966158562389675E-005
  1.794665015608219E-002  1.119364191333922E-004
  2.101207415442128E-002  1.274589817994449E-004
  2.408618201688342E-002  8.992009974823283E-005
  2.582480732214796E-002  1.682890855271801E-005
  2.548458612800712E-002 -5.851772790673553E-005
  2.323716300543608E-002 -1.018709763918255E-004
  2.008112589949105E-002 -9.310765547715547E-005
  1.739592218373298E-002 -3.497455078261190E-005
  1.633688160380891E-002  4.822888486608738E-005
  1.733653010928670E-002  1.213314595497362E-004
  1.992725295416816E-002  1.535772402881445E-004
  2.295756646518547E-002  1.318261591730780E-004
  2.510220183036449E-002  6.597476935233430E-005
  2.544006847030807E-002 -1.564015060893369E-005
  2.384805468662728E-002 -7.871588315383092E-005
  2.104238537899857E-002 -9.781353114167770E-005
  1.825486226187374E-002 -6.708523289314792E-005
  1.669009381204915E-002 -2.322372162221953E-006
  1.700276056235371E-002  6.641253066339940E-005
  1.902167103223210E-002  1.082079321139883E-004
  2.183675858630933E-002  1.048417447911792E-004
  2.420576713962608E-002  5.854309333706947E-005
  2.509914740653029E-002 -9.310683002226398E-006
  2.414436329274064E-002 -6.785530630779343E-005
  2.177808032548786E-002 -9.042573184575627E-005
  1.904447519279060E-002 -6.624523453365183E-005
  1.713256276231266E-002 -5.049971488461695E-006
  1.685742855472237E-002  6.727481031385469E-005
  1.831156862764843E-002  1.200363077769656E-004
  2.083527132937631E-002  1.310384446787681E-004
  2.331416440432834E-002  9.605099720111010E-005
  2.466981378913443E-002  3.039170112128280E-005
  2.432740522864853E-002 -3.795085128663424E-005
  2.245772093015643E-002 -8.054889623395875E-005
  1.989169403927535E-002 -8.074254970523025E-005
  1.774956561758375E-002 -4.053735852974870E-005
  1.695000445983055E-002  2.070578164883868E-005
  1.781420991110314E-002  7.507847114734765E-005
  1.993553314839126E-002  9.847683123131818E-005
  2.236725602093850E-002  8.106814250343348E-005
  2.404217037654160E-002  3.134852096391773E-005
  2.423819961307628E-002 -2.787394186808420E-005
  2.288708498660198E-002 -6.969772869214634E-005
  2.059437250569087E-002 -7.500445323227016E-005
  1.836632425910090E-002 -4.079416444817094E-005
  1.716676311028792E-002  1.860535263120078E-005
  1.749890540118529E-002  7.789067133108602E-005
  1.919347287425540E-002  1.118384261290291E-004
  2.149206359267955E-002  1.062026527965180E-004
  2.338517589633332E-002  6.372829102727464E-005
  2.405426783690709E-002  2.741873722295318E-006
  2.322429268145608E-002 -5.096274307739536E-005
  2.127492974635388E-002 -7.532861708479199E-005
  1.906581403062309E-002 -6.143010044034372E-005
  1.755596525106651E-002 -1.701878536162411E-005
  1.738580707752421E-002  3.721652818004239E-005
  1.860389148904933E-002  7.692843292997200E-005
  2.065485422292898E-002  8.480395053733941E-005
  2.262990352059069E-002  5.799944364976554E-005
  2.366708087485265E-002  9.135093919301328E-006
  2.332516036902499E-002 -3.948295917991737E-005
  2.176914258413284E-002 -6.579338691851669E-005
  1.968957068341601E-002 -5.767571940068427E-005
  1.799469280385908E-002 -1.818967710279277E-005
  1.741259329579288E-002  3.586552380533802E-005
  1.817748097976584E-002  8.135910516714813E-005
  1.993516626123354E-002  9.890714261101000E-005
  2.190552923997194E-002  8.121028211101352E-005
  2.322758203599920E-002  3.605722575190105E-005
  2.333452272110486E-002 -1.723332691603769E-005
  2.219542933770552E-002 -5.629521884934967E-005
  2.032061120001541E-002 -6.537345574336133E-005
  1.853183413491937E-002 -4.195776976845813E-005
  1.760074818556067E-002  2.432418506137721E-006
  1.791454594796290E-002  4.755306229404599E-005
  1.931366657441131E-002  7.342493178525100E-005
  2.116945493482773E-002  6.904044053991189E-005
  2.266443276818219E-002  3.700688562488744E-005
  2.315038403749724E-002 -7.828880186894302E-006
  2.242752356495745E-002 -4.508165587880877E-005
  2.082464726076173E-002 -5.785585967535953E-005
  1.904841648377633E-002 -4.013308771353671E-005
  1.787069846365032E-002  6.769053198633259E-007
  1.779220774080723E-002  4.706882302981724E-005
  1.882892629115004E-002  7.913201760516217E-005
  2.051225917687794E-002  8.319950297633925E-005
  2.209967917327994E-002  5.768793069328399E-005
  2.290122757894281E-002  1.363342845374736E-005
  2.257832482970169E-002 -3.023411910722557E-005
  2.128551634996404E-002 -5.566409846617253E-005
  1.959593702356480E-002 -5.271598492793049E-005
  1.824610881093054E-002 -2.386186701737158E-005
  1.781362801104686E-002  1.735530049828432E-005
  1.846874728985226E-002  5.243428863864276E-005
  1.990664517803442E-002  6.606546759293330E-005
  2.148708658073928E-002  5.274328423057551E-005
  2.251768849957898E-002  1.899138187886650E-005
  2.255557917478557E-002 -1.969770633087266E-005
  2.159612441896789E-002 -4.579396356483622E-005
  2.006842053485836E-002 -4.745540603223253E-005
  1.864239862462579E-002 -2.367054679462900E-005
  1.793415279841014E-002  1.538694571523263E-005
  1.823902528537623E-002  5.288248873342606E-005
  1.940799076132527E-002  7.269226306154590E-005
  2.091890851798127E-002  6.638176104976717E-005
  2.210879147169162E-002  3.676683695375534E-005
  2.246380188161153E-002 -3.440474892036154E-006
  2.184015005188880E-002 -3.724440959310580E-005
  2.052098077924397E-002 -5.074149733812598E-005
  1.908699324592509E-002 -3.903803962115790E-005
  1.815978102549608E-002 -8.169049335456880E-006
  1.813128156689798E-002  2.774701485895590E-005
  1.899705871954805E-002  5.280389119508282E-005
  2.036427408216448E-002  5.626274672634074E-005
  2.162825831163822E-002  3.713411861328474E-005
  2.223844618698958E-002  4.432840904933639E-006
  2.193680704141239E-002 -2.693625066848188E-005
  2.086560093620476E-002 -4.280328993293040E-005
  1.949960194490981E-002 -3.594624604636735E-005
  1.843485555269036E-002 -9.191098680189775E-006
  1.812788254076487E-002  2.590837541072995E-005
  1.869936662229072E-002  5.417796235957539E-005
  1.988664894300339E-002  6.344675030262395E-005
  2.116345210285847E-002  4.978936934251981E-005
  2.197233741519046E-002  1.912972900007180E-005
  2.196724222816331E-002 -1.543893621696691E-005
  2.116059817187314E-002 -3.939453139268256E-005
  1.991255505400184E-002 -4.305417152215183E-005
  1.876935387938075E-002 -2.564631534468966E-005
  1.822331181207247E-002  4.542099015468812E-006
  1.849984586951249E-002  3.394265405458174E-005
  1.946363721614143E-002  4.970270916344329E-005
  2.068290496275826E-002  4.526212376043027E-005
  2.162149350794138E-002  2.309315054863585E-005
  2.187341015288149E-002 -6.542063546137829E-006
  2.133728838142412E-002 -3.021287777404425E-005
  2.025588442300426E-002 -3.725676029425576E-005
  1.910546697204811E-002 -2.442617021182811E-005
  1.838539543824181E-002  2.760023952487858E-006
  1.840079066724561E-002  3.250410884576077E-005
  1.913281582930522E-002  5.192250941259083E-005
  2.025161594364607E-002  5.265056166910496E-005
  2.126417174302702E-002  3.441879611305769E-005
  2.173083286040921E-002  5.076004462764523E-006
  2.145545039270819E-002 -2.290122949288335E-005
  2.056691664086610E-002 -3.784864020208575E-005
  1.945831802632981E-002 -3.391746604530321E-005
  1.861226123401006E-002 -1.347981109797470E-005
  1.838994799116124E-002  1.406441408818440E-005
  1.887615846009922E-002  3.650256390075841E-005
  1.984663679674160E-002  4.416736682331062E-005
  2.087020651181066E-002  3.409251781635372E-005
  2.149923348294026E-002  1.117956972374117E-005
  2.146437184573425E-002 -1.408329693493215E-005
  2.078892697056256E-002 -3.030391357382741E-005
  1.977435654033528E-002 -3.019505480046027E-005
  1.886513555258421E-002 -1.372354129514149E-005
  1.845349446299291E-002  1.194569451212378E-005
  1.870975589144451E-002  3.564254211115312E-005
  1.951159510790366E-002  4.709060012797073E-005
  2.050148187776523E-002  4.135968541425641E-005
  2.124544241728234E-002  2.094397903060102E-005
  2.142266812360656E-002 -5.403591254956157E-006
  2.096315029625425E-002 -2.652943458938157E-005
  2.007433353103839E-002 -3.371813942126660E-005
  1.914686987929547E-002 -2.440033021861904E-005
  1.858221938012999E-002 -3.140503709758956E-006
  1.861815035298797E-002  2.047955933235679E-005
  1.922796595081819E-002  3.611305130745306E-005
  2.013612221699447E-002  3.715551343513555E-005
  2.094170495905956E-002  2.354566142055735E-005
  2.129450794481764E-002  1.670183774408916E-006
  2.104643318834739E-002 -1.853984074436741E-005
  2.031281188053571E-002 -2.801368106024651E-005
  1.941835495187985E-002 -2.250660558756745E-005
  1.875293909708618E-002 -4.405999011213987E-006
  1.860122621906833E-002  1.837815539799635E-005
  1.902052541815137E-002  3.591573641005207E-005
  1.981923859223216E-002  4.059627931285156E-005
  2.064375530349783E-002  3.040861046212467E-005
  2.113443475299611E-002  9.750316164388240E-006
  2.108188918784822E-002 -1.255010089181029E-005
  2.051567910505274E-002 -2.710093519928850E-005
  1.968790372647279E-002 -2.800042653940642E-005
  1.896038590315690E-002 -1.531591685338990E-005
  1.864589638217862E-002  5.060750917248502E-006
  1.887307122956048E-002  2.407670157782639E-005
  1.953334119518227E-002  3.350395261332316E-005
  2.033169371507169E-002  2.949607830394973E-005
  2.091765797835157E-002  1.417786230603721E-005
  2.103840919130322E-002 -5.391174108121506E-006
  2.064715026242058E-002 -2.038692276269459E-005
  1.992035790460802E-002 -2.411200921269618E-005
  1.917776504024986E-002 -1.490347008416843E-005
  1.874129570470507E-002  3.194978404238891E-006
  1.879514725799089E-002  2.225743683499128E-005
  1.930778727500919E-002  3.396901402211302E-005
  2.004882882801284E-002  3.324603181772083E-005
  2.069204016913805E-002  2.040826079753740E-005
  2.095845860615762E-002  9.796409676011475E-007
  2.073684450582017E-002 -1.676297822587405E-005
  2.012949171059223E-002 -2.539768386058698E-005
  1.940461099010245E-002 -2.154073568465918E-005
  1.887736635175482E-002 -7.231937929600535E-006
  1.877230499185443E-002  1.105009970748870E-005
  1.912721421739040E-002  2.527773972331988E-005
  1.977954459587412E-002  2.938447481598876E-005
  2.044005706543805E-002  2.186160624310684E-005
  2.082039312399439E-002  6.328363376400086E-006
  2.075834250313738E-002 -1.013977380325002E-005
  2.028642528625520E-002 -2.016213589816240E-005
  1.961484426684136E-002 -1.928937789411145E-005
  1.903749489965723E-002 -7.915305974488667E-006
  1.880301502611562E-002  8.949200046998342E-006
  1.900741629218152E-002  2.391185581671855E-005
  1.955461924627235E-002  3.044401264014912E-005
  2.020102451810611E-002  2.571037471970437E-005
  2.066350606389973E-002  1.175946716683666E-005
  2.074296974817438E-002 -5.419516958854834E-006
  2.040957355047429E-002 -1.853424971012447E-005
  1.981316435036617E-002 -2.215281027781696E-005
  1.921551524231950E-002 -1.501385684010874E-005
  1.887496638131952E-002 -4.950814824412979E-007
  1.893428915387384E-002  1.493415022746444E-005
  1.936043251180132E-002  2.457257324767103E-005
  1.996154505920085E-002  2.439709393519168E-005
  2.047271887159986E-002  1.475894604082368E-005
  2.067217739782804E-002  1.487303842372365E-007
  2.047697863615386E-002 -1.283666655292405E-005
  1.997696620260997E-002 -1.841281791083097E-005
  1.939314420031838E-002 -1.412855260595914E-005
  1.897968966174139E-002 -1.897462545469696E-006
  1.891301351778497E-002  1.288749669429658E-005
  1.921625855233513E-002  2.374418418524491E-005
  1.975150580641245E-002  2.593582600753830E-005
  2.028206598580835E-002  1.851156029998801E-005
  2.057675184584207E-002  4.677287584270625E-006
  2.051021067721989E-002 -9.641051550902757E-006
  2.011579313362596E-002 -1.839276863866025E-005
  1.956870224565889E-002 -1.801384512633897E-005
  1.910778396204971E-002 -8.921979477785974E-006
  1.893084820366678E-002  4.735723586150434E-006
  1.910938505327792E-002  1.694549463490096E-005
  1.955942926378676E-002  2.246631892576783E-005
  2.008038615814123E-002  1.908809690489903E-005
  2.044393375872514E-002  8.534234086499526E-006
  2.049363144908596E-002 -4.361655865776074E-006
  2.021180444068056E-002 -1.381960744159065E-005
  1.972513917163800E-002 -1.565565619245448E-005
  1.924747667117095E-002 -9.090667124797702E-006
  1.898559532718426E-002  2.950819448841725E-006
  1.904946665379609E-002  1.516016482095233E-005
  1.940590459148443E-002  2.218581244901620E-005
  1.989509694970952E-002  2.096374012750293E-005
  2.030190021633372E-002  1.202431055816288E-005
  2.045011089693556E-002 -7.781072342563079E-007
  2.027842022555853E-002 -1.197335037289648E-005
  1.986533229131962E-002 -1.685981170851062E-005
  1.939298392672953E-002 -1.352089673818585E-005
  1.906649494242547E-002 -3.604759340432046E-006
  1.902454520326961E-002  8.451695462622328E-006
  1.928015172399391E-002  1.739351127236352E-005
  1.971691726825263E-002  1.943907550922428E-005
  2.014154772663170E-002  1.389255850995251E-005
  2.036898134720145E-002  3.388151934806496E-006
  2.030266107923328E-002 -7.318098463214633E-006
  1.997515237049099E-002 -1.346067292032929E-005
  1.953205580769537E-002 -1.234836278910521E-005
  1.916705222097519E-002 -4.513188174299203E-006
  1.903702909822041E-002  6.561837892731810E-006
  1.919445720649578E-002  1.599731243939013E-005
  1.956613721101448E-002  1.966011786689616E-005
  1.998685760634388E-002  1.595426051586369E-005
  2.027252399807261E-002  6.486363605588569E-006
  2.030040395352366E-002 -4.667669826443442E-006
  2.006152380655372E-002 -1.275681436719797E-005
  1.966287288192750E-002 -1.441619862786036E-005
  1.927920731487352E-002 -9.097524985678998E-006
  1.907614168210607E-002  7.421427286895382E-007
  1.913836420731118E-002  1.075590276680657E-005
  1.943407938999480E-002  1.662248092954731E-005
  1.983057981525660E-002  1.591781844165962E-005
  2.015341616560248E-002  9.131105141824339E-006
  2.026280885370268E-002 -6.022558769726513E-007
  2.011384993207300E-002 -8.914266236164648E-006
  1.977458640180180E-002 -1.213192413203285E-005
  1.939476033533962E-002 -8.872440830889319E-006
  1.913952428922669E-002 -6.169874422827526E-007
  1.911745131728350E-002  8.971759135062829E-006
  1.933419903270147E-002  1.567338769326032E-005
  1.969157420273884E-002  1.655531516170940E-005
  2.003172709078491E-002  1.123459969504585E-005
  2.020660428782912E-002  2.015726302742694E-006
  2.014211324007984E-002 -7.139816671453757E-006
  1.986920505556814E-002 -1.234834776586878E-005
  1.950886764751374E-002 -1.148029585877381E-005
  1.921823625686577E-002 -5.051761455342275E-006
  1.912181049629734E-002  4.043435565813325E-006
  1.925787763043766E-002  1.182707002543300E-005
  1.956318609059612E-002  1.497803789083196E-005
  1.990195309162111E-002  1.225927580987175E-005
  2.012594115171603E-002  5.015672582294711E-006
  2.013904110506766E-002 -3.458429341364919E-006
  1.993823948965861E-002 -9.389352568001467E-006
  1.961352789692496E-002 -1.017955108786765E-005
  1.930740866574903E-002 -5.525517784745116E-006
  1.915219306418361E-002  2.480212379352047E-006
  1.921266305166541E-002  1.029253258687230E-005
  1.945892554820344E-002  1.447732295588081E-005
  1.978080125213737E-002  1.320634538563861E-005
  2.003687777599308E-002  7.034522044923846E-006
  2.011640121553747E-002 -1.368173621964313E-006
  1.998692921836422E-002 -8.399122153201488E-006
  1.970725811827707E-002 -1.109349593041193E-005
  1.940052729236710E-002 -8.395690076656164E-006
  1.919977843706393E-002 -1.584674416607513E-006
  1.919002893670455E-002  6.318368819451221E-006
  1.937207279739391E-002  1.188742682978497E-005
  1.966340727154685E-002  1.278214597137540E-005
  1.993532607990838E-002  8.742170140680909E-006
  2.006952432802808E-002  1.661550656573897E-006
  2.000933403279408E-002 -5.274442573339121E-006
  1.978341424873600E-002 -9.000175000326384E-006
  1.949201749785882E-002 -7.906218938627172E-006
  1.926235898818289E-002 -2.521421480363549E-006
  1.919293935103171E-002  4.746525364490188E-006
  1.931117340976888E-002  1.068544507628105E-005
  1.956253320298002E-002  1.268898651830327E-005
  1.983545139161497E-002  9.884842870938555E-006
  2.001063327329416E-002  3.494382221754865E-006
  2.001299204249914E-002 -3.721824499432699E-006
  1.984360776657704E-002 -8.678905636901786E-006
  1.957812565007680E-002 -9.306226240514885E-006
  1.933279047724640E-002 -5.426964704135271E-006
  1.921335455118933E-002  1.195985592280931E-006
  1.926930803016928E-002  7.655010722245092E-006
  1.947323278153419E-002  1.117577723142891E-005
  1.973387136641062E-002  1.031615625725027E-005
  1.993672890266069E-002  5.566973493420524E-006
  1.999415827704281E-002 -8.967408786981295E-007
  1.988303004346303E-002 -6.192469181514430E-006
  1.965380942263362E-002 -7.998957495112697E-006
  1.940752572831480E-002 -5.560824588831525E-006
  1.925111973482289E-002  3.919542275197754E-009
  1.925089034474726E-002  6.216884542098598E-006
  1.940429266103480E-002  1.033775056630372E-005
  1.964206485284287E-002  1.056202653341312E-005
  1.985930722078466E-002  6.795897169436669E-006
  1.996158049195203E-002  6.772963566834438E-007
  1.990577412562575E-002 -5.155365443919386E-006
  1.971806974115009E-002 -8.218610942393956E-006
  1.948153849428777E-002 -7.255831908865706E-006
  1.929921334127704E-002 -2.761853081412862E-006
  1.924904313054273E-002  3.259254042958360E-006
  1.935041648937753E-002  8.186356672244647E-006
  1.955662322995791E-002  9.926312898298554E-006
  1.977613919714323E-002  7.811059968225047E-006
  1.991305687063998E-002  2.861273859136192E-006
  1.990881231418852E-002 -2.687842856677311E-006
  1.976706325229905E-002 -6.380971838125083E-006
  1.955116381607025E-002 -6.616946574970995E-006
  1.935574346599360E-002 -3.334544838777312E-006
  1.926512422838284E-002  1.982604352529248E-006
  1.931683737087008E-002  6.974065383881978E-006
  1.948601233914903E-002  9.443243353233097E-006
  1.969710796713443E-002  8.312727598502872E-006
  1.985748167241162E-002  4.080171780421751E-006
  1.989788809981182E-002 -1.416394993905387E-006
  1.980221121995685E-002 -5.812134288202795E-006
  1.961367515559979E-002 -7.246332232985328E-006
  1.941518698682929E-002 -5.160084869902060E-006
  1.929273658761849E-002 -5.180380976757779E-007
  1.929800487468922E-002  4.633377828982555E-006
  1.942643414907404E-002  8.069436042313420E-006
  1.962005458819462E-002  8.353168818474153E-006
  1.979346822167870E-002  5.443779175559256E-006
  1.987135642697208E-002  6.889451344356350E-007
  1.982104552526508E-002 -3.785898529591863E-006
  1.966605833485946E-002 -6.016474541059176E-006
  1.947504983746614E-002 -5.053561186620762E-006
  1.933130207323725E-002 -1.361891986096041E-006
  1.929632104096390E-002  3.402589281382972E-006
  1.938343790534936E-002  7.131063220913681E-006
  1.955273309849427E-002  8.187154468712587E-006
  1.972916993753132E-002  6.114176521734087E-006
  1.983571387975774E-002  1.819923928333260E-006
  1.982682661144897E-002 -2.833920390763609E-006
  1.970777959596852E-002 -5.850974460118423E-006
  1.953160909073023E-002 -5.966404345331281E-006
  1.937536916218185E-002 -3.183556202807505E-006
  1.930630714718463E-002  1.247017643693619E-006
  1.935280469508865E-002  5.388652231597517E-006
  1.949263544001863E-002  7.468087651979704E-006
  1.966338053252613E-002  6.640327475538863E-006
  1.979014581197540E-002  3.338215117866979E-006
  1.981828153874820E-002 -9.384918723869914E-007
  1.973681671326987E-002 -4.294106511873094E-006
  1.958256745114786E-002 -5.269305707711029E-006
  1.942342430235617E-002 -3.470460300906547E-006
  1.932839042153051E-002  2.745399691904026E-007
  1.933758464733441E-002  4.294638089462345E-006
  1.944524113572765E-002  6.815718304459542E-006
  1.960289657101964E-002  6.735356504039317E-006
  1.974107891523754E-002  4.094838500448603E-006
  1.979979972234831E-002  4.755715405754818E-008
  1.975447265654454E-002 -3.655348087765690E-006
  1.962606754270462E-002 -5.431826986153567E-006
  1.947132444919879E-002 -4.551651939400068E-006
  1.935757641764655E-002 -1.439939253662409E-006
  1.933334726649589E-002  2.524631575995062E-006
  1.940755917827017E-002  5.621733013390582E-006
  1.954625286575077E-002  6.539655959757320E-006
  1.968798274529929E-002  4.936210170944256E-006
  1.977092003431060E-002  1.569769832437657E-006
  1.975971524066868E-002 -2.049672735181796E-006
  1.966045492885911E-002 -4.330339744684794E-006
  1.951739405181711E-002 -4.293322032316659E-006
  1.939315634480892E-002 -1.989719735611449E-006
  1.934125140239338E-002  1.536886884800139E-006
  1.938296230919948E-002  4.719521504412401E-006
  1.949857882016835E-002  6.158104391912158E-006
  1.963657017336697E-002  5.227565930179009E-006
  1.973644485111461E-002  2.340560125843295E-006
  1.975516250980951E-002 -1.244500837355821E-006
  1.968557165660457E-002 -3.980222744391634E-006
  1.955898284335611E-002 -4.704780951074039E-006
  1.943099645804204E-002 -3.139675161074628E-006
  1.935699138724039E-002  2.773127728834516E-009
  1.936807624215604E-002  3.343027839812157E-006
  1.945794239408127E-002  5.442121359055991E-006
  1.958616635085043E-002  5.425529104804506E-006
  1.969628068143665E-002  3.352139301922757E-006
  1.974054262934247E-002  1.721421137460566E-007
  1.970054099499053E-002 -2.701426468709606E-006
  1.959475226241071E-002 -4.015323616382654E-006
  1.946995917697986E-002 -3.219339980883455E-006
  1.938050127439165E-002 -6.952227328727699E-007
  1.936455324405986E-002  2.423492801273328E-006
  1.942778054171684E-002  4.756297544768797E-006
  1.954136217701940E-002  5.280876370175350E-006
  1.965502493916980E-002  3.774030621592839E-006
  1.971920267694346E-002  8.990200048482399E-007
  1.970655827283740E-002 -2.093597899992981E-006
  1.962352865732918E-002 -3.916146001244145E-006
  1.950702670220483E-002 -3.802477472377153E-006
  1.940795428429859E-002 -1.832428383388110E-006
  1.936888517451918E-002  1.115315573115168E-006
  1.940569895181702E-002  3.755944814432410E-006
  1.950108461079822E-002  4.961197159154614E-006
  1.961255807684782E-002  4.245197163382904E-006
  1.969129367027286E-002  1.963795346033410E-006
  1.970342752288282E-002 -8.546548871331504E-007
  1.964454204513467E-002 -2.967828227089619E-006
  1.954114171819201E-002 -3.463561890891049E-006
  1.943867402626881E-002 -2.151809530956734E-006
  1.938150076517887E-002  3.636331698342177E-007
  1.939364082623741E-002  2.959981461568139E-006
  1.946863845891694E-002  4.492222248452581E-006
  1.957282194386158E-002  4.292517749285153E-006
  1.966033700673694E-002  2.455074344639819E-006
  1.969324847503370E-002 -2.142809356339205E-007
  1.965790224950413E-002 -2.557113813157927E-006
  1.957049578139406E-002 -3.569603893391080E-006
  1.946959838728723E-002 -2.835559387521632E-006
  1.939906537278833E-002 -6.983078657773990E-007
  1.938891128689271E-002  1.899299828788387E-006
  1.944248105264584E-002  3.832377483821410E-006
  1.953539731379020E-002  4.283908610439034E-006
  1.962656498296119E-002  3.093348932992846E-006
  1.967627231216183E-002  8.148074045904448E-007
  1.966341942614606E-002 -1.535925186731406E-006
  1.959440357100191E-002 -2.930780477593335E-006
  1.949992641263341E-002 -2.776958539124852E-006
  1.942129120991248E-002 -1.168153730779420E-006
  1.939229978512281E-002  1.166748791673683E-006
  1.942467923337686E-002  3.190645398816246E-006
  1.950331636304695E-002  4.014590182282188E-006
  1.959322347087778E-002  3.283241410698510E-006
  1.965503417394372E-002  1.322826410009609E-006
  1.966217039622476E-002 -1.009280682994749E-006
  1.961219815597210E-002 -2.703729765474697E-006
  1.952752597597798E-002 -3.039115909079377E-006
  1.944530166188769E-002 -1.890726825656909E-006
  1.940105748880216E-002  2.240131124845524E-007
  1.941330144803212E-002  2.379237640283870E-006
  1.947573363695974E-002  3.647868651333558E-006
  1.956035473669143E-002  3.503017901606624E-006
  1.962995329357229E-002  2.039438490682374E-006
  1.965440715337104E-002 -7.831344817942612E-008
  1.962366086730764E-002 -1.914245295482904E-006
  1.955179165951452E-002 -2.672398890614093E-006
  1.947053123585867E-002 -2.040907479238595E-006
  1.941521547356895E-002 -3.201550674394158E-007
  1.940937885714308E-002  1.717386398031143E-006
  1.945470622735500E-002  3.170674525625065E-006
  1.953062677773158E-002  3.404595125003078E-006
  1.960358254299410E-002  2.323173205691226E-006
  1.964180052215338E-002  4.044786405445429E-007
  1.962906913344698E-002 -1.514517304350016E-006
  1.957154934261343E-002 -2.606061125442915E-006
  1.949476572820613E-002 -2.410603206324556E-006
  1.943223118577945E-002 -1.030889315728728E-006
  1.941077152168824E-002  9.206940672812192E-007
  1.943897398652563E-002  2.595010066040774E-006
  1.950373074755811E-002  3.277554441746283E-006
  1.957625762813651E-002  2.695653303587006E-006
  1.962483187711594E-002  1.129126416915171E-006
  1.962861532568453E-002 -7.205817548847207E-007
  1.958654212845878E-002 -2.042224822006467E-006
  1.951748429848957E-002 -2.269283204716223E-006
  1.945175378311005E-002 -1.322506559789520E-006
  1.941776230753021E-002  3.632188163945700E-007
  1.942970648054902E-002  2.036084237427287E-006
  1.948161249649737E-002  2.959557648680386E-006
  1.955023236382424E-002  2.733137957992751E-006
  1.960540120927082E-002  1.462380718629390E-006
  1.962324489048474E-002 -2.935319360813710E-007
  1.959645788971227E-002 -1.770685864177958E-006
  1.953723050736900E-002 -2.334823920625062E-006
  1.947166355802783E-002 -1.754746792747818E-006
  1.942822390916459E-002 -2.968874827559499E-007
  1.942534464465449E-002  1.397375277962578E-006
  1.946356890278549E-002  2.595183830923905E-006
  1.952558199462110E-002  2.790998773308998E-006
  1.958399982676791E-002  1.921822864205861E-006
  1.961341440035722E-002  3.870215691117282E-007
  1.960140030563188E-002 -1.132842840548024E-006
  1.955371672633749E-002 -1.976376084065772E-006
  1.949153220831850E-002 -1.788601267617283E-006
  1.944199721755987E-002 -6.704896512847603E-007
  1.942635936827092E-002  8.721062992694990E-007
  1.945082088695465E-002  2.154884024249234E-006
  1.950406886364668E-002  2.615825488628159E-006
  1.956245138896103E-002  2.058391135082096E-006
  1.960043674198820E-002  7.322894085394616E-007
  1.960173315458394E-002 -7.809320858818677E-007
  1.956622881409158E-002 -1.824937598476616E-006
  1.950979978586158E-002 -1.954558154970599E-006
  1.945717580361757E-002 -1.126026643436404E-006
  1.943106665251169E-002  2.897198527906445E-007
  1.944232836207835E-002  1.673841911447778E-006
  1.948542529485531E-002  2.431418188858177E-006
  1.954108010407979E-002  2.248720810014700E-006
  1.958485292421546E-002  1.224497088669534E-006
  1.959783441261525E-002 -1.797956335935067E-007
  1.957477612543388E-002 -1.346398743698206E-006
  1.952616489288634E-002 -1.772242520556057E-006
  1.947343081287805E-002 -1.285805773887777E-006
  1.943947331741300E-002 -1.164523711240589E-007
  1.943869088129786E-002  1.211638782002736E-006
  1.947085292998485E-002  2.112195935422365E-006
  1.952141855038859E-002  2.193168239739063E-006
  1.956806715900451E-002  1.424853984717772E-006
  1.959051131334671E-002  1.480451094455573E-007
  1.957927988689683E-002 -1.079031156143553E-006
  1.953967154884395E-002 -1.726131350546603E-006
  1.948923329110761E-002 -1.520818447253287E-006
  1.944995602287638E-002 -5.630937443195705E-007
  1.943865630530957E-002  7.232557209524365E-007
  1.945974936674824E-002  1.779062931565209E-006
  1.950351692294010E-002  2.154070957555479E-006
  1.955054004269682E-002  1.700227787690572E-006
  1.958027926175278E-002  6.308589583307144E-007
  1.958001282780900E-002 -5.779105790745885E-007
  1.955024509274332E-002 -1.398249068692028E-006
  1.950428858406203E-002 -1.480810201222863E-006
  1.946228855880519E-002 -8.037345140358202E-007
  1.944236896779515E-002  3.230370962441145E-007
  1.945278911495403E-002  1.397811010918825E-006
  1.948850306030307E-002  1.948500279091498E-006
  1.953355052466021E-002  1.737856621448821E-006
  1.956815348031919E-002  8.635951804959864E-007
  1.957736529316306E-002 -2.885748145555354E-007
  1.955749199047271E-002 -1.216463944082846E-006
  1.951752952093046E-002 -1.521129892098239E-006
  1.947506710421971E-002 -1.078663719045266E-006
  1.944851888857133E-002 -9.012153353830611E-008
  1.944911325609703E-002  1.010294882212162E-006
  1.947612312638631E-002  1.746849068695049E-006
  1.951736067401188E-002  1.809003595513383E-006
  1.955464282052214E-002  1.183309606922204E-006
  1.957177901507703E-002  1.543403543963430E-007
  1.956157380158469E-002 -8.237266953552420E-007
  1.952881712124626E-002 -1.327124056819111E-006
  1.948802348623780E-002 -1.146131178315996E-006
  1.945698074628364E-002 -3.728109107041149E-007
  1.944897358138302E-002  6.438101524083408E-007
  1.946707967347159E-002  1.453626605334837E-006
  1.950298530443252E-002  1.702976989321752E-006
  1.954076729348391E-002  1.287322175657168E-006
  1.956392412568260E-002  3.933713862916602E-007
  1.956255334912809E-002 -5.860391102186829E-007
  1.953755516581339E-002 -1.225471976912554E-006
  1.950008059412771E-002 -1.252138908937748E-006
  1.946653495121105E-002 -6.622298860565305E-007
  1.945137350311860E-002  2.811966914127276E-007
  1.946085176052298E-002  1.166107424603544E-006
  1.949043093093063E-002  1.612271369542147E-006
  1.952691090066316E-002  1.435503402680632E-006
  1.955429350175441E-002  7.243261802556998E-007
  1.956077334868261E-002 -2.028944197096276E-007
  1.954380266859006E-002 -9.398965260459044E-007
  1.951105887682658E-002 -1.170387473640647E-006
  1.947695594893314E-002 -8.040208857811804E-007
  1.945628175036508E-002 -1.205587799591831E-008
  1.945776827479604E-002  8.512649710957962E-007
  1.948038888506564E-002  1.405718601322339E-006
  1.951395024536545E-002  1.411066694311622E-006
  1.954365757450581E-002  8.697076551691757E-007
  1.955661064669038E-002  2.232724042329402E-008
  1.954737979013970E-002 -7.599977302014246E-007
  1.952025339859789E-002 -1.138847408572995E-006
  1.948723035912850E-002 -9.550151266870208E-007
  1.946269304080282E-002 -2.951483722779558E-007
  1.945712444836623E-002  5.492998192633364E-007
  1.947261302018042E-002  1.211399819112804E-006
  1.950207099849652E-002  1.408894854946158E-006
  1.953245036763226E-002  1.065185042488458E-006
  1.955049961352884E-002  3.392178451616935E-007
  1.954852264877121E-002 -4.473028464376694E-007
  1.952763828918603E-002 -9.522098746049495E-007
  1.949716183413663E-002 -9.618069271275802E-007
  1.947043545170882E-002 -4.816515701896076E-007
  1.945897179238682E-002  2.693621239636697E-007
  1.946748007894190E-002  9.575770389252396E-007
  1.949192213366552E-002  1.281561837387128E-006
  1.952139748004249E-002  1.102901248785330E-006
  1.954298135755410E-002  5.041778079085493E-007
  1.954736984700359E-002 -2.499854813622906E-007
  1.953286777860775E-002 -8.304726177190722E-007
  1.950601182794960E-002 -9.875872760436092E-007
  1.947860839506422E-002 -6.584214132233779E-007
  1.946252655887326E-002  8.426339449816080E-009
  1.946454154607938E-002  7.203069407250939E-007
  1.948346789603078E-002  1.169501518913252E-006
  1.951079340358321E-002  1.166812639612335E-006
  1.953448611310668E-002  7.217010027952255E-007
  1.954427320311738E-002  3.498710366315403E-008
  1.953607667793022E-002 -5.913805734586608E-007
  1.951369169363927E-002 -8.870407422602634E-007
  1.948701975871956E-002 -7.301295288975990E-007
  1.946767587228690E-002 -1.978460006245558E-007
  1.946391714820558E-002  4.702810814609246E-007
  1.947710607376580E-002  9.791362865399659E-007
  1.950122179944832E-002  1.107323618331521E-006
  1.952558615904931E-002  8.024965230835312E-007
  1.953957215153066E-002  2.017800453956823E-007
  1.953721986364813E-002 -4.304888766243583E-007
  1.951975604455057E-002 -8.194356662072548E-007
  1.949495414869220E-002 -7.992449835816858E-007
  1.947366004666632E-002 -3.836784882143593E-007
  1.946503496287626E-002  2.424003215208419E-007
  1.947260123402254E-002  8.056541106179889E-007
  1.949279656481963E-002  1.064078099183959E-006
  1.951662728827262E-002  9.114148391500806E-007
  1.953365613409870E-002  4.210777863521402E-007
  1.953655736057796E-002 -1.885693362090136E-007
  1.952425208491744E-002 -6.513037184522519E-007
  1.950228312445391E-002 -7.693904733613588E-007
  1.948030785036565E-002 -4.983604166283746E-007
  1.946784128370757E-002  3.612397155774038E-008
  1.947012480331161E-002  5.956057028787731E-007
  1.948591320892723E-002  9.343324857821506E-007
  1.950811273494110E-002  9.063430560912122E-007
  1.952695021321309E-002  5.275738610108053E-007
  1.953425883920332E-002 -3.334146823508287E-008
  1.952700209705098E-002 -5.305320150140446E-007
  1.950851642713922E-002 -7.488459932834997E-007
  1.948696690730705E-002 -5.969209611267755E-007
  1.947172843570532E-002 -1.451519990838041E-007
  1.946929540428213E-002  4.071275446244859E-007
  1.948050370945081E-002  8.199589382847624E-007
  1.950025220939940E-002  9.173958945104222E-007
  1.951980725271849E-002  6.627927083682657E-007
  1.953065059466511E-002  1.724975222253678E-007
  1.952817613850161E-002 -3.370610454816791E-007
  1.951363195825944E-002 -6.449041086879629E-007
  1.949349028170349E-002 -6.215137747621469E-007
  1.947655761070229E-002 -2.836185130943434E-007
  1.947011415018558E-002  2.154156067141944E-007
  1.947677408824112E-002  6.544321575042148E-007
  1.949341982640845E-002  8.417559549553285E-007
  1.951264209956825E-002  6.981881134193058E-007
  1.952602291133013E-002  2.898661199212362E-007
  1.952780761169568E-002 -2.025505403654272E-007
  1.951736513830692E-002 -5.640404231832958E-007
  1.949938579878147E-002 -6.391690127037371E-007
  1.948176448419623E-002 -3.988046403407810E-007
  1.947212342235711E-002  4.898334403805395E-008
  1.947450529328512E-002  5.077594586271876E-007
  1.948767064029825E-002  7.792021209410821E-007
  1.950571517938833E-002  7.491192128541654E-007
  1.952070416854796E-002  4.356597930152835E-007
  1.952614933880517E-002 -2.064078572931788E-008
  1.951980545718562E-002 -4.197785141176622E-007
  1.950458191899659E-002 -5.900345687848317E-007
  1.948720160112758E-002 -4.620771850802647E-007
  1.947522327942484E-002 -9.743527428157489E-008
  1.947374554584605E-002  3.403288505148119E-007
  1.948322879538135E-002  6.583514296138321E-007
  1.949936467509972E-002  7.188349767594635E-007
  1.951501907366105E-002  4.982118836102394E-007
  1.952337359873146E-002  9.576635720202933E-008
  1.952088295566303E-002 -3.112845328262198E-007
  1.950876628705221E-002 -5.459418165856725E-007
  1.949240654360246E-002 -5.083608690382332E-007
  1.947895005908016E-002 -2.181635306998442E-007
  1.947417595804207E-002  1.957477587847056E-007
  1.948000621539562E-002  5.526787768355352E-007
  1.949372839869146E-002  6.992713053787439E-007
  1.950924312126797E-002  5.755894894834140E-007
  1.951976405421106E-002  2.396659439074670E-007
  1.952077592603874E-002 -1.595238908032503E-007
  1.951196174032970E-002 -4.481429454529648E-007
  1.949727748205770E-002 -5.033400438520355E-007
  1.948316958984066E-002 -3.057752750139476E-007
  1.947573730755458E-002  5.363496836223996E-008
  1.947808836306106E-002  4.149856719112862E-007
  1.948903376192210E-002  6.200044934267441E-007
  1.950366863643734E-002  5.808956141567610E-007
  1.951555861258451E-002  3.175144706004630E-007
  1.951955792070603E-002 -5.281127932989416E-008
  1.951402561054313E-002 -3.676902886910597E-007
  1.950148614009749E-002 -4.909089815671962E-007
  1.948747062736590E-002 -3.712736573321848E-007
  1.947806931033087E-002 -6.367006619613527E-008
  1.947727767440301E-002  2.962538027927074E-007
  1.948529215378484E-002  5.521035308652887E-007
  1.949848154408335E-002  5.948766368842223E-007
  1.951102149216108E-002  4.095153563810985E-007
  1.951745719385260E-002  7.998408452011793E-008
  1.951506721722907E-002 -2.487077776021409E-007
  1.950500461710717E-002 -4.343947917105148E-007
  1.949173795492933E-002 -3.994182843899524E-007
  1.948106048493930E-002 -1.633168266930394E-007
  1.947755372976811E-002  1.672132161907540E-007
  1.948261541761253E-002  4.460753261857946E-007
  1.949389999059277E-002  5.519267227225937E-007
  1.950639358972179E-002  4.406038117339115E-007
  1.951463209152294E-002  1.632119655348202E-007
  1.951508158298632E-002 -1.574711940392613E-007
  1.950764476364099E-002 -3.814078105006760E-007
  1.949565195758447E-002 -4.124285786366798E-007
  1.948436328796225E-002 -2.394187635205304E-007
  1.947865491489183E-002  6.003940135920425E-008
  1.948090661691946E-002  3.545988972634955E-007
  1.949000532535232E-002  5.169145219093140E-007
  1.950188078513179E-002  4.788196000994384E-007
  1.951131775094804E-002  2.599921367142907E-007
  1.951423843514839E-002 -4.193910834666254E-008
  1.950945671058940E-002 -2.949709809779594E-007
  1.949914997155094E-002 -3.905521863854652E-007
  1.948786287341031E-002 -2.903309151920623E-007
  1.948049768919116E-002 -4.168954924765630E-008
  1.948017942233590E-002  2.442059409353107E-007
  1.948692493161300E-002  4.417360893419884E-007
  1.949768216286423E-002  4.656895077784277E-007
  1.950770194523515E-002  3.077331065294761E-007
  1.951262650978170E-002  3.891721423435989E-008
  1.951037675704883E-002 -2.223681194505821E-007
  1.950202145109601E-002 -3.625496144205313E-007
  1.949126597972226E-002 -3.221798681954581E-007
  1.948280339451335E-002 -1.210163929621127E-007
  1.948026103670130E-002  1.516690021978678E-007
  1.948464076723153E-002  3.768298747707992E-007
  1.949392297518378E-002  4.577308474285027E-007
  1.950398898238122E-002  3.615771355412441E-007
  1.951044145049850E-002  1.327669895052328E-007
  1.951051860034527E-002 -1.275615247403375E-007
  1.950426932996580E-002 -3.062996580925717E-007
  1.949448983529420E-002 -3.276439658255921E-007
  1.948546779910083E-002 -1.854112500311520E-007
  1.948109750612268E-002  5.538454634869025E-008
  1.948319407795185E-002  2.879107928177459E-007
  1.949073613381311E-002  4.106169070563619E-007
  1.950035196925437E-002  3.713244162627309E-007
  1.950781945247234E-002  1.891927842354719E-007
  1.950991292002214E-002 -5.465390251261952E-008
  1.950578958975124E-002 -2.533003832789431E-007
  1.949732011668395E-002 -3.208981989769186E-007
  1.948823548131969E-002 -2.296898434628249E-007
  1.948247849188199E-002 -2.125735985731490E-008
  1.948248788924408E-002  2.125124941016119E-007
  1.948816143652854E-002  3.700325155229048E-007
  1.949693826992346E-002  3.842350754516435E-007
  1.950494800607454E-002  2.511508626991791E-007
  1.950871149701662E-002  3.066995604862474E-008
  1.950664619676912E-002 -1.804275210454756E-007
  1.949972515181044E-002 -2.910417367520462E-007
  1.949101602281666E-002 -2.552018060277510E-007
  1.948431714161432E-002 -9.130808140146847E-008
  1.948249660053484E-002  1.268822314993520E-007
  1.948626030509961E-002  3.031809222079250E-007
  1.949387772127052E-002  3.611390621126517E-007
  1.950197012113598E-002  2.769992757022534E-007
  1.950700301849599E-002  8.924947845525311E-008
  1.950682394772103E-002 -1.190241785178636E-007
  1.950157689596328E-002 -2.569124988724970E-007
  1.949360547850897E-002 -2.653233569574775E-007
  1.948640203417374E-002 -1.422204076860989E-007
  1.948307341154188E-002  5.729317539350887E-008
  1.948499712568742E-002  2.457122144410352E-007
  1.949124879713270E-002  3.415773650303626E-007
  1.949903805973209E-002  3.047321430150650E-007
  1.950494850685173E-002  1.531255418528543E-007
  1.950643103517601E-002 -4.586034528345859E-008
  1.950289810704283E-002 -2.054090894468797E-007
  1.949594956848258E-002 -2.572464500768825E-007
  1.948864492488191E-002 -1.809819463174332E-007
  1.948415245911002E-002 -1.220352923606550E-008
  1.948437132833341E-002  1.738676748112703E-007
  1.948912559465960E-002  2.956911406238950E-007
  1.949627173946559E-002  3.009590640640225E-007
  1.950265928923273E-002  1.889057085500611E-007
  1.950551449592341E-002  9.878485383512757E-009
  1.950363967410234E-002 -1.573035861280001E-007
  1.949790995918290E-002 -2.400354195364205E-007
  1.949086219899264E-002 -2.034053731692964E-007
  1.948556813467110E-002 -6.483814952859922E-008
  1.948429205572618E-002  1.142127514195159E-007
  1.948751925914301E-002  2.555761489814428E-007
  1.949377180108060E-002  2.985346609389145E-007
  1.950027980813855E-002  2.259139843065134E-007
  1.950420394623508E-002  7.088045493607598E-008
  1.950386977925707E-002 -9.821635624421991E-008
  1.949947764998270E-002 -2.080439823462959E-007
  1.949298756643781E-002 -2.121886813923958E-007
  1.948724144193993E-002 -1.108784715491056E-007
  1.948471539093730E-002  4.985354369134685E-008
  1.948644960829534E-002  1.988899814311471E-007
  1.949161802721158E-002  2.713312893737993E-007
  1.949791512043004E-002  2.366197058295213E-007
  1.950257959335700E-002  1.113130745447944E-007
  1.950360075092342E-002 -4.881204790989682E-008
  1.950058076100285E-002 -1.735882573133293E-007
  1.949488339277890E-002 -2.091761871172521E-007
  1.948901528569203E-002 -1.412393304335567E-007
  1.948551999714866E-002 -6.168739368871232E-010
  1.948587253381336E-002  1.507121225626645E-007
  1.948985456940801E-002  2.469854898077695E-007
  1.949567456495321E-002  2.472564183219028E-007
  1.950076947654803E-002  1.527947362066206E-007
  1.950292960645639E-002  5.900910951777157E-009
  1.950125314303495E-002 -1.290739426269612E-007
  1.949651829670884E-002 -1.939923701645253E-007
  1.949082009379919E-002 -1.620649148925816E-007
  1.948664060351503E-002 -4.898637512314066E-008
  1.948576496014369E-002  9.455042875116531E-008
  1.948851635861728E-002  2.054290942394861E-007
  1.949363756282832E-002  2.357370305695617E-007
  1.949886072484267E-002  1.733664408339225E-007
  1.950190768920594E-002  4.674346856437300E-008
  1.950147981230353E-002 -8.813178793023754E-008
  1.949780747683793E-002 -1.724392373626164E-007
  1.949252717646420E-002 -1.701554139383642E-007
  1.948794961795666E-002 -8.338933232276008E-008
  1.948604587921482E-002  4.907380044191062E-008
  1.948759624685777E-002  1.691407395740846E-007
  1.949186904219416E-002  2.249108298078632E-007
  1.949696102884522E-002  1.931127374123479E-007
  1.950064164142068E-002  8.877840013893945E-008
  1.950132677796692E-002 -4.185664376385561E-008
  1.949875721448734E-002 -1.418921702631616E-007
  1.949409136479515E-002 -1.686200374441384E-007
  1.948938085371068E-002 -1.118390251178536E-007
  1.948666594351816E-002  2.227300055433226E-009
  1.948708943996188E-002  1.228931109534021E-007
  1.949041371310016E-002  1.974162969394445E-007
  1.949514460376640E-002  1.939562025188468E-007
  1.949919931054298E-002  1.151004746181134E-007
  1.950081999080988E-002 -3.774660076189023E-009
  1.949933253374157E-002 -1.103713020914735E-007
  1.949542321053967E-002 -1.584574682266705E-007
  1.949082023429084E-002 -1.278811592892944E-007
  1.948752745619379E-002 -3.295879265270283E-008
  1.948694977360158E-002  8.423486214922507E-008
  1.948929178786217E-002  1.725373967923072E-007
  1.949348684706467E-002  1.940431855070854E-007
  1.949767936833389E-002  1.403620213494880E-007
  1.950004265143384E-002  3.582122401730709E-008
  1.949957191752584E-002 -7.358452050240920E-008
  1.949650845670541E-002 -1.404832505792087E-007
  1.949221615766810E-002 -1.367053846603569E-007
  1.948857224636395E-002 -6.521121649476596E-008
  1.948714415889244E-002  4.168300783990748E-008
  1.948851330743256E-002  1.368023705117108E-007
  1.949203729178541E-002  1.788438407499486E-007
  1.949614728966282E-002  1.502399518444794E-007
  1.949904343328173E-002  6.443762675023647E-008
  1.949948014881740E-002 -4.041156639919088E-008
  1.949729896308108E-002 -1.184049073443915E-007
  1.949348110348172E-002 -1.359606758622336E-007
  1.948970422216805E-002 -8.624113515367588E-008
  1.948760321609309E-002  8.256709707004254E-009
  1.948806066407973E-002  1.058933729878190E-007
  1.949083466923838E-002  1.642456687586832E-007
  1.949468072607442E-002  1.585366190360926E-007
  1.949790728874217E-002  9.213064110895655E-008
  1.949911722238727E-002 -5.346048040325324E-009
  1.949781027932648E-002 -9.125870133793488E-008
  1.949458696976899E-002 -1.286648915320183E-007
  1.949087123058553E-002 -1.022596334868828E-007
  1.948827956087221E-002 -2.468157412665331E-008
  1.948791595499056E-002  6.941281421109374E-008
  1.948990001803960E-002  1.387479606152239E-007
  1.949332975754783E-002  1.534684221690432E-007
  1.949668871040167E-002  1.079419051510177E-007
  1.949851390288894E-002  2.284241180394714E-008
  1.949803058204717E-002 -6.423080440997503E-008
  1.949547848927460E-002 -1.153510400656601E-007
  1.949199255629601E-002 -1.087593447612935E-007
  1.948909651136395E-002 -4.809145093384837E-008
  1.948803515919058E-002  3.956492775172615E-008
  1.948923780171368E-002  1.157733432126408E-007
  1.949214392682761E-002  1.476044449657144E-007
  1.949546146926958E-002  1.218523632304701E-007
  1.949773899019286E-002  5.047614377646380E-008
  1.949799853231670E-002 -3.496634977527843E-008
  1.949615333766292E-002 -9.731026323690902E-008
  1.949303219365025E-002 -1.099985486316667E-007
  1.949000571626233E-002 -6.844445857564373E-008
  1.948838286417403E-002  8.319731007780705E-009
  1.948884326992706E-002  8.627695856112090E-008
  1.949115144256293E-002  1.314366229748275E-007
  1.949427277230717E-002  1.246055623522111E-007
  1.949683493359530E-002  6.950533741539346E-008
  1.949772908741034E-002 -9.190799939759120E-009
  1.949658763116039E-002 -7.689724070763717E-008
  1.949393280899207E-002 -1.042994839326990E-007
  1.949093654852937E-002 -8.002278054018659E-008
  1.948890166350292E-002 -1.531881808968724E-008
  1.948869395222502E-002  6.114762879428304E-008
  1.949037262034467E-002  1.160007945060423E-007
  1.949317660562841E-002  1.257161536390943E-007
  1.949586742464846E-002  8.668988471284622E-008
  1.949727428131906E-002  1.650879950262273E-008
  1.949680162296105E-002 -5.399967010009881E-008
  1.949467922839678E-002 -9.434692674755600E-008
  1.949185004345063E-002 -8.761026784302748E-008
  1.948954990582587E-002 -3.756847378759440E-008
  1.948876633203732E-002  3.326117143905207E-008
  1.948981327361313E-002  9.369430448173969E-008
  1.949220482964725E-002  1.175620458218312E-007
  1.949487830087712E-002  9.500638423718131E-008
  1.949666446500718E-002  3.651720356306157E-008
  1.949679708907556E-002 -3.193391956155194E-008
  1.949523976128748E-002 -8.041547786491451E-008
  1.949269079952068E-002 -8.810782088863602E-008
  1.949026891831355E-002 -5.222224395916349E-008
  1.948902097321981E-002  1.104623024389284E-008
  1.948946827699017E-002  7.382836584388082E-008
  1.949138798939036E-002  1.088547849592350E-007
  1.949392102953885E-002  1.012892806079714E-007
  1.949595475288120E-002  5.498796035589839E-008
  1.949661005301411E-002 -9.451459279260515E-009
  1.949561973446161E-002 -6.388056842490818E-008
  1.949343542120474E-002 -8.493148948357394E-008
  1.949102062137689E-002 -6.408593372981410E-008
  1.948942453344726E-002 -1.114318501114685E-008
  1.948932500841977E-002  5.031957164528688E-008
  1.949073966248673E-002  9.340181421447408E-008
  1.949302811449731E-002  9.961856263595874E-008
  1.949518002040158E-002  6.680470400587032E-008
  1.949625950811878E-002  9.808545469463850E-009
  1.949581061238322E-002 -4.621843921267445E-008
  1.949404817326336E-002 -7.690932735378635E-008
  1.949175448108181E-002 -6.926407224451679E-008
  1.948993096516998E-002 -2.713602449433679E-008
  1.948935989457181E-002  3.068551862529812E-008
  1.949026783187030E-002  7.885401985005013E-008
  1.949223551314617E-002  9.657008933508628E-008
  1.949438961768379E-002  7.654752127521433E-008
  1.949578890963333E-002  2.797823320247617E-008
  1.949583410871830E-002 -2.770237649869223E-008
  1.949452309118391E-002 -6.630306832159614E-008
  1.949244287743552E-002 -7.141829260137192E-008
  1.949050582384065E-002 -4.142963864322651E-008
  1.948954844074425E-002  1.002025267702963E-008
  1.948996916139528E-002  6.018865771674186E-008
  1.949156182891927E-002  8.725240034503558E-008
  1.949361430492194E-002  7.977553394964241E-008
  1.949522539807234E-002  4.152050413332604E-008
  1.949569917426258E-002 -1.041731023912539E-008
  1.949484420400265E-002 -5.324099590788482E-008
  1.949304917681802E-002 -6.844746627628866E-008
  1.949110538051267E-002 -4.980865401456052E-008
  1.948985694516002E-002 -5.900782832058466E-009
  1.948983336010633E-002  4.383627931591875E-008
  1.949102416232494E-002  7.770171300276572E-008
  1.949289154497517E-002  8.119226062498966E-008
  1.949461185212630E-002  5.319522207819819E-008
  1.949543763402098E-002  6.274462905228347E-009
  1.949502118647566E-002 -3.898684345637218E-008
  1.949355960790196E-002 -6.304098121392676E-008
  1.949170103196967E-002 -5.584457543953826E-008
  1.949025633972136E-002 -2.107234182510635E-008
  1.948984449036775E-002  2.569030223561104E-008
  1.949062652876903E-002  6.389993664585978E-008
  1.949224248768831E-002  7.705552320113850E-008
  1.949397555831985E-002  5.980592179753996E-008
  1.949506881418526E-002  2.010543245844382E-008
  1.949505462286899E-002 -2.444463173011093E-008
  1.949395346064637E-002 -5.439167898871389E-008
  1.949225771892754E-002 -5.691592408294474E-008
  1.949071075246661E-002 -3.130636266478165E-008
  1.948998021204681E-002  1.090582620683628E-008
  1.949036914556643E-002  5.113512311109909E-008
  1.949168979942612E-002  7.191807073007294E-008
  1.949335250783423E-002  6.448201336708911E-008
  1.949462784136814E-002  3.242746361219899E-008
  1.949496554892395E-002 -1.001759587453588E-008
  1.949423089816403E-002 -4.433239778794990E-008
  1.949275698562508E-002 -5.580725947767474E-008
  1.949119304585834E-002 -3.987056672572650E-008
  1.949021770398718E-002 -3.917711443491014E-009
  1.949024375229755E-002  3.608462707650933E-008
  1.949124281996145E-002  6.266517971633432E-008
  1.949276430411998E-002  6.446085913037619E-008
  1.949413743235723E-002  4.106043897190932E-008
  1.949476594202389E-002  3.016647205135621E-009
  1.949438598362067E-002 -3.290597016598240E-008
  1.949317576614910E-002 -5.111136576673170E-008
  1.949167153231993E-002 -4.393463120218598E-008
  1.949052926009238E-002 -1.485794309463153E-008
  1.949023791360605E-002  2.316468690814790E-008
  1.949090953076558E-002  5.347343600027331E-008
  1.949223618376935E-002  6.299385101138867E-008
  1.949363001383364E-002  4.786323276048729E-008
  1.949448277277717E-002  1.497295948998105E-008
  1.949443034170487E-002 -2.118242445297473E-008
  1.949350724770351E-002 -4.491085291935953E-008
  1.949212570296975E-002 -4.615238735290892E-008
  1.949089089606441E-002 -2.476032815284475E-008
  1.949033522027969E-002  9.587259554036088E-009
  1.949068810040552E-002  4.174138725027438E-008
  1.949178087049103E-002  5.774598076435133E-008
  1.949312600240518E-002  5.088230883482418E-008
  1.949413366037635E-002  2.447765570730463E-008
  1.949436945701944E-002 -9.693217408099631E-009
  1.949374082652842E-002 -3.665315168920612E-008
  1.949253212301649E-002 -4.478078607697424E-008
  1.949127545995008E-002 -3.081289075377743E-008
  1.949051585409479E-002 -1.140640752420453E-009
  1.949057427519159E-002  3.110825141419231E-008
  1.949141156303438E-002  5.187131453905994E-008
  1.949265081767403E-002  5.227377422605492E-008
  1.949374616723074E-002  3.240732437026173E-008
  1.949422241313518E-002  1.158625824841519E-009
  1.949388039295445E-002 -2.777919058620807E-008
  1.949287936558338E-002 -4.192275264792109E-008
  1.949166247055741E-002 -3.539912006254666E-008
  1.949075998831212E-002 -1.139454011230362E-008
  1.949055769109049E-002  1.936789306672419E-008
  1.949113143290673E-002  4.340068980646688E-008
  1.949221884026579E-002  5.035262613066289E-008
  1.949333834981114E-002  3.745750801916509E-008
  1.949400167932798E-002  1.062036023768639E-008
  1.949392603814126E-002 -1.828025294635011E-008
  1.949315389762864E-002 -3.664498158333487E-008
  1.949202967671479E-002 -3.664113896923963E-008
  1.949104561010276E-002 -1.853721112974373E-008
  1.949062570990843E-002  9.532236833866784E-009
  1.949094259273142E-002  3.521604090984367E-008
  1.949184625036138E-002  4.737411034519279E-008
  1.949293403207217E-002  4.089900309853960E-008
  1.949372932729175E-002  1.884592633059801E-008
  1.949388970483508E-002 -9.014044063568201E-009
  1.949335365416629E-002 -3.053585711828230E-008
  1.949236310367135E-002 -3.650846188200799E-008
  1.949135379199359E-002 -2.460904127218519E-008
  1.949076309057256E-002 -3.064081675938707E-010
  1.949083999223098E-002  2.563295157528074E-008
  1.949153977261887E-002  4.190182977708840E-008
  1.949254781595031E-002  4.157193235770352E-008
  1.949342032292851E-002  2.503675792889754E-008
  1.949377902965620E-002 -2.709228401504867E-010
  1.949347454474160E-002 -2.321576811235144E-008
  1.949264782117257E-002 -3.385530966833004E-008
  1.949166458347306E-002 -2.774393800216382E-008
  1.949095309483048E-002 -7.784323637530163E-009
  1.949081718310035E-002  1.714156514903779E-008
  1.949130611647219E-002  3.611919992597598E-008
  1.949219700424164E-002  4.097308583662365E-008
  1.949309568527128E-002  2.977810612029506E-008
  1.949361050720205E-002  7.604035386916365E-009
  1.949352241804686E-002 -1.578902378789076E-008
  1.949287753883909E-002 -3.025786897130372E-008
  1.949196316379453E-002 -2.968541466688466E-008
  1.949117935669866E-002 -1.457533960076195E-008
  1.949086348240878E-002  8.267531963191546E-009
  1.949114459936230E-002  2.878849475712393E-008
  1.949189051697671E-002  3.809946431715490E-008
  1.949276912948305E-002  3.232179276432017E-008
  1.949339567360673E-002  1.419477751646614E-008
  1.949350065687763E-002 -8.215267882273957E-009
  1.949304520022236E-002 -2.510100344789702E-008
  1.949223447716454E-002 -2.920278095591473E-008
  1.949142493588778E-002 -1.892631050018576E-008
  1.949096719511371E-002  1.047753416322478E-009
  1.949105382121763E-002  2.188978733753996E-008
  1.949163803862803E-002  3.451842646289708E-008
  1.949245762474236E-002  3.354964752510967E-008
  1.949315203682707E-002  1.958140980103552E-008
  1.949342049768905E-002 -1.153832085019923E-009
  1.949315175637160E-002 -1.957863994334970E-008
  1.949246958039335E-002 -2.775410581233000E-008
  1.949167547827498E-002 -2.230935248164776E-008
  1.949111507017013E-002 -5.835788032958215E-009
  1.949102729597054E-002  1.432891399453588E-008
  1.949144222023108E-002  2.935971803942287E-008
  1.949217109958193E-002  3.279977274320010E-008
  1.949289164701428E-002  2.332889400077998E-008
  1.949329003068836E-002  5.258749701395855E-009
  1.949319707514059E-002 -1.342618036719635E-008
  1.949265958655855E-002 -2.459395124427399E-008
  1.949191678918570E-002 -2.350176049150110E-008
  1.949129352802942E-002 -1.080714976914802E-008
  1.949105787501675E-002  7.797220013693043E-009
  1.949130552626671E-002  2.413115056798772E-008
  1.949192080722454E-002  3.111760601941016E-008
  1.949263007937727E-002  2.584113128329609E-008
  1.949312296736486E-002  1.075329999061803E-008
  1.949318773211904E-002 -7.470885332933997E-009
  1.949280177337384E-002 -2.089392820033954E-008
  1.949213861894423E-002 -2.378092699005664E-008
  1.949148961360441E-002 -1.505626884757967E-008
  1.949113560096908E-002  1.299987659498914E-009
  1.949122508657081E-002  1.805728778358604E-008
  1.949171171005365E-002  2.792416729995123E-008
  1.949237730080269E-002  2.671601403299752E-008
  1.949292922150860E-002  1.512534599190663E-008
  1.949312860296753E-002 -1.653363240775898E-009
  1.949289330359594E-002 -1.624908295099739E-008
  1.949233124669435E-002 -2.235035287808417E-008
  1.949169069531020E-002 -1.743257807886028E-008
  1.949125030742873E-002 -3.799216413395776E-009
  1.949119763169369E-002  1.249033378141958E-008
  1.949154899750049E-002  2.430889111958923E-008
  1.949214497988789E-002  2.657381539920844E-008
  1.949272227922403E-002  1.842512995512674E-008
  1.949302964897392E-002  3.537146699811538E-009
  1.949293685463563E-002 -1.154400432224628E-008
  1.949248943706786E-002 -2.028541883961846E-008
  1.949188630188467E-002 -1.900367895909289E-008
  1.949139102402709E-002 -8.421163100511587E-009
  1.949121638738957E-002  6.714379900477846E-009
  1.949143271478897E-002  1.975269632541992E-008
  1.949193945306623E-002  2.505809240038097E-008
  1.949251141026449E-002  2.044170091563577E-008
  1.949289844303611E-002  8.059724821973480E-009
  1.949293449115783E-002 -6.589465066414124E-009
  1.949260845540010E-002 -1.710513997956616E-008
  1.949206670055347E-002 -1.897944508087342E-008
  1.949154711903331E-002 -1.152836024228903E-008
  1.949127442116306E-002  1.867600445862616E-009
  1.949136271747747E-002  1.529230814622690E-008
  1.949176760184765E-002  2.290196890428338E-008
  1.949230781010980E-002  2.146306851116993E-008
  1.949274600545938E-002  1.171882463394454E-008
  1.949289271380421E-002 -1.992017688717726E-009
  1.949268791407792E-002 -1.367244922173702E-008
  1.949222517540286E-002 -1.829585412693163E-008
  1.949170871527158E-002 -1.397398638091278E-008
  1.949136303548952E-002 -2.729514978179251E-009
  1.949133509849966E-002  1.044149993261698E-008
  1.949163164940972E-002  1.978433186022570E-008
  1.949211838476787E-002  2.129635822260229E-008
  1.949258040398651E-002  1.443883860330183E-008
  1.949281676700943E-002  2.318155601988634E-009
  1.949272757280019E-002 -9.719204303403767E-009
  1.949235584416067E-002 -1.644374536708324E-008
  1.949186670035908E-002 -1.501386008280763E-008
  1.949147380288795E-002 -6.175245592844703E-009
  1.949134581459285E-002  6.116235434265342E-009
  1.949153380483846E-002  1.646088707411622E-008
  1.949195082236983E-002  2.038264697288012E-008
  1.949241172924676E-002  1.626024550865349E-008
  1.949271509112532E-002  5.989624494325848E-009
  1.949273092237257E-002 -5.891260970141367E-009
  1.949245608256758E-002 -1.421219630507128E-008
  1.949201374427918E-002 -1.542514091551174E-008
  1.949159799969249E-002 -9.120474719478767E-009
  1.949138848897213E-002  1.842469525849115E-009
  1.949147258343338E-002  1.262651825194211E-008
  1.949180881347590E-002  1.854729055152260E-008
  1.949224681091813E-002  1.710529148920682E-008
  1.949259425753637E-002  9.038272433206721E-009
  1.949270105467198E-002 -2.048539446362761E-009
  1.949252389357359E-002 -1.129234392504099E-008
  1.949214347068151E-002 -1.470481697815452E-008
  1.949172757796629E-002 -1.089225088723503E-008
  1.949145691125716E-002 -1.622649617833898E-009
  1.949144638268798E-002  8.989368174660778E-009
  1.949169618603244E-002  1.630513027569347E-008
  1.949209342700530E-002  1.718514185303787E-008
  1.949246285422040E-002  1.133105694015551E-008
  1.949264391934994E-002  1.373560547701755E-009
  1.949256029831637E-002 -8.313349383753434E-009
  1.949225178670761E-002 -1.353766102777402E-008
  1.949185527692937E-002 -1.210692175203425E-008
  1.949154384193135E-002 -4.750230200524334E-009
  1.949145101357077E-002  5.242413984898536E-009
  1.949161336988314E-002  1.348753325097396E-008
  1.949195609700237E-002  1.642838522839347E-008
  1.949232715467735E-002  1.286710481715901E-008
  1.949256447708992E-002  4.449090309824501E-009
  1.949256652324081E-002 -5.095029740294614E-009
  1.949233548016941E-002 -1.160189442993322E-008
  1.949197476085577E-002 -1.229107599122110E-008
  1.949164256735588E-002 -6.952686329175624E-009
  1.949148234825156E-002  1.999622936617193E-009
  1.949156070495328E-002  1.061634693031857E-008
  1.949183960868773E-002  1.515095410389244E-008
  1.949219448390107E-002  1.368474969418960E-008
  1.949246961687909E-002  6.933596874703558E-009
  1.949254626225766E-002 -2.101773210901300E-009
  1.949239367249949E-002 -9.472743257328297E-009
  1.949208113883876E-002 -1.201161992972607E-008
  1.949174639623060E-002 -8.695497372414035E-009
  1.949153476951434E-002 -1.058230865333613E-009
  1.949153593278125E-002  7.514172126252027E-009
  1.949174578884171E-002  1.328196248401946E-008
  1.949206965229230E-002  1.378111123555033E-008
  1.949236473564649E-002  8.874079115265316E-009
  1.949250289494815E-002  7.741624844999421E-010
  1.949242607555389E-002 -6.951737949519469E-009
  1.949217048198873E-002 -1.095338373615937E-008
  1.949184944046564E-002 -9.549751205842156E-009
  1.949160301636005E-002 -3.434599727488797E-009
  1.949153676980341E-002  4.660298211382390E-009
  1.949167641613420E-002  1.118239380950758E-008
  1.949195784864726E-002  1.331412283309517E-008
  1.949225632890386E-002  1.018627911639814E-008
  1.949244157879031E-002  3.226987208516074E-009
  1.949243445533121E-002 -4.492452292756648E-009
  1.949224056540454E-002 -9.615747326161702E-009
  1.949194656318885E-002 -9.963374114093659E-009
  1.949168129675496E-002 -5.461433871294466E-009
  1.949155920709751E-002  1.857879800247998E-009
  1.949163083203317E-002  8.770508191055848E-009
  1.949186180939205E-002  1.227864358484201E-008
  1.949214907405704E-002  1.090920609066563E-008
  1.949236665662557E-002  5.330465571581738E-009
  1.949242074629402E-002 -1.970794421120690E-009
  1.949228996044703E-002 -7.797222283983666E-009
  1.949203354938395E-002 -9.640869783775267E-009
  1.949176445172622E-002 -6.762635074116873E-009
  1.949159943083905E-002 -4.870344105263724E-010
  1.949160829555292E-002  6.404024421873113E-009
  1.949178427716295E-002  1.090164699438177E-008
  1.949204811441310E-002  1.108069803176255E-008
  1.949228356789848E-002  6.920269129372957E-009
  1.949238846663437E-002  2.847462969867106E-010
  1.949231888019925E-002 -5.913798542209268E-009
  1.949210733114904E-002 -8.995849191782305E-009
  1.949184752455363E-002 -7.674617165979345E-009
  1.949165272874826E-002 -2.594002346286103E-009
  1.949160628042494E-002  3.980020462381026E-009
  1.949172583203727E-002  9.167867402885211E-009
  1.949195666660712E-002  1.073614243041018E-008
  1.949219654914319E-002  8.057790168685904E-009
  1.949234084767349E-002  2.360044619169610E-009
  1.949232802044079E-002 -3.836833251788803E-009
  1.949216570445583E-002 -7.834068854168976E-009
  1.949192636287653E-002 -7.929682834711988E-009
  1.949171483730352E-002 -4.143106134074777E-009
  1.949162232032962E-002  1.818945970599528E-009
  1.949168694554685E-002  7.329172998684240E-009
  1.949187801555832E-002  9.994944291731162E-009
  1.949211036577251E-002  8.694437403764036E-009
  1.949228217376804E-002  4.045312730831164E-009
  1.949231943944795E-002 -1.889221106485211E-009
  1.949220771431500E-002 -6.517906944310676E-009
  1.949199748754676E-002 -7.854662830286000E-009
  1.949178128313409E-002 -5.372071081924341E-009
  1.949165283996501E-002 -2.085871621598668E-010
  1.949166637466124E-002  5.350869106335336E-009
  1.949181362182314E-002  8.884452492599965E-009
  1.949202835931576E-002  8.887214627710641E-009
  1.949221604173210E-002  5.410805345703627E-009
  1.949229529390947E-002  1.740290304736831E-011
  1.949223306260588E-002 -4.921817306504732E-009
  1.949205825154882E-002 -7.269093406679538E-009
  1.949184823872568E-002 -6.045420697577870E-009
  1.949169453834910E-002 -1.838594308148614E-009
  1.949166283569338E-002  3.475572629843890E-009
  1.949176483963302E-002  7.567478039400963E-009
  1.949195400326669E-002  8.672699725776603E-009
  1.949214661462777E-002  6.350280793005605E-009
  1.949225871639916E-002  1.654802269742589E-009
  1.949224258020926E-002 -3.343773672292541E-009
  1.949210689795424E-002 -6.474193798185748E-009
  1.949191216266053E-002 -6.408402864411005E-009
  1.949174361642891E-002 -3.225718862359798E-009
  1.949167385215069E-002  1.642680711336243E-009
  1.949173146925082E-002  6.055579653760085E-009
  1.949188930860499E-002  8.102291818080508E-009
  1.949207708443940E-002  6.928955242859033E-009
  1.949221256109057E-002  3.093353429684295E-009
  1.949223745427772E-002 -1.698783688791772E-009
  1.949214239095916E-002 -5.352166387861223E-009
  1.949197024904159E-002 -6.298153568215824E-009
  1.949179674958839E-002 -4.168405778480340E-009
  1.949169707240922E-002  6.303219687612015E-011
  1.949171320609045E-002  4.522990238448143E-009
  1.949183620446629E-002  7.266460977053417E-009
  1.949201083430207E-002  7.122786214450811E-009
  1.949216026040746E-002  4.192855505190985E-009
  1.949221974545384E-002 -2.134731738261800E-010
  1.949216459068115E-002 -4.164204839090502E-009
  1.949202026634167E-002 -5.953561807117208E-009
  1.949185059761730E-002 -4.839451348569938E-009
  1.949172946613078E-002 -1.351367065404154E-009
  1.949170856622633E-002  2.958598194542094E-009
  1.949179528144321E-002  6.205146914072279E-009
  1.949195014010333E-002  6.993538779087135E-009
  1.949210466243687E-002  5.017895507425386E-009
  1.949219154158067E-002  1.177547250904844E-009
  1.949217386355617E-002 -2.831883722475102E-009
  1.949206068764802E-002 -5.267149897759155E-009
  1.949190242319276E-002 -5.095477704952989E-009
  1.949176831327548E-002 -2.432630838171413E-009
  1.949171607392419E-002  1.524572902547532E-009
  1.949176699470441E-002  5.034412262287404E-009
  1.949189723520978E-002  6.575158817854305E-009
  1.949204885599649E-002  5.503012915339287E-009
  1.949215549705885E-002  2.318852461143718E-009
  1.949217133021273E-002 -1.566253840144943E-009
  1.949209065967976E-002 -4.457436741600718E-009
  1.949194979634620E-002 -5.116379034678390E-009
  1.949181065661241E-002 -3.292335733044056E-009
  1.949173348367677E-002  1.837125991585963E-010
  1.949175070359905E-002  3.776140785937873E-009
  1.949185325589457E-002  5.922154289799471E-009
  1.949199514996480E-002  5.710891085217493E-009
  1.949211399547861E-002  3.269148902197958E-009
  1.949215834952894E-002 -3.094092636211149E-010
  1.949210989919425E-002 -3.453968675312019E-009
  1.949199092080619E-002 -4.806182482893772E-009
  1.949185399589753E-002 -3.807127171569123E-009
  1.949175871656071E-002 -9.281521673183235E-010
  1.949174569388105E-002  2.549330187454167E-009
  1.949181920038128E-002  5.102703421239971E-009
  1.949194585738180E-002  5.633318180586746E-009
  1.949206969752649E-002  3.937571553769240E-009
  1.949213681450698E-002  7.821431229858576E-010
  1.949211874891144E-002 -2.443394476819911E-009
  1.949202447042174E-002 -4.339384144167569E-009
  1.949189592189857E-002 -4.104156390969417E-009
  1.949178930679416E-002 -1.873301282120620E-009
  1.949175046171121E-002  1.353215433200339E-009
  1.949179510054201E-002  4.158272420734100E-009
