   1.00000002062680       0.000000000000000E+000
  0.837021376530005      -2.046884333577740E-003
  0.429951861700836      -1.212888794122914E-002
 -2.621346612051601E-002 -2.695202944894892E-002
 -0.321992558167635      -3.415932787800578E-002
 -0.332509622392841      -2.443352255363033E-002
 -6.939058368808687E-002 -1.821347146842456E-003
  0.334027878562206       1.786666916461496E-002
  0.689923232224851       1.979671040378565E-002
  0.840540337877192       2.946802173771563E-003
  0.723505632415964      -1.833290616368113E-002
  0.394252983798613      -2.562047748614904E-002
  4.065287355505521E-005 -1.108728083788671E-002
 -0.283107226792917       1.663953025856436E-002
 -0.326398193883919       3.980851918113203E-002
 -0.106662837297144       4.534471255803599E-002
  0.279593934657286       3.358622366264676E-002
  0.656742723116746       1.560563069098468E-002
  0.850346834032627       2.804437885574323E-003
  0.770497848324845      -1.586633926928883E-003
  0.456364695152189      -2.357641612478226E-003
  5.777072116583447E-002 -5.179848121178297E-003
 -0.238013465592662      -1.016145022924112E-002
 -0.297034466397730      -1.225465078261110E-002
 -0.100983172934657      -7.561596212173344E-003
  0.248673533476260       1.192732865515160E-003
  0.583511104323358       5.876063975763044E-003
  0.748873622672060       1.968785028204325E-004
  0.673020807581776      -1.362693534538667E-002
  0.394799671328692      -2.523833421224682E-002
  4.151835621656305E-002 -2.386391444003803E-002
 -0.229635814795903      -7.115555081492464E-003
 -0.300202589012134       1.654254921745825E-002
 -0.140901759629898       3.379292376746158E-002
  0.176134960351814       3.603114831964797E-002
  0.508629423182603       2.487573070026756E-002
  0.706843566555403       9.698653285774975E-003
  0.681389793559843      -8.446588623942599E-005
  0.445407662451900      -1.373610736234475E-003
  0.109891834043652       2.261031756048905E-003
 -0.167734269540182       5.338574876583780E-003
 -0.258289836819505       5.375761195170171E-003
 -0.122404141991735       3.716098498205216E-003
  0.171611922224219       2.423204945034154E-003
  0.482132258930086       1.086171180547973E-003
  0.662894888506112      -2.925673362402480E-003
  0.631578276597164      -1.097801913129458E-002
  0.405624583985007      -2.013589408460156E-002
  9.042633295868602E-002 -2.408596208861774E-002
 -0.171703179363367      -1.786692192913700E-002
 -0.266369231053178      -2.515978725450663E-003
 -0.156526645766974       1.459162193608322E-002
  0.103745135388815       2.445227780300464E-002
  0.395202987215551       2.266737967050419E-002
  0.586884891595326       1.233485818528678E-002
  0.594025608262564       1.447135532681949E-003
  0.415668853863640      -2.964593930100470E-003
  0.135253839877726       6.623145254652315E-004
 -0.117016980300652       8.386319824571043E-003
 -0.223973346871286       1.451746473792931E-002
 -0.136188040443920       1.568899618970777E-002
  0.104519134509758       1.216217512156017E-002
  0.384721272999266       6.128363652992263E-003
  0.573180967711586      -6.782105568519418E-004
  0.582804835863069      -7.676023722634311E-003
  0.410764324627184      -1.421233550137429E-002
  0.137983923347622      -1.830269811984725E-002
 -0.110518245697653      -1.723579699517593E-002
 -0.224295110761077      -9.924707560195188E-003
 -0.157147963083134       1.156461860484646E-003
  5.432315811934302E-002  1.063477784919222E-002
  0.309972117726983       1.354129873475876E-002
  0.492764507880033       8.875337985502925E-003
  0.521269432099563       5.534763023313134E-004
  0.385067778106561      -5.179726489582800E-003
  0.148242137151161      -4.015020632351765E-003
 -8.009634446299262E-002  3.636846638238516E-003
 -0.195232932631927       1.325442806509211E-002
 -0.144418225503703       1.947053004752422E-002
  4.888744886310373E-002  1.939540580109276E-002
  0.295591725412581       1.373393524025779E-002
  0.482066067967637       5.439543114132288E-003
  0.522921207475590      -2.501891496654737E-003
  0.400607523083405      -8.343159660174727E-003
  0.172977780625520      -1.139561836284803E-002
 -5.464362554630380E-002 -1.132408932231846E-002
 -0.179180292017562      -8.072224925864003E-003
 -0.147378936555686      -2.546240407785708E-003
  2.100860821593450E-002  2.937326982366936E-003
  0.244378004761408       5.450297280341706E-003
  0.418312142996377       3.337090511851427E-003
  0.463620197343010      -2.225358129659458E-003
  0.361409874074186      -7.477390738113146E-003
  0.160090584938351      -8.312745293437672E-003
 -4.780529999792885E-002 -3.043508906245905E-003
 -0.167921431835539       6.317944866129408E-003
 -0.146498343237529       1.523186312631933E-002
  5.791900253230228E-003  1.942174784843009E-002
  0.219071057391788       1.731772007698622E-002
  0.396214518914507       1.058740505506815E-002
  0.457210108314702       2.692484070519741E-003
  0.375712646753851      -3.245255637869419E-003
  0.190855876245346      -5.795242979887413E-003
 -1.130461796352110E-002 -5.230357704445850E-003
 -0.138077020730043      -2.735578839941456E-003
 -0.133154077748400       2.998745255446247E-004
 -2.118961129785618E-003  2.528137019348724E-003
  0.191285994835122       2.744089405873039E-003
  0.355800603920264       2.990739335934620E-004
  0.415275124891336      -4.239431819459602E-003
  0.343245701172745      -8.830130576466663E-003
  0.173864789128763      -1.070111659033213E-002
 -1.499869844368205E-002 -7.931496981156201E-003
 -0.137949428112534      -8.751459127902655E-004
 -0.140731559307929       7.685776512147262E-003
 -2.406754356451320E-002  1.395892112805272E-002
  0.157574759927010       1.528945561999262E-002
  0.321271075424630       1.162998121897483E-002
  0.393394837914732       5.395500616239411E-003
  0.342825338333987      -1.011478357376135E-004
  0.194662377484236      -2.520630906137973E-003
  1.824944719834944E-002 -1.513232061065299E-003
 -0.105014012304773       1.534907573247787E-003
 -0.119243443434221       4.561520592704105E-003
 -1.961014947379955E-002  5.879230114715262E-003
  0.145984001482895       4.707898487969869E-003
  0.299712948788267       1.220104585370410E-003
  0.370214100038038      -3.604513163244825E-003
  0.325409935292313      -8.175232816654228E-003
  0.186589771791726      -1.066766945783865E-002
  1.765605548422354E-002 -9.713769677984159E-003
 -0.104899880587379      -5.201428343510531E-003
 -0.127048427595945       1.349961046417457E-003
 -4.123106942468997E-002  7.293325542574662E-003
  0.111215514725854       1.014639748256544E-002
  0.259739449971616       8.960276692378344E-003
  0.336995376511673       4.878624217880612E-003
  0.309215320168586       4.769885407899385E-004
  0.190952735477964      -1.725455770056505E-003
  3.779240984560257E-002 -6.503281921290823E-004
 -7.945910232753974E-002  2.878632674623649E-003
 -0.107272658618989       6.768564536473599E-003
 -3.374983896614297E-002  8.872710221080299E-003
  0.106282108254340       8.027529714389350E-003
  0.247695128167691       4.426045934581214E-003
  0.325313053437672      -6.641288660922455E-004
  0.303897754089409      -5.508464369569195E-003
  0.193979073875917      -8.517086573093954E-003
  4.636809997670481E-002 -8.724028487569705E-003
 -7.178376538238346E-002 -6.110272084660111E-003
 -0.107995896507194      -1.697205317933355E-003
 -4.812641278094375E-002  2.734373685651048E-003
  7.798354956943869E-002  5.346116501809764E-003
  0.211031480306057       5.130130811045926E-003
  0.289841249256269       2.502749665695980E-003
  0.279198568766819      -8.249156588951457E-004
  0.185349806208643      -2.731181660449224E-003
  5.243523837993248E-002 -1.858351504535311E-003
 -5.817512139837130E-002  1.615257127516440E-003
 -9.604526522206733E-002  6.070233518519004E-003
 -4.451142142602633E-002  9.334566557846724E-003
  7.208941949947194E-002  9.819166758827142E-003
  0.199941682164015       7.257692260255233E-003
  0.280624572854261       2.712925932301432E-003
  0.277863090311407      -2.034724619701342E-003
  0.193870799571186      -5.309694706095549E-003
  6.785600436468078E-002 -6.174377796999323E-003
 -4.244534676662086E-002 -4.678989663555962E-003
 -8.749734818920560E-002 -1.741588913143431E-003
 -4.851560663307562E-002  1.236956848022823E-003
  5.448005918432711E-002  2.909580119881103E-003
  0.172556094095441       2.535304342761017E-003
  0.250807837086226       3.495924975323251E-004
  0.253578835680907      -2.461256302389793E-003
  0.180393384354348      -4.266150157554500E-003
  6.554860808740701E-002 -3.799427453039871E-003
 -3.810237109038518E-002 -8.676429793980834E-004
 -8.350506189414496E-002  3.464844940120982E-003
 -5.071686031426784E-002  7.362233630118631E-003
  4.441246832912226E-002  9.132464257948981E-003
  0.157927187110871       8.066990487301907E-003
  0.238112458120878       4.749629046303308E-003
  0.249113471829186       7.004947263426821E-004
  0.187048468167563      -2.403484264034125E-003
  8.134671403125286E-002 -3.495283678080499E-003
 -1.915157856788315E-002 -2.509808086795233E-003
 -6.880948638276392E-002 -2.870687366897322E-004
 -4.604779733108428E-002  1.885305654699621E-003
  3.712383823719329E-002  2.848384032617445E-003
  0.141134469358507       2.043557176759133E-003
  0.217441520863048      -2.658776840027228E-004
  0.230939701618928      -3.088581428279970E-003
  0.175836271000783      -5.098843477019950E-003
  7.783482531016375E-002 -5.210657034278991E-003
 -1.811293514994803E-002 -3.105783544002271E-003
 -6.861835684074569E-002  5.462529443963720E-004
 -5.158519944600259E-002  4.333019253055929E-003
  2.409094685496491E-002  6.736156117167722E-003
  0.123069664041568       6.856743809510221E-003
  0.200044141391941       4.847174506927503E-003
  0.220480147005912       1.812668687974896E-003
  0.176142067956283      -7.631113414128607E-004
  8.843152886183935E-002 -1.754305657616540E-003
 -1.816741478319365E-003 -9.057499907149691E-004
 -5.326436784285020E-002  1.115389582642252E-003
 -4.298122482281692E-002  3.108381645349426E-003
  2.330679614011191E-002  3.936098689240404E-003
  0.114225932551205       3.037963449281283E-003
  0.187479801641656       6.516450620157278E-004
  0.209386233054479      -2.311453610037008E-003
  0.170192981844164      -4.656522087158183E-003
  8.820457593345236E-002 -5.400975670541512E-003
  1.000487289956700E-003 -4.189124005999886E-003
 -5.202062131574682E-002 -1.462018198945761E-003
 -4.763539232295760E-002  1.705061874319347E-003
  1.090005999641661E-002  4.056352464670170E-003
  9.579473019598456E-002  4.717468539955064E-003
  0.167803884297993       3.602550223241835E-003
  0.194291270763082       1.452600230610434E-003
  0.163971834667172      -5.333980192041970E-004
  9.169198355210409E-002 -1.297597413150074E-003
  1.123767313739187E-002 -4.464994006419687E-004
 -4.037489770706040E-002  1.569230592167519E-003
 -3.985373256513352E-002  3.699845417052159E-003
  1.190990390174203E-002  4.824896386539396E-003
  9.056372069183860E-002  4.289906484236669E-003
  0.159728052671732       2.196218783842969E-003
  0.187782110892349      -6.681838853055438E-004
  0.162255984902261      -3.194193369867645E-003
  9.527003287165615E-002 -4.431709300432168E-003
  1.765036209829052E-002 -3.978258449306798E-003
 -3.542433636215607E-002 -2.126966988007845E-003
 -4.054530119792064E-002  2.744282977470189E-004
  3.441902824733204E-003  2.193093321903716E-003
  7.529382830859399E-002  2.860398862873491E-003
  0.141455257609536       2.111881798599250E-003
  0.171590071912369       4.609040567850409E-004
  0.152374446293889      -1.142704989324606E-003
  9.329462762781256E-002 -1.770053547045843E-003
  2.194650131276595E-002 -9.721203806695774E-004
 -2.884528968500601E-002  9.884073851368568E-004
 -3.609121157746385E-002  3.253986609197018E-003
  3.008254819239498E-003  4.782381293673508E-003
  7.006135447527811E-002  4.844305677416750E-003
  0.134159649811387       3.362207740550700E-003
  0.166141191807433       9.323637418761257E-004
  0.151861920407259      -1.464360168181695E-003
  9.843139011554722E-002 -2.910370444738170E-003
  3.065869142295208E-002 -2.945056602936982E-003
 -2.053436225631136E-002 -1.735418955390334E-003
 -3.232253293447269E-002  3.346919966908819E-005
 -2.708861008058042E-004  1.483738065165667E-003
  5.993906543916652E-002  1.938779537502959E-003
  0.120009118442594       1.219265201441864E-003
  0.152173042748134      -2.824448074067085E-004
  0.141889523317895      -1.782849558784598E-003
  9.428532024042940E-002 -2.468753748116115E-003
  3.150955283589783E-002 -1.881712700969065E-003
 -1.764180176695192E-002 -1.476656081606126E-004
 -3.097051764367195E-002  2.063148493126640E-003
 -2.905368085418900E-003  3.836002953028036E-003
  5.320176119901303E-002  4.432801848694281E-003
  0.111436839553505       3.632034767092398E-003
  0.145311440951131       1.823083899812990E-003
  0.139832443327802      -1.872457273394940E-004
  9.815328548365647E-002 -1.556119774001943E-003
  3.985334566350355E-002 -1.786887678669860E-003
 -8.249973490616552E-003 -9.340751294885060E-004
 -2.445662623892726E-002  4.531782409845058E-004
 -2.018417693219852E-003  1.608238149027881E-003
  4.800623004350413E-002  1.908167327554747E-003
  0.102082197099879       1.155507728753104E-003
  0.135154927149754      -3.384371113045687E-004
  0.132139054280100      -1.898150193900837E-003
  9.467527699317116E-002 -2.789162024146294E-003
  4.013843640567632E-002 -2.550295461624877E-003
 -6.528613116626728E-003 -1.207107144773206E-003
 -2.431105505212548E-002  7.304118484567506E-004
 -5.646346233532493E-003  2.489482670307009E-003
  4.033686922853726E-002  3.378945355871931E-003
  9.224017003159959E-002  3.099045306283732E-003
  0.126337836776361       1.870813046939382E-003
  0.127421033207332       3.226506031234311E-004
  9.558816420654273E-002 -8.115709160995827E-004
  4.595035999311966E-002 -1.037219812395735E-003
  1.495052847038274E-003 -3.217446011386234E-004
 -1.753507708537491E-002  9.065587775393394E-004
 -2.850635621423506E-003  1.975777781058469E-003
  3.827133001223144E-002  2.294110703360032E-003
  8.653928775452784E-002  1.626467352163017E-003
  0.119639238071332       1.998878250297002E-004
  0.122479656228614      -1.402874325148971E-003
  9.398843612022599E-002 -2.506751711407034E-003
  4.740501103909816E-002 -2.644105777820529E-003
  4.030324799048549E-003 -1.758908830566537E-003
 -1.661063066877602E-002 -2.278219754646763E-004
 -5.644436647370296E-003  1.309345006686007E-003
  3.127516856255147E-002  2.234390198104420E-003
  7.678135396909888E-002  2.223876291226785E-003
  0.109905916677763       1.387279525673409E-003
  0.115701982259614       2.062398233658080E-004
  9.196389303919911E-002 -6.977827044021901E-004
  5.002613950006943E-002 -8.590505024665859E-004
  9.371151073891158E-003 -1.868464241086468E-004
 -1.139776240668023E-002  9.949422217740967E-004
 -3.044805006685883E-003  2.104992312119328E-003
  3.021299756042538E-002  2.581331175846086E-003
  7.282247857074073E-002  2.145295232564716E-003
  0.105156388973926       9.298056368838280E-004
  0.112531397023047      -5.836160987437226E-004
  9.183941369160097E-002 -1.784560210013375E-003
  5.279861589621454E-002 -2.205893622881092E-003
  1.333115984611943E-002 -1.724968365666261E-003
 -8.734739906296141E-003 -6.068995590642690E-004
 -3.793328202019869E-003  6.245043960492923E-004
  2.528970148037447E-002  1.426802484594262E-003
  6.468852909460815E-002  1.481555107519819E-003
  9.610851135919975E-002  8.316425093195727E-004
  0.105214436547058      -1.472217381806703E-004
  8.811646975186786E-002 -9.270377928668058E-004
  5.298343812315300E-002 -1.077393513248500E-003
  1.612418250471725E-002 -4.694496575847873E-004
 -5.587473382012374E-003  6.609278150210926E-004
 -2.430348455173523E-003  1.820689018992262E-003
  2.382744825235756E-002  2.487423957788582E-003
  6.089978843606738E-002  2.350401987504472E-003
  9.173851832881726E-002  1.452148432475524E-003
  0.102376762001438       1.660378146946512E-004
  8.825033176220393E-002 -9.766914294958903E-004
  5.613570822785049E-002 -1.527463769176016E-003
  2.088533659824672E-002 -1.316752840610637E-003
 -1.472277167417471E-003 -5.185936785592643E-004
 -1.063450657414837E-003  4.415939502655092E-004
  2.142264726148863E-002  1.089324344718292E-003
  5.521776707041282E-002  1.119348999301053E-003
  8.455473399487251E-002  5.315935511370079E-004
  9.595294942151254E-002 -3.744840405579384E-004
  8.434707617378012E-002 -1.142202361274108E-003
  5.527703724171336E-002 -1.370806577231057E-003
  2.219977579208934E-002 -9.023217570101025E-004
  2.257112430777985E-004  1.029536368796055E-004
 -8.052291003262525E-004  1.236841614725816E-003
  1.926258252306987E-002  2.027362149449541E-003
  5.097226786683089E-002  2.151776355781152E-003
  7.970998487569049E-002  1.580344679625957E-003
  9.244433125208158E-002  5.849436393867681E-004
  8.364050943940719E-002 -3.899825367793812E-004
  5.766426705584714E-002 -9.325241355066722E-004
  2.663266274544207E-002 -8.484701850976661E-004
  4.761643107626022E-003 -2.417781224585366E-004
  1.843127365297876E-003  5.439361232107577E-004
  1.884225117237688E-002  1.092294479226380E-003
  4.759300353223906E-002  1.110144679553274E-003
  7.466965510278713E-002  5.624697902008001E-004
  8.760306994023750E-002 -3.136808315667900E-004
  8.056717982787776E-002 -1.119993619515987E-003
  5.694596959148927E-002 -1.480050593835105E-003
  2.765534536619514E-002 -1.211062895575261E-003
  6.050420220087250E-003 -4.068265514809619E-004
  1.795577549243603E-003  6.047033445461635E-004
  1.651172441163573E-002  1.409088094676649E-003
  4.316017777311493E-002  1.690748083572618E-003
  6.938651442114813E-002  1.371569584960813E-003
  8.323702218566670E-002  6.400315120673229E-004
  7.860259596235904E-002 -1.413812880724836E-004
  5.791058576532055E-002 -6.065498861759183E-004
  3.087925360901848E-002 -5.543444278097650E-004
  9.964204023434073E-003 -3.764573873495268E-005
  4.625792471588222E-003  6.670832004457849E-004
  1.705203325328591E-002  1.193463845106282E-003
  4.126741262553015E-002  1.258396366294594E-003
  6.598356141895102E-002  7.941497912187715E-004
  7.983426061482310E-002 -2.058722050689916E-005
  7.656887037868304E-002 -8.430048199937808E-004
  5.783332990919410E-002 -1.322230524566114E-003
  3.230479491711374E-002 -1.257045745861010E-003
  1.162956668617302E-002 -6.839982682956649E-004
  5.067017104509197E-003  1.425686687499807E-004
  1.530432006438195E-002  8.677704466530207E-004
  3.733460675157386E-002  1.196379862659649E-003
  6.086338884792925E-002  1.023077872701193E-003
  7.509010590617307E-002  4.742782244971247E-004
  7.364531517078333E-002 -1.562492910944531E-004
  5.742756295870848E-002 -5.471995335005796E-004
  3.407777772559100E-002 -4.999772742861730E-004
  1.438330588457907E-002 -3.009127481250381E-005
  7.300447081283070E-003  6.418495006777655E-004
  1.588878327045542E-002  1.194290917760526E-003
  3.599933072865770E-002  1.354825114703503E-003
  5.827371309553090E-002  1.026363050210142E-003
  7.249201103376457E-002  3.315734866065625E-004
  7.224949490921705E-002 -4.436383873394573E-004
  5.782265699560161E-002 -9.801396369512590E-004
  3.594352210364758E-002 -1.068528565815153E-003
  1.663172417695990E-002 -6.998931011216220E-004
  8.574743830321556E-003 -6.435891274970780E-005
  1.518705992299334E-002  5.399376473307941E-004
  3.313675919060273E-002  8.443905932346713E-004
  5.397436210176709E-002  7.308070669396882E-004
  6.807247313714057E-002  2.811934382833225E-004
  6.904187532545393E-002 -2.649032822621680E-004
  5.660036012815661E-002 -6.246246712849566E-004
  3.660822495520388E-002 -6.044641853802176E-004
  1.829779038647346E-002 -1.904015079857661E-004
  1.000487893500078E-002  4.454422572649495E-004
  1.537390506899329E-002  1.023975786454357E-003
  3.176175421515922E-002  1.287057937122577E-003
  5.153562681923059E-002  1.115007434626403E-003
  6.562863628954500E-002  5.799156832149190E-004
  6.769629634206401E-002 -8.888733612805706E-005
  5.696802296599319E-002 -6.101888865208591E-004
  3.851225468506950E-002 -7.778176856911156E-004
  2.083357466288332E-002 -5.508698356542025E-004
  1.193911758604878E-002 -6.687916996615646E-005
  1.569297351310126E-002  4.264135541555582E-004
  3.011826219315191E-002  6.878395671252638E-004
  4.839222268804825E-002  5.938788597392549E-004
  6.203881924513471E-002  1.935107012916192E-004
  6.482751458888041E-002 -3.171330185560866E-004
  5.558708902477481E-002 -6.874078383229238E-004
  3.866606114688461E-002 -7.288224905696250E-004
  2.186519440932960E-002 -4.021737299298895E-004
  1.282447051323014E-002  1.642849505408638E-004
  1.553753980684285E-002  7.332293520661748E-004
  2.858288052241928E-002  1.065833242696740E-003
  4.585293035304341E-002  1.028994840507684E-003
  5.941032057595821E-002  6.533667204641434E-004
  6.313522609940272E-002  1.163610395435447E-004
  5.548730087021807E-002 -3.410589649782204E-004
  4.013545745314148E-002 -5.247850183367745E-004
  2.420089769417760E-002 -3.742603965042912E-004
  1.495195601705337E-002  1.375666305948206E-005
  1.648309817455239E-002  4.340604291979147E-004
  2.789428273185758E-002  6.707258142249271E-004
  4.377894845605722E-002  5.979813211993312E-004
  5.676270809957814E-002  2.379224978608245E-004
  6.090249830045599E-002 -2.506547822740252E-004
  5.438108229713716E-002 -6.461162279443582E-004
  4.027718852370297E-002 -7.658910787108592E-004
  2.508864069859576E-002 -5.495687641429569E-004
  1.571664207119144E-002 -8.563009192693620E-005
  1.631120053430908E-002  4.295827088027829E-004
  2.641978017953889E-002  7.811224512585794E-004
  4.126433757336345E-002  8.317556357758390E-004
  5.398771772741322E-002  5.815285719677521E-004
  5.881390482866933E-002  1.640769040605302E-004
  5.366573434666346E-002 -2.176447878636724E-004
  4.105371794536990E-002 -3.859215514758997E-004
  2.685699983147875E-002 -2.694033154185298E-004
  1.758538442926406E-002  6.615509084037689E-005
  1.739563655786359E-002  4.508537804469662E-004
  2.622793008193407E-002  6.911922619791035E-004
  3.989616473278435E-002  6.604804758413676E-004
  5.206127941833971E-002  3.574450891104380E-004
  5.715818591553581E-002 -9.341266298072016E-005
  5.292568187720698E-002 -4.990655434129709E-004
  4.139035996711033E-002 -6.858542655314373E-004
  2.787865419550369E-002 -5.775265195343479E-004
  1.853776869279624E-002 -2.280834730257724E-004
  1.751964647776397E-002  2.047557898590945E-004
  2.511843019022833E-002  5.324417461636744E-004
  3.769695512410211E-002  6.209728976544759E-004
  4.940838087891461E-002  4.497937045311825E-004
  5.489951189171970E-002  1.179092551358964E-004
  5.174670108418800E-002 -2.046546694045335E-004
  4.151648585020615E-002 -3.569848636770388E-004
  2.898792770851916E-002 -2.618624878069864E-004
  1.991991546686922E-002  3.929677003886711E-005
  1.840503967798697E-002  4.066342517161104E-004
  2.502443844047333E-002  6.672033881038686E-004
  3.663383956583873E-002  6.949488186209712E-004
  4.785376617094602E-002  4.684643837317437E-004
  5.355786226938397E-002  8.035675666991989E-005
  5.120841401328872E-002 -3.054411231135794E-004
  4.197535444235815E-002 -5.282074750367554E-004
  3.014645357222450E-002 -5.023854185483155E-004
  2.112384834246054E-002 -2.542588721186183E-004
  1.894284326169606E-002  9.270676880745984E-005
  2.445273183599600E-002  3.762518516315518E-004
  3.497982636245038E-002  4.700564934804681E-004
  4.560375994306937E-002  3.404873293044669E-004
  5.143965767009995E-002  5.981798537440605E-005
  4.986885797484025E-002 -2.293494195175824E-004
  4.170051634976308E-002 -3.814005806109622E-004
  3.075007225623905E-002 -3.154846572551456E-004
  2.205117994905742E-002 -5.271428829665877E-005
  1.953827172894133E-002  2.938543230202951E-004
  2.426582394260656E-002  5.713120906211035E-004
  3.396914012516494E-002  6.567490484745623E-004
  4.414682128308669E-002  5.127502150129265E-004
  5.014775268344741E-002  2.033930127253169E-004
  4.929480906609473E-002 -1.360146842651658E-004
  4.207547219425641E-002 -3.609945371968491E-004
  3.187022757885656E-002 -3.829912859961234E-004
  2.336507173445701E-002 -2.078031398585499E-004
  2.039283745905414E-002  6.968681297910938E-005
  2.419738360975118E-002  3.112741305570994E-004
  3.290649377676799E-002  4.000534012414273E-004
  4.243557547869656E-002  2.940222294120825E-004
  4.838769460275182E-002  4.433935410782425E-005
  4.806725017897828E-002 -2.295427671778560E-004
  4.168615450314386E-002 -3.958312305404581E-004
  3.222405566350007E-002 -3.713868072058488E-004
  2.402681585652607E-002 -1.598018358761088E-004
  2.080221048930830E-002  1.505375800256209E-004
  2.393697646334851E-002  4.270152326404438E-004
  3.189858262255442E-002  5.529934214983745E-004
  4.097831325847420E-002  4.799927371875871E-004
  4.701608192831817E-002  2.482149397359369E-004
  4.730477378322202E-002 -3.345111018759609E-005
  4.180223499323210E-002 -2.381947752541071E-004
  3.310838421985898E-002 -2.791831106398409E-004
  2.523687253574044E-002 -1.480671260567169E-004
  2.176049115806770E-002  8.315364425009070E-005
  2.418652037475836E-002  2.971312353935249E-004
  3.130015976675080E-002  3.863933678260650E-004
  3.976098890397416E-002  3.031645224496990E-004
  4.566104824115007E-002  8.103382766509313E-005
  4.631856912787558E-002 -1.810487092376146E-004
  4.148483511761564E-002 -3.645973968122884E-004
  3.342206212414454E-002 -3.858816181589545E-004
  2.583381009567531E-002 -2.337816025944114E-004
  2.215354746632186E-002  2.582402449815322E-005
  2.398231047095250E-002  2.806644792057310E-004
  3.038631140335918E-002  4.232404156612253E-004
  3.836197894358907E-002  3.989677549932420E-004
  4.423833114337307E-002  2.294627445275467E-004
  4.536224404619815E-002  7.912427381341873E-007
  4.129306411975675E-002 -1.773687776239107E-004
  3.396882786204340E-002 -2.225297070132941E-004
  2.678402204220453E-002 -1.167889463171577E-004
  2.301659836826607E-002  8.607102046558536E-005
  2.433231798217515E-002  2.865557097431471E-004
  3.004807547138010E-002  3.861113858422787E-004
  3.747897632362433E-002  3.327826906781226E-004
  4.319425562207872E-002  1.449700700952872E-004
  4.459489650587581E-002 -9.729875158066559E-005
  4.108787196714157E-002 -2.891646170536074E-004
  3.432708153720354E-002 -3.486244769746227E-004
  2.742513827255506E-002 -2.532192185749325E-004
  2.351139664110214E-002 -4.918039126376021E-005
  2.430432094632181E-002  1.706947197600972E-004
  2.934957272344356E-002  3.098636268010637E-004
  3.626138539649832E-002  3.117231836117649E-004
  4.184167276095108E-002  1.842581361851365E-004
  4.355257536401175E-002 -5.244085131013733E-006
  4.066483086858901E-002 -1.624828663035696E-004
  3.456270583512863E-002 -2.102333580043029E-004
  2.807920047609985E-002 -1.238794779594099E-004
  2.417985868529280E-002  5.774679186665078E-005
  2.460602686970215E-002  2.508329106200721E-004
  2.909760239785725E-002  3.655079652664960E-004
  3.554132524889171E-002  3.471395160557668E-004
  4.096288854471891E-002  2.010908165269104E-004
  4.289719197919935E-002 -1.015473554893403E-005
  4.050553038889709E-002 -1.958180587249694E-004
  3.493362696277429E-002 -2.780936690091565E-004
  2.875864517850161E-002 -2.268839811598960E-004
  2.479146340790944E-002 -7.229271809670619E-005
  2.479072555753092E-002  1.104368363462181E-004
  2.867695679550278E-002  2.362017643279517E-004
  3.459778665544821E-002  2.491013258064544E-004
  3.980144921110466E-002  1.473919277415614E-004
  4.190741632912543E-002 -1.682050549452295E-005
  3.998800960842097E-002 -1.625917273149893E-004
  3.497007623548670E-002 -2.180211676736780E-004
  2.918370703650800E-002 -1.534741290855384E-004
  2.527700682655752E-002  4.996001195249167E-006
  2.500200258125935E-002  1.879003388763073E-004
  2.842791596880766E-002  3.143059100570941E-004
  3.393447163350839E-002  3.287001404791177E-004
  3.897646867132556E-002  2.258474167856233E-004
  4.125891312904931E-002  5.247599509225571E-005
  3.978009723076716E-002 -1.146354353748079E-004
  3.526855956142779E-002 -2.038323446272714E-004
  2.982375694294475E-002 -1.807913902798221E-004
  2.593664782284684E-002 -6.313951814431755E-005
  2.534673540816830E-002  8.887679311279061E-005
  2.825978892517631E-002  2.009998745399354E-004
  3.327780742766696E-002  2.194479991046665E-004
  3.806228897667276E-002  1.354133991122815E-004
  4.041679249968583E-002 -1.147958157796846E-005
  3.928815762739822E-002 -1.520186477487913E-004
  3.523050943795820E-002 -2.196005514450223E-004
  3.012836262126314E-002 -1.808638671149726E-004
  2.631647050604525E-002 -5.077415376030270E-005
  2.550736311967454E-002  1.145200212069695E-004
  2.801906037443252E-002  2.435005919735182E-004
  3.265092967022084E-002  2.817392360445127E-004
  3.725449847484965E-002  2.161252230041494E-004
  3.972809635823083E-002  7.995970974548675E-005
  3.897487668421293E-002 -6.309765613325383E-005
  3.538751593059216E-002 -1.485713285460885E-004
  3.064561536452920E-002 -1.405118322339017E-004
  2.692882809968704E-002 -4.725611061020299E-005
  2.591386334026587E-002  8.336171373309864E-005
  2.801654626591617E-002  1.868205179035507E-004
  3.222119904797863E-002  2.120189970686121E-004
  3.656627086187447E-002  1.447845518932750E-004
  3.905451095392874E-002  1.411656732766258E-005
  3.856569920902600E-002 -1.214516666333260E-004
  3.535520160380930E-002 -2.008633604958170E-004
  3.091702709062594E-002 -1.883981496662074E-004
  2.728352983607003E-002 -8.965377144485620E-005
  2.608996827525550E-002  5.147070315711518E-005
  2.783447740241834E-002  1.731392013530885E-004
  3.166825509809432E-002  2.237558448335194E-004
  3.580363677997766E-002  1.850063828937917E-004
  3.834435277568359E-002  7.935932110101635E-005
  3.815254161519813E-002 -4.112792132097574E-005
  3.535620627562188E-002 -1.192761709949013E-004
  3.127098957526366E-002 -1.191335891788910E-004
  2.778095660024444E-002 -4.213665853618899E-005
  2.646934861586079E-002  7.414477068243734E-005
  2.789996724933906E-002  1.738369113511642E-004
  3.137497059769614E-002  2.087612050546004E-004
  3.527241093843286E-002  1.605879787666462E-004
  3.780061387009523E-002  4.906181279168161E-005
  3.781868814262156E-002 -7.727425196004265E-005
  3.534760105820950E-002 -1.633833076833109E-004
  3.154321831138025E-002 -1.727126195798466E-004
  2.815178523992648E-002 -1.034226937144350E-004
  2.670426361193095E-002  1.139256225625307E-005
  2.782123382635103E-002  1.193430843881312E-004
  3.094393476820299E-002  1.728583577774694E-004
  3.460768106868643E-002  1.506544750567981E-004
  3.712454496151250E-002  6.681247209914372E-005
  3.735740572306071E-002 -3.646305164688496E-005
  3.523062078600856E-002 -1.088244363844873E-004
  3.174822371437862E-002 -1.151599434526660E-004
  2.851886787483619E-002 -5.162364632472000E-005
  2.701192131767221E-002  5.290959726647872E-005
  2.788842972832161E-002  1.504218017155469E-004
  3.071125055944376E-002  1.959439035314272E-004
  3.416093538671946E-002  1.681010157928302E-004
  3.665113825542599E-002  7.864918696272628E-005
  3.705656461872067E-002 -3.319728789950415E-005
  3.521947032414129E-002 -1.188467124284848E-004
  3.200689059192643E-002 -1.423985522370988E-004
  2.889932520671691E-002 -9.658790199021219E-005
  2.730577083794780E-002 -5.443094006113579E-006
  2.792192779560739E-002  8.733401990701560E-005
  3.042386184933803E-002  1.387273156366518E-004
  3.363181078032944E-002  1.260687302272989E-004
  3.606215621441877E-002  5.703698051745104E-005
  3.660964083892147E-002 -3.441838971541410E-005
  3.504639276907998E-002 -1.041403105729271E-004
  3.211272999577219E-002 -1.182829260572638E-004
  2.916450513227866E-002 -6.883213220972626E-005
  2.754473196240878E-002  2.290146297019522E-005
  2.797054973498538E-002  1.162491292902213E-004
  3.021515090310197E-002  1.698745986076946E-004
  3.322539478961844E-002  1.605391052163327E-004
  3.561480444831207E-002  9.338346095751677E-005
  3.630120910098522E-002 -8.341966266437417E-007
  3.499578422592509E-002 -8.008878989907746E-005
  3.232254455137931E-002 -1.103084977231773E-004
  2.951940076440654E-002 -8.063012281232295E-005
  2.786363749009494E-002 -7.802762888436411E-006
  2.808827955872553E-002  7.208629729214579E-005
  3.005590026829498E-002  1.205737846548522E-004
  3.283483414233433E-002  1.145771385809566E-004
  3.513684787067776E-002  5.681319163023662E-005
  3.591094212439202E-002 -2.577494888566695E-005
  3.481981323714333E-002 -9.468580245011633E-005
  3.238323702428124E-002 -1.176686900715914E-004
  2.972797397321906E-002 -8.345962454604088E-005
  2.806433835716406E-002 -6.753320441634901E-006
  2.813252308099598E-002  7.872367958141969E-005
  2.987187981984883E-002  1.357120516450674E-004
  3.246072578983866E-002  1.403028403291584E-004
  3.470286611416065E-002  9.249345535461042E-005
  3.557912002036032E-002  1.570821464016308E-005
  3.470959346110809E-002 -5.431977913263228E-005
  3.251706415700589E-002 -8.606309341814389E-005
  3.002148037084470E-002 -6.648978050363631E-005
  2.836503141460008E-002 -6.643808147720766E-006
  2.828871702283517E-002  6.388988093110103E-005
  2.980010791433995E-002  1.109273428004707E-004
  3.218105202460465E-002  1.115272712770866E-004
  3.432662526687122E-002  6.445587858458942E-005
  3.525554311166317E-002 -9.435351759440412E-006
  3.455640986460225E-002 -7.695064694822650E-005
  3.256705900535473E-002 -1.078183244848970E-004
  3.020916566046700E-002 -8.843811742206154E-005
  2.855886057957097E-002 -2.785666406647812E-005
  2.835335650573254E-002  4.664077425769616E-005
  2.965976080058266E-002  1.021585282793303E-004
  3.185476885569423E-002  1.151591688598596E-004
  3.391975904446731E-002  8.191699316020800E-005
  3.491177139456490E-002  1.976757234106988E-005
  3.439269781762180E-002 -4.126285744770966E-005
  3.262141286631276E-002 -7.246831406242063E-005
  3.042477092559600E-002 -5.962308842594287E-005
  2.881127409985770E-002 -9.290306359887634E-006
  2.850771076256062E-002  5.449879180874218E-005
  2.963147767126914E-002  1.015307863693910E-004
  3.164611507980745E-002  1.093826141259748E-004
  3.361604829361642E-002  7.365271113356563E-005
  3.463969699068808E-002  9.826147365667811E-006
  3.426052827066062E-002 -5.396262559294708E-005
  3.266874777447832E-002 -8.983937793401334E-005
  3.060474394923109E-002 -8.280378532640357E-005
  2.901289598938655E-002 -3.730297600706814E-005
  2.860756636616205E-002  2.513714742711169E-005
  2.955071600238287E-002  7.600189903582345E-005
  3.138658509101572E-002  9.287577822433669E-005
  3.325931992665583E-002  6.951224162722559E-005
  3.430987396177838E-002  1.834184912448717E-005
  3.406826029864479E-002 -3.560120463611953E-005
  3.266216435665399E-002 -6.641992531655423E-005
  3.074948909779203E-002 -5.930561648470256E-005
  2.920984066008536E-002 -1.723007794227014E-005
  2.873947330586257E-002  4.060473630894590E-005
  2.953608185618259E-002  8.773290436682732E-005
  3.121597567804463E-002  1.026043689994272E-004
  3.299791663917207E-002  7.837000176603688E-005
  3.406565155306405E-002  2.583881269163393E-005
  3.394093727971963E-002 -3.164435601076483E-005
  3.269662812681530E-002 -6.894731195022869E-005
  3.091499862434543E-002 -7.054235500147641E-005
  2.941421190188319E-002 -3.734146124770986E-005
  2.887132762335731E-002  1.406619424590229E-005
  2.951550940144576E-002  5.930190300688881E-005
  3.103039523242575E-002  7.749434930909454E-005
  3.270699364747327E-002  6.077280472490277E-005
  3.377347552928830E-002  1.764943622126045E-005
  3.374860454206245E-002 -3.115819334382161E-005
  3.265709710565762E-002 -6.243760368951437E-005
  3.101069865380288E-002 -6.120106416838282E-005
  2.956718090176472E-002 -2.749750501969217E-005
  2.898065894382128E-002  2.374219570775940E-005
  2.950451326048968E-002  6.965860016915999E-005
  3.088173313580089E-002  8.994609423979004E-005
  3.246989048514520E-002  7.603193750060756E-005
  3.354013022574759E-002  3.478606129566727E-005
  3.361105274075554E-002 -1.484677223729761E-005
  3.266455757038937E-002 -5.064816916522629E-005
  3.114693099011673E-002 -5.726367260343743E-005
  2.975796537829222E-002 -3.303419435595837E-005
  2.912761269790840E-002  9.539697653460011E-006
  2.952949226757655E-002  4.980756438389114E-005
  3.076146869756775E-002  6.860272694611190E-005
  3.224526157478829E-002  5.703929731684696E-005
  3.329626833169045E-002  2.046336623448931E-005
  3.343782404209730E-002 -2.417580006308566E-005
  3.261575359952785E-002 -5.623631658197714E-005
  3.121678445126971E-002 -6.088413258556798E-005
  2.988539409453177E-002 -3.581981211363768E-005
  2.922576279095328E-002  7.801198797123434E-006
  2.952663101911895E-002  5.059236331044919E-005
  3.063430774488251E-002  7.383263878908869E-005
  3.202954077086963E-002  6.792606260514935E-005
  3.307005436083896E-002  3.657634573883804E-005
  3.328552008385102E-002 -5.157851269244610E-006
  3.258952077771540E-002 -3.794153748832844E-005
  3.131302561598277E-002 -4.706391180723780E-005
  3.004682816973093E-002 -2.906970479770331E-005
  2.936779563173417E-002  6.869470668129688E-006
  2.957567294851642E-002  4.338600944363924E-005
  3.056043244739880E-002  6.303326002160146E-005
  3.185873492827451E-002  5.632091422852318E-005
  3.287084546302371E-002  2.599543199541179E-005
  3.313653582097466E-002 -1.433762823423439E-005
  3.254312329428913E-002 -4.653984186615237E-005
  3.137170633049153E-002 -5.625574440331775E-005
  3.016294894441513E-002 -3.939453065807078E-005
  2.946642284593921E-002 -3.847636053034921E-006
  2.958969467583606E-002  3.427022190251539E-005
  3.046169168673380E-002  5.805989127837340E-005
  3.167096836799073E-002  5.750894600460166E-005
  3.265873497350000E-002  3.389518757686780E-005
  3.297617228710785E-002 -1.031927321812360E-006
  3.248759367351255E-002 -3.063278536926015E-005
  3.142754398819674E-002 -4.109628208442477E-005
  3.028800424939070E-002 -2.773539951295302E-005
  2.958979012297452E-002  2.995266224693058E-006
  2.964427211438125E-002  3.661699305344213E-005
  3.041434503817616E-002  5.737759195412136E-005
  3.153660669775449E-002  5.549616904082390E-005
  3.249216975985182E-002  3.158380695544450E-005
  3.284587162919168E-002 -3.739344863057033E-006
  3.244364545228137E-002 -3.478773443302095E-005
  3.147859252405728E-002 -4.799386619360079E-005
  3.039759382884210E-002 -3.802315168281313E-005
  2.969351722620731E-002 -1.004917639970900E-005
  2.967961205329741E-002  2.278778609653391E-005
  3.034934036524760E-002  4.550390292180093E-005
  3.138431900949475E-002  4.812683289812355E-005
  3.230448129868494E-002  3.014383248242050E-005
  3.268973701474054E-002  5.519939327700964E-007
  3.237085169779560E-002 -2.644134409302863E-005
  3.150287880767608E-002 -3.803443310491969E-005
  3.048941501343704E-002 -2.870309594058921E-005
  2.979453197027859E-002 -2.655204700592852E-006
  2.972995201717980E-002  2.820455793883260E-005
  3.031500232871628E-002  4.980506946107323E-005
  3.127217352446927E-002  5.235816048736567E-005
  3.215824965727423E-002  3.476931601236080E-005
  3.256909034151746E-002  5.026320344304183E-006
  3.232346786739343E-002 -2.355252441000293E-005
  3.154236417764097E-002 -3.843813382288954E-005
  3.058912639344491E-002 -3.355261626425230E-005
  2.989992109556827E-002 -1.190010845217238E-005
  2.978355355462535E-002  1.598409586115469E-005
  3.028249505637429E-002  3.699072405265105E-005
  3.115761895216328E-002  4.148229496454906E-005
  3.200172086747125E-002  2.764923185471260E-005
  3.242803264046205E-002  2.212946916978319E-006
  3.224652640629486E-002 -2.278873287218451E-005
  3.154770926710394E-002 -3.560488122380064E-005
  3.065706378249813E-002 -3.016654091284069E-005
  2.998290117739252E-002 -8.810536135273154E-006
  2.982870434574508E-002  1.887439356308224E-005
  3.025616569836633E-002  4.049707738275529E-005
  3.106067074879821E-002  4.653110323970723E-005
  3.186870839974131E-002  3.459697897395676E-005
  3.231088764239689E-002  1.042756254972657E-005
  3.219043401731617E-002 -1.487251384420241E-005
  3.157032439130703E-002 -2.996614971135125E-005
  3.074053016242875E-002 -2.844054892762384E-005
  3.008215422615421E-002 -1.162944289951285E-005
  2.989205617406223E-002  1.214901630340174E-005
  3.024862542155646E-002  3.153281411211867E-005
  3.097934695353852E-002  3.738437497406877E-005
  3.174341125275501E-002  2.695823823898147E-005
  3.218990059257257E-002  5.079699369228604E-006
  3.211818517149957E-002 -1.815998821950940E-005
  3.156727189435840E-002 -3.208765194236358E-005
  3.079439754993561E-002 -3.033703313241218E-005
  3.015432222696030E-002 -1.370666832116688E-005
  2.993593377571080E-002  1.028859685721299E-005
  3.023139894168672E-002  3.091980084530707E-005
  3.089709393302941E-002  3.915743087826172E-005
  3.162274956740517E-002  3.173496579406176E-005
  3.207559867371053E-002  1.252338646113175E-005
  3.205258374337202E-002 -9.367211598594237E-006
  3.157102520360559E-002 -2.384047037743822E-005
  3.085730441011772E-002 -2.444267760784609E-005
  3.024028717161655E-002 -1.124870600139533E-005
  2.999959538280021E-002  9.285209911294020E-006
  3.023868084490468E-002  2.738698051085109E-005
  3.084026589803069E-002  3.450650829015984E-005
  3.152323731581089E-002  2.722941625589516E-005
  3.197347565286632E-002  8.786846864221107E-006
  3.198777006623251E-002 -1.249393835385213E-005
  3.156492193340115E-002 -2.704665848774675E-005
  3.090325191127697E-002 -2.843682266546795E-005
  3.030707171660253E-002 -1.624443372786401E-005
  3.004619877739753E-002  3.834181219540229E-006
  3.023335510397837E-002  2.266983860098462E-005
  3.077513960570537E-002  3.190292630206713E-005
  3.141782953919044E-002  2.772501944032542E-005
  3.186565561997584E-002  1.252205297205941E-005
  3.191645424109757E-002 -6.335967080786911E-006
  3.155250917937782E-002 -1.996024791411204E-005
  3.094579987599720E-002 -2.204499020623071E-005
  3.037656831693084E-002 -1.172170891573701E-005
  3.010370258797059E-002  6.119113764988082E-006
  3.024684349751207E-002  2.314785380582398E-005
  3.073385581743166E-002  3.145768802392888E-005
  3.133664946502036E-002  2.718140819427531E-005
  3.177765440828485E-002  1.221440171967680E-005
  3.185726967038565E-002 -6.715725454514599E-006
  3.154378893686192E-002 -2.116988825239561E-005
  3.098532502295355E-002 -2.485289200421302E-005
  3.043947796726774E-002 -1.643441187664544E-005
  3.015410428918517E-002 -6.539375129545236E-008
  3.025435719980091E-002  1.660941774464661E-005
  3.068746331289714E-002  2.599668622185055E-005
  3.124956070459970E-002  2.401527334793106E-005
  3.168109270091974E-002  1.189467137263387E-005
  3.178616354348399E-002 -4.483386955963569E-006
  3.152100454769965E-002 -1.736053481725888E-005
  3.101163723776140E-002 -2.069339319166030E-005
  3.049375004069741E-002 -1.290723635586557E-005
  3.020342091335321E-002  2.434462613969018E-006
  3.026932064479229E-002  1.832015082988755E-005
  3.065558426923776E-002  2.753377456050622E-005
  3.118065921791801E-002  2.594826894019158E-005
  3.160237085238442E-002  1.436498173074043E-005
  3.172936747339215E-002 -1.918833490008510E-006
  3.150767213365828E-002 -1.558328066336788E-005
  3.104321315706009E-002 -2.064105592499313E-005
  3.055102588381193E-002 -1.513123509571369E-005
  3.025543270351457E-002 -1.933816145708387E-006
  3.028751460274240E-002  1.263638569387705E-005
  3.062671684468126E-002  2.177917578420863E-005
  3.111256990986047E-002  2.133057872042093E-005
  3.152010364340830E-002  1.162817807653754E-005
  3.166355526807935E-002 -2.712475457071984E-006
  3.148059600548585E-002 -1.497627381975482E-005
  3.105892277332118E-002 -1.945687109388621E-005
  3.059395316907451E-002 -1.406072381675894E-005
  3.029798465013739E-002 -1.224420734321825E-006
  3.030302498592036E-002  1.324931200878011E-005
  3.060174724217188E-002  2.287545613078345E-005
  3.105294219848635E-002  2.344357042505230E-005
  3.144799748247080E-002  1.489497889262717E-005
  3.160712830463686E-002  1.280689623117067E-006
  3.146098065693285E-002 -1.115106406505567E-005
  3.108058181354142E-002 -1.683618427611382E-005
  3.064275602192408E-002 -1.341540547412908E-005
  3.034777847511366E-002 -2.750069578667505E-006
  3.032758684731698E-002  1.000655215491544E-005
  3.058659504269750E-002  1.882741802637563E-005
  3.100162957528945E-002  1.959133804376058E-005
  3.138011533218375E-002  1.194831690483257E-005
  3.154906021894581E-002 -5.681141195328697E-007
  3.143374706706480E-002 -1.220698801072869E-005
  3.109036595177079E-002 -1.765723461200115E-005
  3.067839087645880E-002 -1.446817230057619E-005
  3.038622715984817E-002 -4.131502287428927E-006
  3.034478114852957E-002  8.649421177343173E-006
  3.056858925438892E-002  1.814285740298958E-005
  3.095095908907243E-002  2.020692542941277E-005
  3.131451703330785E-002  1.414231018781142E-005
  3.149324373643318E-002  2.946633952819358E-006
  3.140807054648248E-002 -8.120141993549207E-006
  3.110162797264184E-002 -1.397780369338166E-005
  3.071690873384481E-002 -1.204479326946621E-005
  3.043044256113039E-002 -3.377112915680824E-006
  3.037118297429744E-002  7.874458703401044E-006
  3.056235254076635E-002  1.641485828704082E-005
  3.091244459529941E-002  1.825024990515414E-005
  3.125874024406867E-002  1.250361168637926E-005
  3.144267526076169E-002  1.780052895769169E-006
  3.138216702319147E-002 -9.063941912123828E-006
  3.110793081318134E-002 -1.516222544719164E-005
  3.074775542348515E-002 -1.385376907682908E-005
  3.046670793344524E-002 -5.860465348356828E-006
  3.039123351238704E-002  5.093653512694586E-006
  3.055204137668256E-002  1.402430078420129E-005
  3.087156058128246E-002  1.697445310250551E-005
  3.120101102966557E-002  1.279566730375573E-005
  3.138940997482881E-002  3.618680211162584E-006
  3.135252628446587E-002 -6.180516731914964E-006
  3.111030685213311E-002 -1.202316736027641E-005
  3.077617195787313E-002 -1.123008952871653E-005
  3.050380106774659E-002 -4.222457928985055E-006
  3.041635013093065E-002  5.713932148052789E-006
  3.055068106235242E-002  1.397169419216618E-005
  3.084183449492199E-002  1.674785479003712E-005
  3.115422159007541E-002  1.277314411908616E-005
  3.134458514928534E-002  3.860654709213538E-006
  3.132750565576933E-002 -5.959359031161342E-006
  3.111351133919590E-002 -1.230293384747106E-005
  3.080281329093592E-002 -1.242918781294829E-005
  3.053820160652677E-002 -6.457807456927292E-006
  3.043922660056014E-002  2.735880340311313E-006
  3.054799456908143E-002  1.087961566740106E-005
  3.081114305187217E-002  1.427701565596661E-005
  3.110567051995878E-002  1.148450572544637E-005
  3.129615957162124E-002  3.931600116417770E-006
  3.129679225577800E-002 -4.782049368930977E-006
  3.110977452624695E-002 -1.057111899666734E-005
  3.082298886663650E-002 -1.074590609749175E-005
  3.056856824069195E-002 -5.227820729822667E-006
  3.046189794334708E-002  3.446449782131954E-006
  3.054918922980050E-002  1.131626199274451E-005
  3.078742686924503E-002  1.482234092335685E-005
  3.106535182060128E-002  1.242356448718265E-005
  3.125527632732347E-002  5.270468225145170E-006
  3.127160972761615E-002 -3.357717557344082E-006
  3.110927759624899E-002 -9.577014861805952E-006
  3.084480389417293E-002 -1.067386221696757E-005
  3.060013198938634E-002 -6.318010899757946E-006
  3.048626804067165E-002  1.331190504631372E-006
  3.055278016413927E-002  8.656015114860840E-006
  3.076611642168720E-002  1.226031690622318E-005
  3.102619888131131E-002  1.052090941105586E-005
  3.121313413721688E-002  4.303769576810006E-006
  3.124225727925443E-002 -3.469299148626420E-006
  3.110225435825629E-002 -9.188148404165907E-006
  3.085921800360076E-002 -1.021716575833434E-005
  3.062530348813616E-002 -6.089522185907514E-006
  3.050683249429599E-002  1.305808584397757E-006
  3.055584757772504E-002  8.614936151502669E-006
  3.074717946718252E-002  1.256541387291221E-005
  3.099110702482651E-002  1.145282372591950E-005
  3.117528875014132E-002  5.890425147293807E-006
  3.121637927888277E-002 -1.508717276978556E-006
  3.109762204871681E-002 -7.355546709008112E-006
  3.087547251020872E-002 -9.042299564678533E-006
  3.065270166992618E-002 -5.917492497309811E-006
  3.053076970561320E-002  4.515613253265824E-007
  3.056352704665981E-002  7.034131279918438E-006
  3.073335773503388E-002  1.074842102676609E-005
  3.096031305824694E-002  9.875544926567734E-006
  3.113956275274042E-002  4.829058727474062E-006
  3.118963552099422E-002 -2.061914787375267E-006
  3.108926251612570E-002 -7.642306079043462E-006
  3.088617819352566E-002 -9.382985867185359E-006
  3.067428774032397E-002 -6.526679145467363E-006
  3.055010527180000E-002 -4.093521679726610E-007
  3.056866342347723E-002  6.177350729873569E-006
  3.071902843790826E-002  1.027737804148391E-005
  3.093029846409029E-002  1.011634330542403E-005
  3.110488205864536E-002  5.887649390885544E-006
  3.116344998007059E-002 -3.711131112101527E-007
  3.108086290113843E-002 -5.740721381988084E-006
  3.089681281406182E-002 -7.769269610218472E-006
  3.069670682468512E-002 -5.585604636307967E-006
  3.057197417426227E-002 -2.724863412162399E-007
  3.057823030780252E-002  5.659508715554041E-006
  3.071042886148606E-002  9.443251616396736E-006
  3.090608584525500E-002  9.326644003728060E-006
  3.107467654076890E-002  5.362093249812292E-006
  3.113938691172813E-002 -6.396394048465320E-007
  3.107197213415149E-002 -5.957898222161515E-006
  3.090491461149485E-002 -8.213804675666090E-006
  3.071567713176836E-002 -6.447988631203193E-006
  3.059066419348046E-002 -1.535313262111132E-006
  3.058565128816423E-002  4.242497453078121E-006
  3.070079869519779E-002  8.258427008792481E-006
  3.088143255658309E-002  8.741835332558114E-006
  3.104384323314429E-002  5.569832789917435E-006
  3.111394254001639E-002  2.937402857244821E-007
  3.106093717099971E-002 -4.599350201175963E-006
  3.091072293955213E-002 -6.840721780307086E-006
  3.073319504004914E-002 -5.416280870600077E-006
  3.060966517059548E-002 -1.013323225518077E-006
  3.059556301590185E-002  4.317389811908765E-006
  3.069552086064698E-002  8.118159274625787E-006
  3.086202668569291E-002  8.653416573234564E-006
  3.101790184174257E-002  5.693181258030302E-006
  3.109197982719533E-002  5.983124880659429E-007
  3.105149843157162E-002 -4.321033784547578E-006
  3.091646903299820E-002 -6.870181175962710E-006
  3.074973850286617E-002 -5.965832968398942E-006
  3.062765076848413E-002 -2.109915671197240E-006
  3.060499605739455E-002  2.866643224409277E-006
  3.069033458506179E-002  6.661856388151793E-006
  3.084280029130852E-002  7.561372440529267E-006
  3.099151553956565E-002  5.211547740786670E-006
  3.106840890740887E-002  7.584293560190416E-007
  3.103925036597431E-002 -3.700945027304075E-006
  3.091876355551741E-002 -6.093703975284813E-006
  3.076315919773980E-002 -5.320781882893337E-006
  3.064384226051082E-002 -1.747578695843345E-006
  3.061458234351494E-002  2.981691030725985E-006
  3.068723346289839E-002  6.711213981714162E-006
  3.082695683495977E-002  7.763517047120720E-006
  3.096883050020347E-002  5.697002923526711E-006
  3.104793817372482E-002  1.488884631974145E-006
  3.102899721025086E-002 -2.931267517918308E-006
  3.092200846202747E-002 -5.574674424144991E-006
  3.077699761629133E-002 -5.299198264205578E-006
  3.066056756900383E-002 -2.314475323967116E-006
  3.062524276161771E-002  1.937828677931040E-006
  3.068570917402867E-002  5.464132204381470E-006
  3.081269070182005E-002  6.640121288481418E-006
  3.094698800089979E-002  4.948579692516663E-006
  3.102696340979925E-002  1.199685753512978E-006
  3.101671998964813E-002 -2.858975156016504E-006
  3.092210030610645E-002 -5.355340861522491E-006
  3.078738703248919E-002 -5.151103494686119E-006
  3.067450539744335E-002 -2.352600378991136E-006
  3.063448781115977E-002  1.753793896719461E-006
  3.068434450982803E-002  5.303783928961802E-006
  3.079981601403195E-002  6.712013267157274E-006
  3.092707378649713E-002  5.388911099999237E-006
  3.100773926713520E-002  1.992661646931262E-006
  3.100559775776770E-002 -1.891466245852402E-006
  3.092278724639177E-002 -4.489222842439518E-006
  3.079823313801241E-002 -4.649605412408580E-006
  3.068931453979227E-002 -2.359381361911223E-006
  3.064538720028270E-002  1.270281150044536E-006
  3.068537390809419E-002  4.530719078704634E-006
  3.078959011474174E-002  5.907619147266319E-006
  3.090931921559283E-002  4.772037910322471E-006
  3.098949575751358E-002  1.656444321114119E-006
  3.099394193595910E-002 -2.004115654181094E-006
  3.092159805538415E-002 -4.539590084873668E-006
  3.080647494716605E-002 -4.810362058601265E-006
  3.070159788298371E-002 -2.719685536138989E-006
  3.065451506779236E-002  7.569902306684169E-007
  3.068567901276473E-002  4.031940984944390E-006
  3.077952530961238E-002  5.637096195046736E-006
  3.089212744829457E-002  4.889924625028855E-006
  3.097168057398044E-002  2.190547293336734E-006
  3.098226810935274E-002 -1.179698226161360E-006
  3.092001225252083E-002 -3.658482196189360E-006
  3.081435228163200E-002 -4.121257216796206E-006
  3.071409423158343E-002 -2.388556582231011E-006
  3.066483261277187E-002  7.065773650570125E-007
  3.068818272422353E-002  3.715084942348141E-006
  3.077227640103952E-002  5.244148020479909E-006
  3.087768824626665E-002  4.593994229864479E-006
  3.095585198822884E-002  2.068914381822368E-006
  3.097136978622498E-002 -1.174717985623006E-006
  3.091797122360338E-002 -3.667195764942348E-006
  3.082093364365886E-002 -4.299359545258027E-006
  3.072506520450403E-002 -2.822092587096883E-006
  3.067395607347290E-002  5.381153954771256E-008
  3.069010211467827E-002  2.996847563800876E-006
  3.076496069084134E-002  4.671533937902781E-006
  3.086332622183091E-002  4.346985773950866E-006
  3.093980953546160E-002  2.219759904012358E-006
  3.095971370700846E-002 -6.918906080154473E-007
  3.091470975964988E-002 -3.027366792286991E-006
  3.082623580491374E-002 -3.711978835270839E-006
  3.073525525813475E-002 -2.444868833432774E-006
  3.068325752334979E-002  1.741401579813056E-007
  3.069330782102975E-002  2.931280380862015E-006
  3.075979615120438E-002  4.562027617473639E-006
  3.085143247493618E-002  4.329449349847453E-006
  3.092591914740559E-002  2.353431274043819E-006
  3.094942502959891E-002 -4.557976507071333E-007
  3.091189859070602E-002 -2.823593507932084E-006
  3.083129334139524E-002 -3.696524721380444E-006
  3.074494582995466E-002 -2.718100797171143E-006
  3.069223784814568E-002 -3.792783206794600E-007
  3.069659004873539E-002  2.219856847066994E-006
  3.075501661441873E-002  3.882402467816073E-006
  3.083989358605691E-002  3.862837324536451E-006
  3.091194714611703E-002  2.200289896511481E-006
  3.093836157131323E-002 -3.119503126224805E-007
  3.090766256380682E-002 -2.501143271027495E-006
  3.083463094539171E-002 -3.357623471561961E-006
  3.075315560120442E-002 -2.494790599464091E-006
  3.070047206873002E-002 -3.176962493940017E-007
  3.070011301413519E-002  2.172436124510671E-006
  3.075137319894976E-002  3.843107800355115E-006
  3.082999885463241E-002  3.948640152120355E-006
  3.089961583130847E-002  2.464227858941789E-006
  3.092851622257750E-002  8.629738415134133E-008
  3.090405914233043E-002 -2.095916928979442E-006
  3.083814849760714E-002 -3.102699076759308E-006
  3.076142345812372E-002 -2.508213468726247E-006
  3.070898580471402E-002 -6.250584611358448E-007
  3.070430850039997E-002  1.651141092042777E-006
  3.074869869290209E-002  3.260842407921285E-006
  3.082104035259208E-002  3.467931250986821E-006
  3.088777714618329E-002  2.191694758918399E-006
  3.091842219289376E-002  3.417445467061938E-008
  3.089943025734208E-002 -2.004980359285116E-006
  3.084012469644534E-002 -2.991228033879571E-006
  3.076809455815608E-002 -2.481449786655892E-006
  3.071632338992501E-002 -7.197406071313336E-007
  3.070805122676102E-002  1.483283741593630E-006
  3.074631454254747E-002  3.127859091252395E-006
  3.081286769272254E-002  3.483067431725480E-006
  3.087683520413854E-002  2.415272639042427E-006
  3.090899700592070E-002  4.391467384986703E-007
  3.089509986680743E-002 -1.527701206080300E-006
  3.084213359152409E-002 -2.589922353080159E-006
  3.077481444447766E-002 -2.282604525714982E-006
  3.072403056124049E-002 -7.763869527319289E-007
  3.071264655890191E-002  1.210964509846694E-006
  3.074518770729637E-002  2.751597784550420E-006
  3.080605359105298E-002  3.135484917960686E-006
  3.086694665253416E-002  2.192373390159912E-006
  3.089998404715978E-002  3.623217190827929E-007
  3.089042069750137E-002 -1.513639794128687E-006
  3.084318146387954E-002 -2.582969192609232E-006
  3.078031483922514E-002 -2.370711570404805E-006
  3.073066878287909E-002 -9.906404099131475E-007
  3.071661995712222E-002  9.152430334690162E-007
  3.074395905892797E-002  2.477137336173136E-006
  3.079950120630510E-002  2.997065769900601E-006
  3.085739434000044E-002  2.263850301762473E-006
  3.089111329835588E-002  6.410412056210201E-007
  3.088557777860230E-002 -1.108777327497893E-006
  3.084386069655468E-002 -2.178995626279029E-006
  3.078550727098033E-002 -2.088439024273189E-006
  3.073736019835436E-002 -8.963579105810512E-007
  3.072119350247046E-002  8.328590923970627E-007
  3.074384882947890E-002  2.295318421250566E-006
  3.079433879765335E-002  2.818797951075072E-006
  3.084913355301310E-002  2.168363727786081E-006
  3.088309259231261E-002  6.478425093485769E-007
  3.088096559282397E-002 -1.046143058513165E-006
  3.084420360555092E-002 -2.147260689914252E-006
  3.079004286049106E-002 -2.169573432345788E-006
  3.074339715381749E-002 -1.124502697781290E-006
  3.072536936227570E-002  4.923110581693221E-007
  3.074367782873749E-002  1.934717053412857E-006
  3.078933849955501E-002  2.550283388642106E-006
  3.084102185621128E-002  2.076249822042695E-006
  3.087497863760972E-002  7.528881854793236E-007
  3.087591842161513E-002 -7.946292525565658E-007
  3.084386058806616E-002 -1.848323603288237E-006
  3.079389171405868E-002 -1.927397399757796E-006
  3.074904834714044E-002 -1.004828722182930E-006
  3.072967895898527E-002  4.866371680113120E-007
  3.074419497070945E-002  1.858672210117953E-006
  3.078541180102974E-002  2.485343597109401E-006
  3.083406507638681E-002  2.088005224539971E-006
  3.086778761278786E-002  8.575427867368535E-007
  3.087136614425684E-002 -6.393868175782824E-007
  3.084357631589058E-002 -1.724081093075583E-006
  3.079752808833234E-002 -1.916569154606418E-006
  3.075446284521100E-002 -1.150928443897221E-006
  3.073393355550304E-002  2.016229381005091E-007
  3.074490569523624E-002  1.509406650835659E-006
  3.078182710333887E-002  2.172990316795672E-006
  3.082738495807788E-002  1.898502742755365E-006
  3.086058928309817E-002  8.270777385931583E-007
  3.086641165947855E-002 -5.364601806199444E-007
  3.084255540898095E-002 -1.560025183183598E-006
  3.080031042746187E-002 -1.775326214122916E-006
  3.075919260041371E-002 -1.089797999162122E-006
  3.073790958325714E-002  1.761924179106543E-007
  3.074583296216587E-002  1.441246737718907E-006
  3.077886194795704E-002  2.131777840096941E-006
  3.082149986993725E-002  1.943335298334050E-006
  3.085410093345680E-002  9.752701700746888E-007
  3.086190046322127E-002 -3.207866351957731E-007
  3.084167936233769E-002 -1.352277540858862E-006
  3.080305672233184E-002 -1.658007059458090E-006
  3.076390250861418E-002 -1.116177401119459E-006
  3.074205406822591E-002  5.766488349680596E-009
  3.074717413218834E-002  1.179768745257841E-006
  3.077646484963766E-002  1.862774287672945E-006
  3.081613550385006E-002  1.745364940109180E-006
  3.084786613188090E-002  8.898297650334022E-007
  3.085724025134045E-002 -3.037047031424302E-007
  3.084026717212311E-002 -1.285019653102923E-006
  3.080504559930331E-002 -1.607377164814841E-006
  3.076788312231453E-002 -1.130150737866580E-006
  3.074572745414385E-002 -7.876309190679139E-008
  3.074842063548047E-002  1.063294318856048E-006
  3.077431471621717E-002  1.778556403620898E-006
  3.081119903202777E-002  1.751778790015308E-006
  3.084203481916543E-002  1.010277199541404E-006
  3.085280614364255E-002 -9.414623706444297E-008
  3.083887110546004E-002 -1.050990867168828E-006
  3.080693702948066E-002 -1.426607534237325E-006
  3.077182480127333E-002 -1.060916449177016E-006
  3.074957891033728E-002 -1.360955306227009E-007
  3.075012414865379E-002  9.121409333497925E-007
  3.077282803377700E-002  1.597739099319994E-006
  3.080695036689117E-002  1.607434148851272E-006
  3.083670019761927E-002  9.416061692923236E-007
  3.084852149822307E-002 -9.022598137995295E-008
  3.083724772744615E-002 -1.015039942631072E-006
  3.080833301312412E-002 -1.414474309874223E-006
  3.077520121248630E-002 -1.114848796775431E-006
  3.075299733811339E-002 -2.627363421923724E-007
  3.075164851861506E-002  7.466701195254862E-007
  3.077141252858261E-002  1.453469576123338E-006
  3.080290793801218E-002  1.543606637243467E-006
  3.083154375068489E-002  9.895822359647401E-007
  3.084425937195503E-002  5.819445809634869E-008
  3.083546299144873E-002 -8.161554593084176E-007
  3.080946984746866E-002 -1.232670291753526E-006
  3.077838075502928E-002 -1.006861651687340E-006
  3.075643889975483E-002 -2.516106797812611E-007
  3.075349469774346E-002  6.788792323788454E-007
  3.077057557738408E-002  1.354561098384266E-006
  3.079955097250378E-002  1.467234436001039E-006
  3.082698305537704E-002  9.696901299139641E-007
  3.084034161594074E-002  9.365443361707735E-008
  3.083371005504772E-002 -7.598465957458712E-007
  3.081038554853453E-002 -1.205746968224078E-006
  3.078123378426226E-002 -1.050138543451609E-006
  3.075961400948885E-002 -3.756148984992926E-007
  3.075524327770425E-002  5.008047310590931E-007
  3.076981689542187E-002  1.176009046566384E-006
  3.079635743455356E-002  1.346051773567097E-006
  3.082253257003849E-002  9.432109598986568E-007
  3.083636663759282E-002  1.630382502778622E-007
  3.083170213833652E-002 -6.292459985737111E-007
  3.081092188974631E-002 -1.068411680010736E-006
  3.078373096945410E-002 -9.562922844579863E-007
  3.076261457063446E-002 -3.500133137461426E-007
  3.075709590404587E-002  4.677252896631364E-007
  3.076943366504191E-002  1.120970506020386E-006
  3.079370120406355E-002  1.313487711628513E-006
  3.081861623137535E-002  9.628076793608201E-007
  3.083277219855604E-002  2.347467274064095E-007
  3.082984673121909E-002 -5.358546685775428E-007
  3.081140992421566E-002 -1.000279947857011E-006
  3.078608717225905E-002 -9.550182900657097E-007
  3.076551428343912E-002 -4.321313464114777E-007
  3.075898020857363E-002  3.192689456691673E-007
  3.076922288945355E-002  9.502894053732164E-007
  3.079127974225737E-002  1.173212877939091E-006
  3.081487089493441E-002  8.919887173809190E-007
  3.082917335382272E-002  2.431480891152022E-007
  3.082777026234848E-002 -4.701646368146625E-007
  3.081151327941504E-002 -9.192900786622915E-007
  3.078802323343406E-002 -9.007089083497353E-007
  3.076810823448497E-002 -4.273131082809389E-007
  3.076078131682427E-002  2.804912418947859E-007
  3.076917334210911E-002  8.982875548649184E-007
  3.078919322754962E-002  1.147093091636277E-006
  3.081150522074044E-002  9.198450827101739E-007
  3.082587008152508E-002  3.275542926417218E-007
  3.082583248111201E-002 -3.547100475335238E-007
  3.081160965226985E-002 -8.158198171315934E-007
  3.078989012994087E-002 -8.510219589493112E-007
  3.077068160034721E-002 -4.535822940174752E-007
  3.076269178553877E-002  1.854006393803257E-007
  3.076937329969036E-002  7.675035071532408E-007
  3.078742781589204E-002  1.025091033015312E-006
  3.080841485691002E-002  8.432385272016829E-007
  3.082268345922829E-002  3.100354757243660E-007
  3.082379651523269E-002 -3.266152809153180E-007
  3.081142060030002E-002 -7.745649371775560E-007
  3.079138548395425E-002 -8.314960072973064E-007
  3.077292928138457E-002 -4.760176652523485E-007
  3.076442967632128E-002  1.251607084852603E-007
  3.076959291055881E-002  6.959893842150411E-007
  3.078583321672976E-002  9.785285905767909E-007
  3.080554905686859E-002  8.501892428962741E-007
  3.081966942061014E-002  3.774221802350258E-007
  3.082181675476040E-002 -2.176647777412843E-007
  3.081117683219144E-002 -6.611809560698203E-007
  3.079278525507056E-002 -7.533171478446706E-007
  3.077513923201422E-002 -4.584065869784104E-007
  3.076626563334713E-002  8.137980427380419E-008
  3.077006376515518E-002  6.137821423567426E-007
  3.078458816381324E-002  8.934622771318567E-007
  3.080302572159636E-002  7.940943201303047E-007
  3.081688002119368E-002  3.644232076617931E-007
  3.081987561738189E-002 -1.964634074940529E-007
  3.081078902811977E-002 -6.321475247318389E-007
  3.079393047449298E-002 -7.466915891439738E-007
  3.077709225761009E-002 -4.931002890630154E-007
  3.076793890749395E-002  7.496380200395310E-009
  3.077051067786725E-002  5.236405850469002E-007
  3.078343473446465E-002  8.207739279724891E-007
  3.080063454234817E-002  7.682045688670113E-007
  3.081417552053328E-002  3.970041590532710E-007
  3.081791538507887E-002 -1.168293327995859E-007
  3.081028058608480E-002 -5.351000505851991E-007
  3.079491477252880E-002 -6.672487125208715E-007
  3.077893573536030E-002 -4.567284155409412E-007
  3.076963299697274E-002 -4.840461468984779E-009
  3.077113735081905E-002  4.779019903112716E-007
  3.078258311045131E-002  7.695757091571317E-007
  3.079857923730194E-002  7.384150550260875E-007
  3.081173909892004E-002  4.017147648749334E-007
  3.081608268538208E-002 -8.418246976510384E-008
  3.080974492729313E-002 -4.972071422253426E-007
  3.079576438933428E-002 -6.517730912428022E-007
  3.078062157563248E-002 -4.827937476115461E-007
  3.077122838862694E-002 -7.344267215971784E-008
  3.077176660600829E-002  3.851463345267450E-007
  3.078182084327134E-002  6.827997197350293E-007
  3.079663851440213E-002  6.865117383244450E-007
  3.080936566729620E-002  3.999138619661722E-007
  3.081420792076451E-002 -4.057337217767793E-008
  3.080905946209569E-002 -4.301733407620861E-007
  3.079640810970545E-002 -5.904217205160311E-007
  3.078212957826110E-002 -4.503805674548872E-007
  3.077275353680957E-002 -7.751650505136489E-008
  3.077247277683079E-002  3.550970944418046E-007
  3.078126469349425E-002  6.493208894974835E-007
  3.079496565479222E-002  6.727458277525828E-007
  3.080723455356335E-002  4.181436071237761E-007
  3.081248042467219E-002  4.909232103028028E-009
  3.080840303223280E-002 -3.772839620563409E-007
  3.079699260275133E-002 -5.560238695732818E-007
  3.078355584522833E-002 -4.544687688501387E-007
  3.077424296398976E-002 -1.248322771505853E-007
  3.077322739988547E-002  2.775452953380690E-007
  3.078083099229673E-002  5.667857850380258E-007
  3.079343596806198E-002  6.118656874926307E-007
  3.080519667040746E-002  3.956302998766797E-007
  3.081074218787407E-002  2.088967706516272E-008
  3.080762104540802E-002 -3.383787284054148E-007
  3.079737590857952E-002 -5.176042711482788E-007
  3.078477859020091E-002 -4.367014703352714E-007
  3.077560260963477E-002 -1.354546175009381E-007
  3.077397239325885E-002  2.463496041429716E-007
  3.078050562294878E-002  5.341411430183181E-007
  3.079208463516369E-002  5.986848208326052E-007
  3.080333639471464E-002  4.143067822390892E-007
  3.080911941943918E-002  6.898996308353730E-008
  3.080686707448061E-002 -2.775324377625225E-007
  3.079771976463585E-002 -4.677625955294060E-007
  3.078594767891489E-002 -4.182432823842363E-007
  3.077695367502846E-002 -1.564437430567866E-007
  3.077478961698336E-002  1.935710694175879E-007
  3.078032734455141E-002  4.693555772598271E-007
  3.079090921802287E-002  5.449293610168629E-007
  3.080161519405230E-002  3.878243006566982E-007
  3.080754337353868E-002  7.255479824350843E-008
  3.080604751975437E-002 -2.549798875009116E-007
  3.079791079478328E-002 -4.451671002224218E-007
  3.078693612641158E-002 -4.130469783689976E-007
  3.077816432541462E-002 -1.761527356554147E-007
  3.077555426735381E-002  1.549876226177018E-007
  3.078019229390153E-002  4.286372984613134E-007
  3.078984013979434E-002  5.216484064563189E-007
  3.080000733863796E-002  3.951441987722392E-007
  3.080603532802094E-002  1.108918904674352E-007
  3.080522647176602E-002 -1.985004610291597E-007
  3.079804545802879E-002 -3.912478946723787E-007
  3.078785881015438E-002 -3.812746734850788E-007
  3.077935372438651E-002 -1.766523170078238E-007
  3.077637816257534E-002  1.255525341582692E-007
  3.078019700202605E-002  3.850003647664838E-007
  3.078895394942805E-002  4.828753755483255E-007
  3.079856646769839E-002  3.758797185963039E-007
  3.080462334668162E-002  1.149344970586277E-007
  3.080440341505724E-002 -1.794191776037881E-007
  3.079809202912152E-002 -3.730372632114599E-007
  3.078865225329817E-002 -3.795641307828553E-007
  3.078043003898413E-002 -1.990962861337123E-007
  3.077714940858949E-002  8.318232352173671E-008
  3.078022210216053E-002  3.371604017192744E-007
  3.078813850133921E-002  4.478333499924943E-007
  3.079720136809577E-002  3.675081824447472E-007
  3.080324697574875E-002  1.364740591797117E-007
  3.080355290288566E-002 -1.368094362787967E-007
  3.079805876514698E-002 -3.263378985650458E-007
  3.078935311949099E-002 -3.464149651937981E-007
  3.078145133947159E-002 -1.902073832122696E-007
  3.077794078785754E-002  6.830760947675390E-008
  3.078034964573826E-002  3.093357444891667E-007
  3.078748060398071E-002  4.226630509306682E-007
  3.079599887508179E-002  3.578560812284615E-007
  3.080198698971477E-002  1.464249464783062E-007
  3.080274190152235E-002 -1.137456076707855E-007
  3.079799035756373E-002 -3.040209487519346E-007
  3.078997660670149E-002 -3.394184122620414E-007
  3.078239960023192E-002 -2.068251790487082E-007
  3.077870237412824E-002  3.016134985130994E-008
  3.078050435434882E-002  2.614669987873626E-007
  3.078689002565369E-002  3.815095217286758E-007
  3.079486560807868E-002  3.373191718565935E-007
  3.080075745558918E-002  1.518893755057194E-007
  3.080189946100954E-002 -8.752114331890524E-008
  3.079783477892256E-002 -2.702561198054790E-007
  3.079049069983362E-002 -3.131937188132865E-007
  3.078326250454024E-002 -1.983337039510678E-007
  3.077944114319828E-002  1.992052311478811E-008
  3.078071248987991E-002  2.406523131507149E-007
  3.078641215566754E-002  3.631744015949695E-007
  3.079386451428337E-002  3.329713026740265E-007
  3.079963465688404E-002  1.658827983639789E-007
  3.080110786581921E-002 -6.017966497085940E-008
  3.079767061513457E-002 -2.417094647229550E-007
  3.079096007104742E-002 -2.971969013338363E-007
  3.078408240690618E-002 -2.039469515349750E-007
  3.078017248540221E-002 -7.485410471508233E-009
  3.078096243347683E-002  2.003170728357056E-007
  3.078601239505127E-002  3.239351270511794E-007
  3.079294450901958E-002  3.078841163889722E-007
  3.079855800078126E-002  1.614564089817388E-007
  3.080030292156354E-002 -4.650562011023126E-008
  3.079743431891558E-002 -2.199568189349960E-007
  3.079132484225520E-002 -2.799355661498123E-007
  3.078480590985969E-002 -2.003881581720883E-007
  3.078085299298284E-002 -1.930307387293615E-008
  3.078122516404617E-002  1.795556019655322E-007
  3.078568063237756E-002  3.055336448015279E-007
  3.079211758345664E-002  3.025305468829898E-007
  3.079756192602507E-002  1.740481325049056E-007
  3.079953814758174E-002 -1.933750839049381E-008
  3.079719166854102E-002 -1.885046126555053E-007
  3.079165415359010E-002 -2.568952563574252E-007
  3.078549657137299E-002 -1.952491661456074E-007
  3.078153358848114E-002 -3.420590727780061E-008
  3.078153496920075E-002  1.506364772001924E-007
  3.078543362813805E-002  2.739618941802425E-007
  3.079138427519091E-002  2.798751704098225E-007
  3.079663291071563E-002  1.670096023715142E-007
  3.079878789190148E-002 -1.164785227239846E-008
  3.079690621934771E-002 -1.737512861392740E-007
  3.079190198177255E-002 -2.456240724181162E-007
  3.078610083926955E-002 -1.957631352680577E-007
  3.078215693180548E-002 -4.859338324538072E-008
  3.078183634426036E-002  1.275070507244864E-007
  3.078522448847246E-002  2.520549132233767E-007
  3.079071275393836E-002  2.693455188301266E-007
  3.079575863775702E-002  1.734621940992900E-007
  3.079806057286820E-002  1.017989888439202E-008
  3.079660484253111E-002 -1.447501870660199E-007
  3.079210863493514E-002 -2.206594286078720E-007
  3.078666620310169E-002 -1.841547189797422E-007
  3.078277180965928E-002 -5.379295573369515E-008
  3.078217497613935E-002  1.091942429406931E-007
  3.078509316056367E-002  2.295250005185656E-007
  3.079013581828972E-002  2.524768676632303E-007
  3.079496366676718E-002  1.685887000343428E-007
  3.079737100045905E-002  1.732640321284661E-008
  3.079629054417747E-002 -1.316434955200730E-007
  3.079226332337329E-002 -2.106858819103093E-007
  3.078716721660898E-002 -1.850179965043044E-007
  3.078333940110131E-002 -6.807341385541730E-008
  3.078250251865730E-002  8.536769036389860E-008
  3.078498773884049E-002  2.048070410130685E-007
  3.078960484744377E-002  2.364314542640393E-007
  3.079420879301875E-002  1.673976916833483E-007
  3.079669344895458E-002  3.103961658018192E-008
  3.079595243793514E-002 -1.090854865959073E-007
  3.079236891909380E-002 -1.887030513473245E-007
  3.078761794130526E-002 -1.722011069194557E-007
  3.078388207024584E-002 -6.847179489110501E-008
  3.078284729400441E-002  7.381237162755996E-008
  3.078494091609884E-002  1.890187250335297E-007
  3.078915564117061E-002  2.247783440769445E-007
  3.079353122176388E-002  1.657033319175603E-007
  3.079606377895158E-002  3.986863687969242E-008
  3.079562118723426E-002 -9.463975359557280E-008
  3.079244657340702E-002 -1.766683195855573E-007
  3.078802637048798E-002 -1.699289595584643E-007
  3.078439284639518E-002 -7.915804034565789E-008
  3.078318811350273E-002  5.269287944821253E-008
  3.078492051840983E-002  1.646611419688626E-007
  3.078874992151779E-002  2.058825930205489E-007
  3.079289181431741E-002  1.586541175422503E-007
  3.079544636071173E-002  4.599874617382777E-008
  3.079526743452671E-002 -7.948258462653502E-008
  3.079247433790879E-002 -1.600965059302718E-007
  3.078837805546512E-002 -1.594970821557898E-007
  3.078486463462389E-002 -7.897840205331688E-008
  3.078352544823298E-002  4.366517652514382E-008
  3.078493522279417E-002  1.519272932241480E-007
  3.078840515118259E-002  1.966542631600700E-007
  3.079231654945109E-002  1.583630854863187E-007
  3.079487389994441E-002  5.568264432463261E-008
  3.079492713673182E-002 -6.372373891612021E-008
  3.079248675996937E-002 -1.453444050572286E-007
  3.078870132372795E-002 -1.527880533546239E-007
  3.078531577339821E-002 -8.409667339841860E-008
  3.078386581040798E-002  2.790973811591219E-008
  3.078498006950144E-002  1.311683102028762E-007
  3.078810700895272E-002  1.784524913982864E-007
  3.079178470596960E-002  1.488714695344572E-007
  3.079432211857089E-002  5.701371618269380E-008
  3.079457455072638E-002 -5.425151128066036E-008
  3.079245789273423E-002 -1.337795524944612E-007
  3.078897087381843E-002 -1.456345721371937E-007
  3.078572266818243E-002 -8.527822072732332E-008
  3.078418903577715E-002  1.881752550108796E-008
  3.078504069669766E-002  1.186492348844233E-007
  3.078784942478585E-002  1.688715919614389E-007
  3.079130026575122E-002  1.474375752910284E-007
  3.079380528978309E-002  6.529261201572594E-008
  3.079423258961668E-002 -3.913434943250779E-008
  3.079241599297944E-002 -1.178955298521123E-007
  3.078921616005537E-002 -1.355540495107730E-007
  3.078611201932501E-002 -8.516086530174050E-008
  3.078451620916073E-002  9.021101253332152E-009
  3.078513122612040E-002  1.030857320639488E-007
  3.078763956902359E-002  1.538448113677401E-007
  3.079086423086120E-002  1.385510548224286E-007
  3.079331910386916E-002  6.498776021706415E-008
  3.079389209925417E-002 -3.253538488260285E-008
  3.079234712193873E-002 -1.092388302289968E-007
  3.078941851596953E-002 -1.304694956097376E-007
  3.078646107898813E-002 -8.736607351627601E-008
  3.078482218295396E-002 -5.172968296000972E-010
  3.078522685356404E-002  8.987439792470805E-008
  3.078745631093012E-002  1.426290300732517E-007
  3.079046223695186E-002  1.343851783061025E-007
  3.079285796360859E-002  6.997504476077215E-008
  3.079355661510567E-002 -2.022756626260143E-008
  3.079226266187624E-002 -9.457563141777286E-008
  3.078959473630666E-002 -1.193420116572138E-007
  3.078678927137023E-002 -8.399998018793344E-008
  3.078512664075470E-002 -5.675105087230857E-009
  3.078534599267245E-002  7.909854307025278E-008
  3.078731607158026E-002  1.313605814875783E-007
  3.079010839126018E-002  1.275586241681955E-007
  3.079243322301610E-002  7.007939959565426E-008
  3.079323384525736E-002 -1.422066613123984E-008
  3.079216537512808E-002 -8.663310439300079E-008
  3.078974136180672E-002 -1.144349082550273E-007
  3.078708628841861E-002 -8.572490091749069E-008
  3.078541296900457E-002 -1.453299929504916E-008
  3.078546759368729E-002  6.598114431932403E-008
  3.078719624170215E-002  1.189537431892331E-007
  3.078978171506924E-002  1.206940279591273E-007
  3.079202823046330E-002  7.128738782980636E-008
  3.079291305776673E-002 -5.818972553147024E-009
  3.079205074426747E-002 -7.488949435739173E-008
  3.078985934595696E-002 -1.044141370547358E-007
  3.078735732822115E-002 -8.144010902331093E-008
  3.078568948042969E-002 -1.721140722959787E-008
  3.078560239090330E-002  5.832650432138056E-008
  3.078710969105263E-002  1.104790739162351E-007
  3.078949698808826E-002  1.157142361154287E-007
  3.079165905690386E-002  7.223967796006031E-008
  3.079261030343735E-002  4.981914518076062E-010
  3.079193283984327E-002 -6.649214556699166E-008
  3.078995858393655E-002 -9.838961777882323E-008
  3.078760631305866E-002 -8.132610163655254E-008
  3.078595331574722E-002 -2.397497833511391E-008
  3.078574122178492E-002  4.676128698235586E-008
  3.078704259413721E-002  9.831623757633743E-008
  3.078923802563248E-002  1.074150307737485E-007
  3.079130945904134E-002  7.055687806590551E-008
  3.079231101079059E-002  5.307571265055233E-009
  3.079179966618857E-002 -5.804735290920302E-008
  3.079002985088533E-002 -9.053090622656699E-008
  3.078782665923181E-002 -7.769314445156584E-008
  3.078620050843979E-002 -2.599713543741702E-008
  3.078588306610098E-002  4.043956431501597E-008
  3.078699749431237E-002  9.111436495436347E-008
  3.078901149204916E-002  1.031543408680437E-007
  3.079099026050754E-002  7.163737221003420E-008
  3.079202934484625E-002  1.156487946242114E-008
  3.079166702537404E-002 -4.928710427384598E-008
  3.079008832107602E-002 -8.323638118569507E-008
  3.078803065963777E-002 -7.532167508127231E-008
  3.078643882403793E-002 -2.992874482323266E-008
  3.078603051087529E-002  3.151678548087486E-008
  3.078697217948802E-002  8.059952972940455E-008
  3.078881147966143E-002  9.500069440358358E-008
  3.079069319044027E-002  6.859989835928939E-008
  3.079175577302081E-002  1.402607165924702E-008
  3.079152476187363E-002 -4.339219482756671E-008
  3.079012346372228E-002 -7.738417948124827E-008
  3.078820756780167E-002 -7.274804623737518E-008
  3.078665772550447E-002 -3.212816640828816E-008
  3.078617412185507E-002  2.545585837535726E-008
  3.078695960482393E-002  7.353201548781113E-008
  3.078863466880612E-002  9.036463096906560E-008
  3.079041956605093E-002  6.879609253814276E-008
  3.079149634243199E-002  1.928545828860661E-008
  3.079138279116283E-002 -3.513883402917026E-008
  3.079014743966832E-002 -6.958450286192235E-008
  3.078836985654900E-002 -6.868590213852762E-008
  3.078686828253698E-002 -3.346955417635113E-008
  3.078632246678336E-002  1.936991568948853E-008
  3.078696547681773E-002  6.533663775756249E-008
  3.078848411511689E-002  8.344244591885733E-008
  3.079017021993075E-002  6.574230931337451E-008
  3.079124995808578E-002  2.076975682529640E-008
  3.079123807793951E-002 -3.060359179842760E-008
  3.079015502988140E-002 -6.487935485883625E-008
  3.078850993208583E-002 -6.669692211038954E-008
  3.078706072666008E-002 -3.572144007297966E-008
  3.078646440759285E-002  1.342996879400863E-008
  3.078697866137274E-002  5.808419540471248E-008
  3.078835033209898E-002  7.797885642396227E-008
  3.078993877583092E-002  6.446797610927463E-008
  3.079101421292986E-002  2.428427781250715E-008
  3.079109221674492E-002 -2.377566137215476E-008
  3.079015109898555E-002 -5.762166974139171E-008
  3.078863474491174E-002 -6.200845046835214E-008
  3.078724287649584E-002 -3.539296491117569E-008
  3.078660772760740E-002  9.569723457816977E-009
  3.078700645718473E-002  5.202148191474102E-008
  3.078824003549179E-002  7.255120249648253E-008
  3.078973135246794E-002  6.203873132471858E-008
  3.079079442102424E-002  2.566730170304427E-008
  3.079094917942735E-002 -1.965406000386057E-008
  3.079013749488256E-002 -5.318165181454708E-008
  3.078874327209866E-002 -5.985912433418962E-008
  3.078741047403129E-002 -3.709939112376668E-008
  3.078674520629358E-002  4.227261970963843E-009
  3.078703962615264E-002  4.496136446341879E-008
  3.078814337380513E-002  6.652563274310591E-008
  3.078953896531365E-002  5.939354544292457E-008
  3.079058362067841E-002  2.729578116344119E-008
  3.079080459777402E-002 -1.469024429216539E-008
  3.079011240045117E-002 -4.720186131882488E-008
  3.078883578670515E-002 -5.550109602001454E-008
  3.078756531362309E-002 -3.613710460471853E-008
  3.078687975839483E-002  1.646413846499233E-009
  3.078708208665734E-002  4.032153100346905E-008
  3.078806534986618E-002  6.220241264063521E-008
  3.078936774720023E-002  5.752152418863366E-008
  3.079038883348250E-002  2.876973604923400E-008
  3.079066572099002E-002 -1.062412450944015E-008
  3.079008227893034E-002 -4.258555033097999E-008
  3.078891685616345E-002 -5.271076150900473E-008
  3.078770920478496E-002 -3.678055228663793E-008
  3.078701010867247E-002 -2.526079576800242E-009
  3.078712979598450E-002  3.408661872222391E-008
  3.078799999954060E-002  5.627337403376244E-008
  3.078921089886848E-002  5.410758831105596E-008
  3.079020341307718E-002  2.894698599593614E-008
  3.079052669619876E-002 -7.359754859953013E-009
  3.079004229734927E-002 -3.804456306795777E-008
  3.078898260237023E-002 -4.915324444080117E-008
  3.078783910077811E-002 -3.587699846034644E-008
  3.078713407716212E-002 -4.612881272412538E-009
  3.078718172409704E-002  3.012267369941593E-008
  3.078794788651351E-002  5.244027915486265E-008
  3.078907095862267E-002  5.234886034585534E-008
  3.079003193757330E-002  3.022478726266655E-008
  3.079039373319680E-002 -3.518360687417230E-009
  3.078999943717627E-002 -3.333546565291006E-008
  3.078903967114933E-002 -4.572196846494316E-008
  3.078796026716167E-002 -3.534411263359244E-008
  3.078725485795909E-002 -7.345179100729964E-009
  3.078723881163930E-002  2.516636244275659E-008
  3.078790799057062E-002  4.722629888645657E-008
  3.078894551541777E-002  4.887760669895013E-008
  3.078987118944665E-002  2.964222665958219E-008
  3.079026319736646E-002 -1.403407020586731E-009
  3.078994977388660E-002 -2.991667417432821E-008
  3.078908380546381E-002 -4.291685825022820E-008
  3.078806809512553E-002 -3.469163638289490E-008
  3.078736768246059E-002 -9.296563362305590E-009
  3.078729661370643E-002  2.144174806766615E-008
  3.078787688756159E-002  4.343900182361826E-008
  3.078883286525934E-002  4.681311101246176E-008
  3.078972163117809E-002  3.032768201122316E-008
  3.079013772362350E-002  1.821764419617838E-009
  3.078989764565900E-002 -2.550886013484051E-008
  3.078912023837091E-002 -3.921790040894554E-008
  3.078816781581471E-002 -3.327842737237179E-008
  3.078747705630329E-002 -1.073488319320958E-008
  3.078735852710425E-002  1.782721536310064E-008
  3.078785683516705E-002  3.923132474309786E-008
  3.078873431878295E-002  4.376762179254845E-008
  3.078958384101273E-002  2.957597262719765E-008
  3.079001722774513E-002  3.378581812847772E-009
  3.078984217758079E-002 -2.271675293783527E-008
  3.078914706226902E-002 -3.682383694401754E-008
  3.078825631162764E-002 -3.269953402274991E-008
  3.078757872191896E-002 -1.250757644229998E-008
  3.078741956486417E-002  1.429640106939589E-008
  3.078784281824658E-002  3.539060041911180E-008
  3.078864564315291E-002  4.125298999378158E-008
  3.078945504681941E-002  2.946234602491938E-008
  3.078990074273473E-002  5.692135693051429E-009
  3.078978413811986E-002 -1.900573467530126E-008
  3.078916636774702E-002 -3.333053481280250E-008
  3.078833642264694E-002 -3.089706864939864E-008
  3.078767575116520E-002 -1.307662709027833E-008
  3.078748271897738E-002  1.174697973275149E-008
  3.078783767194651E-002  3.211204457089148E-008
  3.078856957990015E-002  3.875941737799792E-008
  3.078933793937405E-002  2.882767404435776E-008
  3.078979079071897E-002  7.064309967467479E-009
  3.078972555666450E-002 -1.645467765184428E-008
  3.078917923893102E-002 -3.100286098619275E-008
  3.078840787652505E-002 -3.010732686255817E-008
  3.078776633101741E-002 -1.443669171165698E-008
  3.078754479453073E-002  8.614244472699621E-009
  3.078783731161489E-002  2.840313614285377E-008
  3.078850184426168E-002  3.594734030305524E-008
  3.078922871354771E-002  2.799795410106828E-008
  3.078968452245846E-002  8.433726292885458E-009
  3.078966471008959E-002 -1.362041730143966E-008
  3.078918496675775E-002 -2.804121389301089E-008
  3.078847071260890E-002 -2.834588016280280E-008
  3.078785099699319E-002 -1.459816503151270E-008
  3.078760670953065E-002  6.718714306988469E-009
  3.078784308916454E-002  2.575816348109854E-008
  3.078844435873472E-002  3.385571373364994E-008
  3.078912994180284E-002  2.746631330893916E-008
  3.078958505100235E-002  9.705341225934557E-009
  3.078960490257412E-002 -1.117365698964919E-008
  3.078918651778373E-002 -2.562305490676569E-008
  3.078852700460655E-002 -2.717706424649191E-008
  3.078793053012156E-002 -1.535404142208542E-008
  3.078766784157155E-002  4.217000591565675E-009
  3.078785318602479E-002  2.246090921476652E-008
  3.078839454745469E-002  3.105291088367813E-008
  3.078903879903699E-002  2.620801353067814E-008
  3.078948971173265E-002  1.033964211271623E-008
  3.078954383877379E-002 -9.137137748253328E-009
  3.078918197395973E-002 -2.326789230511058E-008
  3.078857511159837E-002 -2.567145158503579E-008
  3.078800349099018E-002 -1.541547282748510E-008
  3.078772700565038E-002  2.639033632990411E-009
  3.078786687512523E-002  2.014308090138985E-008
  3.078835242281433E-002  2.912238579719116E-008
  3.078895626236319E-002  2.561050189666817E-008
  3.078940048274251E-002  1.139754557097193E-008
  3.078948427779683E-002 -6.874956969922311E-009
  3.078917443258259E-002 -2.081943840409501E-008
  3.078861792746798E-002 -2.415681693372946E-008
  3.078807209419245E-002 -1.554931758935154E-008
  3.078778546393835E-002  8.658410710528020E-010
  3.078788445042796E-002  1.745029994589775E-008
  3.078831750655110E-002  2.660651442456963E-008
  3.078888136975459E-002  2.424688860265767E-008
  3.078931616372724E-002  1.160744855954040E-008
  3.078942489375884E-002 -5.396727414186245E-009
  3.078916241573601E-002 -1.894266935544426E-008
  3.078865373097493E-002 -2.289986725996564E-008
  3.078813433297266E-002 -1.560363529728635E-008
  3.078784102523444E-002 -5.480259622818980E-010
  3.078790380525858E-002  1.528639826327873E-008
  3.078828815166290E-002  2.467066148173188E-008
  3.078881329093512E-002  2.342946988872494E-008
  3.078923694681183E-002  1.229912207198336E-008
  3.078936687184446E-002 -3.484718893494741E-009
  3.078914784045551E-002 -1.664649299188634E-008
  3.078868476683090E-002 -2.122345247700265E-008
  3.078819236887735E-002 -1.526750143490134E-008
  3.078789547615021E-002 -1.672755082881674E-009
  3.078792624247570E-002  1.322031475634320E-008
  3.078826523152462E-002  2.257296739122789E-008
  3.078875260001866E-002  2.217897022902652E-008
  3.078916320479246E-002  1.234599383860914E-008
  3.078931037372390E-002 -2.312287787169977E-009
  3.078913053350299E-002 -1.504675611397598E-008
  3.078871035468769E-002 -2.008541547944832E-008
  3.078824489905753E-002 -1.525283803921224E-008
  3.078794692625158E-002 -2.908305046965631E-009
  3.078794950437462E-002  1.119996886606596E-008
  3.078824648328342E-002  2.060976362417063E-008
  3.078869742611685E-002  2.110462680997775E-008
  3.078909376492682E-002  1.260315673869009E-008
  3.078925504775140E-002 -8.681944321782956E-010
  3.078911088295231E-002 -1.307703831775407E-008
  3.078873139260603E-002 -1.846479001310768E-008
  3.078829305868331E-002 -1.467466299711539E-008
  3.078799653801227E-002 -3.579216979278299E-009
  3.078797469482394E-002  9.638764504457020E-009
  3.078823298199235E-002  1.890282557728213E-008
  3.078864889295945E-002  2.003083845563976E-008
  3.078902983396790E-002  1.261604950632314E-008
  3.078920210810770E-002  1.562463358378562E-010
  3.078908991695979E-002 -1.160130581302443E-008
  3.078874846899183E-002 -1.731654955179765E-008
  3.078833678096006E-002 -1.448703912121055E-008
  3.078804350754498E-002 -4.546163644358918E-009
  3.078800037298056E-002  7.851746533726888E-009
  3.078822291073294E-002  1.700539996226025E-008
  3.078860514611686E-002  1.878495801174462E-008
  3.078896982646911E-002  1.249285593343248E-008
  3.078915042242299E-002  1.129191745965699E-009
  3.078906698337292E-002 -1.003506517738425E-008
  3.078876131388998E-002 -1.589984657169166E-008
  3.078837603383747E-002 -1.386253260802785E-008
  3.078808793662207E-002 -4.968900152274516E-009
  3.078802676347661E-002  6.619081013710714E-009
  3.078821669458255E-002  1.557006715350632E-008
  3.078856691920362E-002  1.783455882349899E-008
  3.078891484121041E-002  1.247390372956037E-008
  3.078910139487908E-002  2.041651888669301E-009
  3.078904360094359E-002 -8.634780613348326E-009
  3.078877128433805E-002 -1.469165281686746E-008
  3.078841173906674E-002 -1.344877562460447E-008
  3.078813013419547E-002 -5.598738672358329E-009
  3.078805353958640E-002  5.161573622931541E-009
  3.078821350220416E-002  1.386513549396189E-008
  3.078853310309983E-002  1.656209545920299E-008
  3.078886372500629E-002  1.210764522077156E-008
  3.078905398856703E-002  2.641896697481282E-009
  3.078901889820037E-002 -7.437345157519651E-009
  3.078877763022787E-002 -1.351699459220571E-008
  3.078844319159476E-002 -1.287842519196317E-008
  3.078816940362895E-002 -5.910382333863379E-009
  3.078808006263218E-002  4.115008772925260E-009
  3.078821288620189E-002  1.257905952120382E-008
  3.078850360753285E-002  1.564468270311026E-008
  3.078881686630409E-002  1.199547858027491E-008
  3.078900908146407E-002  3.397857157911736E-009
  3.078899411788140E-002 -6.152428569235658E-009
  3.078878172853775E-002 -1.228815262183735E-008
  3.078847163921255E-002 -1.226950078678724E-008
  3.078820665237681E-002 -6.209396201458387E-009
  3.078810680261788E-002  3.022227573263546E-009
  3.078821490962718E-002  1.115129918578121E-008
  3.078847820921356E-002  1.447282184900685E-008
  3.078877389736333E-002  1.153415527773548E-008
  3.078896625721929E-002  3.764333601614870E-009
  3.078896880970799E-002 -5.221832398866170E-009
  3.078878304028426E-002 -1.130702553403121E-008
  3.078849638067630E-002 -1.175863280016118E-008
  3.078824098811271E-002 -6.455293565877216E-009
  3.078813273636655E-002  2.097070466438961E-009
  3.078821856995022E-002  9.948647771945985E-009
  3.078845612591459E-002  1.353011885863113E-008
  3.078873443356100E-002  1.127551336978302E-008
  3.078892561661433E-002  4.305868576262731E-009
  3.078894352390599E-002 -4.124012059751515E-009
  3.078878241896076E-002 -1.014424659545836E-008
  3.078851837142020E-002 -1.104599702724766E-008
  3.078827328395913E-002 -6.500313181580045E-009
  3.078815854570111E-002  1.328184729684969E-009
  3.078822434424811E-002  8.807806176182320E-009
  3.078843768841099E-002  1.252046869305311E-008
  3.078869873620009E-002  1.081932658632628E-008
  3.078888739053270E-002  4.554136622530777E-009
  3.078891843088439E-002 -3.354124537629384E-009
  3.078877988392129E-002 -9.277717296737211E-009
  3.078853737301162E-002 -1.054854223334281E-008
  3.078830297981215E-002 -6.661229882435578E-009
  3.078818337318759E-002  5.291931996424774E-010
  3.078823119988049E-002  7.689961894311619E-009
  3.078842187654659E-002  1.155417600470461E-008
  3.078866598985397E-002  1.041066944039075E-008
  3.078885110118318E-002  4.860902613217062E-009
  3.078889342431987E-002 -2.491406899405439E-009
  3.078877563550258E-002 -8.259911450305547E-009
  3.078855376758363E-002 -9.833862927073992E-009
  3.078833051267568E-002 -6.558430444620434E-009
  3.078820763249405E-002 -4.038767863158252E-012
  3.078823951900188E-002  6.784350362209709E-009
  3.078840908676569E-002  1.069977303421495E-008
  3.078863666135873E-002  9.992711845013562E-009
  3.078881730332753E-002  5.049372480129885E-009
  3.078886909635142E-002 -1.816741303442463E-009
  3.078877018961955E-002 -7.449808263357578E-009
  3.078856785661870E-002 -9.304628586891959E-009
  3.078835586181109E-002 -6.598710783761318E-009
  3.078823095018248E-002 -6.422239429297669E-010
  3.078824863981303E-002  5.792234978897744E-009
  3.078839850806375E-002  9.757705303861250E-009
  3.078860995555419E-002  9.480737701140215E-009
  3.078878535196618E-002  5.152888867804884E-009
  3.078884501552972E-002 -1.186967980028072E-009
  3.078876331324087E-002 -6.611901266929856E-009
  3.078857953796370E-002 -8.656992239194951E-009
  3.078837898177489E-002 -6.437932039662300E-009
  3.078825329974433E-002 -1.031010356069808E-009
  3.078825857330062E-002  5.047738896877162E-009
  3.078839025174755E-002  9.012767518066370E-009
  3.078858615344992E-002  9.084545884584301E-009
  3.078875572889811E-002  5.286541667859016E-009
  3.078882182711976E-002 -5.928691417306535E-010
  3.078875570910269E-002 -5.843452030023185E-009
  3.078858942814239E-002 -8.084034197988592E-009
  3.078840027081403E-002 -6.344080879511072E-009
  3.078827478706886E-002 -1.484822277017487E-009
  3.078826914040038E-002  4.222199315983601E-009
  3.078838393372678E-002  8.153892463262593E-009
  3.078856478183437E-002  8.538632894574607E-009
  3.078872797643750E-002  5.252152830533848E-009
  3.078879914547092E-002 -1.508122649971552E-010
  3.078874706103383E-002 -5.171913788880844E-009
  3.078859723708639E-002 -7.524217315555158E-009
  3.078841941787676E-002 -6.173197002472899E-009
  3.078829506652779E-002 -1.790211211089282E-009
  3.078827999969777E-002  3.579618379192455E-009
  3.078837929904438E-002  7.471570361063150E-009
  3.078854576484944E-002  8.132515811992931E-009
  3.078870225875777E-002  5.310095647741255E-009
  3.078877737228190E-002  3.448721348846556E-010
  3.078873793578971E-002 -4.465969737317591E-009
  3.078860357633651E-002 -6.931799067842419E-009
  3.078843695267837E-002 -5.966766563308167E-009
  3.078831449595546E-002 -2.068411928718875E-009
  3.078829130976853E-002  2.933880687012784E-009
  3.078837634131517E-002  6.734592259179060E-009
  3.078852900098167E-002  7.612082847456605E-009
  3.078867844643905E-002  5.205884680203709E-009
  3.078875638272983E-002  6.607362295251721E-010
  3.078872819947061E-002 -3.918757272407939E-009
  3.078860825681877E-002 -6.443399935800244E-009
  3.078845258404386E-002 -5.792868914557538E-009
  3.078833266806671E-002 -2.312453357996788E-009
  3.078830258540657E-002  2.366732272109003E-009
  3.078837458277894E-002  6.091693172531647E-009
  3.078851412458844E-002  7.178044132776750E-009
  3.078865637122135E-002  5.171472516676189E-009
  3.078873623927081E-002  1.036096877854968E-009
  3.078871811457087E-002 -3.307498272542925E-009
  3.078861165980679E-002 -5.873734692504016E-009
  3.078846671283057E-002 -5.519512449840260E-009
  3.078834992339080E-002 -2.453183276566984E-009
  3.078831407175408E-002  1.881236485607608E-009
  3.078837418643195E-002  5.482223567159089E-009
  3.078850125927066E-002  6.713117542603979E-009
  3.078863615856668E-002  5.043910771040039E-009
  3.078871708110865E-002  1.276573014963924E-009
  3.078870780525601E-002 -2.841095673132113E-009
  3.078861383572010E-002 -5.427512531852231E-009
  3.078847925480278E-002 -5.328097929419978E-009
  3.078836601161377E-002 -2.631134935892101E-009
  3.078832537118054E-002  1.391511898264197E-009
  3.078837467601458E-002  4.882986545088032E-009
  3.078848994709123E-002  6.257875132979109E-009
  3.078861746023531E-002  4.921614298225753E-009
  3.078869872410564E-002  1.526581379047963E-009
  3.078869725334223E-002 -2.344949985520780E-009
  3.078861488796112E-002 -4.917501969180056E-009
  3.078849036884594E-002 -5.036023679789215E-009
  3.078838109018173E-002 -2.683859145456078E-009
  3.078833661511627E-002  1.026898424834607E-009
  3.078837616997852E-002  4.380226818662206E-009
  3.078848032997363E-002  5.848744247663057E-009
  3.078860047534928E-002  4.788145829504177E-009
  3.078868143049745E-002  1.717994439157011E-009
  3.078868675058791E-002 -1.933017801723960E-009
  3.078861507240779E-002 -4.492904690353757E-009
  3.078850020175119E-002 -4.813124829994112E-009
  3.078839514544807E-002 -2.784700119774340E-009
  3.078834762197072E-002  6.280478650977803E-010
  3.078837835957295E-002  3.844174156676913E-009
  3.078847204600538E-002  5.397246425496052E-009
  3.078858486818449E-002  4.602999060705037E-009
  3.078866494707591E-002  1.859700797274802E-009
  3.078867614292030E-002 -1.550269953458101E-009
  3.078861431266084E-002 -4.059446999800552E-009
  3.078850871337547E-002 -4.535327606714438E-009
  3.078840813755728E-002 -2.790897932478236E-009
  3.078835834209226E-002  3.442370436583646E-010
  3.078838120703325E-002  3.417905073312189E-009
  3.078846511151899E-002  5.027641422591883E-009
  3.078857074907023E-002  4.460070704018535E-009
  3.078864949227236E-002  2.006034027679295E-009
  3.078866573231429E-002 -1.187445248151918E-009
  3.078861293513453E-002 -3.653724469500533E-009
  3.078851618061403E-002 -4.280785506813569E-009
  3.078842023183425E-002 -2.813290687100446E-009
  3.078836880125125E-002  4.408976469128131E-011
  3.078838461269641E-002  2.963150568223670E-009
  3.078845934845893E-002  4.608108819276427E-009
  3.078855791971365E-002  4.245596017015598E-009
  3.078863489248467E-002  2.070313981136384E-009
  3.078865538556763E-002 -8.979724711330468E-010
  3.078861083260934E-002 -3.292549558224770E-009
  3.078852249148105E-002 -4.029000305271353E-009
