   1.00000002212332       0.000000000000000E+000
  0.861758693469691      -1.621985687495685E-003
  0.507857584260487      -9.402392841686523E-003
  8.598046825934236E-002 -2.019561662953348E-002
 -0.236152126308961      -2.398593950349689E-002
 -0.339452055980008      -1.413345084024192E-002
 -0.195325431898585       4.982763671822748E-003
  0.131006920592310       2.073410931241293E-002
  0.510160070194387       2.296611989771595E-002
  0.796944244310167       1.256101086649080E-002
  0.881991715622842      -1.581067219677312E-005
  0.732034852138774      -4.409338304638451E-003
  0.405096361110639       9.746517378496778E-004
  3.142746160342721E-002  9.032105167014325E-003
 -0.237120282618234       1.173846352417861E-002
 -0.290701152812739       7.581135106372742E-003
 -0.109478032905482       1.715606502232481E-003
  0.227734213479478      -4.342970397967009E-004
  0.578886911233443       9.335265451169795E-004
  0.800614677442510       6.480064341100541E-004
  0.807142668533469      -5.182131525345725E-003
  0.601118669523464      -1.397167643148853E-002
  0.267178169036765      -1.805760372081099E-002
 -6.442596672073911E-002 -1.159575309263498E-002
 -0.267622567270936       3.617704041104114E-003
 -0.266254708657178       1.898010371773451E-002
 -6.169807384078646E-002  2.583166083718234E-002
  0.266639523896994       2.195224618892156E-002
  0.589894527554962       1.219638227720631E-002
  0.779389031816795       3.356678071894231E-003
  0.759046996316530      -1.482009326614488E-003
  0.537957156065728      -4.002706822956441E-003
  0.207138658098940      -6.960558867719594E-003
 -9.920476945618158E-002 -1.016246563758122E-002
 -0.260402855437111      -1.041555016517593E-002
 -0.218219050418409      -5.329892133062993E-003
  2.703052100930934E-003  3.204308271134498E-003
  0.308935396311714       9.729284560706094E-003
  0.577894817333306       9.743208130841426E-003
  0.705551719548759       3.790971107934202E-003
  0.644608321562784      -2.808422149964852E-003
  0.420872716059681      -4.420154083063431E-003
  0.123014140553328       3.085063459528516E-004
 -0.131075590040804       7.728060814204380E-003
 -0.240124658859625       1.264106735911400E-002
 -0.160467056551052       1.249657411858128E-002
  7.508505840987036E-002  8.618028104001803E-003
  0.369924807643764       3.918614612888599E-003
  0.603634406420687      -1.195469089918867E-004
  0.682091321762940      -4.118507584283015E-003
  0.575632100731428      -8.792075660547878E-003
  0.329204663585945      -1.277523308058918E-002
  4.175300611677184E-002 -1.293416581064425E-002
 -0.174656637166744      -7.150336241394348E-003
 -0.238465645206464       3.093520837378960E-003
 -0.128527749184137       1.300457521763660E-002
  0.109522570489983       1.767746241671362E-002
  0.381583693367774       1.551354872454752E-002
  0.581188035187549       8.987883737175762E-003
  0.630542206896946       2.324695746858210E-003
  0.511219026426243      -1.675451213939642E-003
  0.271943281514272      -2.960194280272577E-003
  9.230012554945721E-003 -3.010829623601076E-003
 -0.171981622417497      -2.776490348771437E-003
 -0.201305654706870      -1.931965605308425E-003
 -7.106312487222353E-002  4.034085512110540E-005
  0.162151654042861       2.439565974496843E-003
  0.402225296830864       3.397032696893962E-003
  0.553114459961349       1.559953739384591E-003
  0.556562150342835      -2.240073735453475E-003
  0.413462425793267      -5.137572878189789E-003
  0.181848663789233      -4.327614578568685E-003
 -4.658539524560359E-002  6.395729078470950E-004
 -0.182200475496356       7.358857094654486E-003
 -0.172153074532995       1.227448321830381E-002
 -2.116089458228275E-002  1.309727602960865E-002
  0.210052083442051       9.977084243912859E-003
  0.428722185133985       4.756288550900075E-003
  0.547334794799112      -6.592955535125572E-004
  0.519038975228313      -5.242573437513349E-003
  0.356295040935671      -8.525706391594260E-003
  0.124974191049899      -9.831469724929109E-003
 -8.317450279538768E-002 -8.234999944483014E-003
 -0.187662003638231      -3.491016043585526E-003
 -0.150598617914743       3.046392102052630E-003
  9.835381816260357E-003  8.675563885682117E-003
  0.228049783429731       1.088345543172765E-002
  0.417507522635198       9.013391440952190E-003
  0.504453899458422       4.676345648684194E-003
  0.456208830646208       5.560117411550320E-004
  0.293479151298682      -1.399954519407611E-003
  8.192775783397675E-002 -9.877955249993186E-004
 -9.400749385639291E-002  6.446631237997814E-004
 -0.164930692134698       2.168817952376107E-003
 -0.104326485918522       2.905753757651961E-003
  6.110446710061809E-002  2.774850892303783E-003
  0.262914232051715       1.781629690398492E-003
  0.419211872091863      -1.664629088524507E-004
  0.467799496179357      -2.854049708190410E-003
  0.390510857208056      -5.295086500139099E-003
  0.219335183890767      -5.942626808669472E-003
  2.266950672836065E-002 -3.668628821362893E-003
 -0.122168475613635       1.219233317603421E-003
 -0.159180841761767       6.842864718522808E-003
 -7.515875287190849E-002  1.074110894246009E-002
  9.559281255109314E-002  1.128734157261268E-002
  0.284971491204814       8.507857156320934E-003
  0.417993737999336       3.806035410283495E-003
  0.442466864385442      -1.019539348112102E-003
  0.349619074601422      -4.636338629798382E-003
  0.177281068012610      -6.412772491883322E-003
 -5.726638834759315E-003 -6.191705510768615E-003
 -0.127527890504457      -4.110074258238388E-003
 -0.141879394858269      -7.116630376096857E-004
 -4.596006673836999E-002  2.906143214310714E-003
  0.119566638900324       5.340890701125588E-003
  0.287637553314793       5.589679288909364E-003
  0.391708614841893       3.737676105541893E-003
  0.391739851517327       1.023215759222548E-003
  0.289296814793708      -8.831189851318300E-004
  0.126249333443781      -9.072381101042345E-004
 -3.217670753659736E-002  8.270770363847124E-004
 -0.123331663667137       3.207196717633204E-003
 -0.111928997539841       4.901025555471033E-003
 -3.893096641879582E-003  5.077375943584582E-003
  0.156305513158749       3.645639716549518E-003
  0.303782116197099       1.058441433098623E-003
  0.379445391174828      -1.975341945897816E-003
  0.353567969101443      -4.624933129773162E-003
  0.237204172918505      -5.998369330226978E-003
  7.710144313159666E-002 -5.359618752132433E-003
 -6.344441398914362E-002 -2.541603363495917E-003
 -0.129817001790676       1.726131853709039E-003
 -9.732986116199631E-002  5.940973817552439E-003
  1.964396324613924E-002  8.476329054161872E-003
  0.173897595095931       8.400439976578817E-003
  0.304281970833255       5.931745870305969E-003
  0.359801524289818       2.244315760831947E-003
  0.319515777748158      -1.200540597540862E-003
  0.200472265868636      -3.330014214184997E-003
  5.055954908485867E-002 -3.769905249183209E-003
 -7.084362889395306E-002 -2.756602458113026E-003
 -0.116616509773344      -8.803419460155624E-004
 -7.045196883777807E-002  1.125140397188112E-003
  4.718916645437357E-002  2.528317200108677E-003
  0.187902351435260       2.788633281181670E-003
  0.295093997473743       1.811411947677713E-003
  0.326540429036018       1.077274480220894E-004
  0.270767825966980      -1.352519301848211E-003
  0.150989670124119      -1.619309605106856E-003
  1.536878982851642E-002 -3.179998936152066E-004
 -8.232087354939249E-002  2.087360985657722E-003
 -0.103953694907097       4.515642661457502E-003
 -4.192449454772899E-002  5.834933803581899E-003
  7.813728364263034E-002  5.413513950870569E-003
  0.207816034078337       3.351918016599816E-003
  0.295327400207775       3.466357418030490E-004
  0.306126853171863      -2.640390246761305E-003
  0.236455282402940      -4.700244183136194E-003
  0.114454290745385      -5.200039108550820E-003
 -1.144006640586327E-002 -3.938546249100235E-003
 -9.197966730540254E-002 -1.249869117311812E-003
 -9.655469111485622E-002  2.018007846099584E-003
 -2.491103287073197E-002  4.744620403782100E-003
  9.330152516689436E-002  5.974384135358327E-003
  0.210695764701834       5.351671808866549E-003
  0.281028620234008       3.293173754150729E-003
  0.277314049347463       7.719080695357910E-004
  0.202120187319561      -1.168849215420406E-003
  8.612916388570317E-002 -1.888336231672992E-003
 -2.435364480513509E-002 -1.360346420279507E-003
 -8.592125391453673E-002 -6.863466558649748E-005
 -7.523085968038987E-002  1.284391482307124E-003
  2.005573465915926E-003  2.074390560913283E-003
  0.113713118516883       1.952937732546278E-003
  0.214610304656705       9.388921226070234E-004
  0.264419480954099      -5.787054659558831E-004
  0.243781308769082      -1.941668793388083E-003
  0.161588861487110      -2.451624727143086E-003
  5.100991278459437E-002 -1.682779154168078E-003
 -4.400105219814825E-002  2.636053861532287E-004
 -8.620994719588995E-002  2.729024238988921E-003
 -5.969110882787253E-002  4.753165923095949E-003
  2.416947110454776E-002  5.502292158927289E-003
  0.131488619779520       4.643923545409206E-003
  0.219503311011880       2.475049967539819E-003
  0.253545584025196      -2.361570252074013E-004
  0.220643644076438      -2.579904638245836E-003
  0.134391540690442      -3.834564008120761E-003
  2.923613958173935E-002 -3.678039875523374E-003
 -5.343071998274401E-002 -2.250273344216749E-003
 -8.173508149439153E-002 -8.684605346426756E-005
 -4.575437000733274E-002  2.052978601004751E-003
  3.894463806095430E-002  3.438463514972112E-003
  0.137897859033041       3.638498177745396E-003
  0.211664230782821       2.702922935560696E-003
  0.231447832728708       1.147772439417828E-003
  0.190251471346631      -2.778564442749690E-004
  0.105266725637396      -9.412248861661802E-004
  1.070803210414717E-002 -6.132171812143187E-004
 -5.595400525065297E-002  4.524346649986577E-004
 -6.885697064111521E-002  1.672748667089770E-003
 -2.383173373165986E-002  2.422011836807176E-003
  6.022944994158876E-002  2.302224494881417E-003
  0.149171002510996       1.288834356623034E-003
  0.207336778780956      -2.768688865236598E-004
  0.211749503001316      -1.817666454894091E-003
  0.161058924357746      -2.722075988959561E-003
  7.577784193068286E-002 -2.565269749766855E-003
 -1.014893878612422E-002 -1.287135606789772E-003
 -6.295764145643074E-002  7.449944839802977E-004
 -6.239272330404009E-002  2.840873392832193E-003
 -9.500446848813047E-003  4.243724096879932E-003
  7.408410796226993E-002  4.438274545137685E-003
  0.154940930034463       3.366846530151898E-003
  0.201181562748398       1.447351175297851E-003
  0.194982429395536      -6.118541440704629E-004
  0.139412392907212      -2.104147180196940E-003
  5.693158091319971E-002 -2.587593809073164E-003
 -1.974696549941743E-002 -2.017196729623875E-003
 -6.072444931820841E-002 -7.187860199638513E-004
 -5.068442550039443E-002  7.598570958391994E-004
  5.286917272718588E-003  1.856775918868524E-003
  8.404811356624067E-002  2.196653844164889E-003
  0.153856272750654       1.724765425338925E-003
  0.187063418547917       7.253479411363340E-004
  0.170977362044003      -2.950205059637793E-004
  0.112630419216714      -8.256908208237953E-004
  3.568151323633886E-002 -5.831528890901091E-004
 -2.919500489310882E-002  3.535506232963458E-004
 -5.654388693414096E-002  1.573168681192969E-003
 -3.612717101924086E-002  2.516364382292710E-003
  2.322582035950745E-002  2.724361130108119E-003
  9.735779720488065E-002  2.035971163162348E-003
  0.156541628378780       6.513479914407746E-004
  0.177323311594918      -9.511333753266682E-004
  0.151732220589417      -2.198221741730448E-003
  9.023960234478628E-002 -2.631159268892584E-003
  1.737421325309995E-002 -2.070312531092050E-003
 -3.816455651621815E-002 -6.839704056712283E-004
 -5.489916450984526E-002  1.063044963042101E-003
 -2.694246815210550E-002  2.570871947588946E-003
  3.391449939217372E-002  3.325380399456031E-003
  0.103116531192948       3.094995166982248E-003
  0.153209898668048       2.019102834161443E-003
  0.164696349406950       5.449239960732637E-004
  0.133588006729883      -7.616175875736467E-004
  7.273808045341158E-002 -1.446175020761748E-003
  6.512529905268848E-003 -1.336279479371801E-003
 -3.900321309466081E-002 -5.846064740671050E-004
 -4.633434705164314E-002  4.201563541443627E-004
 -1.339209544638733E-002  1.225570428773805E-003
  4.593832210512974E-002  1.497180523674540E-003
  0.107542632011335       1.143404352577599E-003
  0.146786518154094       3.437014838351564E-004
  0.148281826503847      -5.269153537524968E-004
  0.111840910018311      -1.050815874482123E-003
  5.232268830323007E-002 -9.432877135052440E-004
 -6.471319707760638E-003 -1.812733166229152E-004
 -4.134482941149736E-002  9.726394468070205E-004
 -3.887502500980110E-002  2.068477767323659E-003
 -5.886131453111906E-004  2.652157556056212E-003
  5.783883033728088E-002  2.455187436931255E-003
  0.112961256302308       1.507890074714238E-003
  0.142925883806245       1.289883098670059E-004
  0.136085403694571      -1.199571990772056E-003
  9.546523400076112E-002 -2.016584157698407E-003
  3.737339412832456E-002 -2.050380612690993E-003
 -1.521964780848429E-002 -1.311652847114478E-003
 -4.184085264737443E-002 -8.179739138484641E-005
 -3.255503199213508E-002  1.194876489547397E-003
  8.276789923912627E-003  2.075606368766219E-003
  6.394063754398953E-002  2.281614185249086E-003
  0.112157059070078       1.798144129095806E-003
  0.133956090976903       8.718105193643036E-004
  0.121104848623782      -9.598468901539073E-005
  7.918153581203644E-002 -7.167877857496584E-004
  2.515199611696054E-002 -7.731340976440629E-004
 -1.951100576517763E-002 -2.997333350625194E-004
 -3.738407176332074E-002  4.443121689060017E-004
 -2.192214266845334E-002  1.095558596738025E-003
  2.011379376413487E-002  1.343529207999148E-003
  7.152864763330900E-002  1.059068254354400E-003
  0.111654535172013       3.445883255857293E-004
  0.124588305785799      -5.091632569905086E-004
  0.105425225929281      -1.139910099206546E-003
  6.204902746078030E-002 -1.258985494710600E-003
  1.183423790523809E-002 -7.701293314239017E-004
 -2.535947169572606E-002  1.841789574517207E-004
 -3.507551519010853E-002  1.269659366822010E-003
 -1.390072533588030E-002  2.085664366112237E-003
  2.933653313667639E-002  2.321251650015154E-003
  7.721826708749513E-002  1.878674887262458E-003
  0.110727524599000       9.127556379446315E-004
  0.116772057167353      -2.301937556401440E-004
  9.326488277138756E-002 -1.147566777977528E-003
  4.979080029511430E-002 -1.533416478538521E-003
  3.657188043255395E-003 -1.288362031136379E-003
 -2.704670105420162E-002 -5.464393376631958E-004
 -3.059759941977519E-002  3.866017084460547E-004
 -6.165686569515215E-003  1.155887411741714E-003
  3.602910413360138E-002  1.492880146109227E-003
  7.892788143948515E-002  1.313182176994422E-003
  0.105479454826726       7.409127801636559E-004
  0.105376227901664       5.114191952206061E-005
  7.901968440830544E-002 -4.468479228394475E-004
  3.719234609469915E-002 -5.386335458581374E-004
 -3.367490214996373E-003 -1.929934774620689E-004
 -2.667756017374955E-002  4.274457618173333E-004
 -2.382436455397289E-002  1.037450738988717E-003
  3.611372125789534E-003  1.351435154524952E-003
  4.432868599536196E-002  1.204619285716454E-003
  8.191457760795294E-002  6.228985604200236E-004
  0.101410874090651      -1.857794256256363E-004
  9.521532553640531E-002 -9.130398132956792E-004
  6.599168316148697E-002 -1.270940223169563E-003
  2.547895682722467E-002 -1.104709128517540E-003
 -1.027177040520048E-002 -4.544917924403635E-004
 -2.729871201504238E-002  4.571366266090674E-004
 -1.921485002174530E-002  1.307473154168319E-003
  1.037671658718283E-002  1.795001557150043E-003
  4.944641886256347E-002  1.753272370149130E-003
  8.240466844765593E-002  1.212738417833164E-003
  9.630143416972332E-002  3.858766307451048E-004
  8.589284358210500E-002 -4.182431260568885E-004
  5.559245429414653E-002 -9.149636581464981E-004
  1.758318269549017E-002 -9.515712619050918E-004
 -1.310846293147079E-002 -5.590930248062828E-004
 -2.458656834133969E-002  6.982922940976306E-005
 -1.273359396574647E-002  6.649383951862478E-004
  1.728496676147249E-002  9.885808716399861E-004
  5.320720989702072E-002  9.282188230279176E-004
  8.063337654718992E-002  5.361298022102501E-004
  8.875426639669366E-002  2.559288527831050E-006
  7.457274118686172E-002 -4.257373978365800E-004
  4.397171185031607E-002 -5.487793273610827E-004
  9.253815092304649E-003 -2.971555335513801E-004
 -1.582159601729539E-002  2.376163532567369E-004
 -2.150498974381509E-002  8.389735590080408E-004
 -5.858604625188730E-003  1.253253685264314E-003
  2.458462710515897E-002  1.293835451630126E-003
  5.752055465540729E-002  9.187304040261032E-004
  7.981737483492209E-002  2.499929929500612E-004
  8.271823121297281E-002 -4.724920975353373E-004
  6.524322211220147E-002 -9.836285403264991E-004
  3.447139582442043E-002 -1.094952151883467E-003
  2.634811907835559E-003 -7.659854488707224E-004
 -1.778218627658873E-002 -1.182886989261638E-004
 -1.897371446244933E-002  6.120986434542805E-004
 -8.246682444290065E-004  1.164770698483195E-003
  2.915724990580069E-002  1.352799388355811E-003
  5.891739515306461E-002  1.130877454292162E-003
  7.667841718630136E-002  6.078954319969960E-004
  7.558185921310814E-002 -2.491053412210908E-007
  5.631746115859868E-002 -4.582415616733073E-004
  2.673265269510399E-002 -6.039617356114417E-004
 -1.377920583174407E-003 -4.090884981702864E-004
 -1.699263251124725E-002  1.576568349324397E-005
 -1.420594065823576E-002  4.718414953899393E-004
  5.515923438593715E-003  7.567702192693800E-004
  3.402717346931323E-002  7.478354247446529E-004
  5.982559154975868E-002  4.506443804421257E-004
  7.265408567581540E-002 -5.277695535503219E-006
  6.754228459887889E-002 -4.210139806829033E-004
  4.669788178891362E-002 -6.103985992147740E-004
  1.853095968842893E-002 -4.768686158898711E-004
 -5.761227763986192E-003 -5.448941107341632E-005
 -1.666320527049742E-002  5.032548726668046E-004
 -1.008191982437705E-002  9.827311691205118E-004
  1.110898334997590E-002  1.194157447325509E-003
  3.829998003893909E-002  1.046925111515696E-003
  6.062556951105480E-002  5.861382104577704E-004
  6.928649687495986E-002 -2.417484522699209E-005
  6.099511349990212E-002 -5.642493192231352E-004
  3.919564406609832E-002 -8.427817668790929E-004
  1.260920204502279E-002 -7.688470028708799E-004
 -8.283504167521841E-003 -3.838277874693132E-004
 -1.540296434197517E-002  1.580146273835034E-004
 -6.222555379191283E-003  6.514920641241742E-004
  1.531883076751462E-002  9.200090609308002E-004
  4.047052425563211E-002  8.816227274933052E-004
  5.919866279575375E-002  5.765263210728052E-004
  6.416765805238908E-002  1.462311471089369E-004
  5.359497442711625E-002 -2.263457641875575E-004
  3.186855502040994E-002 -3.914734980281789E-004
  7.716843595516235E-003 -2.919377393206204E-004
 -9.308653373116980E-003  1.639765521103428E-005
 -1.262306942486920E-002  3.904227686856844E-004
 -1.168440535366272E-003  6.607633885208613E-004
  2.024924894621040E-002  7.025860945926575E-004
  4.294693981433067E-002  4.873440251451672E-004
  5.785607584825097E-002  9.479817995685338E-005
  5.911671377077895E-002 -3.190109980191590E-004
  4.635158333436781E-002 -5.845128658031507E-004
  2.473976035644958E-002 -5.868005167361974E-004
  2.892151449203826E-003 -3.122192795260230E-004
 -1.060001081236642E-002  1.449151698489434E-004
 -1.056043334274584E-002  6.179915247223031E-004
  2.774238661700701E-003  9.321142319571144E-004
  2.392311038865306E-002  9.713576021574949E-004
  4.439857947297812E-002  7.229588585628529E-004
  5.609906296047611E-002  2.812914377139260E-004
  5.450032325020455E-002 -1.896037852425362E-004
  4.038817612022672E-002 -5.197815848194194E-004
  1.946975380278622E-002 -5.981007323116132E-004
  4.793752612885121E-005 -4.125768968725046E-004
 -1.029424858417826E-002 -5.120887382211769E-005
 -7.675338856273730E-003  3.359725323882268E-004
  6.609420422019433E-003  5.976837798490193E-004
  2.667972618691867E-002  6.405531884490713E-004
  4.446410303490875E-002  4.635413423930535E-004
  5.292321391111150E-002  1.547779253950840E-004
  4.881644175093936E-002 -1.469931040863426E-004
  3.392519193750815E-002 -3.103024409751723E-004
  1.427245504609231E-002 -2.647587958501489E-004
 -2.323059203030363E-003 -2.928191384756694E-005
 -9.366708569136215E-003  2.962948906704412E-004
 -4.238428687981290E-003  5.725426450278241E-004
  1.082595731046860E-002  6.777579572880730E-004
  2.968777308640778E-002  5.580457880159265E-004
  4.478824514579619E-002  2.500116875202726E-004
  5.015765669714804E-002 -1.329121496778991E-004
  4.375396729573875E-002 -4.448400893116810E-004
  2.821610897516688E-002 -5.646779154707946E-004
  9.756765590891165E-003 -4.435356206505471E-004
 -4.341369704809096E-003 -1.237733106286626E-004
 -8.616648073039407E-003  2.774935112818081E-004
 -1.559086549030928E-003  6.136400106544735E-004
  1.385014584188130E-002  7.646387377964023E-004
  3.138039189161609E-002  6.821405724527653E-004
  4.405793285296829E-002  4.062088399597760E-004
  4.692878118956123E-002  4.765884989085097E-005
  3.898304468792235E-002 -2.565156256304398E-004
  2.349339390497603E-002 -3.967008611759457E-004
  6.657585882749875E-003 -3.320362450398094E-004
 -4.893545544443728E-003 -1.036274311309364E-004
 -6.721426108783718E-003  1.849125280297768E-004
  1.700641619644027E-003  4.110604527972035E-004
  1.683944780951874E-002  4.832048339661030E-004
  3.256052222379990E-002  3.767252567355883E-004
  4.259314052157599E-002  1.422741769243682E-004
  4.301248886232494E-002 -1.164576835215175E-004
  3.375753820623149E-002 -2.860472357850772E-004
  1.859873381967442E-002 -2.900700880746039E-004
  3.590953672336394E-003 -1.205039665292417E-004
 -5.354573851514309E-003  1.586410971727448E-004
 -4.806694955005499E-003  4.367530925881354E-004
  4.863205544461946E-003  6.008193356074589E-004
  1.968085516334030E-002  5.806925124356204E-004
  3.369010840488731E-002  3.773845761973292E-004
  4.133435381657657E-002  6.320628976269797E-005
  3.964642277731595E-002 -2.461708488918370E-004
  2.938449179362198E-002 -4.365281358356838E-004
  1.468031797289994E-002 -4.390364374452423E-004
  1.360125404274921E-003 -2.561327844043239E-004
 -5.379482057268824E-003  4.050698082020164E-005
 -3.013292294672942E-003  3.386622751845272E-004
  7.355353431881551E-003  5.293011192374384E-004
  2.148414625131376E-002  5.480772169470554E-004
  3.371347000437981E-002  3.985161965930854E-004
  3.922192062221937E-002  1.482689781976273E-004
  3.591689480840762E-002 -9.949690725294677E-005
  2.521893776303345E-002 -2.477902629119423E-004
  1.144656116518165E-002 -2.438683748861078E-004
  6.549675255527553E-005 -9.871999743814936E-005
 -4.488935399093254E-003  1.193714778981712E-004
 -5.495151999088675E-004  3.140802041486618E-004
  1.016529868260001E-002  4.009631030522846E-004
  2.328140998407485E-002  3.418646869661814E-004
  3.353834629984533E-002  1.600841919472671E-004
  3.688313903063212E-002 -6.950822326425992E-005
  3.205634534661873E-002 -2.511333778095966E-004
  2.105058011595762E-002 -3.070474434377943E-004
  8.276573206407499E-003 -2.091337104954570E-004
 -1.214976264250928E-003  9.399958931323100E-006
 -3.739316610480864E-003  2.667516670783286E-004
  1.584769528216825E-003  4.645133897901132E-004
  1.252570177537283E-002  5.261802077588554E-004
  2.466418659797421E-002  4.269717372961472E-004
  3.316941445403098E-002  2.033036618425990E-004
  3.471241672279075E-002 -6.163664587025149E-005
  2.875879865397923E-002 -2.703197688046522E-004
  1.773924010743411E-002 -3.484104260032933E-004
  6.046751991428153E-003 -2.726820286214182E-004
 -1.726148460463564E-003 -7.858793773841620E-005
 -2.602991783252716E-003  1.550648526281530E-004
  3.626173412761900E-003  3.378663191925061E-004
  1.436394459650219E-002  4.031962238170811E-004
  2.527402891775931E-002  3.333179693145760E-004
  3.202044570333949E-002  1.645742983516592E-004
  3.198039803396839E-002 -2.888664328197963E-005
  2.525446334920563E-002 -1.659350704782797E-004
  1.458541340010449E-002 -1.913022084605950E-004
  4.233978229428310E-003 -9.734026909922612E-005
 -1.728664827060225E-003  7.378130676159286E-005
 -1.028180666621400E-003  2.480087160315892E-004
  5.939683107209847E-003  3.499984290895349E-004
  1.630432669304754E-002  3.339491075298994E-004
  2.589125024118772E-002  2.023012127433358E-004
  3.089170151494329E-002  4.918799263738358E-006
  2.936382553376100E-002 -1.807672842137148E-004
  2.197438023290858E-002 -2.805995079574529E-004
  1.169875935573560E-002 -2.531807753001544E-004
  2.612811966535625E-003 -1.063348508558589E-004
 -1.733073698750914E-003  1.058639102158758E-004
  2.908406397938539E-004  3.041673424424623E-004
  7.777108972645638E-003  4.149048776702265E-004
  1.767556810451107E-002  3.982758542128317E-004
  2.602835585038117E-002  2.631606280982831E-004
  2.954544524983901E-002  6.285388169929494E-005
  2.689343879842501E-002 -1.263242040883868E-004
  1.919281047869333E-002 -2.349024538732121E-004
  9.538857669150884E-003 -2.267941921769539E-004
  1.749981469933822E-003 -1.121846918999400E-004
 -1.150871508704753E-003  5.798443979336224E-005
  1.882172560772356E-003  2.133540692334929E-004
  9.534993298044362E-003  2.925445719748376E-004
  1.868864777697517E-002  2.672379724300920E-004
  2.567933651300853E-002  1.525079845677093E-004
  2.775482903061334E-002 -4.084145797818747E-007
  2.414888205882500E-002 -1.256717491433999E-004
  1.635466664561811E-002 -1.698760446144185E-004
  7.500934105285283E-003 -1.136733226925957E-004
  1.090675792764937E-003  2.058490980202961E-005
 -3.898132047699058E-004  1.780804127352527E-004
  3.560243106572253E-003  2.937737830893364E-004
  1.128622918882599E-002  3.186629754074563E-004
  1.966281110523958E-002  2.395475656286073E-004
  2.535021980983469E-002  8.447194663521738E-005
  2.611741120468999E-002 -8.822138163122046E-005
  2.170824265775876E-002 -2.127810914059914E-004
  1.391495591884089E-002 -2.417501512429453E-004
  5.841326056584218E-003 -1.643390658321125E-004
  6.582615467609330E-004 -1.032940547819143E-005
  3.507829386052717E-004  1.618531212125882E-004
  4.951475077416933E-003  2.880233115916622E-004
  1.255612422777412E-002  3.229803562774009E-004
  2.010394323468300E-002  2.574254795865004E-004
  2.460300697460105E-002  1.205929002778595E-004
  2.431033256692684E-002 -3.215659484206494E-005
  1.940116813179108E-002 -1.416189963260255E-004
  1.187069300855343E-002 -1.679627206247003E-004
  4.718355310275032E-003 -1.057325666253488E-004
  7.477320478908836E-004  1.509268944739100E-005
  1.461775047262131E-003  1.421073961710247E-004
  6.488527138342727E-003  2.221010464350194E-004
  1.375636752669396E-002  2.225294390295183E-004
  2.033844110143523E-002  1.442837580060679E-004
  2.362266776912153E-002  2.080998930052652E-005
  2.234010797201815E-002 -9.585938893162663E-005
  1.704728439413743E-002 -1.563986916863264E-004
  9.879777037257327E-003 -1.342085412748991E-004
  3.685083447440853E-003 -3.617883537369142E-005
  8.864944701118005E-004  1.000141540277108E-004
  2.530935151571416E-003  2.208920091690169E-004
  7.894447510636882E-003  2.783954200992739E-004
  1.479320374298034E-002  2.488867928939249E-004
  2.046699254097005E-002  1.424386197239431E-004
  2.267783610278329E-002 -1.176199841606523E-006
  2.058656745175666E-002 -1.280933162736888E-004
  1.506426265720601E-002 -1.913167773476631E-004
  8.323679543325671E-003 -1.687527237497310E-004
  3.026163038883914E-003 -7.130015796778164E-005
  1.224427805385555E-003  6.201193044029667E-005
  3.561201713910686E-003  1.797207055737982E-004
  9.036495170410120E-003  2.381229858060402E-004
  1.542704861829457E-002  2.179769899810043E-004
  2.018264718992155E-002  1.312413479747618E-004
  2.143818688046215E-002  1.541861077412345E-005
  1.873997179991515E-002 -8.200452068144755E-005
  1.320354899624164E-002 -1.226719284682751E-004
  7.049159222302735E-003 -9.239506094331136E-005
  2.707592580834567E-003 -6.232040990369129E-006
  1.856142634313029E-003  9.822189964851753E-005
  4.766674489817811E-003  1.764540325421167E-004
  1.021886373657058E-002  1.951898871720345E-004
  1.600459938266302E-002  1.457973317456698E-004
  1.981553530842598E-002  4.764397455934356E-005
  2.015739084541197E-002 -5.981906955754619E-005
  1.692922453101594E-002 -1.329733009244322E-004
  1.144357278717571E-002 -1.415324355915165E-004
  5.887571000237229E-003 -8.065125771192721E-005
  2.446092748265738E-003  2.711788903223544E-005
  2.438304796598090E-003  1.407125563030653E-004
  5.808646344566051E-003  2.166896016909850E-004
  1.116825484480150E-002  2.261761761747335E-004
  1.636252687987846E-002  1.659713682826642E-004
  1.933297906330500E-002  5.950958237763381E-005
  1.892867054841096E-002 -5.256301897471926E-005
  1.534739422025946E-002 -1.283641525780262E-004
  1.003776924111214E-002 -1.409516294026255E-004
  5.108802752273350E-003 -8.836877860147044E-005
  2.487374197643113E-003  6.260264722261638E-006
  3.160146224311882E-003  1.044289885625232E-004
  6.798106119828242E-003  1.677357741739767E-004
  1.190639143008708E-002  1.729504617601644E-004
  1.643242791291840E-002  1.207330643052830E-004
  1.858532298111140E-002  3.469418792996477E-005
  1.753963316568498E-002 -4.863462704018454E-005
  1.374712975146270E-002 -9.476509731727459E-005
  8.739155320454790E-003 -8.511232552277920E-005
  4.505191046705147E-003 -2.425066650105012E-005
  2.699469579744049E-003  6.222573978819530E-005
  3.991730762411733E-003  1.382537697313176E-004
  7.816626531747818E-003  1.719484878338482E-004
  1.261501663992780E-002  1.484578474338738E-004
  1.646464034318159E-002  7.591889647233017E-005
  1.784525896046308E-002 -1.779238226172917E-005
  1.623392461282249E-002 -9.614670979155642E-005
  1.229757606352508E-002 -1.284206858174073E-004
  7.612659297688234E-003 -1.017801962352294E-004
  4.029384670517168E-003 -2.624080995424193E-005
  2.936942843562607E-003  6.937708664181106E-005
  4.721416596031515E-003  1.488096049222529E-004
  8.627756347657896E-003  1.824804094425791E-004
  1.307447624352354E-002  1.588272700687842E-004
  1.629016433748318E-002  8.843148981356602E-005
  1.701567695915614E-002 -5.495262901904555E-007
  1.499368567696434E-002 -7.370727959406317E-005
  1.105533067794245E-002 -1.039034617506429E-004
  6.775690597842028E-003 -8.164192242760319E-005
  3.840535879745554E-003 -1.827987203647162E-005
  3.378796434538795E-003  5.903996116978031E-005
  5.524970422818604E-003  1.185687894296749E-004
  9.380957721664789E-003  1.367010017995296E-004
  1.338648654888016E-002  1.072119914115407E-004
  1.594571955987081E-002  4.338308039975420E-005
  1.605863996828365E-002 -2.770662016751655E-005
  1.370762384708249E-002 -7.632092624522212E-005
  9.850011929874900E-003 -8.211846864880813E-005
  6.025384096646401E-003 -4.229774756753094E-005
  3.738380935661581E-003  2.736450351860252E-005
  3.864273842337423E-003  9.891689892893063E-005
  6.311894324187444E-003  1.434546999097496E-004
  1.007341436426759E-002  1.426529996127558E-004
  1.363571110542758E-002  9.603248374306084E-005
  1.558552763865791E-002  2.111848725692269E-005
  1.516649550004174E-002 -5.350406813662459E-005
  1.256861490657847E-002 -9.943131235319700E-005
  8.839684278134806E-003 -9.950637234273273E-005
  5.459145261045676E-003 -5.436404326791160E-005
  3.747597385683057E-003  1.805631117689460E-005
  4.347637185189521E-003  8.974000946910405E-005
  6.980062379578840E-003  1.336330136767126E-004
  1.056771601430137E-002  1.340987139992371E-004
  1.367265761768259E-002  9.270839960511973E-005
  1.506936394439910E-002  2.718152820899841E-005
  1.422552606983410E-002 -3.597577044787879E-005
  1.150187406487641E-002 -7.211459093572668E-005
  7.996241336192774E-003 -6.811103562135912E-005
  5.098738955624574E-003 -2.726125315186069E-005
  3.938066526761571E-003  3.243949501059170E-005
  4.939348630519744E-003  8.582736416146985E-005
  7.666574214434669E-003  1.108161656673174E-004
  1.100771014546177E-002  9.723918121077833E-005
  1.362429446382904E-002  5.078832781233357E-005
  1.448394493452376E-002 -9.448398674170586E-006
  1.326410876670985E-002 -5.878585016823796E-005
  1.046935611799606E-002 -7.690583460301683E-005
  7.220025361885350E-003 -5.599549750013704E-005
  4.800521336925610E-003 -3.842125942121100E-006
  4.149265516727735E-003  5.929555933693393E-005
  5.492711240410790E-003  1.087403780108879E-004
  8.265969656459699E-003  1.251407662451516E-004
  1.134726923845795E-002  1.020413924379345E-004
  1.350907016897739E-002  4.831897460674728E-005
  1.390446172065201E-002 -1.541747519228397E-005
  1.239616644974503E-002 -6.497394365371617E-005
  9.600462970815130E-003 -8.200832222906741E-005
  6.632828621887121E-003 -6.103761631733031E-005
  4.660136378500443E-003 -1.130658408480261E-005
  4.439130305871416E-003  4.712876281970356E-005
  6.023692576234240E-003  9.146417337025767E-005
  8.754055535492329E-003  1.051146271868075E-004
  1.152806422861264E-002  8.404439849030482E-005
  1.324316312452964E-002  3.801941906515303E-005
  1.323196872574081E-002 -1.361245979600554E-005
  1.151943150909231E-002 -4.984029094552000E-005
  8.802614554541755E-003 -5.640395149309407E-005
  6.165174034376164E-003 -3.135833478972500E-005
  4.643279206525673E-003  1.437233384759409E-005
  4.816699082380387E-003  6.158906665549900E-005
  6.586289092753401E-003  9.065532700239949E-005
  9.223088096703342E-003  8.941108611317925E-005
  1.166565378008979E-002  5.801122005801932E-005
  1.294450511754795E-002  8.798475172958202E-006
  1.256407550036767E-002 -3.868405161942094E-005
  1.069184036518325E-002 -6.550905746215397E-005
  8.082669541579102E-003 -6.088063366276576E-005
  5.772130503836626E-003 -2.637548251206666E-005
  4.663279320160313E-003  2.473435633456476E-005
  5.171755390462754E-003  7.275872082687909E-005
  7.068565004468526E-003  9.933643722078829E-005
  9.579803768300321E-003  9.457532662779047E-005
  1.170018973390382E-002  6.078757592916197E-005
  1.259343330820100E-002  1.140136373057785E-005
  1.192001456803108E-002 -3.445239666999416E-005
  9.963946324462484E-003 -5.948604585506344E-005
  7.511393547285470E-003 -5.493754457406726E-005
  5.532742682271843E-003 -2.378152708629328E-005
  4.796607565355217E-003  2.072859410860202E-005
  5.569261185861310E-003  6.052568097293040E-005
  7.516976001403607E-003  7.997124389092179E-005
  9.846860178795892E-003  7.198304677021366E-005
  1.162702316777273E-002  4.064663290827129E-005
  1.215691851858956E-002 -6.588154834940477E-007
  1.124078447199939E-002 -3.479788324712522E-005
  9.257554305798665E-003 -4.781913572578284E-005
  7.002599859788283E-003 -3.451694968427511E-005
  5.367196942041744E-003 -4.225161715870487E-007
  4.984765214991366E-003  4.051970917833679E-005
  5.984178967437291E-003  7.161109714756356E-005
  7.946084943831255E-003  8.010354045117564E-005
  1.007654041199929E-002  6.227380186026678E-005
  1.152619621394329E-002  2.487046891585669E-005
  1.172677837460908E-002 -1.760281753358854E-005
  1.061165004587557E-002 -4.865000654834862E-005
  8.634976554220483E-003 -5.628232585319879E-005
  6.584837284684773E-003 -3.768294791746923E-005
  5.267111968923082E-003 -2.205026092904581E-007
  5.186909797080047E-003  4.154206809111198E-005
  6.353435228530655E-003  7.161472923078810E-005
  8.283581502136664E-003  7.881955970371506E-005
  1.019993128200166E-002  6.104598236612595E-005
  1.134210231657775E-002  2.588417930742008E-005
  1.126678332159109E-002 -1.255015635367875E-005
  1.001810029294697E-002 -3.928460368379062E-005
  8.102918965967425E-003 -4.437748219532996E-005
  6.283715062521371E-003 -2.670191809452209E-005
  5.273534800219253E-003  5.825948153169456E-006
  5.455009081746572E-003  3.959827155022086E-005
  6.734087289937478E-003  6.085509642617932E-005
  8.584298799765190E-003  6.117885323203224E-005
  1.026124607714174E-002  4.076497982895727E-005
  1.110006473646247E-002  8.205873368454902E-006
  1.077708081065810E-002 -2.307267511291938E-005
  9.432783424160951E-003 -4.025751569532630E-005
  7.609540619658371E-003 -3.628538501903059E-005
  6.031375774195810E-003 -1.263233763956152E-005
  5.315137711333942E-003  2.132574363691208E-005
  5.728207452176963E-003  5.208947405271945E-005
  7.087818508209372E-003  6.741768470716522E-005
  8.839724185253788E-003  6.116599271236887E-005
  1.028252713126560E-002  3.567442060523580E-005
  1.084691861778777E-002  7.880189020073919E-007
  1.031869781725638E-002 -3.006488782729867E-005
  8.918271073796051E-003 -4.515697953291418E-005
  7.207307307357743E-003 -3.901269653004448E-005
  5.861942595737497E-003 -1.444709151784722E-005
  5.404076941629828E-003  1.867127700423090E-005
  5.997526300445401E-003  4.739674450708247E-005
  7.388609191937703E-003  6.081580411869315E-005
  9.012519962210929E-003  5.426256271097170E-005
  1.022102983436204E-002  3.099894231532209E-005
  1.053977538552765E-002  7.445114606445741E-007
  9.853051891971649E-003 -2.430670175582553E-005
  8.444171375011331E-003 -3.436439716950470E-005
  6.877569494639188E-003 -2.587129645590946E-005
  5.771575892748799E-003 -2.787055156210125E-006
  5.553245636015606E-003  2.513783469897348E-005
  6.292395563380375E-003  4.636338665972712E-005
  7.679266202805661E-003  5.221187119512130E-005
  9.152530777553205E-003  4.031181693143712E-005
  1.012486233696869E-002  1.548210326923628E-005
  1.021548974876800E-002 -1.226171613993521E-005
  9.397734079553586E-003 -3.175104197685065E-005
  8.004456387875112E-003 -3.512791211939613E-005
  6.591328661022080E-003 -2.095294580613360E-005
  5.714024212126210E-003  5.259303886995840E-006
  5.708623100556323E-003  3.326141568038536E-005
  6.561959120439306E-003  5.214223885963460E-005
  7.921834506514425E-003  5.461694470951571E-005
  9.241037014907732E-003  3.984426039170599E-005
  9.996315081033902E-003  1.368010914730349E-005
  9.894707530266021E-003 -1.369805496805738E-005
  8.985897480588586E-003 -3.182533154215247E-005
  7.637575507928590E-003 -3.403209134004581E-005
  6.385547998222620E-003 -1.997063839702376E-005
  5.719640255287299E-003  4.381296253597584E-006
  5.890915799747089E-003  2.919830225982710E-005
  6.816057851520949E-003  4.474761273481897E-005
  8.115258828837679E-003  4.521385289312729E-005
  9.266682283920592E-003  3.090223416609413E-005
  9.814752868226998E-003  7.979736059357461E-006
  9.549183895458403E-003 -1.409938435499425E-005
  8.584434910223973E-003 -2.642420627168003E-005
  7.309667310083401E-003 -2.417450152483645E-005
  6.230876899888335E-003 -8.482061864148413E-006
  5.769170742182879E-003  1.410709534400644E-005
  6.095548613014071E-003  3.432107853586370E-005
  7.066948196638458E-003  4.390331161502997E-005
  8.287350433530129E-003  3.890654849106469E-005
  9.267974021710713E-003  2.123704818327577E-005
  9.621809856994838E-003 -2.143319324965020E-006
  9.215119608989920E-003 -2.201397592341164E-005
  8.216655150171491E-003 -3.056140405442233E-005
  7.026633391971874E-003 -2.445397749706448E-005
  6.115276154565240E-003 -6.117860926087899E-006
  5.836024751922009E-003  1.726823893299129E-005
  6.287597989317590E-003  3.663522442432411E-005
  7.278683718214952E-003  4.459178161009614E-005
  8.407719567901206E-003  3.828526205363409E-005
  9.224565823251749E-003  2.044069128061700E-005
  9.409003620706440E-003 -1.802765630973094E-006
  8.895295366353240E-003 -1.976543475593198E-005
  7.894389587630612E-003 -2.665266590559340E-005
  6.806500449868752E-003 -2.017526745396699E-005
  6.060209951677515E-003 -3.347339612211132E-006
  5.942740442367851E-003  1.682044320461763E-005
  6.488584522782820E-003  3.217892257357783E-005
  7.469635416295191E-003  3.669336157465844E-005
  8.489223030708136E-003  2.879773741343160E-005
  9.141370009353597E-003  1.193352218320743E-005
  9.171379249589275E-003 -6.910715896616073E-006
  8.574275325577965E-003 -2.004795517158120E-005
  7.593109639460730E-003 -2.217787435581212E-005
  6.619265007442177E-003 -1.247994301200041E-005
  6.035590371257379E-003  5.103417369811224E-006
  6.065191398900000E-003  2.348276315255849E-005
  6.685550822848771E-003  3.527196374817136E-005
  7.640966297851903E-003  3.572785728919234E-005
  8.546961788429581E-003  2.461339323105091E-005
  9.044077161315726E-003  6.259157660002001E-006
  8.939549036100114E-003 -1.218024582118563E-005
  8.281075420267726E-003 -2.356515162498535E-005
  7.334504541396046E-003 -2.357198064182840E-005
  6.475659601355163E-003 -1.235330020041321E-005
  6.040288049949998E-003  5.581569530131694E-006
  6.192027617576231E-003  2.319351126433768E-005
  6.860288990623916E-003  3.370451469303499E-005
  7.771573607475205E-003  3.324027492968088E-005
  8.560486328088113E-003  2.228769355977610E-005
  8.915417702880589E-003  5.413664020138303E-006
  8.700832822526879E-003 -1.061441116092381E-005
  8.008197601183280E-003 -1.953810872622834E-005
  7.116472081814057E-003 -1.806447006960889E-005
  6.379110418521218E-003 -7.104258206145941E-006
  6.083296361927939E-003  8.676108919818948E-006
  6.337441986316228E-003  2.278280183213464E-005
  7.030987510039406E-003  2.951465920029176E-005
  7.881325251536326E-003  2.622535239848949E-005
  8.548026819018671E-003  1.433577135826543E-005
  8.768247953206101E-003 -1.286753544907201E-006
  8.459491920004560E-003 -1.431301793004947E-005
  7.749597781768271E-003 -1.949421350370352E-005
  6.923164054436347E-003 -1.474581655682655E-005
  6.306797289472953E-003 -1.952139870787850E-006
  6.139422624378915E-003  1.381204629710095E-005
  6.479122517493627E-003  2.631595348614541E-005
  7.182786296505401E-003  3.064370762774800E-005
  7.965554320428465E-003  2.512014378301246E-005
  8.515409387084885E-003  1.193786243550226E-005
  8.616836921804028E-003 -3.745452590344929E-006
  8.234563539284775E-003 -1.586383072934321E-005
  7.524871011072782E-003 -1.982839073563326E-005
  6.771071761038118E-003 -1.429795446778189E-005
  6.269745169823593E-003 -1.647569112553130E-006
  6.213399132643939E-003  1.302905689637953E-005
  6.615965661631442E-003  2.396702790208468E-005
  7.309936645086653E-003  2.700428201845060E-005
  8.015219522272608E-003  2.118270081423078E-005
  8.451455433244616E-003  9.056854511119986E-006
  8.448785007552240E-003 -4.388955770253873E-006
  8.013320908638164E-003 -1.376354886752834E-005
  7.322124181853567E-003 -1.541579725842846E-005
  6.650705880267565E-003 -8.853934477461574E-006
  6.262692420869833E-003  3.113085310143348E-006
  6.305809119181376E-003  1.554807556492531E-005
  6.755192785103951E-003  2.338700205110528E-005
  7.425741676680478E-003  2.346311278427421E-005
  8.047613014426297E-003  1.575022410202271E-005
  8.374110997645194E-003  3.342179072686030E-006
  8.278857927439019E-003 -8.807248962422772E-006
  7.804004824140574E-003 -1.586912806502035E-005
  7.141142507126010E-003 -1.505378301340710E-005
  6.553434797174011E-003 -6.697963645417958E-006
  6.270597137928564E-003  5.895208769400484E-006
  6.398613170124640E-003  1.778513559007034E-005
  6.879648254153720E-003  2.435248343892867E-005
  7.517268489511480E-003  2.310736390279708E-005
  8.056050519492963E-003  1.463657603795661E-005
  8.283336475049216E-003  2.328952210525914E-006
  8.112609492035426E-003 -8.995316239269039E-006
  7.615818782453815E-003 -1.499540772188102E-005
  6.992630469797286E-003 -1.350027345945507E-005
  6.489676338468167E-003 -5.316934893900030E-006
  6.302436574897987E-003  6.146939312377747E-006
  6.498775506396525E-003  1.627735689677752E-005
  6.994022182490504E-003  2.109795137846486E-005
  7.586683665446442E-003  1.882801549798542E-005
  8.039789005956310E-003  1.054393874463586E-005
  8.175052529553395E-003 -3.024451419181897E-007
  7.942461144412345E-003 -9.299138721229645E-006
  7.438149501359469E-003 -1.284730715336571E-005
  6.864258068756405E-003 -9.584170559475575E-006
  6.447486761327346E-003 -8.963746926450431E-007
  6.349133692748028E-003  9.666822166740871E-006
  6.602293859546042E-003  1.783267273517588E-005
  7.100638919861218E-003  2.031432745401413E-005
  7.642460094650723E-003  1.610930451534853E-005
  8.011764997992750E-003  6.877638940164519E-006
  8.063842757224930E-003 -3.738761257673024E-006
  7.781421020045508E-003 -1.157339345082881E-005
  7.279652331996608E-003 -1.358356295819530E-005
  6.758703637713124E-003 -9.036578547699136E-006
  6.423443897505062E-003  2.283813977041931E-007
  6.402440829928927E-003  1.055379484989813E-005
  6.698281088342187E-003  1.792196371040345E-005
  7.188385042623246E-003  1.953360890564990E-005
  7.675257026520352E-003  1.488368081739778E-005
  7.965595647643951E-003  5.918622070006715E-006
  7.946587229358688E-003 -3.772295246633940E-006
  7.629281979056409E-003 -1.039741740207165E-005
  7.142398735064630E-003 -1.145695028151687E-005
  6.679733712744874E-003 -6.701011716786384E-006
  6.422633223791309E-003  1.817399104195040E-006
  6.468528000868410E-003  1.060009891349307E-005
  6.793677070811280E-003  1.611780912366778E-005
  7.264339388218674E-003  1.621207646252478E-005
  7.691247811884835E-003  1.093022879287726E-005
  7.905224880604038E-003  2.471499014736515E-006
  7.823750494647917E-003 -5.720825253876834E-006
  7.482308906545536E-003 -1.034874133297666E-005
  7.018642784198448E-003 -9.572583743712806E-006
  6.616824584582210E-003 -3.728116396641098E-006
  6.433832910152172E-003  4.828804749344258E-006
  6.537903588582449E-003  1.267728679366067E-005
  6.882845450676925E-003  1.669789508360949E-005
  7.327946715062436E-003  1.530466420628937E-005
  7.694942784221834E-003  9.057077922792359E-006
  7.838996213694939E-003  4.179476575262382E-007
  7.705438864105112E-003 -7.236367867813938E-006
  7.350063681509545E-003 -1.095319897391456E-005
  6.915479551472318E-003 -9.356424569739537E-006
  6.573511801309956E-003 -3.163299629137331E-006
  6.456900737313646E-003  5.129118612396610E-006
  6.607439326494938E-003  1.225206450453135E-005
  6.960799361931188E-003  1.546002382390827E-005
  7.373503801004651E-003  1.359803388245441E-005
  7.680771314436318E-003  7.524564565658360E-006
  7.761926689960698E-003 -2.660381014360803E-007
  7.587423004082371E-003 -6.659254557332788E-006
  7.229167237956365E-003 -9.162639605175748E-006
  6.830608655566971E-003 -6.880125488745157E-006
  6.548999577076650E-003 -8.376390545180561E-007
  6.493051555922027E-003  6.458245716678763E-006
  6.680688974812326E-003  1.204169487776251E-005
  7.033298929507546E-003  1.367545530474179E-005
  7.408214922154841E-003  1.073188394418248E-005
  7.656038510245984E-003  4.422330493545018E-006
  7.679784253710495E-003 -2.706968353984029E-006
  7.472449159918910E-003 -7.802730477067416E-006
  7.118475145441251E-003 -8.841986805964287E-006
  6.759052825940681E-003 -5.427011162302006E-006
  6.535503739615534E-003  1.072561669520169E-006
  6.533432702893400E-003  8.078464666043769E-006
  6.749706904375533E-003  1.283368460847219E-005
  7.094977237366390E-003  1.349069662295752E-005
  7.430228308570637E-003  9.827750567701265E-006
  7.622420183509411E-003  3.315623261898672E-006
  7.596959361006777E-003 -3.482578817240893E-006
  7.366314135480342E-003 -7.932636144098247E-006
  7.023816985393271E-003 -8.363033601022932E-006
  6.705611353776926E-003 -4.704017766355255E-006
  6.536243049913139E-003  1.513678868496345E-006
  6.579631697000963E-003  7.789749013004224E-006
  6.814713807761257E-003  1.165598905343505E-005
  7.145018731702644E-003  1.164767049918049E-005
  7.437896006720626E-003  7.861844712493073E-006
  7.577459896792245E-003  1.888997906414019E-006
  7.510130652313154E-003 -3.844596237225441E-006
  7.264886834784542E-003 -7.054168092942981E-006
  6.940597511744937E-003 -6.501555087415188E-006
  6.665922729352300E-003 -2.470876174294416E-006
  6.548029574925743E-003  3.367120767471570E-006
  6.630552730521923E-003  8.639259355376512E-006
  6.877276624309758E-003  1.122365721528787E-005
  7.187611534691976E-003  1.009122479201951E-005
  7.437283906910360E-003  5.702975109408729E-006
  7.527793831864313E-003 -1.884192158925160E-007
  7.424968335781426E-003 -5.246563136391008E-006
  7.171534820122807E-003 -7.482115173474068E-006
  6.869124543126307E-003 -6.035468300282844E-006
  6.637262259285531E-003 -1.503913478734827E-006
  6.565881448591570E-003  4.310021022643364E-006
  6.680221608169092E-003  9.122096549459683E-006
  6.931796674346018E-003  1.107000581781531E-005
  7.218622859073062E-003  9.438396729175966E-006
  7.426286996729547E-003  4.922135970252780E-006
  7.473325280146428E-003 -6.690792531397046E-007
  7.342920806101627E-003 -5.139894953329852E-006
  7.088596896938240E-003 -6.778204067646690E-006
  6.812037747351870E-003 -5.019125011699248E-006
  6.622207817553285E-003 -6.456005343656112E-007
  6.592195979802164E-003  4.545924967076825E-006
  6.730868705351301E-003  8.473996352051771E-006
  6.980314976153653E-003  9.600608873714696E-006
  7.239713901118805E-003  7.530574906664233E-006
  7.405806581643204E-003  3.148430708693314E-006
  7.413736847809876E-003 -1.753999139811847E-006
  7.262117555477262E-003 -5.204060428989384E-006
  7.012648581801829E-003 -5.835677197855093E-006
  6.764809919794183E-003 -3.424835389452810E-006
  6.615994571623205E-003  1.035479112426812E-006
  6.623047861766000E-003  5.744236851815715E-006
  6.780390801502604E-003  8.816703891209569E-006
  7.023130395675327E-003  9.033161715611405E-006
  7.253563681632051E-003  6.315325585142116E-006
  7.380261678555036E-003  1.745492791105525E-006
  7.354106332703752E-003 -2.873263626921750E-006
  7.187085397226707E-003 -5.736138637511314E-006
  6.946670016428135E-003 -5.747297068078822E-006
  6.728352267019191E-003 -2.941902659385789E-006
  6.617511693063401E-003  1.543001646707665E-006
  6.655833109795711E-003  5.930910935542298E-006
  6.825477432522510E-003  8.513037638079939E-006
  7.057000101320130E-003  8.317935820807860E-006
  7.257541300900430E-003  5.480279216606302E-006
  7.347853592909913E-003  1.168161261340456E-006
  7.293408236033963E-003 -2.895389905117836E-006
  7.117377089775940E-003 -5.121423750173265E-006
  6.890626803828796E-003 -4.679305627940660E-006
  6.703015913272611E-003 -1.810775016710941E-006
  6.627610067997359E-003  2.285211939541223E-006
  6.692058593486167E-003  5.944423006080738E-006
  6.868337269026540E-003  7.705505202576738E-006
  7.084641041074146E-003  6.887176156054872E-006
  7.254402788023851E-003  3.847299365103720E-006
  7.310720630907650E-003 -1.740501100905495E-007
  7.232510571008054E-003 -3.559350478505746E-006
  7.052171004345754E-003 -4.961363787922461E-006
  6.842000425944412E-003 -3.835285969329101E-006
  6.685045520828606E-003 -6.461191715534684E-007
  6.642126208481910E-003  3.326542222722217E-006
  6.728123433972649E-003  6.503809149097413E-006
  6.906764512738241E-003  7.634926339554495E-006
  7.105697092953442E-003  6.287380477105645E-006
  7.245600013787250E-003  3.007897796151564E-006
  7.271624182726965E-003 -9.048318101350976E-007
  7.174706746486408E-003 -3.920739573939701E-006
  6.994484842189064E-003 -4.882869556708478E-006
  6.802926231027242E-003 -3.456255717643361E-006
  6.675425930689565E-003 -2.465356678985861E-007
  6.660971589956867E-003  3.453483302799944E-006
  6.763178646349785E-003  6.183695528867831E-006
  6.939528983658568E-003  6.893885185489907E-006
  7.118847194410412E-003  5.349707832807294E-006
  7.229842269656317E-003  2.210053129798518E-006
  7.229275541668814E-003 -1.249436901592465E-006
  7.118630958238891E-003 -3.651785729016597E-006
  6.942869662901570E-003 -4.065523663323508E-006
  6.772023751979906E-003 -2.366239073165019E-006
  6.673153705321057E-003  7.272860397764082E-007
  6.683891397259814E-003  3.951654186810635E-006
  6.797999788878844E-003  6.008893555566140E-006
  6.968479504409428E-003  6.082864544945872E-006
  7.126738106381262E-003  4.157401298341849E-006
  7.210012513454294E-003  1.012952296858470E-006
  7.186087934918026E-003 -2.092550203208252E-006
  7.065584980573770E-003 -3.928000548954781E-006
  6.897140969729126E-003 -3.776566312207651E-006
  6.747638864942683E-003 -1.713667656682190E-006
  6.675514075097847E-003  1.431666086812504E-006
  6.707787388332952E-003  4.412615507546974E-006
  6.829844656345922E-003  6.060976984456527E-006
  6.991815694144718E-003  5.746035161906241E-006
  7.128789964830196E-003  3.615374325084756E-006
  7.186679815895824E-003  5.257320726039026E-007
  7.143430207046634E-003 -2.304362435879234E-006
  7.017263004210011E-003 -3.779112705857123E-006
  6.858888132717718E-003 -3.354063541373191E-006
  6.730993522749952E-003 -1.240678795381664E-006
  6.683303540122826E-003  1.690271466040698E-006
  6.733125180647341E-003  4.263624213908851E-006
  6.858987810240361E-003  5.468847601727049E-006
  7.009697438277985E-003  4.856166751837380E-006
  7.125002008592680E-003  2.704479676379446E-006
  7.159532180739021E-003 -1.016725830008345E-007
  7.100509950048362E-003 -2.432853900839698E-006
  6.972319194402434E-003 -3.366794693823776E-006
  6.826324614382888E-003 -2.551459317702113E-006
  6.720178030067204E-003 -3.367034379550374E-007
  6.694942931019545E-003  2.374244393769720E-006
  6.759108446879316E-003  4.490675421737720E-006
  6.885709015581248E-003  5.169750919850960E-006
  7.023496587166457E-003  4.147997531525345E-006
  7.117545626194588E-003  1.839138085127308E-006
  7.131011336523455E-003 -8.373369189386006E-007
  7.059426685519701E-003 -2.825492710357190E-006
  6.931997683410863E-003 -3.351557852747036E-006
  6.799574605296644E-003 -2.225776121260390E-006
  6.714246239540251E-003  9.011593669956041E-008
  6.708741986413035E-003  2.673204959643884E-006
  6.783783085485343E-003  4.508821510303274E-006
  6.908264562954312E-003  4.890806701767416E-006
  7.032008622375498E-003  3.694339866032780E-006
  7.105866900415528E-003  1.415653667156100E-006
  7.101121768567403E-003 -1.033481933097154E-006
  7.020531547794910E-003 -2.691674430893963E-006
  6.896778059490558E-003 -2.927379861387771E-006
  6.779114460506831E-003 -1.681989160746812E-006
  6.713661815874098E-003  5.172529731133459E-007
  6.725232540128250E-003  2.775931846207797E-006
  6.807840163003366E-003  4.192669271657917E-006
  6.927517871638838E-003  4.216234289190893E-006
  7.036151731689338E-003  2.858375133634178E-006
  7.090701223717924E-003  6.803777218763830E-007
  7.070133401701427E-003 -1.437923984057176E-006
  6.983412697347193E-003 -2.652033634153418E-006
  6.865520036195482E-003 -2.487685329452573E-006
  6.763249277419163E-003 -1.024415992626692E-006
  6.716542842087185E-003  1.142757526438179E-006
  6.742806872830350E-003  3.145355370833914E-006
  6.830360283714942E-003  4.188629571855772E-006
  6.943473063509394E-003  3.865194021703105E-006
  7.036834029220470E-003  2.311534040372085E-006
  7.073593861213453E-003  1.476471978008352E-007
  7.039801981682425E-003 -1.773415989652341E-006
  6.949585524845639E-003 -2.704626260987654E-006
  6.839159136842586E-003 -2.297613075733373E-006
  6.752195382910414E-003 -7.340654971152994E-007
  6.722462142132402E-003  1.353609995735211E-006
  6.760626925638668E-003  3.137988290522712E-006
  6.850380817515054E-003  3.925205712631224E-006
  6.955277136833860E-003  3.425729144760697E-006
  7.033426040084284E-003  1.861408496608692E-006
  7.054124165171381E-003 -1.308618343873590E-007
  7.009820529831879E-003 -1.757644562320913E-006
  6.918759212561559E-003 -2.384996294486143E-006
  6.817391318333132E-003 -1.786296870515018E-006
  6.745704365998769E-003 -2.250091340535264E-007
  6.731369617567096E-003  1.657774337880610E-006
  6.778988536384024E-003  3.103512093660617E-006
  6.868612795298906E-003  3.538938472971387E-006
  6.963986880039085E-003  2.800890032726309E-006
  7.027114019333541E-003  1.195378940443157E-006
  7.033297299180093E-003 -6.300923978481548E-007
  6.980705545240602E-003 -1.947796941195928E-006
  6.890763990975953E-003 -2.239363895119988E-006
  6.799349285823978E-003 -1.398692238988487E-006
  6.742402254607238E-003  2.309036487974465E-007
  6.741724817665820E-003  1.997773044924062E-006
  6.796570544829676E-003  3.203065012754718E-006
  6.884267203016129E-003  3.377116742637201E-006
  6.969493605475141E-003  2.461724591925483E-006
  7.018419063028277E-003  8.276365640537921E-007
  7.012047779512347E-003 -8.773282434956781E-007
  6.953507289719212E-003 -1.987195059414939E-006
  6.866489678689040E-003 -2.080097472307810E-006
  6.785590748409559E-003 -1.140399156447319E-006
  6.742482609117697E-003  4.417631837504017E-007
  6.753443875830609E-003  2.030852504133897E-006
  6.813154437036853E-003  3.000476889510341E-006
  6.897114760376535E-003  2.980188683288434E-006
  6.971607499684442E-003  1.997234390750512E-006
  7.007154941567431E-003  4.589304684678450E-007
  6.990103811301854E-003 -1.014869942661093E-006
  6.927787482127115E-003 -1.840664813338871E-006
  6.845319968848409E-003 -1.701879631233919E-006
  6.775411077354929E-003 -6.702114067155750E-007
  6.745329299692044E-003  8.286264039055322E-007
  6.766205685179828E-003  2.188899664980808E-006
  6.828870953580487E-003  2.867691458524398E-006
  6.907775289950395E-003  2.599479952485454E-006
  6.971323835980071E-003  1.497925041394238E-006
  6.994450160199550E-003  6.146025756329197E-009
  6.968426700945466E-003 -1.282761748994918E-006
  6.904075976851770E-003 -1.862217260844566E-006
  6.827209951896961E-003 -1.511374825824337E-006
  6.768212965082192E-003 -3.788438312765552E-007
  6.749969724400120E-003  1.080592680459724E-006
  6.778932442674133E-003  2.289246699631593E-006
  6.842810858943218E-003  2.775759814642543E-006
  6.915701190160292E-003  2.359185858088088E-006
  6.968518895201610E-003  1.215939589480939E-006
  6.980535715942790E-003 -1.950870288151888E-007
  6.947446521648470E-003 -1.317593820903460E-006
  6.882829473580918E-003 -1.718458652058529E-006
  6.812519265989441E-003 -1.256272097077439E-006
  6.764220345637705E-003 -1.321215446265972E-007
  6.756533702033212E-003  1.195586565562409E-006
  6.791741438419370E-003  2.196509968663338E-006
  6.855144979323889E-003  2.479170081770701E-006
  6.921122374472857E-003  1.943478726017716E-006
  6.963412875743789E-003  8.156038813246159E-007
  6.965503140690814E-003 -4.468077885146788E-007
  6.927009645993016E-003 -1.339599399429820E-006
  6.863593990965080E-003 -1.512735112590827E-006
  6.800539178734286E-003 -9.069710456962734E-007
  6.762617861387300E-003  2.265975704530774E-007
  6.764310252314221E-003  1.430182270871126E-006
  6.804231939733812E-003  2.223397254032483E-006
  6.865911947497159E-003  2.293851587669444E-006
  6.924520912460610E-003  1.618757412920177E-006
  6.956803990899763E-003  4.704070105425739E-007
  6.950246895395354E-003 -6.950629533960368E-007
  6.907864457779317E-003 -1.420068380302953E-006
  6.846783484247663E-003 -1.426106977054682E-006
  6.791270387872378E-003 -7.211582856582333E-007
  6.763039574366672E-003  4.074143373432225E-007
  6.772711565285730E-003  1.510025980584975E-006
  6.815779045356758E-003  2.154273633023938E-006
  6.874608805738133E-003  2.094885372214863E-006
  6.925600362183631E-003  1.367308302410978E-006
  6.948597419528752E-003  2.691661803988442E-007
  6.934800699637615E-003 -7.613811738381862E-007
  6.890077664360602E-003 -1.320777280003274E-006
  6.832428843210446E-003 -1.198735390142194E-006
  6.784697442964335E-003 -4.580302140102411E-007
  6.765472472047633E-003  5.948796865383980E-007
  6.781806203867851E-003  1.535099186386662E-006
  6.826596914047898E-003  1.989427687067389E-006
  6.881602727850698E-003  1.783414052980698E-006
  6.924813266572463E-003  1.007514832442253E-006
  6.939202508664979E-003 -2.261938838889618E-008
  6.919384055367856E-003 -8.944691180610466E-007
  6.873569692992939E-003 -1.263528235538895E-006
  6.820125974478312E-003 -9.889811662986467E-007
  6.780168368677787E-003 -1.869026543994218E-007
  6.769177194919490E-003  8.189209514760831E-007
  6.790962500364453E-003  1.627689402219455E-006
  6.836328304964103E-003  1.921012420468921E-006
  6.886895451785384E-003  1.587654179812496E-006
  6.922497280619253E-003  7.647879557032278E-007
  6.929173779047889E-003 -2.193763460926261E-007
  6.904596822431185E-003 -9.775572953514295E-007
  6.858820399762744E-003 -1.216809941717158E-006
  6.810127668786805E-003 -8.525245707137597E-007
  6.777687338846926E-003 -3.860624060764219E-008
  6.773967533523911E-003  8.968344756138814E-007
  6.799908010287984E-003  1.583490372529302E-006
  6.844717871129184E-003  1.755449826111498E-006
  6.890310997151376E-003  1.354295332523410E-006
  6.918558833851020E-003  5.486809043953111E-007
  6.918453615273060E-003 -3.360497727514981E-007
  6.890353046826584E-003 -9.490126997182823E-007
  6.845672044661193E-003 -1.052944713026943E-006
  6.802210017788894E-003 -6.162534054055413E-007
  6.777023922654334E-003  1.777167987304843E-007
  6.779699095663389E-003  1.006616052378532E-006
  6.808670965306258E-003  1.538911755075360E-006
  6.852006435821774E-003  1.565449019850889E-006
  6.892270966380986E-003  1.080671520445646E-006
  6.913498437922779E-003  2.820884258481335E-007
  6.907478997302454E-003 -5.106441958146699E-007
  6.876890252746085E-003 -9.838907841228950E-007
  6.834080648130332E-003 -9.541037059651825E-007
  6.796049212732675E-003 -4.387883535242217E-007
  6.777660870327351E-003  3.529552685396443E-007
  6.785803898787325E-003  1.105466600960764E-006
  6.816784340921295E-003  1.522492469986312E-006
  6.857939657275707E-003  1.443766679764700E-006
  6.892772448648665E-003  9.063036837334072E-007
  6.907524437381666E-003  1.269998042843328E-007
  6.896572207749318E-003 -5.854539035367703E-007
  6.864530009839027E-003 -9.535503339348925E-007
  6.824276927513184E-003 -8.397903396525638E-007
  6.791747494299652E-003 -2.986202362272648E-007
  6.779591375841155E-003  4.481523573835905E-007
  6.792223784798560E-003  1.101590885887247E-006
  6.824201901372233E-003  1.404877036774862E-006
  6.862520094880531E-003  1.244033630881320E-006
  6.891859677576306E-003  6.906208145894689E-007
  6.900675639227176E-003 -2.957375238474031E-008
  6.885703092234825E-003 -6.283442283975791E-007
  6.853125944148216E-003 -8.701597554248808E-007
  6.815994876245530E-003 -6.646769081660584E-007
  6.788969758285292E-003 -1.004142301721587E-007
  6.782503103876423E-003  5.928702696794711E-007
  6.798771083333132E-003  1.137182930477931E-006
  6.830934372179008E-003  1.317094191831894E-006
  6.865972254974796E-003  1.064251819656986E-006
  6.889917931239909E-003  4.825482458425742E-007
  6.893391296308121E-003 -1.951845504740537E-007
  6.875238654965031E-003 -7.008821269004983E-007
  6.842868826079125E-003 -8.376202671197247E-007
  6.809201046136594E-003 -5.564451578593441E-007
  6.787480083371419E-003  2.627680729311520E-008
  6.786038357223788E-003  6.770050201747920E-007
  6.805075420947180E-003  1.138727185664704E-006
  6.836697821957832E-003  1.232575367184162E-006
  6.868155960011972E-003  9.271335677373233E-007
  6.886952303874364E-003  3.485591468366107E-007
  6.885775302955238E-003 -2.715958388107520E-007
  6.865312111263396E-003 -6.893334315969402E-007
  6.833859825879232E-003 -7.446221540543066E-007
  6.803935699536324E-003 -4.231582598736338E-007
  6.787269607166266E-003  1.403804238982219E-007
  6.790181004714573E-003  7.179748768408110E-007
  6.811161397656532E-003  1.079914162450682E-006
  6.841585243455585E-003  1.085685170273740E-006
  6.869222588363074E-003  7.381868174164252E-007
  6.883124481819464E-003  1.803859590396465E-007
  6.877930695223940E-003 -3.634037174074518E-007
  6.855906067919118E-003 -6.775768706932204E-007
  6.825934063890596E-003 -6.405459829259387E-007
  6.799909707581717E-003 -2.716268740289842E-007
  6.787995196182167E-003  2.784980798971964E-007
  6.794629495552849E-003  7.891696453003953E-007
  6.816857668647965E-003  1.057989059967835E-006
  6.845606210195703E-003  9.806395450009319E-007
  6.869357454426667E-003  5.908551289288192E-007
  6.878736165546699E-003  4.529560950833014E-008
  6.870182706915633E-003 -4.399272027791419E-007
  6.847274763082231E-003 -6.753210938549068E-007
  6.819209703805170E-003 -5.723731824231441E-007
  6.797088697113359E-003 -1.770062931458385E-007
  6.789502883686619E-003  3.504846155602486E-007
  6.799175769489186E-003  8.003153328618621E-007
  6.821973026194467E-003  9.966443958761816E-007
  6.848636320900979E-003  8.663475347080823E-007
  6.868516276600232E-003  4.662084834434600E-007
  6.873800379698826E-003 -4.157755426290167E-008
  6.862558093106330E-003 -4.551279610907698E-007
  6.839417321928108E-003 -6.132383521524298E-007
  6.813639626812766E-003 -4.584203005589774E-007
  6.795392791338250E-003 -5.796858288451077E-008
  6.791719929433158E-003  4.246300784403280E-007
  6.803802286742963E-003  7.958942528091670E-007
  6.826578349442068E-003  9.094136640102336E-007
  6.850835285314383E-003  7.231458478067322E-007
  6.866910152056889E-003  3.145725670901330E-007
  6.868514851479881E-003 -1.516665932389819E-007
  6.855171637738301E-003 -4.901777584918929E-007
  6.832317121353805E-003 -5.685044256830048E-007
  6.809067731694439E-003 -3.588604798064130E-007
  6.794563737095066E-003  5.224349381721001E-008
  6.794357181122181E-003  4.996973415710195E-007
  6.808270336753227E-003  8.060692155185546E-007
  6.830549399962070E-003  8.518459045726528E-007
  6.852219188268306E-003  6.218303611148068E-007
  6.864676314599952E-003  2.097072692357078E-007
  6.863083016775192E-003 -2.204309161820144E-007
  6.848223593019280E-003 -4.997889880734868E-007
  6.826112398367896E-003 -5.214718056771799E-007
  6.805541146256771E-003 -2.816813015753279E-007
  6.794564730241220E-003  1.203776811112493E-007
  6.797329579790989E-003  5.232287484248437E-007
  6.812492692171272E-003  7.678013423526206E-007
  6.833832725134701E-003  7.601556209396361E-007
  6.852779617460288E-003  5.075153137656790E-007
  6.861835161164438E-003  1.137835221585530E-007
  6.857519951690756E-003 -2.630697343021018E-007
  6.841689246898669E-003 -4.743305133326079E-007
  6.820721683377240E-003 -4.392334178224530E-007
  6.802932543712925E-003 -1.758905737535640E-007
  6.795259651140482E-003  2.073582055428544E-007
  6.800542043465601E-003  5.561688150802176E-007
  6.816458046575638E-003  7.319794596880704E-007
  6.836518091420985E-003  6.666688992911148E-007
  6.852689944069876E-003  3.885710227756581E-007
  6.858595172010890E-003  9.965154442948966E-009
  6.852005463043106E-003 -3.184665838526066E-007
  6.835662639074759E-003 -4.677438333466598E-007
  6.816122826877149E-003 -3.812909154451263E-007
  6.801110336650727E-003 -9.633136668675499E-008
  6.796448562666368E-003  2.720676724803274E-007
  6.803786759941423E-003  5.774711374938577E-007
  6.820009277019931E-003  7.002826523768329E-007
  6.838536097450971E-003  5.945294167437137E-007
  6.851973196248178E-003  3.049183714247589E-007
  6.855045792768704E-003 -5.213678044097354E-008
  6.846651397562745E-003 -3.354981518975657E-007
  6.830234337764183E-003 -4.353336095961997E-007
  6.812358329644782E-003 -3.159395941248906E-007
  6.800067453534570E-003 -2.864874627458101E-008
  6.798095974464771E-003  3.098217951154151E-007
  6.807031663105196E-003  5.645059573619197E-007
  6.823144364515230E-003  6.358019579633513E-007
  6.839923175288819E-003  4.982826050832501E-007
  6.850689846216050E-003  2.095896057154359E-007
  6.851240037189372E-003 -1.136533210296057E-007
  6.841468383004089E-003 -3.428928863242901E-007
  6.825350124795368E-003 -3.887190918771444E-007
  6.809310604055551E-003 -2.357030005760344E-007
  6.799650462528260E-003  5.254121491127017E-008
  6.800057746986188E-003  3.596416686188834E-007
  6.810188705292340E-003  5.632573788134543E-007
  6.825862437575188E-003  5.835763951950114E-007
  6.840768915341060E-003  4.143235115220611E-007
  6.848993371426119E-003  1.242657888006568E-007
  6.847347673757224E-003 -1.709641007474857E-007
  6.836590307095970E-003 -3.551741059392836E-007
  6.821069142885688E-003 -3.574973302384996E-007
  6.806951177945812E-003 -1.797356922774003E-007
  6.799759346012135E-003  1.053719980816295E-007
  6.802199775999550E-003  3.838557614339365E-007
  6.813133740492760E-003  5.460597940261557E-007
  6.828083765009924E-003  5.298146009452568E-007
  6.841051501194842E-003  3.442271840051675E-007
  6.846909917614609E-003  6.498520919699435E-008
  6.843416222009640E-003 -1.965445702300283E-007
  6.832055730047792E-003 -3.378276910007054E-007
  6.817400361363266E-003 -3.054996618604155E-007
  6.805256969466563E-003 -1.156608278136114E-007
  6.800354846801708E-003  1.535854819610349E-007
  6.804492865174582E-003  3.939834936547120E-007
  6.815871633075989E-003  5.104093288572650E-007
  6.829857210352028E-003  4.583084908249891E-007
  6.840853668495058E-003  2.605730044239976E-007
  6.844528369348756E-003 -2.511034575786308E-009
  6.839505523567955E-003 -2.258757466571068E-007
  6.827866620954527E-003 -3.216191997055349E-007
  6.814277435695516E-003 -2.535657696748358E-007
  6.804106627776439E-003 -5.087858545183417E-008
  6.801294078860833E-003  2.043602473057976E-007
  6.806814910322511E-003  4.103227903303247E-007
  6.818337399523796E-003  4.859556760352140E-007
  6.831192527333764E-003  4.027296129671390E-007
  6.840252908404457E-003  1.951962378911917E-007
  6.841965411150005E-003 -5.351803943797507E-008
  6.835732087629656E-003 -2.451943798683521E-007
  6.824103297703917E-003 -3.054847990108900E-007
  6.811724072706692E-003 -2.128914009507019E-007
  6.803468245562271E-003 -6.464559839334355E-009
  6.802509452434563E-003  2.305073093559096E-007
  6.809092103924497E-003  4.040221804462776E-007
  6.820477696686806E-003  4.466107089298950E-007
  6.832070487306008E-003  3.435419989074759E-007
  6.839260504153048E-003  1.378064416122436E-007
  6.839245197139495E-003 -8.777219383265403E-008
  6.832110271506056E-003 -2.438840596221636E-007
  6.820753488277785E-003 -2.701316495270794E-007
  6.809698472371746E-003 -1.584606522279127E-007
  6.803283465358612E-003  4.445759468861639E-008
  6.803949841242724E-003  2.565196162380134E-007
  6.811305182840013E-003  3.932102470080594E-007
  6.822319796888020E-003  4.010920975788464E-007
  6.832562443653661E-003  2.785150179420615E-007
  6.837971809816885E-003  7.554185584648155E-008
  6.836455924970102E-003 -1.265808940792811E-007
  6.828690052129581E-003 -2.479976315794749E-007
  6.817809489014033E-003 -2.418132015301727E-007
  6.808134806341313E-003 -1.121918689600644E-007
  6.803447352288572E-003  8.797726741999955E-008
  6.805502989328104E-003  2.786365835653205E-007
  6.813367846964198E-003  3.845481133844174E-007
  6.823826545868507E-003  3.649282533241676E-007
  6.832685930673786E-003  2.290573465753483E-007
  6.836446098676550E-003  3.190121155054429E-008
  6.833673103841308E-003 -1.482368561790800E-007
  6.825535317232908E-003 -2.409471953661876E-007
  6.815303744350766E-003 -2.113661877813234E-007
  6.807028879064262E-003 -7.338469856588218E-008
  6.803928931172936E-003  1.165877596028055E-007
  6.807130485225204E-003  2.825496723620794E-007
  6.815254020618521E-003  3.592198560081243E-007
  6.824995699424320E-003  3.176514526669737E-007
  6.832460968037933E-003  1.760997364136319E-007
  6.834712036865988E-003 -7.928302099536627E-009
  6.830914663245491E-003 -1.610183057004508E-007
  6.822636977680916E-003 -2.231301148134090E-007
  6.813194684883583E-003 -1.711534064105835E-007
  6.806315319474308E-003 -2.750951205129691E-008
  6.804659309115808E-003  1.493820443976435E-007
  6.808784314360337E-003  2.887384877109862E-007
  6.816955588656638E-003  3.356008306161801E-007
  6.825864926868319E-003  2.723626555046957E-007
  6.831960845594803E-003  1.252241462255731E-007
  6.832855468227147E-003 -4.676535206804187E-008
  6.828251090014048E-003 -1.754976690576646E-007
  6.820027325157968E-003 -2.108445116177151E-007
  6.811466661435094E-003 -1.402138417342755E-007
  6.805937009459337E-003  6.996223614606452E-009
  6.805559733934102E-003  1.715897387104546E-007
  6.810389668916957E-003  2.883568797406662E-007
  6.818423629559449E-003  3.118891903822583E-007
  6.826421950996176E-003  2.342023568809491E-007
  6.831206567811285E-003  8.732768882478997E-008
  6.830915775698610E-003 -6.992958269358589E-008
  6.825720532706670E-003 -1.756018779205817E-007
  6.817727153018650E-003 -1.890623809813488E-007
  6.810116741496086E-003 -1.067296576933278E-007
  6.805872559367852E-003  3.709690558473520E-008
  6.806604191512570E-003  1.843773975043768E-007
  6.811931694121256E-003  2.766359224708821E-007
  6.819664865715513E-003  2.780834791359332E-007
  6.826695173126692E-003  1.894238838638023E-007
  6.830237482751772E-003  4.702475963360295E-008
  6.828925837282666E-003 -9.200180854877922E-008
  6.823332438948611E-003 -1.727032032985887E-007
  6.815713207694567E-003 -1.640025230731695E-007
  6.809091760192056E-003 -7.065830468019215E-008
  6.806053429824571E-003  6.911986700093109E-008
  6.807730087165599E-003  1.992509998067648E-007
  6.813374103149003E-003  2.682096362231813E-007
  6.820681188464434E-003  2.493372021098626E-007
  6.826723606277367E-003  1.510398730018464E-007
  6.829116103693055E-003  1.298669966718502E-008
  6.826950471855589E-003 -1.099904056854787E-007
  6.821132846012614E-003 -1.697585335963812E-007
  6.813999194872817E-003 -1.437890406483606E-007
  6.808371472574024E-003 -4.368176009842069E-008
  6.806435538795134E-003  8.990795598063311E-008
  6.808886805939720E-003  2.037378971038201E-007
  6.814677269635837E-003  2.531730371756582E-007
  6.821455083005310E-003  2.196661321060667E-007
  6.826512865007723E-003  1.176770248691911E-007
  6.827862610230263E-003 -1.154450835725904E-008
  6.825010632975238E-003 -1.166605101352436E-007
  6.819130739488391E-003 -1.566770342767198E-007
  6.812576008928597E-003 -1.169792535120565E-007
  6.807931765721940E-003 -1.469996685562525E-008
  6.806990648507866E-003  1.085402924118614E-007
  6.810055891023552E-003  2.034640427402427E-007
  6.815843305680898E-003  2.327439100700657E-007
  6.822011941576721E-003  1.855942836634391E-007
  6.826104544024302E-003  8.165271883608914E-008
  6.826520218977197E-003 -3.722702632044884E-008
  6.823134501171808E-003 -1.238501377800938E-007
  6.817326971003264E-003 -1.444272890482817E-007
  6.811414165770751E-003 -9.175452867996304E-008
  6.807720549308637E-003  1.230389194283684E-008
  6.807659915983831E-003  1.258584235734389E-007
  6.811190040801718E-003  2.038246103776492E-007
  6.816850606414002E-003  2.157791180071297E-007
  6.822360901065155E-003  1.577716075656630E-007
  6.825532945492104E-003  5.351261394789066E-008
  6.825134643619286E-003 -5.537905678947084E-008
  6.821362638261272E-003 -1.260593938848665E-007
  6.815743740551466E-003 -1.313833276672428E-007
  6.810512231620161E-003 -7.038288827140870E-008
  6.807716737144090E-003  3.174375722377819E-008
  6.808413517644949E-003  1.339731378189681E-007
  6.812263655550994E-003  1.958901318882188E-007
  6.817687390160462E-003  1.936333564372252E-007
  6.822506470263238E-003  1.290615446274206E-007
  6.824813579399612E-003  2.862145187754398E-008
  6.823721984013275E-003 -6.748131679790334E-008
  6.819700954436447E-003 -1.213847519464709E-007
  6.814370486116220E-003 -1.125042742104491E-007
  6.809844341885540E-003 -4.541320142890814E-008
  6.807887603968832E-003  5.234056128346257E-008
  6.809224323764363E-003  1.414702721477218E-007
  6.813266642532110E-003  1.866641328345359E-007
  6.818366253397380E-003  1.704995938415932E-007
  6.822481208490521E-003  1.000833975715884E-007
  6.823988524299253E-003  3.897293294996442E-009
  6.822319368996949E-003 -7.976294020637380E-008
  6.818168442154584E-003 -1.180649577022481E-007
  6.813201035625602E-003 -9.654242295373109E-008
  6.809380862336578E-003 -2.455760342963360E-008
  6.808189785810215E-003  6.872819480096523E-008
  6.810049334237013E-003  1.461483706816275E-007
  6.814169624790153E-003  1.773183526268781E-007
  6.818879147013005E-003  1.505322830900043E-007
  6.822298074771019E-003  7.711212713879439E-008
  6.823084047777043E-003 -1.339853822627678E-008
  6.820954691372901E-003 -8.516395643470017E-008
  6.816783681514282E-003 -1.102928971192210E-007
  6.812238633349009E-003 -7.972612203215888E-008
  6.809110590230098E-003 -6.524432620216402E-009
  6.808604554748152E-003  7.962820484356518E-008
  6.810871956196615E-003  1.444040798625479E-007
  6.814966246680723E-003  1.624644707258439E-007
  6.819232980704705E-003  1.273348462442218E-007
  6.821973892702164E-003  5.367652690226619E-008
  6.822118571082191E-003 -2.882977549727018E-008
  6.819638221933150E-003 -8.744675579579235E-008
  6.815541805361524E-003 -9.937484769843415E-008
  6.811462178666633E-003 -6.062635467016461E-008
  6.809001768412161E-003  1.266842576911202E-008
  6.809099831811921E-003  9.092930433239279E-008
  6.811671006279818E-003  1.430170145620429E-007
  6.815654002409347E-003  1.485708984022189E-007
  6.819445206869595E-003  1.059101415494250E-007
  6.821540241790022E-003  3.243916341612469E-008
  6.821126943812731E-003 -4.249575456073447E-008
  6.818396170146609E-003 -8.936770895446852E-008
  6.814451746247408E-003 -9.013495538222007E-008
  6.810860993257312E-003 -4.520367569371090E-008
  6.809028683423024E-003  2.699510076748837E-008
  6.809644367341946E-003  9.754052884851139E-008
  6.812420373210174E-003  1.385895423808678E-007
  6.816219751451089E-003  1.343495696431433E-007
  6.819517911411446E-003  8.713156882600289E-008
  6.821010670567610E-003  1.616529911601787E-008
  6.820126324173309E-003 -5.024821022585677E-008
  6.817240810893655E-003 -8.604861202494307E-008
  6.813515300918969E-003 -7.767294471837999E-008
  6.810425901603610E-003 -2.922116120395409E-008
  6.809175807425173E-003  3.943430594234159E-008
  6.810223886401614E-003  1.007428380844333E-007
  6.813114266195919E-003  1.304829768531674E-007
  6.816669851693528E-003  1.172895410264488E-007
  6.819467987080413E-003  6.695698558011061E-008
  6.820406188872735E-003 -1.050006089355878E-010
  6.819133095494209E-003 -5.715745394137081E-008
  6.816176323239474E-003 -8.180037543839400E-008
  6.812721139804519E-003 -6.477140205248950E-008
  6.810132512063624E-003 -1.342383509886856E-008
  6.809413131913711E-003  5.141408112631418E-008
  6.810812505821740E-003  1.038620711475359E-007
  6.813739360880966E-003  1.232881485911376E-007
  6.817007546634162E-003  1.023888147598120E-007
  6.819313397934883E-003  4.988806147403863E-008
  6.819752558983511E-003 -1.313396253871769E-008
  6.818171482319225E-003 -6.174051637842411E-008
  6.815217133083375E-003 -7.703876650046967E-008
  6.812069669320943E-003 -5.355023219580304E-008
  6.809968354877821E-003 -1.176864803165956E-009
  6.809721048145382E-003  5.893475341512182E-008
  6.811391317030712E-003  1.029080642488831E-007
  6.814284209868696E-003  1.136026034694027E-007
  6.817231937355105E-003  8.727865503844531E-008
  6.819062201176927E-003  3.486963185825404E-008
  6.819061452213713E-003 -2.256023199409701E-008
  6.817250109739956E-003 -6.229188492036090E-008
  6.814363747200025E-003 -6.895384516080684E-008
  6.811551979555340E-003 -4.048607267648147E-008
  6.809918158347882E-003  1.124626802018405E-008
  6.810084081044602E-003  6.535248325660137E-008
  6.811951343680666E-003  1.003115655411087E-007
  6.814750757243441E-003  1.024932498871013E-007
  6.817356089847494E-003  7.143485843551393E-008
  6.818734301499848E-003  1.983533441887325E-008
  6.818352375087137E-003 -3.165448730469222E-008
  6.816380626958875E-003 -6.271079420647716E-008
  6.813615137407429E-003 -6.136827143884085E-008
  6.811154055461460E-003 -2.863333033764176E-008
  6.809959275424938E-003  2.209500253697077E-008
  6.810478353562361E-003  7.049313518245916E-008
  6.812475175425596E-003  9.743904180408191E-008
  6.815133231418990E-003  9.254762074599944E-008
  6.817386710839484E-003  5.814688090478566E-008
  6.818345262748267E-003  8.175753049899451E-009
  6.817643222759299E-003 -3.748736048650370E-008
  6.815576423060603E-003 -6.095857105135421E-008
  6.812975634268343E-003 -5.337823858541883E-008
  6.810870494882872E-003 -1.827326186994653E-008
  6.810079779504119E-003  3.002196833866813E-008
  6.810890975803138E-003  7.218912940880011E-008
  6.812954469540192E-003  9.163074204081469E-008
  6.815431008459349E-003  8.098457238418184E-008
  6.817330474366128E-003  4.489174524833384E-008
  6.817905308796313E-003 -2.019427630210585E-009
  6.816942341247130E-003 -4.106619835225554E-008
  6.814839197545109E-003 -5.695820006798279E-008
  6.812438248133110E-003 -4.379291280355363E-008
  6.810687253613740E-003 -7.251527281619334E-009
  6.810263330098682E-003  3.781697286307055E-008
  6.811309352667320E-003  7.340115784536668E-008
  6.813385307793637E-003  8.549588250399453E-008
  6.815650674797930E-003  6.958389576852066E-008
  6.817202395410582E-003  3.228803152328185E-008
  6.817432616086035E-003 -1.140381829593240E-008
  6.816264559963871E-003 -4.418047061087277E-008
  6.814175109687969E-003 -5.328132895258755E-008
  6.811998294437782E-003 -3.547414611145412E-008
  6.810590529727371E-003  1.802858294652628E-009
  6.810491901919648E-003  4.353045914757938E-008
  6.811717389645632E-003  7.314780275239067E-008
  6.813758616393683E-003  7.911322809367610E-008
  6.815792364953543E-003  5.938741135190736E-008
  6.817010443315557E-003  2.209840045514338E-008
  6.816938791543012E-003 -1.781816172455605E-008
  6.815619901560007E-003 -4.461737752448516E-008
  6.813588470828044E-003 -4.797380106026751E-008
  6.811652933191669E-003 -2.697676020305858E-008
  6.810572027387793E-003  9.652834171024650E-009
  6.810755732837467E-003  4.715375154631532E-008
  6.812108383046355E-003  7.064838531157841E-008
  6.814073866496666E-003  7.102411004909759E-008
  6.815862099287940E-003  4.844866316201879E-008
  6.816764633326946E-003  1.216532429556787E-008
  6.816433391506454E-003 -2.329629062752887E-008
  6.815012933330822E-003 -4.394349487890309E-008
  6.813076130870297E-003 -4.184639120378326E-008
  6.811391545527964E-003 -1.818649417990536E-008
  6.810616882065600E-003  1.734087323901358E-008
  6.811040725594051E-003  5.048133826882774E-008
  6.812473903006454E-003  6.812174379258376E-008
  6.814331208424665E-003  6.345782959805015E-008
  6.815868418876968E-003  3.859471529283384E-008
  6.816478679759089E-003  3.589503525043623E-009
  6.815930282924810E-003 -2.763444815308189E-008
  6.814452741663247E-003 -4.284217351435462E-008
  6.812639368988035E-003 -3.629492794804283E-008
  6.811207534239854E-003 -1.092269163762679E-008
  6.810713405811562E-003  2.295856633169013E-008
  6.811334556400634E-003  5.182781995000998E-008
  6.812805335966724E-003  6.434429153302221E-008
  6.814528314571761E-003  5.579232625895285E-008
  6.815815187623713E-003  2.984399771125267E-008
  6.816160064091732E-003 -3.017188403848219E-009
  6.815436682475520E-003 -2.973942780620502E-008
  6.813942742950992E-003 -3.989686373662275E-008
  6.812276075088175E-003 -2.976876502737017E-008
  6.811094029552991E-003 -3.708500136609232E-009
  6.810852871642278E-003  2.769845434184830E-008
  6.811630441038001E-003  5.191208279429173E-008
  6.813100931605594E-003  5.942457430092689E-008
  6.814669531794747E-003  4.747496999493356E-008
  6.815711387988075E-003  2.104223070868146E-008
  6.815818944428407E-003 -9.235969255605457E-009
  6.814959806285552E-003 -3.135129265738731E-008
  6.813484057656080E-003 -3.669268980329129E-008
  6.811980343404251E-003 -2.340277669426390E-008
  6.811039791337382E-003  2.983500042128086E-009
  6.811022402486035E-003  3.183109372042214E-008
  6.811918179010104E-003  5.167986206917948E-008
  6.813356477426629E-003  5.478445472740363E-008
  6.814757725540228E-003  4.012142027139571E-008
  6.815565475679240E-003  1.369756347655967E-008
  6.815465930543329E-003 -1.392321815812201E-008
  6.814508385072957E-003 -3.185725584386353E-008
  6.813080443226147E-003 -3.320307582201651E-008
  6.811749924690668E-003 -1.770774982706391E-008
  6.811037876146927E-003  8.231632192815532E-009
  6.811213382140152E-003  3.419280951530680E-008
  6.812190931196880E-003  4.990401194845894E-008
  6.813569390331969E-003  4.929808879707000E-008
  6.814795117521566E-003  3.284538799273239E-008
  6.815382947523877E-003  7.269255759976112E-009
  6.815106888333406E-003 -1.720466789854898E-008
  6.814085622775099E-003 -3.094200191332195E-008
  6.812730570049345E-003 -2.869863399936276E-008
  6.811579039428853E-003 -1.162829429126475E-008
  6.811080081755365E-003  1.326828262330169E-008
  6.811418346144933E-003  3.599730116244551E-008
  6.812444985164769E-003  4.756723318482233E-008
  6.813741344641215E-003  4.352973670641777E-008
  6.814788331276455E-003  2.567325396956994E-008
  6.815172991391369E-003  1.226741081558505E-009
  6.814750131828121E-003 -2.007568052596780E-008
  6.813695779145341E-003 -2.987811486616431E-008
  6.812432934593092E-003 -2.448592714554750E-008
  6.811460827257866E-003 -6.259721594531765E-009
  6.811156542091495E-003  1.740329848185584E-008
  6.811627808278868E-003  3.706325621189610E-008
  6.812674367229508E-003  4.499536603313151E-008
  6.813871597851399E-003  3.821590196038349E-008
  6.814741570130594E-003  1.959161135623086E-008
  6.814942662184645E-003 -3.377749494186946E-009
  6.814402547725170E-003 -2.158883899921319E-008
  6.813342835651415E-003 -2.795290740371936E-008
  6.812187210187968E-003 -2.016485964722462E-008
  6.811391070636384E-003 -1.541887448075767E-009
  6.811261131458312E-003  2.037111653549060E-008
  6.811836409307357E-003  3.684541950421841E-008
  6.812876723868895E-003  4.143464426472608E-008
  6.813961683729069E-003  3.248757408805884E-008
  6.814659429847417E-003  1.372880546305577E-008
  6.814697441867515E-003 -7.293649481328269E-009
  6.814067887289888E-003 -2.224888608007091E-008
  6.813026844558461E-003 -2.532825654908444E-008
  6.811989258863371E-003 -1.550502250253533E-008
  6.811362660980318E-003  3.129260057238544E-009
  6.811386246686556E-003  2.305650137531677E-008
  6.812038822583542E-003  3.635381865652725E-008
  6.813050984858320E-003  3.783166199432165E-008
  6.814015195340798E-003  2.704639039031654E-008
  6.814548830010294E-003  8.408202955739286E-009
  6.814445000932291E-003 -1.063070182568974E-008
  6.813751736571515E-003 -2.256403744319556E-008
  6.812749281233574E-003 -2.279778762604958E-008
  6.811835972017673E-003 -1.142328704794710E-008
  6.811369122065626E-003  6.886206680916675E-009
  6.811524438384228E-003  2.478735051999319E-008
  6.812229250526999E-003  3.520539048274169E-008
  6.813194854090076E-003  3.412382919665686E-008
  6.814033740595243E-003  2.212528940706566E-008
  6.814414152830077E-003  4.093221464753088E-009
  6.814190351909603E-003 -1.278067179175883E-008
  6.813457479957480E-003 -2.187120313275653E-008
  6.812510443604218E-003 -1.972798518376427E-008
  6.811724467851368E-003 -7.390736990158294E-009
  6.811405661590096E-003  1.008892652255709E-008
  6.811671078288275E-003  2.570376543183017E-008
  6.812405231334109E-003  3.328943849722488E-008
  6.813309127798538E-003  2.994847851513849E-008
  6.814021093199985E-003  1.714733620050425E-008
  6.814260596507092E-003  7.244535357897813E-011
  6.813937910012508E-003 -1.447467776306171E-008
  6.813186774019469E-003 -2.079003665759611E-008
  6.812308285254984E-003 -1.650650427549084E-008
  6.811649477991762E-003 -3.481757547744762E-009
  6.811465528422766E-003  1.299651338768332E-008
  6.811820268479929E-003  2.634962996615721E-008
  6.812563758888689E-003  3.132640655117485E-008
  6.813394656770816E-003  2.605940631762026E-008
  6.813981495553433E-003  1.275457469648308E-008
  6.814094095493908E-003 -3.238469108780996E-009
  6.813693033251807E-003 -1.558469935848782E-008
  6.812942431895988E-003 -1.947999964699944E-008
  6.812142138397562E-003 -1.352622578374711E-008
  6.811607265026803E-003 -2.336238873203542E-010
  6.811543459857676E-003  1.502782130807974E-008
  6.811967252105021E-003  2.619115236054827E-008
  6.812702286570773E-003  2.889861812569779E-008
  6.813451825509997E-003  2.219717004616770E-008
  6.813917755742977E-003  8.863957030732109E-009
  6.813918398727803E-003 -5.746555617273248E-009
  6.813458591762207E-003 -1.585653964899866E-008
  6.812725047633740E-003 -1.755402891219356E-008
  6.812009918950170E-003 -1.031090882610539E-008
  6.811593818626655E-003  2.858766751013778E-009
  6.811635110898984E-003  1.664265738839969E-008
  6.812109125084898E-003  2.556403525892053E-008
  6.812820580333299E-003  2.614932940080698E-008
  6.813483241582599E-003  1.827219062356157E-008
  6.813834349588804E-003  5.154910966400514E-009
  6.813738102245793E-003 -7.953795229616177E-009
  6.813237458946707E-003 -1.588283811233313E-008
  6.812534554019559E-003 -1.558174286400513E-008
  6.811908501856568E-003 -7.296088711314785E-009
  6.811603986151049E-003  5.576550622163172E-009
  6.811735081531612E-003  1.787414108202720E-008
  6.812242087519078E-003  2.473492934292965E-008
  6.812917656051867E-003  2.351376718310366E-008
  6.813490876272419E-003  1.479503936411441E-008
  6.813735245653637E-003  2.115132475264229E-009
  6.813557516488034E-003 -9.477133770077384E-009
  6.813032592045981E-003 -1.543646761820930E-008
  6.812371472790708E-003 -1.350865140080671E-008
  6.811835896507742E-003 -4.586877466874098E-009
  6.811634179177137E-003  7.687736027753361E-009
  6.811839686942438E-003  1.840516266483223E-008
  6.812363821748064E-003  2.334482505444310E-008
  6.812993397482018E-003  2.063254079528026E-008
  6.813476696890824E-003  1.144587226648934E-008
  6.813623494338245E-003 -4.967618856028322E-010
  6.813379318844077E-003 -1.044340731596758E-008
  6.812844990982181E-003 -1.450203107092262E-008
  6.812234514385764E-003 -1.116620546316533E-008
  6.811788861398282E-003 -1.875499825666918E-009
  6.811680363296669E-003  9.596731253701290E-009
  6.811945620406932E-003  1.866905936637060E-008
  6.812473024174681E-003  2.177488215620131E-008
  6.813049023209398E-003  1.775775352450410E-008
  6.813443993642723E-003  8.293917427249788E-009
  6.813503205224406E-003 -2.810818313628208E-009
  6.813206865540432E-003 -1.115568354027990E-008
  6.812675969229057E-003 -1.349255058176108E-008
  6.812122433065455E-003 -8.992891096095213E-009
  6.811764034043131E-003  4.595640326011506E-010
  6.811738274904681E-003  1.105196717285114E-008
  6.812049226592835E-003  1.857626750173124E-008
  6.812567869436917E-003  2.009696858064686E-008
  6.813085016315273E-003  1.509191566739821E-008
  6.813395138077644E-003  5.623138602545703E-009
  6.813377518235834E-003 -4.515549671137050E-009
  6.813042709990062E-003 -1.132246422264001E-008
  6.812526446699572E-003 -1.217159386596311E-008
  6.812034180184427E-003 -6.829322523347699E-009
  6.811758882894261E-003  2.488992538722498E-009
  6.811804983074132E-003  1.203078356140194E-008
  6.812148398178465E-003  1.801186340650453E-008
  6.812647930384949E-003  1.811221046172713E-008
  6.813102770494979E-003  1.237105987001768E-008
  6.813332714790599E-003  3.136448798815014E-009
  6.813249067046835E-003 -5.896945769641814E-009
  6.812888346704996E-003 -1.116806769840596E-008
  6.812396028043907E-003 -1.065526289391915E-008
  6.811967465987289E-003 -4.653104033333879E-009
  6.811769976235477E-003  4.377570038612661E-009
  6.811877133443946E-003  1.281364072651464E-008
  6.812241069406914E-003  1.731853497117614E-008
  6.812713161546591E-003  1.615687394926650E-008
  6.813104229875392E-003  9.857375797577492E-009
  6.813259879615768E-003  9.715083254548587E-010
  6.813120998330172E-003 -6.963634081789333E-009
  6.812745720599645E-003 -1.083689776179424E-008
  6.812284744625959E-003 -9.185929254376998E-009
  6.811920435537732E-003 -2.750932728244825E-009
  6.811794306392371E-003  5.849709316565945E-009
  6.811951700657620E-003  1.318099648243144E-008
  6.812325281914506E-003  1.635990850218934E-008
  6.812763287061457E-003  1.418588346945135E-008
  6.813090725147016E-003  7.590075207702217E-009
  6.813178859165003E-003 -7.640824656578215E-010
  6.812995395929024E-003 -7.558717933996825E-009
  6.812615834980729E-003 -1.014195481354673E-008
  6.812192060269814E-003 -7.565676256256344E-009
  6.811891209978038E-003 -9.347630412237582E-010
  6.811829413068503E-003  7.060041106950640E-009
  6.812026649900407E-003  1.322903490544729E-008
  6.812400263701814E-003  1.515162528525561E-008
  6.812799121527332E-003  1.212179231709308E-008
  6.813064332480604E-003  5.402052710265066E-009
  6.813092143568243E-003 -2.304322074532779E-009
  6.812874129538714E-003 -7.942836354303983E-009
  6.812499128568726E-003 -9.320278730998077E-009
  6.812116718153988E-003 -5.959241254681730E-009
  6.811877225024306E-003  7.378430988244552E-010
  6.811872315740079E-003  8.069942985007514E-009
  6.812099633690517E-003  1.312345083308274E-008
  6.812465103875903E-003  1.392652093561980E-008
  6.812821444270946E-003  1.021461466267518E-008
  6.813027137807670E-003  3.510416581745993E-009
  6.813002264679778E-003 -3.503491746428989E-009
  6.812759180194784E-003 -8.061064009228436E-009
  6.812396284314385E-003 -8.406514876281922E-009
  6.812057884174227E-003 -4.472996430096849E-009
  6.811876504450129E-003  2.115821489522668E-009
  6.811920696611942E-003  8.711973440365000E-009
  6.812168888384248E-003  1.270423063990945E-008
  6.812519225346678E-003  1.254897048366431E-008
  6.812830989791516E-003  8.364062336226638E-009
  6.812980769604883E-003  1.857569786347241E-009
  6.812910967891600E-003 -4.370764755521848E-009
  6.812651598064318E-003 -7.870025153779412E-009
  6.812307143275520E-003 -7.304450639406424E-009
  6.812014183191562E-003 -2.964842359349069E-009
  6.811886958259103E-003  3.370354373490449E-009
  6.811972556767453E-003  9.159853977842547E-009
  6.812233290754019E-003  1.211520945252109E-008
  6.812562826985356E-003  1.110172842086936E-008
  6.812829205761092E-003  6.570267567725252E-009
  6.812927356613175E-003  3.561015971183546E-010
  6.812820221734485E-003 -5.066437200665396E-009
  6.812552404707068E-003 -7.571086088858874E-009
  6.812231353142257E-003 -6.214951535908755E-009
  6.811983984981362E-003 -1.594110890572564E-009
  6.811906255416819E-003  4.414034857956377E-009
  6.812025694980790E-003  9.410950531452868E-009
  6.812291531338241E-003  1.143203801095617E-008
  6.812595894740660E-003  9.716409625327538E-009
  6.812817274038236E-003  4.989936823897422E-009
  6.812868727543992E-003 -8.431529237089525E-010
  6.812731730039306E-003 -5.469652756705714E-009
  6.812462492186547E-003 -7.087031900049391E-009
  6.812168657838001E-003 -5.107849069926110E-009
  6.811966019722774E-003 -3.737954744692855E-010
  6.811932648248738E-003  5.197989017436675E-009
  6.812078595979512E-003  9.388244433703818E-009
  6.812342920490073E-003  1.055685502102389E-008
  6.812618802487847E-003  8.282270970284547E-009
  6.812796423625691E-003  3.510000538575693E-009
  6.812806402272341E-003 -1.841279925097260E-009
  6.812646616550116E-003 -5.652382224601707E-009
  6.812382059096737E-003 -6.444145979143054E-009
  6.812118175245681E-003 -3.952709966542093E-009
  6.811958607080896E-003  7.839369276334726E-010
  6.811964267770884E-003  5.855186027435298E-009
  6.812129897537012E-003  9.245668065808105E-009
  6.812387109057231E-003  9.633360598073225E-009
  6.812632331774243E-003  6.902107201493325E-009
  6.812768249634856E-003  2.170166872433450E-009
  6.812742161909624E-003 -2.669456954096120E-009
  6.812566154723512E-003 -5.708178587720281E-009
  6.812311378869525E-003 -5.776161758538772E-009
  6.812079073341271E-003 -2.893838374124104E-009
  6.811960123774770E-003  1.753381266204296E-009
  6.811999302800305E-003  6.300275285354880E-009
  6.812178253343991E-003  8.948471199695844E-009
  6.812423664597215E-003  8.675798515976664E-009
  6.812637041877624E-003  5.628635838530927E-009
  6.812733991966756E-003  1.046890143725218E-009
  6.812677362299016E-003 -3.241902629171058E-009
  6.812491229825761E-003 -5.553166391174425E-009
  6.812250492232178E-003 -5.008624172781996E-009
  6.812050530976496E-003 -1.871301460218727E-009
  6.811969224361870E-003  2.575335074067432E-009
  6.812036432015957E-003  6.549643623764209E-009
  6.812222898935129E-003  8.483215267999763E-009
  6.812452679421443E-003  7.637540606351582E-009
  6.812633828009954E-003  4.383651034332119E-009
  6.812694963547912E-003  3.917526593540324E-011
  6.812613173161069E-003 -3.666314771066067E-009
  6.812422357145715E-003 -5.280948077406059E-009
  6.812199003446930E-003 -4.200390676345036E-009
  6.812031342549764E-003 -8.944327251015673E-010
  6.811984313438953E-003  3.294215311809652E-009
  6.812074244721663E-003  6.693181609543495E-009
  6.812263113052183E-003  7.966096423935268E-009
  6.812474361350649E-003  6.635840891699593E-009
  6.812623711513600E-003  3.260692544707481E-009
  6.812652577583723E-003 -8.011886491480702E-010
  6.812550839005821E-003 -3.939892991476844E-009
  6.812360131221902E-003 -4.933394266830858E-009
  6.812156638184004E-003 -3.424636400998340E-009
  6.812020485486574E-003 -4.995521956366223E-011
  6.812004023463146E-003  3.826809323847103E-009
  6.812111548543773E-003  6.663699680780058E-009
  6.812298308207147E-003  7.352328738480177E-009
  6.812488900774872E-003  5.649295709366599E-009
  6.812607516318158E-003  2.259534324873168E-009
  6.812607896684569E-003 -1.456222581777477E-009
  6.812491180861284E-003 -4.028758437195918E-009
  6.812304761694566E-003 -4.462476162184744E-009
  6.812122883348884E-003 -2.621780176383822E-009
  6.812016912894538E-003  7.280562915167418E-010
  6.812027183421531E-003  4.236611793779415E-009
  6.812147511181966E-003  6.510634836915210E-009
  6.812328319119819E-003  6.665334797755666E-009
  6.812496860568725E-003  4.666661192297886E-009
  6.812586302214245E-003  1.332367154221782E-009
  6.812562045374585E-003 -2.003580991051163E-009
  6.812434925750421E-003 -4.025721341565520E-009
  6.812256267889556E-003 -3.956734726011719E-009
  6.812097013712539E-003 -1.856879239973764E-009
  6.812019404743986E-003  1.411900565625831E-009
  6.812052515960711E-003  4.538132594842247E-009
  6.812181252151960E-003  6.285495486359886E-009
  6.812352957830376E-003  5.980194170870434E-009
  6.812498771510176E-003  3.769007078584635E-009
  6.812561071251950E-003  5.493893272669135E-010
  6.812516078055183E-003 -2.395972376156237E-009
  6.812382756751510E-003 -3.911459017169529E-009
  6.812214697753619E-003 -3.423128929329740E-009
