  0.999999975313238       0.000000000000000E+000
  0.867360214665040      -1.527406482807320E-003
  0.526103931952642      -8.798617708161441E-003
  0.114246218336548      -1.871448543606362E-002
 -0.209869960092516      -2.180578155245974E-002
 -0.330250918777182      -1.205517206459208E-002
 -0.212298028105553       6.068497674944125E-003
  9.167562900303912E-002  2.063406152999765E-002
  0.465755176420576       2.250599845721519E-002
  0.771537123637233       1.297569175253028E-002
  0.895420006697285       1.723496875917986E-003
  0.789717973571418      -2.431235437944563E-003
  0.493487492841696       1.098918778958774E-003
  0.121397198679277       5.783416049808328E-003
 -0.179895889950973       5.546535667748112E-003
 -0.291956894966320       7.700091780326349E-004
 -0.174309658069426      -3.016353834770612E-003
  0.120009696313941      -1.735459482133594E-003
  0.469595645244491       2.576031508163974E-003
  0.736726863648686       3.904734159679080E-003
  0.821558058381770      -1.132468195081877E-003
  0.696754649142523      -9.117342368977354E-003
  0.412926590587573      -1.247960382674565E-002
  7.727924853963523E-002 -6.483899983533612E-003
 -0.185201234841268       6.192152510904861E-003
 -0.276069546607648       1.759240945353445E-002
 -0.159981376792199       2.112887697484177E-002
  0.119724952791409       1.645835703004985E-002
  0.455030878554209       8.438250252602928E-003
  0.714532782294275       1.905880702305637E-003
  0.796452389336455      -2.259637375457202E-003
  0.670238974453178      -6.228878301976227E-003
  0.387886158201789      -1.112214630558944E-002
  6.060692518658790E-002 -1.451223149933244E-002
 -0.187203138667989      -1.237308925118656E-002
 -0.265949997223635      -3.508132386214938E-003
 -0.152087861477457       8.190770046613213E-003
  0.106644218144871       1.620557037989627E-002
  0.410945542575282       1.646486458121078E-002
  0.646439540438432       1.037233174251524E-002
  0.724983253401814       3.140796543776253E-003
  0.617410893693940      -7.761118132547957E-004
  0.365601086501173      -8.618404931306145E-004
  6.752092815974489E-002  2.635872518871414E-004
 -0.160841079931591       2.305849279001646E-004
 -0.231936760621764      -7.557404394204761E-004
 -0.121707282952838      -7.980521546883894E-004
  0.122025601795786       9.434310397431681E-004
  0.400749813785585       2.822156816247737E-003
  0.605678959349406       2.239767077903857E-003
  0.659788629459445      -1.419506332622624E-003
  0.545284721386901      -5.557803240763793E-003
  0.307887577985279      -6.285380531712689E-003
  3.832340336430836E-002 -1.815533252495788E-003
 -0.161531679424757       5.817194136829870E-003
 -0.216260161157875       1.227564220740555E-002
 -0.105382818687836       1.422138910300737E-002
  0.128047239970510       1.144538351609865E-002
  0.393219879922935       6.213300353774240E-003
  0.586782723452919       9.064660090455319E-004
  0.633769672094217      -3.585000682841262E-003
  0.517175532862866      -7.397632044147746E-003
  0.283740899752762      -1.013937877875396E-002
  2.410098959082704E-002 -1.029139672507314E-002
 -0.163509182639632      -6.446168789269701E-003
 -0.210737720965473       8.324729194712378E-004
 -0.103539143789613       8.564816743833652E-003
  0.114400849876810       1.307305125991708E-002
  0.359150784013714       1.251000336386926E-002
  0.538025690874980       8.026610293804763E-003
  0.583970522624083       2.641774951928309E-003
  0.480676910955699      -1.069180543551676E-003
  0.268919204391121      -2.448381416815425E-003
  3.096889216563696E-002 -2.376034921409453E-003
 -0.141526569450823      -1.824277612366908E-003
 -0.183590082184417      -9.521776353277820E-004
 -8.211973204854973E-002  4.895867876721357E-004
  0.120025067681157       2.176669459397668E-003
  0.342184828883249       2.971144931867365E-003
  0.498146246641422       1.869526247988062E-003
  0.529182770249620      -7.799254630412708E-004
  0.425354616904148      -3.124704710576179E-003
  0.227912822081908      -3.081300761548732E-003
  1.284542964291082E-002 -5.338131197058320E-006
 -0.137986526040310       4.700237420390684E-003
 -0.167666199390037       8.557848929736963E-003
 -6.579776520624168E-002  9.701710846284840E-003
  0.127403530421996       7.886667842172292E-003
  0.336540797975683       4.182323967897987E-003
  0.480389645789891      -6.907710491254972E-005
  0.503649617252839      -3.954700143313632E-003
  0.398275964220567      -6.874928308767299E-003
  0.205870452789128      -8.100553587500109E-003
  5.987706582828133E-004 -6.809489866977798E-003
 -0.139973280727787      -2.785107380663160E-003
 -0.164364717666261       2.901319438411685E-003
 -6.586148444600222E-002  8.065719111632513E-003
  0.116009200228326       1.055048059902229E-002
  0.311099800288150       9.515424953012684E-003
  0.445278243674356       5.867981272726312E-003
  0.468286832769162       1.534957835267844E-003
  0.372576099021015      -1.773099880852246E-003
  0.195951071204873      -3.341006707131899E-003
  6.785904020572923E-003 -3.351254104717786E-003
 -0.122637047290575      -2.298427762645342E-003
 -0.144190239366611      -6.027261816919801E-004
 -5.218827093619172E-002  1.305419604275511E-003
  0.115247044893877       2.770109428449050E-003
  0.291884435541007       3.052671945550586E-003
  0.409468149659106       1.873078344715690E-003
  0.423774276098488      -1.494447974627318E-004
  0.330794560710691      -1.692452685771826E-003
  0.167393740259029      -1.557042115049174E-003
 -3.318461073173343E-003  4.813952117274916E-004
 -0.116194923761022       3.477408047569867E-003
 -0.128798319742416       5.920818676900022E-003
 -3.745276226324109E-002  6.647705533259631E-003
  0.121526315678034       5.386050151749732E-003
  0.286019892128929       2.663483613499673E-003
  0.392290676712456      -6.479405193729375E-004
  0.399680148404494      -3.689318521003366E-003
  0.306067010108027      -5.693944054356827E-003
  0.148111522123151      -5.991174853269657E-003
 -1.349996900588443E-002 -4.204425082413067E-003
 -0.117690549240374      -6.098724729520795E-004
 -0.126190478014153       3.696176341284372E-003
 -3.755130064636244E-002  7.133616382976815E-003
  0.112978316914046       8.389051172935355E-003
  0.267307722494725       7.101087813656696E-003
  0.366705090456465       4.002369668276387E-003
  0.374001470483869       4.447744364074321E-004
  0.287478619280625      -2.319182752520289E-003
  0.141181097078987      -3.618397949056437E-003
 -8.484471915117728E-003 -3.408462431187761E-003
 -0.104674338569298      -2.046797866863018E-003
 -0.111978273079990      -8.321177375671473E-005
 -2.968789459820600E-002  1.827590814503907E-003
  0.108583675037965       3.014210265716415E-003
  0.248491210300288       3.014372409801884E-003
  0.336172053403949       1.867245571634958E-003
  0.338760458747218       2.159194189783900E-004
  0.256453929484019      -9.674642447523434E-004
  0.121824853997549      -9.277523351831782E-004
 -1.307280587086469E-002  4.133983144984145E-004
 -9.676671236106213E-002  2.407416976327890E-003
 -9.798542854234815E-002  4.062025648113168E-003
 -1.742322815376132E-002  4.575651812877822E-003
  0.112808463084690       3.681513666526045E-003
  0.241810296563422       1.662236025835131E-003
  0.319684817545424      -8.522255075006898E-004
  0.316754226650608      -3.108892433157890E-003
  0.234729760710828      -4.395100026922224E-003
  0.105605219267812      -4.194387946840136E-003
 -2.107080473681457E-002 -2.386183996473968E-003
 -9.739704547988368E-002  5.896763443749937E-004
 -9.531469833222694E-002  3.774720679743579E-003
 -1.692669027363006E-002  6.027639470975167E-003
  0.106768876100746       6.526160997857656E-003
  0.228030131704329       5.149199762247850E-003
  0.300677679763107       2.506579160802640E-003
  0.297596073858990      -3.855128712743113E-004
  0.220819380634360      -2.565290488068354E-003
  0.100409708564581      -3.463998047477454E-003
 -1.737729509581153E-002 -3.004608460594871E-003
 -8.801118305253533E-002 -1.516217079698763E-003
 -8.571245725411360E-002  4.184697675688324E-004
 -1.301327303999601E-002  2.125130404643728E-003
  0.100718802098761       3.023697541634219E-003
  0.211011041219090       2.837354343004703E-003
  0.275549257140077       1.740691365844774E-003
  0.270263411575745       3.230471114397797E-004
  0.198157002138852      -6.749065153521860E-004
  8.769674771846589E-002 -7.350209559395217E-004
 -1.843251796144221E-002  1.700542505583654E-004
 -7.980957641677144E-002  1.575659138895585E-003
 -7.368957300724174E-002  2.779879229873746E-003
 -3.498996828677880E-003  3.188565348001436E-003
  0.102776486631143       2.560831839279950E-003
  0.203616919197887       1.066361745738221E-003
  0.260082016527737      -8.111852543093065E-004
  0.250743176735578      -2.441376421874318E-003
  0.179680645073764      -3.231350471180772E-003
  7.456293830793960E-002 -2.811678955167327E-003
 -2.428465745140452E-002 -1.195623871828282E-003
 -7.946679162465925E-002  1.160427314224452E-003
 -7.072410432644351E-002  3.471398268401604E-003
 -2.388453589758109E-003  4.911240296311009E-003
  9.861320894830386E-002  4.956724984664615E-003
  0.193296061141597       3.611608168963688E-003
  0.245588600539564       1.392231956472601E-003
  0.236012320296211      -9.079014723252468E-004
  0.168886556223188      -2.540426194063865E-003
  7.037435518936333E-002 -3.057340746041603E-003
 -2.179509324149573E-002 -2.415927820751528E-003
 -7.289853434440488E-002 -9.397034546103752E-004
 -6.443562626262966E-002  8.142482370745624E-004
 -9.306902195348903E-004  2.236721029634694E-003
  9.218896726572207E-002  2.863749259178446E-003
  0.178665266351828       2.543262974622270E-003
  0.225429879518482       1.501923337795696E-003
  0.215151297602500       2.573218594545129E-004
  0.152566506641282      -6.096716000034986E-004
  6.230860287256874E-002 -7.214368205302031E-004
 -2.080169715795720E-002 -7.256815474133071E-005
 -6.520144233808751E-002  9.849958575379200E-004
 -5.460510143072088E-002  1.922798932045092E-003
  5.966683058501199E-003  2.279201429031214E-003
  9.238812149638499E-002  1.847635843147040E-003
  0.170926890496995       7.434184263011849E-004
  0.211310733237010      -6.504815166809614E-004
  0.198295093182148      -1.820065598697718E-003
  0.137304498402357      -2.295113228928461E-003
  5.206848171369777E-002 -1.819831229169122E-003
 -2.471391381630314E-002 -4.692412652878331E-004
 -6.399358472000885E-002  1.343046014831199E-003
 -5.140402378463456E-002  2.993899118472350E-003
  7.466214148131441E-003  3.883737170737679E-003
  8.947271775393122E-002  3.678017342818237E-003
  0.162959933967831       2.444446620229644E-003
  0.199924123325875       6.213071204126006E-004
  0.186630335093301      -1.162517810588142E-003
  0.128658600278518      -2.327190540581764E-003
  4.851842374015659E-002 -2.539415291521317E-003
 -2.316973690796010E-002 -1.803125517243352E-003
 -5.947179731423771E-002 -4.314954604844059E-004
 -4.735839961065016E-002  1.074401629412667E-003
  7.546046909262526E-003  2.198945785861581E-003
  8.341490483143114E-002  2.588423108138936E-003
  0.150813356238635       2.175241969690648E-003
  0.184047274003503       1.199378195036786E-003
  0.170892651724039       1.073269314300084E-004
  0.117030148423459      -6.376526992615147E-004
  4.358712683468219E-002 -7.521778183230051E-004
 -2.116780130227395E-002 -2.455992737769466E-004
 -5.272914652345929E-002  6.006709703786829E-004
 -3.966619769036736E-002  1.370090872742209E-003
  1.219095238509756E-002  1.694347746478366E-003
  8.222604853352089E-002  1.402363600797993E-003
  0.143140317186189       5.817027613188487E-004
  0.171506509653951      -4.592209499084086E-004
  0.156693092106792      -1.306626074358118E-003
  0.104759504696605      -1.594720242275557E-003
  3.590411966926690E-002 -1.148342084221923E-003
 -2.345937203299871E-002 -6.470437618591951E-005
 -5.088419684816284E-002  1.303636371397848E-003
 -3.640921494838860E-002  2.469768572939267E-003
  1.380785290698865E-002  2.997122279611367E-003
  8.005350824439650E-002  2.672806626841608E-003
  0.136753181138923       1.594021263442642E-003
  0.162297327990031       1.302603111169464E-004
  0.147227249222453      -1.219343189115463E-003
  9.768008587159277E-002 -2.010550123990438E-003
  3.283795062547375E-002 -2.007283795760281E-003
 -2.256757033817565E-002 -1.252034489807774E-003
 -4.776496615068602E-002 -3.756219904183668E-005
 -3.380268354202729E-002  1.203362725012671E-003
  1.322100969418043E-002  2.051424947466533E-003
  7.472094898285364E-002  2.247156402819834E-003
  0.126909595759418       1.779784986852719E-003
  0.149946886456338       8.835948888391922E-004
  0.135436790112768      -6.059776585372256E-005
  8.944162916407369E-002 -6.814338665812786E-004
  2.993779131052021E-002 -7.655011553397246E-004
 -2.023184766443149E-002 -3.352027741440527E-004
 -4.215555298566386E-002  3.746113218469498E-004
 -2.801948777408573E-002  1.025774707859956E-003
  1.606993273701240E-002  1.320816309738529E-003
  7.262701067821048E-002  1.121951051854168E-003
  0.119645459952320       5.017285770694031E-004
  0.139089638608560      -2.884167048077307E-004
  0.123744052156372      -9.165249031648334E-004
  7.982242679837372E-002 -1.099437074539860E-003
  2.440044622840939E-002 -7.171505320059258E-004
 -2.126834018388543E-002  1.309665407368443E-004
 -3.993690047741728E-002  1.153511716234471E-003
 -2.490155849326214E-002  1.972627977029617E-003
  1.757879296425331E-002  2.269242118692818E-003
  7.084428036062065E-002  1.909570434041765E-003
  0.114329535119330       1.000207320448747E-003
  0.131462173934546      -1.507144020452732E-004
  0.115932633995392      -1.148916476565218E-003
  7.396434066447420E-002 -1.658418772519367E-003
  2.177042129720218E-002 -1.519685209663188E-003
 -2.076730354609906E-002 -8.004417508281431E-004
 -3.773076494317236E-002  2.349438480888652E-004
 -2.317552257214412E-002  1.223503372567981E-003
  1.675344937042324E-002  1.833771242436995E-003
  6.634916565986983E-002  1.882432726749343E-003
  0.106477134927906       1.395748576807211E-003
  0.121920662176197       5.924357410781143E-004
  0.107117400252582      -2.061761263216689E-004
  6.812582357700504E-002 -7.035056129687687E-004
  2.013055729482055E-002 -7.412081722016747E-004
 -1.849446214751223E-002 -3.532756611790304E-004
 -3.324946143150249E-002  2.588434938901341E-004
 -1.898715002525748E-002  8.161705134517654E-004
  1.826293599785755E-002  1.077816570719012E-003
  6.376865865050410E-002  9.358053788835719E-004
  9.986061823061401E-002  4.541366508044444E-004
  0.112736369366859      -1.599284312896398E-004
  9.768576191847858E-002 -6.395413332308566E-004
  6.076184866502112E-002 -7.650638460091103E-004
  1.631088915056247E-002 -4.539252684442110E-004
 -1.863285672820243E-002  2.013286351370584E-004
 -3.089918521671939E-002  9.634162332945562E-004
 -1.616427366205031E-002  1.539521067024679E-003
  1.951631116357486E-002  1.695332812311008E-003
  6.215986610147669E-002  1.348465603279883E-003
  9.530223896107475E-002  6.034286349497341E-004
  0.106317219148984      -2.857323494487003E-004
  9.118557422569036E-002 -1.009618618564494E-003
  5.591406756625074E-002 -1.317191851869178E-003
  1.410808343354029E-002 -1.105975212413517E-003
 -1.832253961182845E-002 -4.565487597084570E-004
 -2.926290835959530E-002  3.993431134490760E-004
 -1.495734315224098E-002  1.164048145987295E-003
  1.868165505715722E-002  1.581337113969597E-003
  5.847116778110040E-002  1.527029189965882E-003
  8.909183722311757E-002  1.049926880276697E-003
  9.895830408631588E-002  3.480096612543301E-004
  8.457627391502363E-002 -3.107239194004904E-004
  5.174801299741116E-002 -6.916810854880625E-004
  1.321449286575908E-002 -6.806777045998460E-004
 -1.631292520271357E-002 -3.209691256564520E-004
 -2.579701423175358E-002  2.123204609004667E-004
 -1.203135666152114E-002  6.876379676477758E-004
  1.925586531267438E-002  9.106825138664972E-004
  5.572775762022460E-002  7.994284525498802E-004
  8.325528895001874E-002  4.126838049948879E-004
  9.134709206472566E-002 -7.695970445417545E-005
  7.710789099015794E-002 -4.540721476100518E-004
  4.623413094366783E-002 -5.475741514274919E-004
  1.071010676138507E-002 -3.006099580857999E-004
 -1.586613611763542E-002  2.042041955349700E-004
 -2.350626909104034E-002  7.747350735074548E-004
 -9.601020566915334E-003  1.183563129627338E-003
  2.018332764969192E-002  1.257623595977847E-003
  5.418272251904963E-002  9.477232358350909E-004
  7.927293587295386E-002  3.502471236072594E-004
  8.590282210763849E-002 -3.274319193747815E-004
  7.169438383738662E-002 -8.440155159247418E-004
  4.225459096950778E-002 -1.013847346651256E-003
  8.927346868042594E-003 -7.751183617497660E-004
 -1.561352903563232E-002 -2.118201426367723E-004
 -2.221730599944314E-002  4.778001867391155E-004
 -8.696220709573170E-003  1.053976203629433E-003
  1.944046765157324E-002  1.322342995728401E-003
  5.119893644275245E-002  1.203087281061973E-003
  7.437221210827778E-002  7.569574398394321E-004
  8.021057156303150E-002  1.588390033630461E-004
  6.670367276615460E-002 -3.705182669840784E-004
  3.924347638895914E-002 -6.479957780344535E-004
  8.454341168247996E-003 -5.945833355837272E-004
 -1.393970336072082E-002 -2.598465250368582E-004
 -1.960457175697134E-002  2.035546263774569E-004
 -6.724026663030183E-003  6.035898796599734E-004
  1.940792031768167E-002  7.848765596320305E-004
  4.851870901354689E-002  6.874633913364453E-004
  6.935843809696834E-002  3.666037340499055E-004
  7.401427605565530E-002 -3.277910920944192E-005
  6.088498961839005E-002 -3.360333522617714E-004
  3.519892389469725E-002 -4.094808362136510E-004
  6.913965628042845E-003 -2.143881579322898E-004
 -1.315938239895033E-002  1.768172834206811E-004
 -1.750443738900551E-002  6.085385891059108E-004
 -4.726249872599834E-003  9.033576636316690E-004
  2.000024918692302E-002  9.326272766822229E-004
  4.699901901136255E-002  6.684291049857210E-004
  6.585273977632630E-002  1.964153657313395E-004
  6.939384266379746E-002 -3.154224484335135E-004
  5.639912202942965E-002 -6.797652352286483E-004
  3.197678278145271E-002 -7.604044628176176E-004
  5.530222578908961E-003 -5.233660890029726E-004
 -1.288998475627133E-002 -4.973825669815943E-005
 -1.643026815687065E-002  4.941963148467872E-004
 -4.003963327475258E-003  9.180626157162247E-004
  1.937581949000318E-002  1.076854189141085E-003
  4.459513527379341E-002  9.229457068057944E-004
  6.197330384309253E-002  5.214782387572376E-004
  6.496139234715551E-002  2.377480357627096E-005
  5.259180493808009E-002 -3.906443230634554E-004
  2.976303461201172E-002 -5.810221289873539E-004
  5.283008828389069E-003 -4.957759700986014E-004
 -1.154931179405875E-002 -1.877044083547233E-004
 -1.449815985870050E-002  2.106828913369196E-004
 -2.722708442481337E-003  5.409887774683238E-004
  1.898545240745578E-002  6.804322933177851E-004
  4.211859054344822E-002  5.873906755221286E-004
  5.775906915339919E-002  3.141780744635757E-004
  5.999218050523977E-002 -1.683830529445103E-005
  4.812046768359678E-002 -2.637025367059363E-004
  2.685156536581387E-002 -3.219317989283621E-004
  4.417940710803187E-003 -1.659544016664339E-004
 -1.062253113486865E-002  1.410744333477662E-004
 -1.266345819303883E-002  4.727160709574033E-004
 -1.151292010170306E-003  6.898008158777126E-004
  1.927456147210276E-002  6.961133419700819E-004
  4.062818692740176E-002  4.772889305582233E-004
  5.467642704567630E-002  1.077053345674658E-004
  5.608925071706511E-002 -2.772205473677264E-004
  4.443704689607717E-002 -5.324637131365296E-004
  2.428810391365475E-002 -5.586686280209094E-004
  3.395705274860519E-003 -3.401713712890145E-004
 -1.030592337041529E-002  4.853422780401290E-005
 -1.173285214778632E-002  4.701398364103567E-004
 -5.521018048426632E-004  7.752267469040033E-004
  1.875777374211849E-002  8.572216260190612E-004
  3.868294920513922E-002  6.910336027531278E-004
  5.158310177329284E-002  3.410627998639908E-004
  5.260637659295821E-002 -6.408803704699676E-005
  4.149829073197731E-002 -3.802550052561910E-004
  2.263062480731716E-002 -5.010294467574744E-004
  3.265395452100372E-003 -3.955908351778501E-004
 -9.257785803480486E-003 -1.171848079745168E-004
 -1.032191849537938E-002  2.201393776279720E-004
  2.479562864559233E-004  4.868026136715304E-004
  1.818625694198165E-002  5.871862260819386E-004
  3.648311265149307E-002  4.944723025154486E-004
  4.810255486807322E-002  2.580576356726289E-004
  4.866958252318240E-002 -1.849973060259540E-005
  3.810051181745776E-002 -2.198027833892275E-004
  2.056976483334816E-002 -2.644724489436410E-004
  2.850554963812386E-003 -1.367399658647300E-004
 -8.312616859133919E-003  1.082784759131218E-004
 -8.781707398315164E-003  3.673467956115304E-004
  1.430843258948610E-003  5.307120262325206E-004
  1.822656693950506E-002  5.260759979757425E-004
  3.504598485368685E-002  3.476834347153054E-004
  4.541093255151493E-002  5.923488447678623E-005
  4.539982843413673E-002 -2.303758196852137E-004
  3.511122136006080E-002 -4.089599357021713E-004
  1.857085955814183E-002 -4.043264526505448E-004
  2.139783371723066E-003 -2.123551463330080E-004
 -7.947347393882743E-003  1.008019255868181E-004
 -7.961258283652489E-003  4.231266208910339E-004
  1.932874248624063E-003  6.384086004520490E-004
  1.779257858653086E-002  6.693895707867560E-004
  3.345526129859917E-002  5.061314357683720E-004
  4.292042224037202E-002  2.090553944707546E-004
  4.263589838533073E-002 -1.142436856481228E-004
  3.281709045326867E-002 -3.493747139311690E-004
  1.730981567173955E-002 -4.172909583601820E-004
  2.070324417970980E-003 -3.023333137970677E-004
 -7.137342255491997E-003 -5.594384160249532E-005
 -6.936555371389166E-003  2.247585613059766E-004
  2.410216813060691E-003  4.348207725923221E-004
  1.715695178548100E-002  5.010068618059656E-004
  3.155660104393716E-002  4.080809576587562E-004
  4.008499050519227E-002  2.022473154670854E-004
  3.954610061800844E-002 -2.893451068328113E-005
  3.025674723657934E-002 -1.918885262837873E-004
  1.587206308164144E-002 -2.237053339896384E-004
  1.938668029997486E-003 -1.160127280574776E-004
 -6.253034532165457E-003  8.295283224816544E-005
 -5.686797851799360E-003  2.885065890270484E-004
  3.260142111731635E-003  4.137233971390679E-004
  1.701074691515581E-002  4.041612799312465E-004
  3.020174462420337E-002  2.595333678310845E-004
  3.775940726923965E-002  3.399036715475105E-005
  3.683499378022136E-002 -1.849317932475080E-004
  2.786247685717555E-002 -3.103872322486574E-004
  1.434701195587016E-002 -2.900654761365461E-004
  1.483018478261978E-003 -1.267664488786480E-004
 -5.853644143391215E-003  1.221397771724669E-004
 -4.963656823079586E-003  3.660888488244882E-004
  3.675050471163466E-003  5.153202216081342E-004
  1.663379922478916E-002  5.145412554514133E-004
  2.888292476226739E-002  3.635148169160122E-004
  3.573350052830064E-002  1.168790063538134E-004
  3.462138959915216E-002 -1.365576111247787E-004
  2.605498234082146E-002 -3.070294088463672E-004
  1.337699189470351E-002 -3.368790882295404E-004
  1.448374650285950E-003 -2.210533041458488E-004
 -5.227747892764490E-003 -7.564334032030407E-006
 -4.218095808071593E-003  2.218365582178347E-004
  3.943726428451180E-003  3.830593514048926E-004
  1.600547772513124E-002  4.210440699395855E-004
  2.727815884796386E-002  3.292808973620304E-004
  3.344696002767555E-002  1.504175385009425E-004
  3.221219344016513E-002 -4.178538432877649E-005
  2.413635428580753E-002 -1.718150998952188E-004
  1.238575621331289E-002 -1.915961462040396E-004
  1.481838218253463E-003 -9.831975272472400E-005
 -4.446341920487393E-003  6.570636080216732E-005
 -3.233707077684958E-003  2.307723181851783E-004
  4.522754605129705E-003  3.278602164731630E-004
  1.573286012428825E-002  3.160339230275345E-004
  2.603073251902601E-002  1.984769318956146E-004
  3.146203461253264E-002  2.107462339752462E-005
  2.998958998734429E-002 -1.457264308912820E-004
  2.224484401893977E-002 -2.345918493532630E-004
  1.124893702757278E-002 -2.077138838030986E-004
  1.224699263266658E-003 -7.176628107130770E-005
 -4.033646781974333E-003  1.243074845707239E-004
 -2.604064557161379E-003  3.077530065179722E-004
  4.855119689586749E-003  4.095826867905879E-004
  1.539241915019336E-002  3.907121925172865E-004
  2.492192936301505E-002  2.567182430574609E-004
  2.979877890510306E-002  5.568435941333260E-005
  2.820389410989973E-002 -1.399254349012956E-004
  2.081221490836321E-002 -2.603713034386048E-004
  1.049960187183380E-002 -2.644007613518514E-004
  1.214146717020080E-003 -1.539910533528812E-004
 -3.545278216307612E-003  2.729763715185438E-005
 -2.056906059612369E-003  2.114444891267206E-004
  4.993525150935768E-003  3.318240828019705E-004
  1.481021823873566E-002  3.478875236170952E-004
  2.358545265167615E-002  2.594058226518868E-004
  2.796749964233266E-002  1.051528396618361E-004
  2.633259263385353E-002 -5.309580295080289E-005
  1.937835857085434E-002 -1.548211938390441E-004
  9.822261641108011E-003 -1.638466512169874E-004
  1.333477081793153E-003 -8.146169018516752E-005
 -2.882621900744904E-003  5.521963048939127E-005
 -1.301733748556855E-003  1.887161732831808E-004
  5.362239937359452E-003  2.642102506608736E-004
  1.446322834077623E-002  2.511012679380487E-004
  2.246261975736662E-002  1.547528830104977E-004
  2.629465310255273E-002  1.402090957940968E-005
  2.453127692986825E-002 -1.142941358905496E-004
  1.790442326614309E-002 -1.778915343660627E-004
  8.995481851797313E-003 -1.495467472683864E-004
  1.222592961341221E-003 -3.787023875164073E-005
 -2.477316762274542E-003  1.158438385671965E-004
 -7.639609478736802E-004  2.533897000125493E-004
  5.616556056670954E-003  3.219215422231994E-004
  1.414578012617617E-002  2.941606641610961E-004
  2.151935051369866E-002  1.788274285495631E-004
  2.491958679313127E-002  1.737804718251644E-005
  2.308425139651537E-002 -1.316225514326266E-004
  1.676637776947681E-002 -2.144690278067381E-004
  8.418352579863285E-003 -2.022562002832540E-004
  1.231981307466208E-003 -1.012900527727281E-004
 -2.089795196946095E-003  4.982466412866357E-005
 -3.568658514494232E-004  1.951183477982355E-004
  5.676230058440456E-003  2.823871049568274E-004
  1.362679633153863E-002  2.824546695730698E-004
  2.041705355435705E-002  1.993543916789304E-004
  2.345863869715859E-002  6.779063036136846E-005
  2.163275748513869E-002 -6.087581264880996E-005
  1.569491146791776E-002 -1.385501339949316E-004
  7.958234139625623E-003 -1.385365315394917E-004
  1.387003229056055E-003 -6.502243745747996E-005
 -1.544873913473181E-003  4.950814588321382E-005
  2.088931078140624E-004  1.576717970104785E-004
  5.888833141612705E-003  2.160152989145154E-004
  1.324680580248045E-002  2.019147093389469E-004
  1.942699247198775E-002  1.220551770606913E-004
  2.206603851690830E-002  9.354975177501395E-006
  2.018895077201958E-002 -9.029909574870208E-005
  1.456153435639672E-002 -1.362292228521598E-004
  7.372647446320843E-003 -1.089579684349804E-004
  1.377352409905300E-003 -1.784407433670934E-005
 -1.163957735422417E-003  1.025199039431877E-004
  6.577006213163991E-004  2.056770653245531E-004
  6.071602661627935E-003  2.512309982612754E-004
  1.294527886176116E-002  2.204103438243095E-004
  1.861806765611156E-002  1.233189798837244E-004
  2.092457411721122E-002 -4.852080762035940E-006
  1.901451608321572E-002 -1.171355433978076E-004
  1.365883757478853E-002 -1.724885726408264E-004
  6.932571281472002E-003 -1.511301967023327E-004
  1.404452265651778E-003 -6.173349210681954E-005
 -8.502855480374751E-004  6.214971156500782E-005
  9.654327853143726E-004  1.749395202231936E-004
  6.084969566703279E-003  2.361726709583612E-004
  1.249326781080940E-002  2.254130571076754E-004
  1.771390740445540E-002  1.493530067016810E-004
  1.976064702326453E-002  3.858121113727521E-005
  1.788787855014666E-002 -6.455056931292617E-005
  1.285652962622303E-002 -1.221857589825192E-004
  6.621068802167404E-003 -1.150985473079126E-004
  1.565633867029813E-003 -4.938929933701122E-005
 -4.124613890780206E-004  4.663988018997632E-005
  1.380288226444308E-003  1.340168908773362E-004
  6.186883220992151E-003  1.784414400603747E-004
  1.211065312307979E-002  1.634696576900374E-004
  1.685670329084881E-002  9.651306142315826E-005
  1.861449540444832E-002  5.473345032892107E-006
  1.674243095013340E-002 -7.252757355080129E-005
  1.199587834889938E-002 -1.058435792684594E-004
  6.218214776098741E-003 -8.069460227370406E-005
  1.620703091092667E-003 -6.485398187787901E-006
 -6.777467910931240E-005  8.792984174661278E-005
  1.745523253455595E-003  1.655113853123063E-004
  6.306821253051209E-003  1.954202699049988E-004
  1.182280979633256E-002  1.649636324019419E-004
  1.616032301483748E-002  8.452383798678670E-005
  1.766587583527708E-002 -1.637341314697034E-005
  1.579038172920294E-002 -1.002889554821517E-004
  1.128328900281643E-002 -1.360607860070088E-004
  5.888172024522368E-003 -1.105307093393598E-004
  1.663139973270736E-003 -3.337643270905472E-005
  1.908897217122872E-004  6.671102960838274E-005
  1.981542105802764E-003  1.529580761276760E-004
  6.293427850186340E-003  1.943259486398700E-004
  1.143418423759658E-002  1.769594612985374E-004
  1.542027193622334E-002  1.089876750828170E-004
  1.673797718989657E-002  1.698204164307007E-005
  1.491396862057565E-002 -6.443580522806886E-005
  1.068043461791252E-002 -1.057764639626129E-004
  5.677726099114210E-003 -9.361234543776846E-005
  1.814809376967994E-003 -3.516188055828233E-005
  5.366928076091214E-004  4.507363230729784E-005
  2.279843224385774E-003  1.151661980109529E-004
  6.320711284917358E-003  1.482088159699618E-004
  1.106938985225665E-002  1.325391255864891E-004
  1.468971490418644E-002  7.586596649028083E-005
  1.580422042401902E-002  1.833564900746376E-006
  1.401350247868857E-002 -5.951431695382589E-005
  1.003437822637985E-002 -8.358937718291019E-005
  5.409657608882625E-003 -6.082048334400035E-005
  1.906628741357777E-003 -2.605089202464398E-007
  8.385305480732456E-004  7.408093198890734E-005
  2.569291152955504E-003  1.326815156344406E-004
  6.388043723839566E-003  1.520244392370427E-004
  1.079601106484459E-002  1.237311111233754E-004
  1.409025155568412E-002  5.781104696774561E-005
  1.501705796124150E-002 -2.117597694788273E-005
  1.324447721095834E-002 -8.352203428407710E-005
  9.476098927081116E-003 -1.056987021463372E-004
  5.167801632314263E-003 -7.927104493470253E-005
  1.961299969953615E-003 -1.402342292693982E-005
  1.054826018014253E-003  6.583657949458457E-005
  2.752104770343764E-003  1.308841376389273E-004
  6.359236290000830E-003  1.575444118566712E-004
  1.046382933408131E-002  1.368121326880339E-004
  1.348431066717367E-002  7.736306034692289E-005
  1.427582351555555E-002  1.969996245752874E-006
  1.256063013032970E-002 -6.131052328688605E-005
  9.021302859840249E-003 -8.975771503031324E-005
  5.026067492360968E-003 -7.436364592439832E-005
  2.096525796655434E-003 -2.284257541100726E-005
  1.324711552904446E-003  4.375704319472626E-005
  2.962742332541649E-003  9.941626570538495E-005
  6.339165877415944E-003  1.231966860944813E-004
  1.012911838376892E-002  1.071102986860452E-004
  1.286993640061788E-002  5.884609512382652E-005
  1.352174197820663E-002 -1.586755066568326E-006
  1.185829119189922E-002 -4.989291257443844E-005
  8.541334758973586E-003 -6.702739997493565E-005
  4.854738585606439E-003 -4.653658401052249E-005
  2.204884256933009E-003  3.092204881649939E-006
  1.581566176083342E-003  6.190756985205818E-005
  3.185857398618396E-003  1.063800715738840E-004
  6.364648931524208E-003  1.186025163204007E-004
  9.872421961960564E-003  9.324188484604367E-005
  1.235554609865796E-002  3.958523709622573E-005
  1.287093101978133E-002 -2.206486651773825E-005
  1.124045847269893E-002 -6.821389674074604E-005
  8.108198212676443E-003 -8.118380020771479E-005
  4.682824450097289E-003 -5.584930846017490E-005
  2.268108293092848E-003 -1.548658421651177E-006
  1.763798935733672E-003  6.151638165945077E-005
  3.327885043718897E-003  1.099687672569994E-004
  6.326858751944679E-003  1.260707458073002E-004
  9.588822319981918E-003  1.043106381730996E-004
  1.185844718177301E-002  5.329696622866519E-005
  1.227719868275676E-002 -7.690619140207992E-006
  1.070515512614472E-002 -5.610839798363123E-005
  7.763886759013705E-003 -7.464910005567319E-005
  4.588094215727614E-003 -5.760309538601905E-005
  2.385059936982958E-003 -1.271352616678494E-005
  1.972883063825195E-003  4.208976880731803E-005
  3.474067115761872E-003  8.573648548727193E-005
  6.279139921883323E-003  1.020887717399587E-004
  9.290219416587624E-003  8.594808831550527E-005
  1.134742036656466E-002  4.474880411761607E-005
  1.167261696919631E-002 -4.620565249421795E-006
  1.016087746249254E-002 -4.255523335252806E-005
  7.410535400035782E-003 -5.437952492344903E-005
  4.484255223269004E-003 -3.594655515319103E-005
  2.496279004846927E-003  4.927091586785643E-006
  2.186023084108403E-003  5.167834211109142E-005
  3.641067527567788E-003  8.555858797269463E-005
  6.273155426711884E-003  9.296424832960300E-005
  9.052691357697918E-003  7.070105831172792E-005
  1.090843138697259E-002  2.717596888781621E-005
  1.113732567160170E-002 -2.090103006077280E-005
  9.667842376241707E-003 -5.499414551998552E-005
  7.078319274949450E-003 -6.188177110632427E-005
  4.366858992524215E-003 -3.871565030140421E-005
  2.564209602331966E-003  5.919114590160112E-006
  2.339709048489166E-003  5.531259993114320E-005
  3.750856125318685E-003  9.100491883172065E-005
  6.230059904185958E-003  9.977069063984042E-005
  8.810213957019570E-003  7.855285725324443E-005
  1.049953733804983E-002  3.549803626370636E-005
  1.066043283673140E-002 -1.324921865006104E-005
  9.247682197222993E-003 -4.972084919475991E-005
  6.817094098906419E-003 -6.088767076979558E-005
  4.304639711719543E-003 -4.344195766808908E-005
  2.663723806513334E-003 -4.824453513626770E-006
  2.501117111878223E-003  3.982530936748332E-005
  3.850536091872452E-003  7.356317093621451E-005
  6.168279932611961E-003  8.408786607861598E-005
  8.549330202957691E-003  6.828177444569428E-005
  1.007817930351706E-002  3.315563634742084E-005
  1.017847518522445E-002 -7.090527932696805E-006
  8.828013905369528E-003 -3.669089390096023E-005
  6.558977177965462E-003 -4.441847699102980E-005
  4.246480859338412E-003 -2.782270256568541E-005
  2.769282814446943E-003  5.992964572775858E-006
  2.674085703437105E-003  4.329347367056640E-005
  3.971576342397649E-003  6.915146571726883E-005
  6.140167924190906E-003  7.327175983877413E-005
  8.332989010494210E-003  5.395207631840196E-005
  9.706113323962132E-003  1.867758159783191E-005
  9.740916795508450E-003 -1.884073885869496E-005
  8.437535300930310E-003 -4.400593316627871E-005
  6.307402740682561E-003 -4.697625301640461E-005
  4.170617095469184E-003 -2.643865377522395E-005
  2.838328645865979E-003  9.914853474178856E-006
  2.803091428686479E-003  4.835997363398041E-005
  4.055303576497447E-003  7.439378877124347E-005
  6.094012378605108E-003  7.824311150304557E-005
  8.125162018770346E-003  5.852724440307784E-005
  9.368895037775346E-003  2.270268689243266E-005
  9.357015296136181E-003 -1.584113142681923E-005
  8.107195923225266E-003 -4.289097337749729E-005
  6.109212913761176E-003 -4.875744044877978E-005
  4.131184270002525E-003 -3.183228134243731E-005
  2.922391781412096E-003  9.634213862642728E-007
  2.927628109060877E-003  3.695801785504564E-005
  4.121938227203776E-003  6.262568437422143E-005
  6.027076893978937E-003  6.870547831138559E-005
  7.900739101468681E-003  5.359631406086559E-005
  9.023794959230605E-003  2.377130737372310E-005
  8.974440423754488E-003 -8.887848591305006E-006
  7.784796846259156E-003 -3.176031993847957E-005
  5.921900990652633E-003 -3.633813434605464E-005
  4.102923846733045E-003 -2.140218937469880E-005
  3.017604688980026E-003  6.662982243287802E-006
  3.065245319994745E-003  3.648556875695344E-005
  4.206479769756487E-003  5.619968275795671E-005
  5.984744184264605E-003  5.805821264143946E-005
  7.706769534564552E-003  4.138893393429372E-005
  8.710850828760133E-003  1.277921449168383E-005
  8.619164658966083E-003 -1.654590723871839E-005
  7.478006210517631E-003 -3.510949180351668E-005
  5.734012773441601E-003 -3.562564032806060E-005
  4.057825799254405E-003 -1.779161132819102E-005
  3.084736118741771E-003  1.162601490707208E-005
  3.172551975746381E-003  4.141762599810110E-005
  4.268904050906307E-003  6.023765347531887E-005
  5.937081523178771E-003  6.092976868207156E-005
  7.528251655468582E-003  4.321949507183453E-005
  8.432198439617506E-003  1.376550261095023E-005
  8.309717045068495E-003 -1.642047864296447E-005
  7.218204865110957E-003 -3.617343523546150E-005
  5.584045736767839E-003 -3.837976950683521E-005
  4.034546392076141E-003 -2.259215015662265E-005
  3.155617245423664E-003  4.913537402906783E-006
  3.268776290194453E-003  3.362118665332566E-005
  4.312317806939647E-003  5.281498899252066E-005
  5.870487655928660E-003  5.561914938134506E-005
  7.337366515361074E-003  4.150458030674795E-005
  8.150931606253213E-003  1.633921599411435E-005
  8.006919125473466E-003 -9.990937871243262E-006
  6.971142359376570E-003 -2.743850074156761E-005
  5.448877161210285E-003 -2.963134675695717E-005
  4.025101073102682E-003 -1.622547836917710E-005
  3.238477490036215E-003  7.097329521320225E-006
  3.376352092753783E-003  3.094329765465102E-005
  4.368729218817841E-003  4.590437951929900E-005
  5.820262721180828E-003  4.619775319820704E-005
  7.166026575455661E-003  3.185005256458154E-005
  7.889773365927938E-003  8.608702816478839E-006
  7.720420957816348E-003 -1.435333516797650E-005
  6.732048209594113E-003 -2.802731311515200E-005
  5.310613543440976E-003 -2.705633862670064E-005
  4.002038522256577E-003 -1.178146371829809E-005
  3.301388929423556E-003  1.192377748958247E-005
  3.464513141668853E-003  3.494345750442697E-005
  4.413744397762849E-003  4.843429942105037E-005
  5.772319360513397E-003  4.720763702414697E-005
  7.012514954045167E-003  3.168680600295529E-005
  7.659300783682479E-003  7.707633502415290E-006
  7.470948518715244E-003 -1.573858153894021E-005
  6.527973352978365E-003 -2.993700869341886E-005
  5.197773991469201E-003 -2.973707748346430E-005
  3.990266884748087E-003 -1.544906033860800E-005
  3.361205011273374E-003  7.351568171090101E-006
  3.539021969144272E-003  3.000769915223134E-005
  4.440960030881209E-003  4.409377994387440E-005
  5.709200111726574E-003  4.458414446049901E-005
  6.851453187624621E-003  3.167718512317553E-005
  7.430820475250002E-003  1.060654890151900E-005
  7.231726071241201E-003 -1.045278888061402E-005
  6.338928986776945E-003 -2.355265845175814E-005
  5.100725212559536E-003 -2.398844259567185E-005
  3.992085876111362E-003 -1.201783663589269E-005
  3.431449735743114E-003  7.349966196318357E-006
  3.621796747536297E-003  2.637867891471683E-005
  4.476325763312222E-003  3.763588021311418E-005
  5.655874408661212E-003  3.685201806181378E-005
  6.702156861751591E-003  2.451400283550536E-005
  7.214541439065975E-003  5.601983323453797E-006
  7.002227432232271E-003 -1.240136454168114E-005
  6.154067701568433E-003 -2.243922277858084E-005
  5.000571856898603E-003 -2.060844510736591E-005
  3.984167059927901E-003 -7.640996062262864E-006
  3.488592802209877E-003  1.141508140222665E-005
  3.693172907422347E-003  2.917198163210797E-005
  4.507255381611178E-003  3.875925035363957E-005
  5.608697429283787E-003  3.645725670595158E-005
  6.570197806581654E-003  2.310127881772210E-005
  7.023969223119935E-003  3.732407174518257E-006
  6.801319973167621E-003 -1.435255645601706E-005
  5.994211482873779E-003 -2.439077831472950E-005
  4.916414671613521E-003 -2.271040366004852E-005
  3.980545263288073E-003 -1.008485961364941E-005
  3.539139317827971E-003  8.614967082769535E-006
  3.750961327483253E-003  2.631560748237168E-005
  4.523216639946208E-003  3.644160891621430E-005
  5.550626460002546E-003  3.538495248246275E-005
  6.435040451454223E-003  2.380992774963341E-005
  6.838753352605155E-003  6.317401418199580E-006
  6.612507279376818E-003 -1.037608795014033E-005
  5.849685835059135E-003 -2.002658292495097E-005
  4.847091060772689E-003 -1.922046786187805E-005
  3.988644315169603E-003 -8.608610707491220E-006
  3.597539060336999E-003  7.432763844802880E-006
  3.813752491163377E-003  2.255637985929091E-005
  4.543309141996507E-003  3.091780130924365E-005
  5.497616397853183E-003  2.941013509669234E-005
  6.306533714559276E-003  1.880813087046411E-005
  6.660923093877674E-003  3.401394175765652E-006
  6.429817715013521E-003 -1.071841076558920E-005
  5.707837794531274E-003 -1.803835200883869E-005
  4.775764212599590E-003 -1.574903185198495E-005
  3.990590002657287E-003 -4.800775158474492E-006
  3.648061560950355E-003  1.050050580399246E-005
  3.870601384554512E-003  2.418443521206073E-005
  4.563044230422158E-003  3.092994735756686E-005
  5.452108297016406E-003  2.810719200389155E-005
  6.193317948158030E-003  1.676816672775656E-005
  6.503574164556138E-003  1.218400493035390E-006
  6.268380658195191E-003 -1.265099442657865E-005
  5.583148722036534E-003 -1.962013748586814E-005
  4.713761276794453E-003 -1.711845219719670E-005
  3.992619032483202E-003 -6.173514718670043E-006
  3.690790131823246E-003  9.017923809443008E-006
  3.915419969083764E-003  2.271593562538019E-005
  4.571201494239865E-003  2.982637581209901E-005
  5.399686553745332E-003  2.781339882826013E-005
  6.080301094271543E-003  1.761343874286123E-005
  6.353604908905747E-003  3.219139429299065E-006
  6.119418340158862E-003 -9.887306856502444E-006
  5.472723058237239E-003 -1.683712342886884E-005
  4.664540275067273E-003 -1.520581302061798E-005
  4.003817552927926E-003 -5.880429941084656E-006
  3.738642584476230E-003  7.349674107908311E-006
  3.962435176617048E-003  1.929979599145525E-005
  4.580565435049485E-003  2.540006401935781E-005
  5.349257959252211E-003  2.343233733430650E-005
  5.970869793911255E-003  1.433464085761473E-005
  6.208338416983954E-003  1.781232729681513E-006
  5.974819978312043E-003 -9.280545953204589E-006
  5.364652991871524E-003 -1.455904851739541E-005
  4.614680570759960E-003 -1.206568470235392E-005
  4.011716025452215E-003 -2.852757474976155E-006
  3.782271677712203E-003  9.428747710852056E-006
  4.006918012516251E-003  1.996592796643903E-005
  4.591619344529577E-003  2.465116932073541E-005
  5.306165844825036E-003  2.165817827933326E-005
  5.874054118945340E-003  1.212599560367747E-005
  6.078749840779578E-003 -3.008098312111308E-007
  5.845518625366798E-003 -1.088680997482406E-005
  5.267931365417151E-003 -1.562351506103489E-005
  4.569722552556667E-003 -1.275133019929179E-005
  4.017498813905870E-003 -3.408338907921742E-006
  3.818336709444673E-003  8.830991946805545E-006
  4.041585338845094E-003  1.933779445044223E-005
  4.594378401625212E-003  2.419375445366756E-005
  5.259426899031601E-003  2.166276437816704E-005
  5.779761574911265E-003  1.281409703337369E-005
  5.957392352710172E-003  1.072807220502553E-006
  5.728018824355713E-003 -9.115433118426422E-006
  5.183619511495093E-003 -1.398378482806316E-005
  4.535055946285219E-003 -1.185623380170602E-005
  4.029842660602934E-003 -3.740203696743208E-006
  3.857129615413182E-003  7.111514506638058E-006
  4.076358016473090E-003  1.648473398353108E-005
  4.596480236346038E-003  2.082963251311573E-005
  5.212937287430057E-003  1.860224175219202E-005
  5.687430893732779E-003  1.081450533731173E-005
  5.839406848314890E-003  5.963679790993517E-007
  5.614148871568384E-003 -8.045873081073282E-006
  5.101825135661389E-003 -1.178632526183335E-005
  4.500931441323347E-003 -9.249849009530203E-006
  4.040901656028177E-003 -1.513349683991568E-006
  3.894032147282163E-003  8.342910181155404E-006
  4.110508266358894E-003  1.644838174225547E-005
  4.601007891056969E-003  1.964386909465565E-005
  5.172834036688630E-003  1.669189316466825E-005
  5.605002104441934E-003  8.735240202836773E-006
  5.733044141152133E-003 -1.162955745858171E-006
  5.511006152022773E-003 -9.210555878790569E-006
  5.027294596055097E-003 -1.234467885829352E-005
  4.468988492053592E-003 -9.396138138455587E-006
  4.048988954267317E-003 -1.518607019713699E-006
  3.924359403463967E-003  8.272601189339271E-006
  4.137162624096529E-003  1.626548984814610E-005
  4.600057866070075E-003  1.946745789167468E-005
  5.131509140512170E-003  1.673016727621243E-005
  5.526444259587628E-003  9.159170593922049E-006
  5.634874927969892E-003 -3.374499922557731E-007
  5.418347870487738E-003 -8.177325215562743E-006
  4.962998334215593E-003 -1.146989530835673E-005
  4.444854082173563E-003 -9.097442561948796E-006
  4.061330791096696E-003 -2.104732240554521E-006
  3.955563931475373E-003  6.739442640180276E-006
  4.162568720458128E-003  1.402797528731633E-005
  4.597463493530940E-003  1.702393820064256E-005
  5.089637591843759E-003  1.468942439568173E-005
  5.449147254594263E-003  8.047229150554488E-006
  5.539518882553320E-003 -2.511704892301544E-007
  5.329069723765447E-003 -6.972740519944608E-006
  4.901465387455653E-003 -9.554391867131565E-006
  4.422078916859249E-003 -7.076551083717176E-006
  4.073642117335493E-003 -5.903610023567313E-007
  3.986208132598376E-003  7.316919138109044E-006
  4.188251790737949E-003  1.354037871967980E-005
  4.597272367629562E-003  1.566087127608753E-005
  5.052912523469667E-003  1.286930376326647E-005
  5.379328821398617E-003  6.261047549941647E-006
  5.452572409309334E-003 -1.604341208861262E-006
  5.247177305168368E-003 -7.700249240620687E-006
  4.844467525218959E-003 -9.698340109041993E-006
  4.399965155891794E-003 -6.854091893051131E-006
  4.082936112720298E-003 -2.772179836390393E-007
  4.011560087695649E-003  7.509033644135303E-006
  4.208541705813609E-003  1.354290210633019E-005
  4.593815562206051E-003  1.555499576804856E-005
  5.016593687923202E-003  1.282206760055610E-005
  5.313950325003558E-003  6.422129752489430E-006
  5.373192707376202E-003 -1.198138075109074E-006
  5.174151162485434E-003 -7.169528709842448E-006
  4.795534846632312E-003 -9.292762711020904E-006
  4.383448815862881E-003 -6.859695284617540E-006
  4.094641800765192E-003 -8.952383815548382E-007
  4.036518402323590E-003  6.262771657159849E-006
  4.226863887300799E-003  1.187514014173180E-005
  4.588369602821212E-003  1.384922439922681E-005
  4.979540926234624E-003  1.152185712376659E-005
  5.249656379874961E-003  5.883465179568527E-006
  5.296444044484754E-003 -8.325370483905458E-007
  5.104415312805188E-003 -6.027564508625759E-006
  4.749502996837207E-003 -7.739707342720246E-006
  4.368725436799823E-003 -5.384557722409179E-006
  4.106970379055888E-003  4.415257520645835E-008
  4.061552053509466E-003  6.382339067913109E-006
  4.245743987015483E-003  1.114619623883971E-005
  4.584935623424158E-003  1.249309616891625E-005
  4.946405184629128E-003  9.922838784085567E-006
  5.190850822493017E-003  4.454039487274710E-006
  5.225686377845233E-003 -1.784900428226479E-006
  5.039724827880834E-003 -6.385848975013298E-006
  4.706275383816298E-003 -7.588682751940777E-006
  4.353929431701160E-003 -4.950250592173407E-006
  4.116658625466173E-003  4.982770016320115E-007
  4.082579214908320E-003  6.659640449585396E-006
  4.260965408467579E-003  1.118144756294043E-005
  4.579842839578838E-003  1.235528428764500E-005
  4.914638469544083E-003  9.759852430575450E-006
  5.136498651960855E-003  4.406200503921004E-006
  5.161542782303160E-003 -1.663776994037844E-006
  4.982234431897839E-003 -6.165332907847643E-006
  4.669152346869808E-003 -7.440082641565872E-006
  4.342914808713758E-003 -5.074581128958320E-006
  4.127409423896731E-003 -3.669171647009218E-008
  4.102455538265468E-003  5.714743761430230E-006
  4.273979392944233E-003  9.990171861713733E-006
  4.572832958360225E-003  1.120429928582606E-005
  4.882289681932716E-003  8.966716761798939E-006
  5.083301586939591E-003  4.207307255365035E-006
  5.099980306058296E-003 -1.203542695848207E-006
  4.927934928774976E-003 -5.186593400143103E-006
  4.634898056402928E-003 -6.252141871116033E-006
  4.333805973462821E-003 -4.059131272831271E-006
  4.139013551623587E-003  4.747624728188491E-007
  4.122608019989030E-003  5.546905199238594E-006
  4.287500582240843E-003  9.176644047653579E-006
  4.567325568658002E-003  9.969593258733184E-006
  4.852794839142168E-003  7.645646642418946E-006
  5.034058853096254E-003  3.131835120768981E-006
  5.042665998228236E-003 -1.809433709561459E-006
  4.877103828168770E-003 -5.267960338105748E-006
  4.602407717450481E-003 -5.921541292481812E-006
  4.324362706891869E-003 -3.537518561829822E-006
  4.148517945091969E-003  9.489655570024242E-007
  4.139883921340543E-003  5.804676550274908E-006
  4.298691773335588E-003  9.169042054367011E-006
  4.561237990781395E-003  9.765908543907531E-006
  4.825128826783816E-003  7.383990219444425E-006
  4.988932423227854E-003  2.945583466211010E-006
  4.990890481993574E-003 -1.857372837258260E-006
  4.831922954818282E-003 -5.215509080427984E-006
  4.574370369879165E-003 -5.890195869482468E-006
  4.317305841674278E-003 -3.675173244202708E-006
  4.158182225536724E-003  5.408132898610576E-007
  4.155655087702428E-003  5.128323685383747E-006
  4.307757533165873E-003  8.347350484388294E-006
  4.553535672027942E-003  9.009199698816861E-006
  4.797178644445605E-003  6.917710355541088E-006
  4.945103167604185E-003  2.925400052669141E-006
  4.941645734083071E-003 -1.410531690227880E-006
  4.789756285173807E-003 -4.434621279368851E-006
  4.549011848462815E-003 -5.026371373016447E-006
  4.312039749147237E-003 -3.018218170625879E-006
  4.168667299925930E-003  7.578087706571821E-007
  4.171665051216786E-003  4.806499525446427E-006
  4.317140006465658E-003  7.554163645653148E-006
  4.546851267886282E-003  7.954014055172742E-006
  4.771244166080847E-003  5.880199914183654E-006
  4.904105653182457E-003  2.162781974421009E-006
  4.895438893970839E-003 -1.744503390705270E-006
  4.750030019017785E-003 -4.331211542311304E-006
  4.524825442928401E-003 -4.611460222855946E-006
  4.306429067172718E-003 -2.496670135219267E-006
  4.177600598574104E-003  1.180221187154395E-006
  4.185706999054402E-003  4.993856235550036E-006
  4.325145310239216E-003  7.478469427536672E-006
  4.540246018991691E-003  7.688924436000187E-006
  4.747251688324117E-003  5.556257763803804E-006
  4.866702587331086E-003  1.904532593707723E-006
  4.853713178229199E-003 -1.873113717554441E-006
  4.714610130836703E-003 -4.351251330102918E-006
  4.503777040972561E-003 -4.614331621088722E-006
  4.302197464275193E-003 -2.597605181372404E-006
  4.186153778029419E-003  9.002606677756301E-007
  4.198175026311883E-003  4.532987230554406E-006
  4.331292585314121E-003  6.925891839304312E-006
  4.532420987429023E-003  7.197822312521025E-006
  4.723294931403976E-003  5.287111637357276E-006
  4.830713653412395E-003  1.960541912002905E-006
  4.814410516858031E-003 -1.493030098186096E-006
  4.681942493216228E-003 -3.762565718974990E-006
  4.485104389582690E-003 -4.014569215373698E-006
  4.299506457364665E-003 -2.202085014118621E-006
  4.195358250694915E-003  9.318016117912798E-007
  4.210741765074394E-003  4.152303149597201E-006
  4.337541942071782E-003  6.214244301767133E-006
  4.525221683803232E-003  6.339443060682635E-006
  4.700739639604312E-003  4.507640645394428E-006
  4.796770234774233E-003  1.452528590385483E-006
  4.777329658588251E-003 -1.631171570810519E-006
  4.651060673626006E-003 -3.553182822426125E-006
  4.467283196585554E-003 -3.584983782009129E-006
  4.296569348330441E-003 -1.733939532343046E-006
  4.203485162550342E-003  1.268227744934466E-006
  4.222021113355560E-003  4.254413609801340E-006
  4.343054106316148E-003  6.074330098074196E-006
  4.518453942754668E-003  6.034830170513077E-006
  4.680024972187702E-003  4.160139764218762E-006
  4.765835439262185E-003  1.174839373152667E-006
  4.743774285033486E-003 -1.780362311337957E-006
  4.623381151877524E-003 -3.588123990905069E-006
  4.451602682102125E-003 -3.579539284036683E-006
  4.294328349692087E-003 -1.782889039546351E-006
  4.210961609142255E-003  1.096334153443795E-006
  4.231835941146241E-003  3.952789407372042E-006
  4.347056760596173E-003  5.706746104095850E-006
  4.510863183646291E-003  5.713479224859636E-006
  4.659618820565708E-003  4.000971911233313E-006
  4.736364856859319E-003  1.248040772122979E-006
  4.712466100931962E-003 -1.484751531309738E-006
  4.598128377827938E-003 -3.165001463276477E-006
  4.437934157887536E-003 -3.180759261121122E-006
  4.293319320388964E-003 -1.565971235743498E-006
  4.218871699630318E-003  1.024191535740641E-006
  4.241590582665627E-003  3.574640306579131E-006
  4.350982610938659E-003  5.104723679302618E-006
  4.503617356098612E-003  5.042860691797605E-006
  4.640192213384920E-003  3.438589896315790E-006
  4.708408479669055E-003  9.334987259040308E-007
  4.682839284068167E-003 -1.494140755965428E-006
  4.574247082352267E-003 -2.909903106780846E-006
  4.424946658670797E-003 -2.781409339491571E-006
  4.292187320359713E-003 -1.177386484471864E-006
  4.226073874751483E-003  1.266386991001065E-006
  4.250536431130240E-003  3.598009176601658E-006
  4.354571245575786E-003  4.918289167922807E-006
  4.496948102503052E-003  4.724788799199946E-006
  4.622391399325047E-003  3.099792075668506E-006
  4.682890054059822E-003  6.723531319293085E-007
  4.655925128241336E-003 -1.628156016037068E-006
  4.552700089570246E-003 -2.930163213526900E-006
  4.413376144451217E-003 -2.751506781791566E-006
  4.291320209918855E-003 -1.178354522218462E-006
  4.232539045790371E-003  1.174765758050151E-006
  4.258221421149387E-003  3.405609457615330E-006
  4.357008534032663E-003  4.671044180457096E-006
  4.489802537347993E-003  4.506431606122856E-006
  4.605095219846912E-003  2.996315497426152E-006
  4.658811705995749E-003  7.336157372783438E-007
  4.631027564792475E-003 -1.413932838457138E-006
  4.533222579102806E-003 -2.638171917881604E-006
  4.403439647713765E-003 -2.496780037423722E-006
  4.291373300251882E-003 -1.075146376345557E-006
  4.239227602110232E-003  1.055538739610769E-006
  4.265713364522357E-003  3.064719605809128E-006
  4.359248605229341E-003  4.184074822884220E-006
  4.482824034764791E-003  3.999990836513978E-006
  4.588505723814718E-003  2.605673289992874E-006
  4.635897121938384E-003  5.569909681920801E-007
  4.607453617037531E-003 -1.348007647383309E-006
  4.514848115768143E-003 -2.378878898594600E-006
  4.394087512830808E-003 -2.152011282008765E-006
  4.291408563017697E-003 -7.728963319580121E-007
  4.245472794033469E-003  1.211028051167132E-006
  4.272712917239797E-003  3.026231366869903E-006
  4.361380209147767E-003  3.972686100427768E-006
  4.476439384916620E-003  3.691413799481745E-006
  4.573284410503343E-003  2.298048187085970E-006
  4.614910055489160E-003  3.331031695303598E-007
  4.585932401040480E-003 -1.449634589836618E-006
  4.498150571154258E-003 -2.373602536594566E-006
  4.385648732691955E-003 -2.096848845669600E-006
  4.291460161783463E-003 -7.384708342793082E-007
  4.251007557115775E-003  1.172410897027290E-006
  4.278688968388488E-003  2.903294779429162E-006
  4.362685236517803E-003  3.799641175080820E-006
  4.469852147980535E-003  3.532640748417324E-006
  4.558683105853387E-003  2.219471199709638E-006
  4.595276085729837E-003  3.720705662705847E-007
  4.566165256355214E-003 -1.303531371493052E-006
  4.483163958901597E-003 -2.178640319726236E-006
  4.378486326370101E-003 -1.939602858812861E-006
  4.292151565122164E-003 -7.017448597502564E-007
  4.256592160865214E-003  1.041937511889122E-006
  4.284383129743653E-003  2.615158526111853E-006
  4.363731650496281E-003  3.419388068529736E-006
  4.463335936321698E-003  3.160902378467186E-006
  4.544621591671940E-003  1.957716744948479E-006
  4.576575979229149E-003  2.874684091839004E-007
  4.547478831252042E-003 -1.201340429891409E-006
  4.469095460911871E-003 -1.940472926657601E-006
  4.371841398844539E-003 -1.658485777561803E-006
  4.292896260365489E-003 -4.803599559438330E-007
  4.261907976288915E-003  1.126152171884852E-006
  4.289781022003593E-003  2.534708774020286E-006
  4.364784802632897E-003  3.202751211868929E-006
  4.457361714774912E-003  2.878508652596346E-006
  4.531672578663248E-003  1.693917700526798E-006
  4.559373142228649E-003  1.094564548471972E-007
  4.530328942641161E-003 -1.266027385227793E-006
  4.456221690621841E-003 -1.909953034159794E-006
  4.365773282953626E-003 -1.584717517499148E-006
  4.293532604651188E-003 -4.250460813550226E-007
  4.266599888161400E-003  1.117895832930256E-006
  4.294387367109794E-003  2.452384743366216E-006
  4.365281658575349E-003  3.073292896587790E-006
  4.451382058192606E-003  2.753181647180115E-006
  4.519388464593510E-003  1.624982768133244E-006
  4.543392691583132E-003  1.262889511435546E-007
  4.514661907508767E-003 -1.171523229545897E-006
  4.444722712765693E-003 -1.782540940173288E-006
  4.360665814208265E-003 -1.489677194728770E-006
  4.294577086511103E-003 -4.228266956929745E-007
  4.271215584694377E-003  9.963499922649836E-007
  4.298668400443422E-003  2.219894315413482E-006
  4.365506851186422E-003  2.784454763483458E-006
  4.445434985591292E-003  2.486477048805854E-006
  4.507546408046428E-003  1.455404904598261E-006
  4.528191615648597E-003  9.856395582309213E-008
  4.499901387954780E-003 -1.059206400596693E-006
  4.434002141049534E-003 -1.578268582721883E-006
  4.356016632005369E-003 -1.271128274980073E-006
  4.295711248792377E-003 -2.703303789590127E-007
  4.275668032639290E-003  1.027161870716865E-006
  4.302766401331611E-003  2.116000200535428E-006
  4.365784734771638E-003  2.577744287046232E-006
  4.439948572693861E-003  2.240137489174781E-006
  4.496587763636291E-003  1.239936856673873E-006
  4.514140896789386E-003 -3.340138511894649E-008
  4.486285595942720E-003 -1.090012486778508E-006
  4.424132009453595E-003 -1.528356505326607E-006
  4.351728131582537E-003 -1.187754774557850E-006
  4.296690193649299E-003 -2.069190215753229E-007
  4.279606381467585E-003  1.032632973624647E-006
  4.306277534252053E-003  2.055128890539670E-006
  4.365716283930466E-003  2.473119044516060E-006
  4.434585040383748E-003  2.133950980812831E-006
  4.486284943318495E-003  1.174766455646432E-006
  4.501158101071945E-003 -3.367634283445188E-008
  4.473891766274276E-003 -1.031366540386292E-006
  4.415338226533938E-003 -1.445298811434118E-006
  4.348136748775743E-003 -1.129988358584342E-006
  4.297899188474374E-003 -2.192259908624412E-007
  4.283389025603410E-003  9.293127983882065E-007
  4.309457996876817E-003  1.873858347389551E-006
  4.365396880463832E-003  2.258147160649811E-006
  4.429251221600248E-003  1.945701889108869E-006
  4.476367375418599E-003  1.068129527047186E-006
  4.488844378441752E-003 -2.963993456179570E-008
  4.462269737336873E-003 -9.246570240586753E-007
  4.407206990730377E-003 -1.278878874379837E-006
  4.344943588043914E-003 -9.670587542400476E-007
  4.299206248484210E-003 -1.212742088201901E-007
  4.287065762641059E-003  9.236543857297278E-007
  4.312515764352945E-003  1.761495622810591E-006
  4.365138303597819E-003  2.071328533910508E-006
  4.424291693993387E-003  1.739341908054768E-006
  4.467141249894223E-003  8.996252179779294E-007
  4.477410652887517E-003 -1.205043898396041E-007
  4.451501934434985E-003 -9.283946175130973E-007
  4.399685512412889E-003 -1.217250026836729E-006
  4.341977491786235E-003 -8.824956537411145E-007
  4.300355524286128E-003 -5.930162892494552E-008
  4.290338553310913E-003  9.320097460057036E-007
  4.315154715972261E-003  1.710580265886202E-006
  4.364686651955865E-003  1.981122773152427E-006
  4.419527596650519E-003  1.645451164466960E-006
  4.458525436987695E-003  8.373429500285773E-007
  4.466883738459143E-003 -1.315090758239827E-007
  4.441718664855537E-003 -8.926025200766292E-007
  4.392987108509511E-003 -1.161663515561153E-006
  4.339498915824281E-003 -8.455648685915664E-007
  4.301607153875496E-003 -7.486718910025383E-008
  4.293415507093041E-003  8.493208022229152E-007
  4.317484964308877E-003  1.572624910829745E-006
  4.364024357397200E-003  1.823152174329195E-006
  4.414808520075254E-003  1.513666695969249E-006
  4.450259299819190E-003  7.717515532211618E-007
  4.456939867467894E-003 -1.124289286373598E-007
  4.432595008942527E-003 -7.995525531204596E-007
  4.386848786262752E-003 -1.031506305931323E-006
  4.337356490796634E-003 -7.286617721570216E-007
  4.302946345822379E-003 -1.742022622955752E-008
  4.296413391425219E-003  8.214249354440733E-007
  4.319722013248117E-003  1.462570465099014E-006
  4.363413788432995E-003  1.661451381387232E-006
  4.410385509575876E-003  1.346739911954782E-006
  4.442531234875583E-003  6.452035272305513E-007
  4.447670585243316E-003 -1.696079364231205E-007
  4.424113710599147E-003 -7.841373951756675E-007
  4.381154249482192E-003 -9.654448283497178E-007
  4.335361230224527E-003 -6.493631814853182E-007
  4.304146795662878E-003  3.707202108386058E-008
  4.299105323676855E-003  8.265962498443116E-007
  4.321670548045546E-003  1.415617227770498E-006
  4.362715238898716E-003  1.580633707913513E-006
  4.406189072374829E-003  1.262540943486206E-006
  4.435347090619551E-003  5.870736349422898E-007
  4.439153056978418E-003 -1.855408844236057E-007
  4.416410318324454E-003 -7.615310078635133E-007
  4.376075988289046E-003 -9.259176790688671E-007
  4.333693923585341E-003 -6.232384804190932E-007
  4.305364757221149E-003  2.366676468072075E-008
  4.301590992557890E-003  7.630708558742731E-007
  4.323348875046297E-003  1.312133047033323E-006
  4.361854382177353E-003  1.465038471018907E-006
  4.402058925160637E-003  1.170120294026174E-006
  4.428485845264966E-003  5.470314317327790E-007
  4.431145291592485E-003 -1.616629300703706E-007
  4.409268073496140E-003 -6.849960358028567E-007
  4.371464689747458E-003 -8.274408028765085E-007
  4.332300903255789E-003 -5.423065282795171E-007
  4.306649530210541E-003  5.285824958585942E-008
  4.304007365714753E-003  7.238456224885510E-007
  4.324947603577797E-003  1.211211769830269E-006
  4.361031151477368E-003  1.329945573812279E-006
  4.398160324792379E-003  1.039165598208940E-006
  4.422044291191432E-003  4.556472572759292E-007
  4.423658701378085E-003 -1.931677118568379E-007
  4.402614972362695E-003 -6.578352634783278E-007
  4.367183148832517E-003 -7.627469572658609E-007
  4.331008268625633E-003 -4.723944469725303E-007
  4.307822068367589E-003  9.686195142425094E-008
  4.306198364506112E-003  7.232652140360365E-007
  4.326354002502800E-003  1.165811372591277E-006
  4.360187142970754E-003  1.256614251369823E-006
  4.394491266354360E-003  9.641145127358736E-007
  4.416071630800212E-003  4.033901764045807E-007
  4.416783026946707E-003 -2.096439422301365E-007
  4.396566498003647E-003 -6.418937685040844E-007
  4.363354630279901E-003 -7.321526148401730E-007
  4.329927043651937E-003 -4.515228536076454E-007
  4.308960955876198E-003  8.744746646821206E-008
  4.308192732514934E-003  6.756628770275737E-007
  4.327536114040043E-003  1.088510816187194E-006
  4.359228920657200E-003  1.171599431040167E-006
  4.390908180542372E-003  8.984440441511977E-007
  4.410397015166173E-003  3.785280463548373E-007
  4.410350769989101E-003 -1.865845410827844E-007
  4.390990575589756E-003 -5.815550026286272E-007
  4.359908529481165E-003 -6.595965689408529E-007
  4.329061531752818E-003 -3.973488010728552E-007
  4.310142480398810E-003  9.821980985537627E-008
  4.310119754076568E-003  6.327780508282677E-007
  4.328645579833957E-003  1.000295537330401E-006
  4.358295567312707E-003  1.062004620229433E-006
  4.387506713374735E-003  7.984428122992584E-007
  4.405052804554051E-003  3.150919957928327E-007
  4.404326045132642E-003 -1.998517158517737E-007
  4.385792918997308E-003 -5.487307584538223E-007
  4.356713148799713E-003 -6.002456492544230E-007
  4.328268871015166E-003 -3.388164350555851E-007
  4.311237836421690E-003  1.310104541205939E-007
  4.311883880446335E-003  6.261629743102791E-007
  4.329630626554540E-003  9.561088966929692E-007
  4.357380753271459E-003  9.958176608098187E-007
  4.384320498692014E-003  7.327127553104433E-007
  4.400102497879794E-003  2.700347484000766E-007
  4.398789858856830E-003 -2.140710669857242E-007
  4.381059035719786E-003 -5.355118123560441E-007
  4.353845694824934E-003 -5.745386570021736E-007
  4.327605912495727E-003 -3.205291012231745E-007
  4.312273025207827E-003  1.254684911866609E-007
  4.313472764959167E-003  5.908006161024939E-007
  4.330437990728389E-003  8.979938241913691E-007
  4.356394468351222E-003  9.324041183278171E-007
  4.381234487023023E-003  6.849215291261323E-007
  4.395424268211619E-003  2.538146677731737E-007
  4.393635391278524E-003 -1.943781684676546E-007
  4.376717793147677E-003 -4.893801783829078E-007
  4.351285200090597E-003 -5.221312953979266E-007
  4.327106034035655E-003 -2.853823259036288E-007
  4.313327897672305E-003  1.251880898644632E-007
  4.314994118457946E-003  5.491551823749950E-007
  4.331178089397506E-003  8.236514896416412E-007
  4.355424159466647E-003  8.456343126210070E-007
  4.378293141375674E-003  6.103361586234984E-007
  4.391009881524402E-003  2.115692300238574E-007
  4.388804151295748E-003 -1.956606701302095E-007
  4.372673717218907E-003 -4.553832690513123E-007
  4.348919381999839E-003 -4.703791750800436E-007
  4.326661947312110E-003 -2.385621651638682E-007
  4.314318533106441E-003  1.475437514966621E-007
  4.316398809459507E-003  5.375065062298266E-007
  4.331839764703626E-003  7.813267138613964E-007
  4.354492474870266E-003  7.868147819063699E-007
  4.375543748053512E-003  5.540900885388803E-007
  4.386919902167883E-003  1.743369050984008E-007
  4.384358782851515E-003 -2.062140315797813E-007
  4.368981888816991E-003 -4.428416388848500E-007
  4.346788122904762E-003 -4.475488156901063E-007
  4.326292640394413E-003 -2.218754754890328E-007
  4.315239241212692E-003  1.449006427412630E-007
  4.317654992565088E-003  5.110024495823325E-007
  4.332366668329593E-003  7.369136381410526E-007
  4.353524192430965E-003  7.384931243593693E-007
  4.372902068132254E-003  5.182096222333138E-007
  4.383074265489054E-003  1.629035909969082E-007
  4.380237703801690E-003 -1.905767413866578E-007
  4.365611445885805E-003 -4.082822463201233E-007
  4.344898120792484E-003 -4.101563301376974E-007
  4.326041403925971E-003 -1.996930522385577E-007
  4.316160547375824E-003  1.387308387800548E-007
  4.318844334962384E-003  4.733399622074553E-007
  4.332832397173947E-003  6.760118172577180E-007
  4.352567158358170E-003  6.711403867185583E-007
  4.370378435667295E-003  4.636884122150633E-007
  4.379442815424928E-003  1.360305661924759E-007
  4.376376603633689E-003 -1.847362787863698E-007
  4.362477663976834E-003 -3.760842851288343E-007
  4.343161659896688E-003 -3.668655908817304E-007
  4.325834233277471E-003 -1.637894907667443E-007
  4.317034321802457E-003  1.522576015250178E-007
  4.319949958644986E-003  4.582073095373632E-007
  4.333249659447557E-003  6.364847881564539E-007
  4.351656472277601E-003  6.199195531313239E-007
  4.368020176519502E-003  4.167660573899292E-007
  4.376074650594362E-003  1.065507605075012E-007
  4.372817634630314E-003 -1.912613357954034E-007
  4.359609734221478E-003 -3.634334256301464E-007
  4.341591648244117E-003 -3.461183051817966E-007
  4.325666556080168E-003 -1.485747397206540E-007
  4.317838852036382E-003  1.513446462156309E-007
  4.320934673085603E-003  4.378167292996242E-007
  4.333568994269689E-003  6.017285255857463E-007
  4.350735551176753E-003  5.821679354255398E-007
  4.365770775981784E-003  3.889419024123801E-007
  4.372921945642167E-003  9.780630442247620E-008
  4.369530241572267E-003 -1.793756326430381E-007
  4.357000832061079E-003 -3.377963074245115E-007
  4.340207244833042E-003 -3.195280093440997E-007
  4.325580217499294E-003 -1.348682056514253E-007
  4.318629841697478E-003  1.426590188890046E-007
  4.321855290487242E-003  4.053406660813261E-007
  4.333834551314014E-003  5.529075344783562E-007
  4.349824524256331E-003  5.306820221079026E-007
  4.363620373024495E-003  3.497322507463823E-007
  4.369945881642442E-003  8.161045004614661E-008
  4.366454428467149E-003 -1.699311415392121E-007
  4.354582255894162E-003 -3.090975055139186E-007
  4.338944956856761E-003 -2.845627992335213E-007
  4.325528814738603E-003 -1.084405474763162E-007
  4.319385112773183E-003  1.492787811800238E-007
  4.322714999743851E-003  3.883388704737936E-007
  4.334070466198138E-003  5.170055112479257E-007
  4.348960282722562E-003  4.870464047011633E-007
  4.361609112558984E-003  3.115882327487869E-007
  4.367181369655346E-003  5.926878896482153E-008
  4.363613953220642E-003 -1.727480707030037E-007
  4.352363767519028E-003 -2.962887158426996E-007
  4.337800375570704E-003 -2.657387722569762E-007
  4.325495362380373E-003 -9.489853958193999E-008
  4.320077579404350E-003  1.490786712052819E-007
  4.323479470652045E-003  3.720307026808585E-007
  4.334238371037033E-003  4.890726368549023E-007
  4.348104222232640E-003  4.568361173867602E-007
  4.359702696741956E-003  2.894173957838526E-007
  4.364603407265609E-003  5.218249547346746E-008
  4.360997667427677E-003 -1.638879738693204E-007
  4.350350909709769E-003 -2.772450472788112E-007
  4.336795576542618E-003 -2.467028613634124E-007
  4.325514596289818E-003 -8.651746728794106E-008
  4.320747314701854E-003  1.399032039579939E-007
  4.324184707789944E-003  3.449389510932331E-007
  4.334360916901140E-003  4.505509160653160E-007
  4.347258915222542E-003  4.179005759639587E-007
  4.357881385702888E-003  2.615532860160088E-007
  4.362172991128950E-003  4.307780137396887E-008
  4.358554987501389E-003 -1.532034206262167E-007
  4.348491898714058E-003 -2.527843603324466E-007
  4.335887983614737E-003 -2.193018083709021E-007
  4.325560967344595E-003 -6.786091695772417E-008
  4.321389218533271E-003  1.415085636072652E-007
  4.324844561278136E-003  3.274724034984957E-007
  4.334465308094815E-003  4.188128358629564E-007
  4.346457041704109E-003  3.815296306527968E-007
  4.356175353472412E-003  2.313265245688733E-007
  4.359911575254094E-003  2.692005428848750E-008
  4.356295271785442E-003 -1.530001135902374E-007
  4.346783564536396E-003 -2.401251476105643E-007
  4.335063723687892E-003 -2.024956073381161E-007
  4.325612918823260E-003 -5.622599977511996E-008
  4.321977283742665E-003  1.412934259650707E-007
  4.325431451234384E-003  3.138623313360769E-007
  4.334524837797255E-003  3.958061894364789E-007
  4.345675030251231E-003  3.568871655331653E-007
  4.354566502237523E-003  2.133447037776485E-007
  4.357808920565773E-003  2.104972693841832E-008
  4.354218119952448E-003 -1.463595225662780E-007
  4.345236150109601E-003 -2.258018778316668E-007
  4.334342535576476E-003 -1.886384583538611E-007
  4.325696197237854E-003 -5.107188700433793E-008
  4.322537738182847E-003  1.327089311327211E-007
  4.325965586077119E-003  2.917675029986640E-007
  4.334547820859485E-003  3.657246650185916E-007
  4.344905730850947E-003  3.276207310820437E-007
  4.353032151972017E-003  1.936775625448170E-007
  4.355830549692062E-003  1.643212777178122E-008
  4.352284003399311E-003 -1.358869218285228E-007
  4.343813157057474E-003 -2.056590587177670E-007
  4.333698275682469E-003 -1.677204979810593E-007
  4.325799696568619E-003 -3.848422844883069E-008
  4.323075434261973E-003  1.309623371503771E-007
  4.326464889209227E-003  2.749078004638839E-007
  4.334559548439043E-003  3.383611744623834E-007
  4.344174958915098E-003  2.979288484446308E-007
  4.351592472825929E-003  1.703115791829424E-007
  4.353986902219347E-003  5.353151013052912E-009
  4.350492274154850E-003 -1.334816885327480E-007
  4.342504022244779E-003 -1.935614735869656E-007
  4.333113331035791E-003 -1.530610984553934E-007
  4.325902223364014E-003 -2.888640653611827E-008
  4.323568736208826E-003  1.303073615056772E-007
  4.326909583678720E-003  2.631273503794193E-007
  4.334543547508672E-003  3.190559140332492E-007
  4.343470446935167E-003  2.775839689412823E-007
  4.350240127769583E-003  1.556237789858411E-007
  4.352276277114092E-003  5.376883533071127E-010
  4.348847371970744E-003 -1.283519814311538E-007
  4.341319176003115E-003 -1.825512657910097E-007
  4.332602822291362E-003 -1.427241588154088E-007
  4.326020899103515E-003 -2.563485996942134E-008
  4.324032930878473E-003  1.227796506829682E-007
  4.327308911542860E-003  2.453600464263692E-007
  4.334499552927271E-003  2.956867815470345E-007
  4.342780831505699E-003  2.556149687484101E-007
  4.348953658395402E-003  1.417573685148210E-007
  4.350670738272253E-003 -1.392972174872793E-009
  4.347320348257296E-003 -1.188751896738252E-007
  4.340234600674159E-003 -1.664034940887376E-007
  4.332152507388798E-003 -1.271128547229557E-007
  4.326153699516061E-003 -1.757945795917166E-008
  4.324477623158302E-003  1.190229102815677E-007
  4.327680721592770E-003  2.298252558003787E-007
  4.334448482803059E-003  2.726190572433234E-007
  4.342124585226244E-003  2.318379067508052E-007
  4.347744671830743E-003  1.241231578877541E-007
  4.349172699428926E-003 -8.501464264220425E-009
  4.345904493435067E-003 -1.150592559847036E-007
  4.339236536038856E-003 -1.552383851276860E-007
  4.331744770524997E-003 -1.146570065426390E-007
  4.326282453767515E-003 -1.000532051969411E-008
  4.324886684745242E-003  1.177565091409438E-007
  4.328012441959066E-003  2.193776532389068E-007
  4.334381827264966E-003  2.562406879308971E-007
  4.341497138135585E-003  2.149621465138629E-007
  4.346612225795331E-003  1.121556373273681E-007
  4.347784605214214E-003 -1.232182759128538E-008
  4.344605438045110E-003 -1.108989413593430E-007
  4.338333356150271E-003 -1.465426812867471E-007
  4.331389694809921E-003 -1.067297540572588E-007
  4.326417139603885E-003 -7.867241152829199E-009
  4.325267545450127E-003  1.113859243118055E-007
  4.328306410759976E-003  2.051867217673215E-007
  4.334294954850848E-003  2.380931338848631E-007
  4.340886420528815E-003  1.984200070122670E-007
  4.345538177587323E-003  1.023323231211173E-007
  4.346485334994743E-003 -1.274822752933381E-008
  4.343403239600177E-003 -1.027477003917362E-007
  4.337510445235613E-003 -1.338616229513130E-007
  4.331080982052477E-003 -9.530014644027686E-008
  4.326560742275373E-003 -3.053561897928036E-009
  4.325631114786220E-003  1.066252987833505E-007
  4.328578148578703E-003  1.913795667765113E-007
  4.334203657869140E-003  2.190268104716902E-007
  4.340304322718174E-003  1.797083375599259E-007
  4.344527592772713E-003  8.932907290040271E-008
  4.345272115220244E-003 -1.689858261008126E-008
  4.342288241816184E-003 -9.819620756343555E-008
  4.336753693957644E-003 -1.238904938117696E-007
  4.330803128214604E-003 -8.499882056786549E-008
  4.326699162718941E-003  2.638608837282431E-009
  4.325966593191004E-003  1.047561604251135E-007
  4.328820904595397E-003  1.820104591654322E-007
  4.334105004723129E-003  2.050814258773728E-007
  4.339750950168913E-003  1.657342707951083E-007
  4.343582742419822E-003  7.967510370276813E-008
  4.344148720266559E-003 -1.977415460612813E-008
  4.341265301633240E-003 -9.463666180310865E-008
  4.336068663253797E-003 -1.168354291873127E-007
  4.330561777075874E-003 -7.876385248273028E-008
  4.326837082080487E-003  4.105140412615695E-009
  4.326276294268133E-003  9.945236991408358E-008
  4.329033203089208E-003  1.706815565180167E-007
  4.333992809908785E-003  1.909360971750845E-007
  4.339215482734024E-003  1.531940022424718E-007
  4.342689493867239E-003  7.264681610815773E-008
  4.343100134240608E-003 -1.943118263311136E-008
  4.340321513761874E-003 -8.785773599585291E-008
  4.335447312110254E-003 -1.070251293962643E-007
  4.330355448540808E-003 -7.052515895454273E-008
  4.326979664760222E-003  6.699793713407332E-009
  4.326570400215563E-003  9.438916883448086E-008
  4.329227318497134E-003  1.587548582368695E-007
  4.333878016369823E-003  1.754420670398578E-007
  4.338704550808810E-003  1.386933098666445E-007
  4.341848414197570E-003  6.327158408147900E-008
  4.342120737490805E-003 -2.148528898209539E-008
  4.339446479934382E-003 -8.309258846357110E-008
  4.334876877005658E-003 -9.838318145896520E-008
  4.330171673644813E-003 -6.223158750448234E-008
  4.327116909594699E-003  1.074141759731785E-008
  4.326842582982910E-003  9.203412253394998E-008
  4.329400721243116E-003  1.503502338705909E-007
  4.333761173305107E-003  1.635969176137743E-007
  4.338220658119144E-003  1.271987124408973E-007
  4.341062882625699E-003  5.560422614563789E-008
  4.341214038289945E-003 -2.349330338421831E-008
  4.338643466442562E-003 -7.991144884344194E-008
  4.334360216962539E-003 -9.253300086362497E-008
  4.330012686719224E-003 -5.723706667840724E-008
  4.327249967623311E-003  1.176876962210097E-008
  4.327092209544852E-003  8.762907399150337E-008
  4.329550266297137E-003  1.412650543740843E-007
  4.333636221841085E-003  1.524961639158693E-007
  4.337755094670743E-003  1.176047328570783E-007
  4.340322623501089E-003  5.050905347240292E-008
  4.340369973889720E-003 -2.280886636991954E-008
  4.337904677427467E-003 -7.439506575631329E-008
  4.333893542180784E-003 -8.501685889687814E-008
  4.329879559392997E-003 -5.136763678895481E-008
  4.327384398675647E-003  1.291474284381919E-008
  4.327327741968290E-003  8.271257729206371E-008
  4.329684912782321E-003  1.311932541554105E-007
  4.333510052179478E-003  1.400822829467064E-007
  4.337310672718980E-003  1.065142243130795E-007
  4.339625468520117E-003  4.389599663384656E-008
  4.339581809524864E-003 -2.345869064327512E-008
  4.337220357571055E-003 -6.978269661721564E-008
  4.333466249829456E-003 -7.772566887481808E-008
  4.329762993775367E-003 -4.486456628318518E-008
  4.327513764136502E-003  1.558388897374669E-008
  4.327546224365451E-003  8.003723605779066E-008
  4.329804870187304E-003  1.237068899785970E-007
  4.333385055298250E-003  1.300886429406613E-007
  4.336890740435954E-003  9.715408622921812E-008
  4.338974666148292E-003  3.792507137388972E-008
  4.338852051976372E-003 -2.470832730653514E-008
  4.336592069433680E-003 -6.686560718397824E-008
  4.333079030325634E-003 -7.280691044948819E-008
  4.329662909104366E-003 -4.082747854643502E-008
  4.327637148293225E-003  1.628866769398307E-008
  4.327745635739187E-003  7.635123108444463E-008
  4.329906669585348E-003  1.163629763247837E-007
  4.333256148851115E-003  1.213032439420816E-007
  4.336488858504063E-003  8.974088539051896E-008
  4.338363210738803E-003  3.418069424673438E-008
  4.338174353394442E-003 -2.391200053001386E-008
  4.336015471085322E-003 -6.243191929535878E-008
  4.332730594159903E-003 -6.707511311998179E-008
  4.329581420809963E-003 -3.667772265297232E-008
  4.327759521591527E-003  1.653938388958527E-008
  4.327932418411371E-003  7.183787470607854E-008
  4.329996354332013E-003  1.080072742109314E-007
  4.333127140340780E-003  1.114698040714395E-007
  4.336105327670235E-003  8.134952128499860E-008
  4.337787560137453E-003  2.961524585384571E-008
  4.337542012598854E-003 -2.368437420631076E-008
  4.335482183190306E-003 -5.820146266932460E-008
  4.332412708815284E-003 -6.106912121779511E-008
  4.329512082010796E-003 -3.170949435012653E-008
  4.327877239614798E-003  1.812353783308172E-008
  4.328105914969228E-003  6.901410653447320E-008
  4.330075668564099E-003  1.014145041728887E-007
  4.333001106488443E-003  1.031179974601724E-007
  4.335743394924864E-003  7.382058025610213E-008
  4.337250225382707E-003  2.507085871782307E-008
  4.336956349090784E-003 -2.430694880434248E-008
  4.334992323976388E-003 -5.550432724978333E-008
  4.332124559385260E-003 -5.691098265599400E-008
  4.329453455537008E-003 -2.844745954653339E-008
  4.327988407324733E-003  1.856577665164690E-008
  4.328263730048483E-003  6.588909166053638E-008
  4.330141555408064E-003  9.542154336557885E-008
  4.332874236024648E-003  9.610483076618863E-008
  4.335398659725674E-003  6.804046437626618E-008
  4.336746731194769E-003  2.228911939313036E-008
  4.336413607956783E-003 -2.350856127687769E-008
  4.334543710798326E-003 -5.195757039655580E-008
  4.331866139134716E-003 -5.253991351464520E-008
  4.329407794781641E-003 -2.552387699489392E-008
  4.328096978111717E-003  1.830063836544983E-008
  4.328410398612321E-003  6.189802593009627E-008
  4.330197741180711E-003  8.858267502836026E-008
  4.332748186166362E-003  8.838239101083826E-008
  4.335069964717980E-003  6.174375126453263E-008
  4.336273113275783E-003  1.920416601871778E-008
  4.335907786786473E-003 -2.278439942396968E-008
  4.334129606289497E-003 -4.822840507997911E-008
  4.331631426290823E-003 -4.769624729720088E-008
  4.329370972480926E-003 -2.182521502069351E-008
  4.328201310857367E-003  1.906952162661913E-008
  4.328546653494197E-003  5.907763124100462E-008
  4.330246623307941E-003  8.285485568180471E-008
  4.332625989669470E-003  8.147915578752486E-008
  4.334759969903093E-003  5.576921902314649E-008
  4.335830956985458E-003  1.583423717029408E-008
  4.335439140323858E-003 -2.291903207801319E-008
  4.333749090425753E-003 -4.574616566417690E-008
  4.331418723906812E-003 -4.418766327110893E-008
  4.329340934158086E-003 -1.921184739481813E-008
  4.328299259178765E-003  1.928667404708490E-008
  4.328670305986144E-003  5.638945725130924E-008
  4.330285869491649E-003  7.791906813978863E-008
  4.332505068997730E-003  7.583890297049226E-008
  4.334465907242667E-003  5.123199889491273E-008
  4.335417596675249E-003  1.375672018920429E-008
  4.335005594430198E-003 -2.216199235321138E-008
  4.333401205587625E-003 -4.290480387509772E-008
  4.331228531630936E-003 -4.084131237350438E-008
  4.329319602624598E-003 -1.715202552529110E-008
  4.328393683650720E-003  1.875337294787711E-008
  4.328784300660457E-003  5.294937011572451E-008
  4.330317514340997E-003  7.237611617085790E-008
  4.332385717221553E-003  6.981033254059744E-008
  4.334185933126970E-003  4.653422063056637E-008
  4.335029241235365E-003  1.171760078889006E-008
  4.334602149562425E-003 -2.120217682960167E-008
  4.333080822589396E-003 -3.971594775416708E-008
  4.331056690987945E-003 -3.700684620997426E-008
  4.329304590814389E-003 -1.446987545488951E-008
  4.328484250248866E-003  1.894230846451156E-008
  4.328890069431506E-003  5.025103132016170E-008
  4.330344028060646E-003  6.746973660422238E-008
  4.332270528139262E-003  6.417026325126792E-008
  4.333921949764145E-003  4.185964921807563E-008
  4.334666607802552E-003  9.291239229214767E-009
  4.334228256114560E-003 -2.098260785591084E-008
  4.332786397694111E-003 -3.745988861732730E-008
  4.330901124576847E-003 -3.406816966309247E-008
  4.329293735517639E-003 -1.240790677890120E-008
  4.328568990928625E-003  1.896628353358332E-008
  4.328985899899640E-003  4.790961393874428E-008
  4.330363850008689E-003  6.337409914815562E-008
  4.332157953291654E-003  5.961011808365326E-008
  4.333672380884912E-003  3.828552444282193E-008
  4.334328227485259E-003  7.743297825735524E-009
  4.333882840186470E-003 -2.027766201583390E-008
  4.332517576032423E-003 -3.517028553052105E-008
  4.330762394868838E-003 -3.148939766541044E-008
  4.329288450906476E-003 -1.095321362679553E-008
  4.328649792210809E-003  1.831800026588574E-008
  4.329073528693811E-003  4.499505844327216E-008
  4.330377878513176E-003  5.891034405209460E-008
  4.332047522993037E-003  5.492018363233422E-008
  4.333435210687128E-003  3.479233552251854E-008
  4.334010800240564E-003  6.427264111393272E-009
  4.333561965700057E-003 -1.925011634875582E-008
  4.332270636874244E-003 -3.250713661964404E-008
  4.330637797280050E-003 -2.850217093834612E-008
  4.329287558876297E-003 -9.060843081217260E-009
  4.328727076220031E-003  1.812032067942116E-008
  4.329154609839981E-003  4.250088219182738E-008
  4.330388321931234E-003  5.476539861637390E-008
  4.331941234740717E-003  5.036498574867199E-008
  4.333211605525836E-003  3.118653687365367E-008
  4.333714351736442E-003  4.739210948094760E-009
  4.333264568144862E-003 -1.879516506946180E-008
  4.332043763217077E-003 -3.049036680966084E-008
  4.330525230061494E-003 -2.606827114484496E-008
  4.329289094392218E-003 -7.467596775479910E-009
  4.328799260521858E-003  1.798407806612483E-008
  4.329227974145418E-003  4.044450405307663E-008
  4.330394293792703E-003  5.135033447457703E-008
  4.331838307456151E-003  4.666842361161724E-008
  4.333000784494108E-003  2.837127526758445E-008
  4.333438137320246E-003  3.598845884657792E-009
  4.332990105298651E-003 -1.814004279452031E-008
  4.331836825073947E-003 -2.863013182978042E-008
  4.330425105607084E-003 -2.406554317492430E-008
  4.329293958293829E-003 -6.437642240557088E-009
  4.328867460733596E-003  1.730963975444063E-008
  4.329294514973312E-003  3.800206395517975E-008
  4.330395999393387E-003  4.776843922307059E-008
  4.331737929920464E-003  4.302456763798815E-008
  4.332800864300658E-003  2.577691268580678E-008
  4.333179469880473E-003  2.773117477881646E-009
  4.332735619902208E-003 -1.714460651087787E-008
  4.331647241249488E-003 -2.644635736534434E-008
  4.330335779954997E-003 -2.176980537728848E-008
  4.329301744751094E-003 -5.141832570102018E-009
  4.328932456967568E-003  1.687583518749292E-008
  4.329355814058633E-003  3.576021516864332E-008
  4.330395231915078E-003  4.431183284310384E-008
  4.331641497555942E-003  3.938579769828880E-008
  4.332612397321735E-003  2.303423492011604E-008
  4.332937895796298E-003  1.646886267092243E-009
  4.332499790148291E-003 -1.655280772295391E-008
  4.331473180102876E-003 -2.467598018460284E-008
  4.330255347550547E-003 -1.978128754056360E-008
  4.329310837658896E-003 -3.942576023550616E-009
  4.328993109970346E-003  1.661427184482651E-008
  4.329411196050547E-003  3.394794793883273E-008
  4.330391621174011E-003  4.145872417896561E-008
  4.331548743931195E-003  3.638962042126046E-008
  4.332435081241132E-003  2.082467998152896E-008
  4.332713060352898E-003  8.247711236192631E-010
  4.332282309741775E-003 -1.594239207244429E-008
  4.331314534415979E-003 -2.315158214858598E-008
  4.330184003471554E-003 -1.821452395170204E-008
  4.329321707933919E-003 -3.213508262494020E-009
  4.329049982250728E-003  1.596103183332635E-008
  4.329461016097788E-003  3.191369388629880E-008
  4.330385003183945E-003  3.858793773654104E-008
  4.331458784428194E-003  3.355722390158325E-008
  4.332267315532570E-003  1.889705043925562E-008
  4.332502886557223E-003  3.258660258904826E-010
  4.332081044292007E-003 -1.503175785846803E-008
  4.331169587398357E-003 -2.138554339895114E-008
  4.330120828402580E-003 -1.646993379138939E-008
  4.329334392727084E-003 -2.356389246523971E-009
  4.329103949773741E-003  1.540227661140668E-008
  4.329506629218464E-003  2.994425453187706E-008
  4.330376723397796E-003  3.573892825209780E-008
  4.331372490275203E-003  3.067982458854714E-008
  4.332109196516459E-003  1.683906725096044E-008
  4.332306639738549E-003 -3.852397852833279E-010
  4.331894613562496E-003 -1.437965294180126E-008
  4.331036659307230E-003 -1.985966523230380E-008
  4.330064224018822E-003 -1.486960281576980E-008
  4.329347667050139E-003 -1.482201155246443E-009
  4.329154284853541E-003  1.505056010300363E-008
  4.329547750712958E-003  2.834875618005638E-008
  4.330366762462875E-003  3.335728368445354E-008
  4.331289899199502E-003  2.825767289582262E-008
  4.331960670629423E-003  1.511667515242553E-008
  4.332124138752595E-003 -9.578901777052273E-010
  4.331722780033062E-003 -1.381027824002967E-008
  4.330915579459913E-003 -1.860147023617153E-008
  4.330014182238690E-003 -1.363724031071288E-008
  4.329361686777670E-003 -9.695229231282446E-010
  4.329201190701203E-003  1.444074086695600E-008
  4.329584428978191E-003  2.665887481823208E-008
  4.330354803787860E-003  3.105519963229009E-008
  4.331210203642947E-003  2.605243420063150E-008
  4.331820466675129E-003  1.368254620448591E-008
  4.331953845144712E-003 -1.242075178978990E-009
  4.331564055333815E-003 -1.300643610404580E-008
  4.330805249956193E-003 -1.718753858742859E-008
  4.329970245016107E-003 -1.232335107391151E-008
  4.329376702977548E-003 -4.267497137427328E-010
  4.329245485474559E-003  1.383477661928199E-008
  4.329617735380780E-003  2.496083735606770E-008
  4.330341783568224E-003  2.873097948005400E-008
  4.331133863658560E-003  2.379761476857819E-008
  4.331688379535829E-003  1.215838774468733E-008
  4.331794903471384E-003 -1.655996545551955E-009
  4.331417135769912E-003 -1.234955591815981E-008
  4.330704231516881E-003 -1.589537252804125E-008
  4.329931153433910E-003 -1.105567608619753E-008
  4.329391857077591E-003  1.854154090076503E-010
  4.329286777557321E-003  1.342602971666383E-008
  4.329647659634695E-003  2.356257592431477E-008
  4.330327889027924E-003  2.674917572994956E-008
  4.331061064181938E-003  2.184869973150055E-008
  4.331564452945249E-003  1.082860861278666E-008
  4.331647180625571E-003 -2.034385614028055E-009
  4.331281773224075E-003 -1.182002672749232E-008
  4.330612272615026E-003 -1.485208187975898E-008
  4.329896747322455E-003 -1.008391472011486E-008
  4.329407102584702E-003  5.396772821005614E-010
  4.329325063910716E-003  1.286771791674375E-008
  4.329674104093160E-003  2.215904852089686E-008
  4.330312781852545E-003  2.490015912943855E-008
  4.330991142495820E-003  2.012802830454702E-008
  4.331447729405720E-003  9.760237053708540E-009
  4.331509576148890E-003 -2.179166183425267E-009
  4.331156958226324E-003 -1.112641015576257E-008
  4.330528694392548E-003 -1.372769427358588E-008
  4.329866838202420E-003 -9.101244052658268E-009
  4.329422758570798E-003  8.628853835637705E-010
  4.329361030118998E-003  1.226556589294878E-008
  4.329697860552488E-003  2.071709022009241E-008
  4.330297061553939E-003  2.302054325577277E-008
  4.330924264409597E-003  1.837489605397212E-008
  4.331337833023993E-003  8.645493101761705E-009
  4.331381229000164E-003 -2.387680490536838E-009
  4.331041541722529E-003 -1.050192765223199E-008
  4.330452328193953E-003 -1.265133923634623E-008
  4.329840488387632E-003 -8.113237046748197E-009
  4.329438273712629E-003  1.269386722554806E-009
  4.329394531917557E-003  1.182890006408634E-008
  4.329719087322662E-003  1.950028109167884E-008
  4.330281010847389E-003  2.137959540405796E-008
  4.330860656749850E-003  1.681663166893330E-008
  4.331234816040449E-003  7.631150096402400E-009
  4.331261992480381E-003 -2.617214507189905E-009
  4.330935240017599E-003 -1.001298397444712E-008
  4.330382859346723E-003 -1.178491799944278E-008
  4.329817445680690E-003 -7.347716885677694E-009
  4.329453492696923E-003  1.505772675464491E-009
  4.329425469403248E-003  1.132297991449910E-008
  4.329737642034870E-003  1.833324365222590E-008
  4.330264337851931E-003  1.989147702564101E-008
  4.330799816691534E-003  1.547128656871958E-008
  4.331137987607342E-003  6.834988700011883E-009
  4.331151100219933E-003 -2.672398260701636E-009
  4.330837380790855E-003 -9.422918585965086E-009
  4.330319876897917E-003 -1.089438242835836E-008
  4.329797661459316E-003 -6.616606000989470E-009
  4.329468719677962E-003  1.679537253019126E-009
  4.329454373099685E-003  1.075545850056975E-008
  4.329754073864283E-003  1.712353217570205E-008
  4.330247387254283E-003  1.838227826608655E-008
  4.330741719131352E-003  1.411716470204650E-008
  4.331046900054119E-003  6.029473003081623E-009
  4.331047758496120E-003 -2.744652962572318E-009
  4.330747003265804E-003 -8.853091756237000E-009
  4.330262474087008E-003 -1.001124887632358E-008
  4.329780473861284E-003 -5.859101274492548E-009
  4.329483639681443E-003  1.929291521869541E-009
  4.329481262595809E-003  1.031475263416807E-008
  4.329768625243906E-003  1.607364744772557E-008
  4.330230460736212E-003  1.703192921171393E-008
  4.330686570520595E-003  1.288052264933306E-008
  4.330961570736939E-003  5.266708883678232E-009
  4.330951786225340E-003 -2.862938988144158E-009
  4.330663792741178E-003 -8.406368317376725E-009
  4.330210303734859E-003 -9.292825874760622E-009
  4.329765592336788E-003 -5.258827856930406E-009
  4.329498057216968E-003  2.077041830042773E-009
  4.329506011657535E-003  9.858955811460329E-009
  4.329781165326766E-003  1.510172213294059E-008
  4.330213339117213E-003  1.583207313882525E-008
  4.330634013370015E-003  1.182718666247474E-008
  4.330881517774853E-003  4.674349895520156E-009
  4.330862658249520E-003 -2.861154428241619E-009
  4.330587303012743E-003 -7.908581628538785E-009
  4.330163115878996E-003 -8.588846750338583E-009
  4.329753027227921E-003 -4.717074972816234E-009
  4.329512222470948E-003  2.151835311006780E-009
  4.329529004171261E-003  9.342411371464285E-009
  4.329792050736405E-003  1.409644675494382E-008
  4.330196188590470E-003  1.462713783983947E-008
  4.330583913731542E-003  1.078683571006626E-008
  4.330806289371648E-003  4.099142771316596E-009
  4.330779686560551E-003 -2.847575550430551E-009
  4.330516764184845E-003 -7.404331734278345E-009
  4.330120234616512E-003 -7.874066890868194E-009
  4.329742336681337E-003 -4.145843618319866E-009
  4.329525988407933E-003  2.285968676313212E-009
  4.329550354549877E-003  8.915874302343067E-009
  4.329801547600785E-003  1.319896176459059E-008
  4.330179283453920E-003  1.352357420790467E-008
  4.330536427605497E-003  9.813473662803194E-009
  4.330735854388585E-003  3.534905889045640E-009
  4.330702657949732E-003 -2.885526395039393E-009
  4.330451847792866E-003 -7.001372382913290E-009
  4.330081310871999E-003 -7.280905831527489E-009
  4.329733232402488E-003 -3.678978900286325E-009
  4.329539163941505E-003  2.366968621876520E-009
  4.329569950082835E-003  8.506917825380641E-009
  4.329809561623047E-003  1.238849881276955E-008
  4.330162478368511E-003  1.255500966828694E-008
  4.330491314966075E-003  8.988559822577073E-009
  4.330669884156888E-003  3.096120527220385E-009
  4.330631212995368E-003 -2.848118937648660E-009
  4.330392252447184E-003 -6.583320509902239E-009
  4.330046184968178E-003 -6.724650495673463E-009
  4.329725738287669E-003 -3.278973384139798E-009
  4.329551934117364E-003  2.378210173633523E-009
  4.329588051727386E-003  8.047906775121036E-009
  4.329816307579531E-003  1.155911364196734E-008
  4.330145824496695E-003  1.159710149002714E-008
  4.330448392553576E-003  8.192630103335937E-009
  4.330607963642458E-003  2.690297540572981E-009
  4.330564782512011E-003 -2.784256075629455E-009
  4.330337382693301E-003 -6.147520684990805E-009
  4.330014371060229E-003 -6.153108119470453E-009
  4.329719577222045E-003 -2.855422621211222E-009
  4.329564261490422E-003  2.430195584916121E-009
  4.329604817151729E-003  7.648280612584716E-009
  4.329822036852221E-003  1.079911102952970E-008
  4.330129545777375E-003  1.070171212686998E-008
  4.330407757542990E-003  7.433093062999412E-009
  4.330550016866815E-003  2.280681233221587E-009
  4.330503133987195E-003 -2.766827179555787E-009
  4.330286915870635E-003 -5.789088022031890E-009
  4.329985542378926E-003 -5.666540924031624E-009
  4.329714489465728E-003 -2.496501870784700E-009
  4.329575984046823E-003  2.461402358125598E-009
  4.329620165108156E-003  7.282831215610986E-009
  4.329826697184798E-003  1.012297145887272E-008
  4.330113559004566E-003  9.919703431597817E-009
  4.330369256591967E-003  6.787819926344473E-009
  4.330495820983422E-003  1.958258297611540E-009
  4.330446016834070E-003 -2.707869508261437E-009
  4.330240639529557E-003 -5.438762984590292E-009
  4.329959586157108E-003 -5.226881337229027E-009
  4.329710490879215E-003 -2.202343255642970E-009
  4.329587226227209E-003  2.433374097986432E-009
  4.329634262209637E-003  6.881716381739772E-009
  4.329830405997586E-003  9.442303849254141E-009
  4.330097848620002E-003  9.160512908632404E-009
  4.330332696487845E-003  6.180867471644650E-009
  4.330445018074574E-003  1.675635485655160E-009
  4.330392977210089E-003 -2.617886623816398E-009
  4.330198106633206E-003 -5.069009302802337E-009
  4.329936164566644E-003 -4.774713463134695E-009
  4.329707420529426E-003 -1.893751758349097E-009
  4.329598014764340E-003  2.429582617283414E-009
  4.329647274468701E-003  6.516912974974268E-009
  4.329833379177423E-003  8.804593622040477E-009
  4.330082581515814E-003  8.439247199590042E-009
  4.330298120137250E-003  5.593384261548007E-009
  4.330397499164361E-003  1.384648978055426E-009
  4.330343778746693E-003 -2.564715629076643E-009
  4.330159016738283E-003 -4.754737185720975E-009
  4.329914988868221E-003 -4.378836265255388E-009
  4.329705060952694E-003 -1.621915927305585E-009
  4.329608226721855E-003  2.424462913444263E-009
  4.329659155933707E-003  6.191898743030381E-009
  4.329835601339178E-003  8.240857152793348E-009
  4.330067720255210E-003  7.808454723570223E-009
  4.330265433040014E-003  5.090005131080050E-009
  4.330353110482576E-003  1.150680838848412E-009
  4.330298239572081E-003 -2.493633681941567E-009
  4.330123210353363E-003 -4.461487969833460E-009
  4.329895968974463E-003 -4.031215957443873E-009
  4.329703412979160E-003 -1.406801886015555E-009
  4.329617937691504E-003  2.373462128906861E-009
  4.329670006143089E-003  5.845458609791158E-009
  4.329837127956045E-003  7.684308759317737E-009
  4.330053216485979E-003  7.208020921630970E-009
  4.330234455215597E-003  4.628351478717776E-009
  4.330311557293160E-003  9.568058404582814E-010
  4.330256008284713E-003 -2.393289122351938E-009
  4.330090359964216E-003 -4.152272903674892E-009
  4.329878876875710E-003 -3.676778569114197E-009
  4.329702392675256E-003 -1.186152771921117E-009
  4.329627206007591E-003  2.333996136665454E-009
  4.329679978459600E-003  5.519425691994576E-009
  4.329838131489728E-003  7.153797459441229E-009
  4.330039183443815E-003  6.631041571628633E-009
  4.330205186205815E-003  4.177927621252777E-009
  4.330272711694344E-003  7.553431692567134E-010
  4.330216858318039E-003 -2.319348616604895E-009
  4.330060198429690E-003 -3.880610973522293E-009
  4.329863469541192E-003 -3.357695157771353E-009
  4.329701828984576E-003 -9.840564736767295E-010
  4.329635948187829E-003  2.303362372467380E-009
  4.329689058130840E-003  5.232035546927231E-009
  4.329838623743290E-003  6.684600602002383E-009
  4.330025613337364E-003  6.123287031106015E-009
  4.330177568072643E-003  3.786927427152489E-009
  4.330236462642644E-003  5.886162501008235E-010
  4.330180650033861E-003 -2.242581443696619E-009
  4.330032597658920E-003 -3.635375743641094E-009
  4.329849667737320E-003 -3.082913156945386E-009
  4.329701708605121E-003 -8.280740592762337E-010
  4.329644204566474E-003  2.240121074629247E-009
  4.329697300480902E-003  4.935251300543457E-009
  4.329838624235747E-003  6.230681244145633E-009
