  0.999999976577308       0.000000000000000E+000
  0.872096519365211      -1.447769727778477E-003
  0.541674033604628      -8.291630689699419E-003
  0.138827263154283      -1.747698588457130E-002
 -0.185983399834182      -2.000316050147766E-002
 -0.319770693453569      -1.038210485255709E-002
 -0.223608590747370       6.844433953609126E-003
  6.039215147413778E-002  2.033709683821258E-002
  0.427558762951525       2.181415770044938E-002
  0.745986280855121       1.290435076040677E-002
  0.900049767890441       2.649680529561151E-003
  0.831584516129256      -1.339674804573644E-003
  0.564538005455495       7.966672485872618E-004
  0.199783447260011       3.071488321421087E-003
 -0.122666192537665       9.488945284980074E-004
 -0.280195676328551      -3.848879322670387E-003
 -0.217376753390497      -5.726216499281638E-003
  3.399771870060857E-002 -1.784294248072373E-003
  0.371978937088354       4.605415187471211E-003
  0.667669101633134       7.012424165932118E-003
  0.813936202852496       2.578049550912663E-003
  0.761326898465130      -4.786115455165970E-003
  0.531869878783102      -7.910582689892148E-003
  0.209730391591438      -3.094669459099225E-003
 -8.755224818452242E-002  6.524800181967025E-003
 -0.249916534488787       1.401437756939843E-002
 -0.215741418734128       1.482707632359989E-002
  2.556034008434271E-003  1.011092370434596E-002
  0.321023211369260       4.417690959127305E-003
  0.616480275851575       7.633696133357092E-004
  0.775842320567108      -1.729671005949290E-003
  0.740693918347872      -5.520860396419601E-003
  0.527961269363908      -1.061006062705389E-002
  0.219851336525793      -1.339928247209577E-002
 -6.977794659866712E-002 -9.884274142477497E-003
 -0.237470900584646       1.877690802479715E-005
 -0.225587571044818       1.147200443233837E-002
 -4.089535408728838E-002  1.821759810600008E-002
  0.248214962883257       1.735450645032534E-002
  0.535266600514519       1.104347975411535E-002
  0.713644266113083       3.912408820664823E-003
  0.716562411149522      -9.883497261271084E-004
  0.543486845250427      -3.821762745690508E-003
  0.260970727472552      -6.137632742508780E-003
 -2.364142981434907E-002 -8.079142002412793E-003
 -0.204704074217445      -7.816663238218721E-003
 -0.218700283696190      -3.758765895957199E-003
 -6.627824595839357E-002  2.983496981839127E-003
  0.191134489680207       8.714545467556177E-003
  0.456357820103208       1.001058274312075E-002
  0.632295134404344       6.627426859625618E-003
  0.655989594592829       1.662180898037631E-003
  0.520278583873136      -1.161595847282874E-003
  0.276270631277236      -4.991536774316665E-004
  1.516452775482748E-002  2.011549851192351E-003
 -0.165337593510302       3.778862244642237E-003
 -0.198221663052024       3.682480518220494E-003
 -7.323098362122903E-002  2.576854098056733E-003
  0.159369793411534       1.737366976197728E-003
  0.409163849581473       1.202475832580758E-003
  0.581303495321906      -1.320736006862573E-004
  0.612556584955578      -2.841117180164666E-003
  0.493645656208581      -5.652963733842324E-003
  0.270625143843095      -6.087043326512950E-003
  2.648331814486473E-002 -2.614214012688152E-003
 -0.149403823636312       3.707037565654019E-003
 -0.193300578769241       9.729255592679412E-003
 -9.000635640336879E-002  1.244558029556269E-002
  0.121327184734206       1.097376923284546E-002
  0.361206931922282       6.683643556705423E-003
  0.539362844887642       1.683052542781790E-003
  0.589048246995916      -2.700104836503232E-003
  0.492512471807550      -6.111063340518695E-003
  0.287252560586829      -8.266326216162835E-003
  5.071922819656582E-002 -8.311162194599875E-003
 -0.129803018234143      -5.364992172156804E-003
 -0.189811171497369       2.512563187149781E-004
 -0.110389293669428       6.496740331010613E-003
  7.635653558421109E-002  1.059123594616659E-002
  0.300102718910336       1.081541533979464E-002
  0.478200419277431       7.607576460309182E-003
  0.545585807043905       3.050702537955953E-003
  0.478388805194327      -7.103881598554742E-004
  0.302701358044714      -2.721367823277526E-003
  8.482271385557673E-002 -3.231800437506498E-003
 -9.384394906957096E-002 -2.815787391500070E-003
 -0.167763606819113      -1.685922195795406E-003
 -0.111914046827297       1.466742609536330E-004
  4.957755565687740E-002  2.255177171596761E-003
  0.253769877058510       3.629534272087083E-003
  0.423483600648719       3.343257933373193E-003
  0.496198686191475       1.469098002414590E-003
  0.446503848812991      -7.175092996507939E-004
  0.294436791656042      -1.582505464785690E-003
  9.735638272159040E-002 -3.586508995213698E-004
 -7.143431313508912E-002  2.292792005073463E-003
 -0.149719288508506       4.825172009743766E-003
 -0.109401933265983       5.917977767188675E-003
  3.302516138559528E-002  5.206784674936011E-003
  0.222789993211303       3.164960078296794E-003
  0.387769451526138       4.982587463806374E-004
  0.465978693858670      -2.244633256078146E-003
  0.428852572535273      -4.555452406435242E-003
  0.291366525050060      -5.707481275043445E-003
  0.105518392945655      -4.895341223116456E-003
 -5.974527368169723E-002 -1.840267449594714E-003
 -0.144209510513344       2.673816415159253E-003
 -0.118196429596393       6.941670815810711E-003
  7.118517323331976E-003  9.202102915029235E-003
  0.184261533781300       8.618499594548489E-003
  0.347120801481023       5.650862191289463E-003
  0.435380544622486       1.618474696305326E-003
  0.416840928455300      -2.099838557815704E-003
  0.299264805973326      -4.601538663175579E-003
  0.127158313333256      -5.493721483021741E-003
 -3.532401732706431E-002 -4.691851280063564E-003
 -0.128689541758396      -2.369341549256217E-003
 -0.120201301437298       8.861543129912308E-004
 -1.542734599130801E-002  4.020027559933143E-003
  0.144730703907201       5.851511640902250E-003
  0.299900421159047       5.699099571901759E-003
  0.392761109672456       3.823735490018063E-003
  0.389923400624110       1.294142150855310E-003
  0.293744609900680      -6.632910869877668E-004
  0.140984122570320      -1.349939190954989E-003
 -1.113482022339670E-002 -8.415310989538456E-004
 -0.106356369816752       2.790069650982973E-004
 -0.110372384160033       1.376783686172561E-003
 -2.344235459227937E-002  2.034536062913682E-003
  0.120140272409491       2.049369435703394E-003
  0.265436108340366       1.356254351311351E-003
  0.357806645134182       7.655455773383099E-005
  0.363312803686072      -1.356304798388321E-003
  0.280919510652115      -2.229433579683228E-003
  0.142224908967735      -1.876504027459874E-003
 -8.064731007164497E-004 -1.319519834810011E-004
 -9.531787759121303E-002  2.442087865430498E-003
 -0.107040252088746       4.780359366620585E-003
 -3.273049572009989E-002  5.866542805946557E-003
  9.890026701190614E-002  5.238772660047570E-003
  0.238081856324849       3.139595080329187E-003
  0.332670223741682       2.985510117583448E-004
  0.347628734864869      -2.418066661495921E-003
  0.277951443551129      -4.259604534097955E-003
  0.150173974987477      -4.706185470262944E-003
  1.203584157735926E-002 -3.554468162070988E-003
 -8.559980331685735E-002 -1.036712453930492E-003
 -0.107628923869518       2.122050416085093E-003
 -4.736806884062461E-002  4.867362494684241E-003
  7.149470456527224E-002  6.222020117760466E-003
  0.204104850979388       5.737679301153951E-003
  0.301222430353610       3.704849464263891E-003
  0.327365610870062       9.811635082526645E-004
  0.273696588233548      -1.439908575184378E-003
  0.160967667479037      -2.842891074137217E-003
  3.148679270346019E-002 -2.977663300346519E-003
 -6.685939287705991E-002 -2.011905309542032E-003
 -9.849216165182861E-002 -3.817466200072521E-004
 -5.319219811604618E-002  1.346196798387697E-003
  5.053235436304509E-002  2.598933688099674E-003
  0.172855041707195       2.958008809888718E-003
  0.267816399705655       2.341563613596159E-003
  0.300457034546056       1.091813793461377E-003
  0.259525902145280      -1.476265530193197E-004
  0.161204519147520      -7.464746032790938E-004
  4.267568319608978E-002 -4.193674720303363E-004
 -5.193496965681686E-002  6.343826000265832E-004
 -8.799326223810394E-002  1.862705218770815E-003
 -5.309707057821150E-002  2.660507541812985E-003
  3.856519840739946E-002  2.645071231641643E-003
  0.151808579222387       1.776434466851212E-003
  0.243835568783750       3.235147696571231E-004
  0.280314934219066      -1.245195868773141E-003
  0.248079513604329      -2.388637882901078E-003
  0.159726640408644      -2.638368872111343E-003
  4.854357856751787E-002 -1.769112774018789E-003
 -4.416191718025078E-002  5.723969089019501E-005
 -8.447825273303987E-002  2.276753434894853E-003
 -5.831810988939384E-002  4.102969489773602E-003
  2.364969113370592E-002  4.846784171890833E-003
  0.130252834097123       4.215652449618199E-003
  0.221572510650335       2.430985186456697E-003
  0.263802339103711       1.139863306549188E-004
  0.241696107537598      -1.975961991461286E-003
  0.164006572497882      -3.208919567528441E-003
  5.994749018089954E-002 -3.258428915122557E-003
 -3.191382163337782E-002 -2.162269803694268E-003
 -7.809259276591439E-002 -2.936421496744168E-004
 -6.251277920361256E-002  1.742073914701473E-003
  7.832260739193292E-003  3.284241060607053E-003
  0.105859242242039       3.841423830107969E-003
  0.194739135913904       3.283577559809106E-003
  0.241646076088386       1.899870739843174E-003
  0.229792617290773       2.725131680107642E-004
  0.164363179987796      -9.799152642846456E-004
  7.026033066524945E-002 -1.458294512585479E-003
 -1.739733423920933E-002 -1.113941194912303E-003
 -6.643206894174451E-002 -2.137270173291446E-004
 -5.950296892355228E-002  8.101229150600983E-004
 -3.308129915186969E-004  1.537375499271686E-003
  8.800308654111319E-002  1.699160411924498E-003
  0.171944881512558       1.255685784036812E-003
  0.220117284969330       4.076163303888319E-004
  0.214949898141490      -4.666331316424397E-004
  0.158981026490441      -9.487920799021678E-004
  7.359146861042089E-002 -7.594505033175099E-004
 -9.220648523986784E-003  9.913829029435137E-005
 -5.886279583358865E-002  1.317749606864454E-003
 -5.747169369101238E-002  2.400821621851886E-003
 -6.370927661582832E-003  2.879902377719273E-003
  7.465968415970806E-002  2.514295460998444E-003
  0.154950731891928       1.386100057244574E-003
  0.204467540240757      -1.397050191996108E-004
  0.204966952663444      -1.554168306492630E-003
  0.156635172361006      -2.377974346720938E-003
  7.778524804953245E-002 -2.314681997609110E-003
 -2.182137980695479E-003 -1.348649713510172E-003
 -5.383600655838679E-002  2.362549313858493E-004
 -5.861845097827610E-002  1.933111194665617E-003
 -1.555458894998696E-002  3.176167050916882E-003
  5.864170691015562E-002  3.544551986908115E-003
  0.135995778345505       2.923917988630084E-003
  0.187760921797626       1.550567204286576E-003
  0.195042922949944      -8.525176941351421E-005
  0.155641396251877      -1.431519565765684E-003
  8.463058997427479E-002 -2.074881210750673E-003
  8.541385965780135E-003 -1.869792649396811E-003
 -4.462188128835044E-002 -9.606982411946782E-004
 -5.577208723742105E-002  2.916659119635085E-004
 -2.167123800106687E-002  1.442859063857028E-003
  4.412284924981073E-002  2.113886752996173E-003
  0.116553402506218       2.116132794781162E-003
  0.168535275868426       1.513451835955422E-003
  0.181016585427519       5.938023815359400E-004
  0.149896875049348      -2.478830550940375E-004
  8.729885763825146E-002 -6.730872407409777E-004
  1.681851578725064E-002 -5.387448628294148E-004
 -3.539641384759704E-002  5.142973521278284E-005
 -5.038016921847770E-002  8.040520626758158E-004
 -2.328170848382072E-002  1.369565411532284E-003
  3.503590097207705E-002  1.488518651743204E-003
  0.102254722934546       1.090816026813195E-003
  0.153061346680376       3.170317006568024E-004
  0.168603481670621      -5.366796216072342E-004
  0.143410064331364      -1.126737146364245E-003
  8.723626566593451E-002 -1.188947849404820E-003
  2.122368884818189E-002 -6.439730729032366E-004
 -3.011021832183309E-002  3.578538817022777E-004
 -4.801730370772674E-002  1.477225065590672E-003
 -2.639330476769629E-002  2.305773657634395E-003
  2.612797777743998E-002  2.522074472279801E-003
  8.956665340821385E-002  2.019266321194932E-003
  0.140145222561305       9.495637208498049E-004
  0.159146296472875      -3.317871936747128E-004
  0.139783070541364      -1.396697898257489E-003
  8.956067467969304E-002 -1.894888008617791E-003
  2.730863747008144E-002 -1.670440593866010E-003
 -2.394580693189269E-002 -8.086738510282871E-004
 -4.556235200726950E-002  3.968205691159724E-004
 -3.012389668386536E-002  1.544199738402097E-003
  1.598483654587098E-002  2.259351114474048E-003
  7.514612307621613E-002  2.324043197602661E-003
  0.125193386167957       1.750565102003169E-003
  0.147673349519185       7.724464309036490E-004
  0.134607908804275      -2.476424453022346E-004
  9.128076929573110E-002 -9.566140009018163E-004
  3.407906751781713E-002 -1.139806794943826E-003
 -1.573973374866773E-002 -7.894355764827710E-004
 -3.999124381637711E-002 -9.063320927889193E-005
 -3.025184145935065E-002  6.620338661824210E-004
  9.170827259861073E-003  1.180305935912219E-003
  6.303348853746592E-002  1.286703703745134E-003
  0.110982739485577       9.732400276447954E-004
  0.135186952850621       3.970564411976350E-004
  0.126913546671898      -1.843174100618529E-004
  8.962745782258613E-002 -5.156608201728866E-004
  3.751675984055496E-002 -4.472621284756676E-004
 -9.935831187597279E-003  2.249605354768208E-006
 -3.526268223443276E-002  6.509119738369622E-004
 -2.946581371139106E-002  1.226240593079963E-003
  4.762404670135699E-003  1.476210659222940E-003
  5.420029789191425E-002  1.272089077662281E-003
  0.100149292720728       6.614047135856803E-004
  0.125451424644107      -1.482109094997815E-004
  0.120841301939751      -8.654353566724894E-004
  8.828273671883906E-002 -1.221710912625203E-003
  4.009131545376478E-002 -1.069388211462950E-003
 -5.773581572125703E-003 -4.378969747731791E-004
 -3.244601642504419E-002  4.716404627581070E-004
 -3.039147292287668E-002  1.353173587088071E-003
 -8.401359783719993E-004  1.902529771354402E-003
  4.481556828513359E-002  1.926804747045104E-003
  8.937737611007464E-002  1.415282102706784E-003
  0.116285219226334       5.437983331453364E-004
  0.115735011491454      -3.897179819483867E-004
  8.821130093222836E-002 -1.073298590468673E-003
  4.416334690671965E-002 -1.290830404259641E-003
 -2.282852660792241E-006 -9.934116194358718E-004
 -2.807759013098403E-002 -3.087691618110691E-004
 -3.004693062231345E-002  5.108995930578813E-004
 -5.700030858595277E-003  1.181386737021098E-003
  3.543991468673093E-002  1.486039282334889E-003
  7.779129854460498E-002  1.348319518267378E-003
  0.105575689146143       8.527662609659621E-004
  0.108660942703675       2.073884544838302E-004
  8.622245033234188E-002 -3.384397987281630E-004
  4.690113963634945E-002 -5.893510549932558E-004
  5.454056061869177E-003 -4.756939741854955E-004
 -2.280877387731801E-002 -7.404377953644628E-005
 -2.770774420332749E-002  4.299530706664407E-004
 -7.890054554180291E-003  8.195042246364669E-004
  2.880196276407121E-002  9.331826913318368E-004
  6.837904242866231E-002  7.264720603584664E-004
  9.598961786930706E-002  2.863522252962956E-004
  0.101447332751472      -2.045976441642783E-004
  8.294604451743749E-002 -5.399592154403221E-004
  4.760962638434620E-002 -5.702785743100238E-004
  8.718827552370280E-003 -2.630307286531442E-004
 -1.930699759977673E-002  2.811240150462355E-004
 -2.627882063705994E-002  8.631613774326665E-004
 -9.961389985479987E-003  1.259685202111477E-003
  2.320558615074974E-002  1.308355404041714E-003
  6.061330407304484E-002  9.716336511250424E-004
  8.824297542685905E-002  3.538004386331999E-004
  9.588325424119649E-002 -3.353998828201655E-004
  8.086578889928854E-002 -8.563486801136046E-004
  4.895416662168418E-002 -1.025770474447436E-003
  1.209528899276818E-002 -7.820523119387553E-004
 -1.609029096851063E-002 -2.067789227499700E-004
 -2.537599177263832E-002  5.043457039064073E-004
 -1.266861953850968E-002  1.110408957584947E-003
  1.694716331393861E-002  1.409649037156535E-003
  5.220728058093588E-002  1.309462636726881E-003
  7.992507139654738E-002  8.570537151599857E-004
  8.989735415518363E-002  2.196847620803537E-004
  7.863427372524998E-002 -3.779354065425027E-004
  5.054994148273009E-002 -7.354587094798485E-004
  1.621064576893496E-002 -7.472012511689464E-004
 -1.166772711423090E-002 -4.353243741847534E-004
 -2.295823580563949E-002  6.482859379406014E-005
 -1.383184590257668E-002  5.596671903031122E-004
  1.192190942772231E-002  8.706223439634585E-004
  4.441655394279172E-002  8.983725842161585E-004
  7.142628523953179E-002  6.552539871972661E-004
  8.295318592747294E-002  2.553342108653624E-004
  7.489873754309177E-002 -1.329518190856280E-004
  5.049217520841239E-002 -3.532733798431005E-004
  1.898027071063295E-002 -3.217541678801704E-004
 -7.894263991284459E-003 -5.828124814455788E-005
 -2.028701191650758E-002  3.230723369674956E-004
 -1.387671153660627E-002  6.604662541993944E-004
  8.611831868586535E-003  8.090723188844130E-004
  3.852090542235326E-002  6.986981578818487E-004
  6.455841427738694E-002  3.619372362500324E-004
  7.702718526525797E-002 -7.761259568263064E-005
  7.140291039206403E-002 -4.520604718470875E-004
  4.994238667111506E-002 -6.128917388981618E-004
  2.075297253376867E-002 -4.877312146952907E-004
 -5.295855629876866E-003 -1.091943798529925E-004
 -1.864279182805311E-002  3.949228127589605E-004
 -1.456336745574112E-002  8.468422760987179E-004
  5.143768572442442E-003  1.083139063980206E-003
  3.291201752770646E-002  1.014664117730632E-003
  5.828910048460555E-002  6.597956083567486E-004
  7.184850582567488E-002  1.384969384754128E-004
  6.866661951285398E-002 -3.706758045849711E-004
  5.008366650211136E-002 -6.945740673170184E-004
  2.312033103066832E-002 -7.267646858550642E-004
 -2.200882394687580E-003 -4.638992141603486E-004
 -1.660780327048786E-002 -4.584891830200606E-006
 -1.499921997139250E-002  4.878853153815988E-004
  1.728248843672053E-003  8.447020347806117E-004
  2.710058883876760E-002  9.509966079172607E-004
  5.154550190296957E-002  7.844183693980383E-004
  6.598160128325997E-002  4.195390231743466E-004
  6.517192933525924E-002 -2.717804732958463E-006
  4.960343605721296E-002 -3.287136555231440E-004
  2.521856331452997E-002 -4.485759644862926E-004
  1.130655748301171E-003 -3.345535585086655E-004
 -1.380035757962042E-002 -4.746802903668995E-005
 -1.424647933052210E-002  2.901717273511036E-004
 -3.318679381662350E-004  5.431959054533517E-004
  2.249659897581192E-002  6.157498359548808E-004
  4.557004061038316E-002  4.865712707022009E-004
  6.026159204079907E-002  2.148352009375434E-004
  6.118623396284640E-002 -8.480417154704642E-005
  4.815069094997911E-002 -2.878728111845729E-004
  2.614857710876197E-002 -3.088683412170156E-004
  3.431275890010411E-003 -1.346981607995067E-004
 -1.160176544791756E-002  1.698439309688482E-004
 -1.352274243290752E-002  4.866236350551069E-004
 -1.848010426666713E-003  6.894235664802221E-004
  1.885162276334406E-002  6.926790882793329E-004
  4.071714728372702E-002  4.850798326485233E-004
  5.556258419653613E-002  1.351893187285564E-004
  5.791632419376864E-002 -2.330854617561765E-004
  4.701373180148186E-002 -4.859279851868138E-004
  2.701682858949805E-002 -5.289443518933830E-004
  5.404311004633665E-003 -3.421220290388834E-004
 -9.845711946863794E-003  1.235712933013148E-005
 -1.321904808580134E-002  4.121697401009017E-004
 -3.674440351369006E-003  7.186185737124475E-004
  1.503276021061660E-002  8.261603495831459E-004
  3.580827447511909E-002  6.997435168171465E-004
  5.089250527359747E-002  3.865177708074534E-004
  5.474234158622793E-002 -2.114313115483142E-006
  4.605087830983207E-002 -3.312547503005875E-004
  2.816957392037553E-002 -4.909253792163761E-004
  7.799691924010589E-003 -4.343883275966552E-004
 -7.537231096514346E-003 -1.926638743809058E-004
 -1.229534762115142E-002  1.394027744914376E-004
 -4.927541618170417E-003  4.396250849642887E-004
  1.160234512118024E-002  6.035439314561933E-004
  3.098550530959997E-002  5.814175369102810E-004
  4.595553530510082E-002  3.939205869950458E-004
  5.099451161885796E-002  1.214831382952330E-004
  4.435037241006089E-002 -1.280319633524651E-004
  2.862838449320045E-002 -2.607719881716765E-004
  9.758877540868474E-003 -2.318106391880927E-004
 -5.251881042052813E-003 -6.061641762995380E-005
 -1.093587858252360E-002  1.783319911445570E-004
 -5.368159476897000E-003  3.857234370921862E-004
  9.171962459497186E-003  4.765137761058140E-004
  2.710866151853385E-002  4.128849964454141E-004
  4.168677905438584E-002  2.185884265485539E-004
  4.749570247783885E-002 -3.053375614050153E-005
  4.245802763691720E-002 -2.359620706509410E-004
  2.855312487076402E-002 -3.145070618682827E-004
  1.102536639606315E-002 -2.304838696392314E-004
 -3.607673245513013E-003 -9.948723744391841E-006
 -9.991224550982898E-003  2.683323586783069E-004
 -5.903813864621574E-003  5.018188821280115E-004
  6.961866538903094E-003  6.022591602027627E-004
  2.368041394004840E-002  5.287025033074805E-004
  3.796421382387919E-002  3.031562981176798E-004
  4.451285399181251E-002  3.051810897552054E-006
  4.096392406360625E-002 -2.666781233379227E-004
  2.872785341003406E-002 -4.115516477844752E-004
  1.241315846613740E-002 -3.815280165239465E-004
 -1.925036812620248E-003 -1.886445167931095E-004
 -9.047626647829326E-003  9.793572635619359E-005
 -6.459794720486043E-003  3.773611228523756E-004
  4.704607856156811E-003  5.534929880224060E-004
  2.015517051115823E-002  5.689350770717250E-004
  3.407904266022854E-002  4.244492127941895E-004
  4.131492230967235E-002  1.770307883844756E-004
  3.925384260526877E-002 -8.220939807377486E-005
  2.876678707716209E-002 -2.618740099192660E-004
  1.382992876465245E-002 -3.032156077049212E-004
  5.562481480177525E-006 -2.001603966766436E-004
 -7.641646212538085E-003  5.838408437810643E-007
 -6.412836245678837E-003  2.188184487845546E-004
  3.061334557274463E-003  3.718565322428553E-004
  1.710505297947559E-002  4.054063423889529E-004
  3.040587183005437E-002  3.128608502930391E-004
  3.800869364242607E-002  1.361280071072288E-004
  3.714746389662762E-002 -5.182402760261270E-005
  2.823798328846454E-002 -1.757253237952956E-004
  1.467617272057821E-002 -1.870137962313680E-004
  1.534196100519342E-003 -8.215235229832130E-005
 -6.345903038621943E-003  9.651043934224432E-005
 -6.145339129036552E-003  2.774494505785294E-004
  1.914787682651340E-003  3.877322325982555E-004
  1.469911019555095E-002  3.812212840934652E-004
  2.736279613196841E-002  2.565010745149443E-004
  3.517326008969371E-002  5.777876173617930E-005
  3.526442637313382E-002 -1.415244338552086E-004
  2.767398465041842E-002 -2.662599205300785E-004
  1.528918177009831E-002 -2.677737560673533E-004
  2.736682693184739E-003 -1.423175943282461E-004
 -5.356996621891689E-003  6.717600606310287E-005
 -6.080696209597558E-003  2.865675821521586E-004
  7.060109804679019E-004  4.374720657103777E-004
  1.235912721367369E-002  4.657499915490208E-004
  2.446855516871858E-002  3.610730658849376E-004
  3.251644610964401E-002  1.604584684494458E-004
  3.355201222309079E-002 -6.539617174667094E-005
  2.726207585167917E-002 -2.378269212695026E-004
  1.604941699557474E-002 -2.984553730694079E-004
  4.104147650925344E-003 -2.296591940215043E-004
 -4.173401421224439E-003 -5.994694842347941E-005
 -5.804741244851519E-003  1.474277099836821E-004
 -3.149333229914099E-004  3.181171219334290E-004
  1.012868242927387E-002  3.937125186342984E-004
  2.155831361930021E-002  3.522367785814588E-004
  2.970185356287983E-002  2.147940382517266E-004
  3.156946056726451E-002  3.630983649942442E-005
  2.654148607012589E-002 -1.158230846180841E-004
  1.656209225670148E-002 -1.870204881821055E-004
  5.380103125562875E-003 -1.552700763905412E-004
 -2.867462084824040E-003 -3.819731192264548E-005
 -5.194510313110237E-003  1.148814057939092E-004
 -8.554261936979638E-004  2.425907847296221E-004
  8.412120635615901E-003  2.951875725382352E-004
  1.906860839338407E-002  2.533143234002340E-004
  2.711211078778857E-002  1.348432263689382E-004
  2.956950930894542E-002 -1.256351640846521E-005
  2.558434785514708E-002 -1.301423857712394E-004
  1.670382980593561E-002 -1.707504846491934E-004
  6.270153991902994E-003 -1.169876592675881E-004
 -1.845156083009178E-003  1.208517284013383E-005
 -4.685120807321016E-003  1.680882942103381E-004
 -1.291391695568966E-003  2.915654278381066E-004
  6.968290275731936E-003  3.344260323866617E-004
  1.693989479004978E-002  2.781559694851817E-004
  2.487768098380729E-002  1.409899817644344E-004
  2.784137433013439E-002 -2.860745783905415E-005
  2.477511189472766E-002 -1.696926242386218E-004
  1.687271042546619E-002 -2.312041633654374E-004
  7.103970294279748E-003 -1.906506352977249E-004
 -9.105418008739018E-004 -6.226157971656711E-005
 -4.249999468402299E-003  1.083141656393471E-004
 -1.765470838031807E-003  2.607027506447058E-004
  5.519576937202728E-003  3.416757375451888E-004
  1.481921049900803E-002  3.241616585569778E-004
  2.264190678613152E-002  2.165167819633478E-004
  2.609353675865636E-002  5.883183230485978E-005
  2.394023016661240E-002 -9.216208578120564E-005
  1.704089965279760E-002 -1.838836066100254E-004
  7.998394488843178E-003 -1.866991078409671E-004
  1.699240578963312E-004 -1.039141471698238E-004
 -3.587295047038305E-003  3.049079765488380E-005
 -1.966623888468863E-003  1.652556275266052E-004
  4.327366583852548E-003  2.511721513577714E-004
  1.287015633505347E-002  2.590872136697598E-004
  2.044140134046005E-002  1.899703544753116E-004
  2.423014235714098E-002  7.352544933892784E-005
  2.287033167820676E-002 -4.385065409311699E-005
  1.692542630365642E-002 -1.170238437575756E-004
  8.650587572195478E-003 -1.191554993421545E-004
  1.131293948292799E-003 -5.145631420333075E-005
 -2.873138750168257E-003  5.785726691301243E-005
 -1.948066539119086E-003  1.648210275292128E-004
  3.471525949530873E-003  2.267924871926073E-004
  1.128934116236524E-002  2.188109044219319E-004
  1.854944811487200E-002  1.430787400493141E-004
  2.254518249708205E-002  2.805432569981431E-005
  2.181965625799418E-002 -8.241272025703565E-005
  1.668844943668732E-002 -1.457374884184762E-004
  9.097523929947109E-003 -1.367476174892676E-004
  1.878545773186222E-003 -5.726660496212892E-005
 -2.313686093598605E-003  6.442377192868619E-005
 -1.983229161320900E-003  1.839987635888882E-004
  2.668502654197743E-003  2.574676346719296E-004
  9.841054310730167E-003  2.574105730732148E-004
  1.682457673333441E-002  1.830690022097263E-004
  2.101679605499175E-002  6.060039667992609E-005
  2.088575425037690E-002 -6.653094782109777E-005
  1.652232328929473E-002 -1.534199859254950E-004
  9.583610841195220E-003 -1.699696534781263E-004
  2.656933929418667E-003 -1.115726974205190E-004
 -1.711689608406773E-003 -3.946899835008247E-007
 -1.959789476266071E-003  1.230738592380352E-004
  1.927210990902552E-003  2.149574989750357E-004
  8.433142603631979E-003  2.438647447641213E-004
  1.509493561011703E-002  2.018807153689965E-004
  1.942862641482489E-002  1.067725616903060E-004
  1.984949250553248E-002 -5.206822403677324E-006
  1.624553799649317E-002 -9.307023923845773E-005
  9.996970208636932E-003 -1.262073684428948E-004
  3.442611278111717E-003 -9.526944036665803E-005
 -1.000903189753133E-003 -1.491815569922925E-005
 -1.735655576873592E-003  8.238124249465258E-005
  1.437732033023040E-003  1.590093752754812E-004
  7.267175730699512E-003  1.864333595661198E-004
  1.353494349227833E-002  1.556955026724904E-004
  1.789420350920605E-002  8.031135985372402E-005
  1.874106745963524E-002 -9.355317725798800E-006
  1.579834863118801E-002 -7.797120583434690E-005
  1.019884917851797E-002 -9.879538177436613E-005
  4.044609601788332E-003 -6.379679194969802E-005
 -3.868365935197652E-004  1.343527969014331E-005
 -1.489782225223400E-003  1.029992567164047E-004
  1.083701530785530E-003  1.701268968799380E-004
  6.312668056254501E-003  1.884080864386568E-004
  1.220541446261743E-002  1.498123338049275E-004
  1.655190143084203E-002  6.776723689974716E-005
  1.774643737406771E-002 -2.781992902742132E-005
  1.537461834069058E-002 -1.016953765731468E-004
  1.035029029684600E-002 -1.263656281946344E-004
  4.558167317107699E-003 -9.229496578876021E-005
  1.416126820592757E-004 -1.142925723148626E-005
 -1.295382839635599E-003  8.721433463805156E-005
  7.249639697607719E-004  1.682076664695651E-004
  5.393052661178462E-003  2.026476706369829E-004
  1.093003595978048E-002  1.785966804934086E-004
  1.526053219132312E-002  1.052269870176044E-004
  1.678557623805401E-002  9.228605096858999E-006
  1.496798857829429E-002 -7.510208154329935E-005
  1.051599535680075E-002 -1.183770423920083E-004
  5.102880270904611E-003 -1.066205428775594E-004
  7.332524432801574E-004 -4.596043512312104E-005
 -1.004161646096806E-003  4.009718533835023E-005
  4.812600680758701E-004  1.196625810731764E-004
  4.578077962600481E-003  1.642980306711433E-004
  9.717114996785356E-003  1.592898110022978E-004
  1.396696231750562E-002  1.086172669723467E-004
  1.575486637989924E-002  3.291206787991716E-005
  1.444404798244771E-002 -3.867586334898689E-005
  1.055564729493386E-002 -7.955549640991188E-005
  5.558287463144746E-003 -7.553981863214750E-005
  1.309614828519308E-003 -2.982565592750145E-005
 -6.380836565708448E-004  3.864500887901767E-005
  3.911821703308627E-004  1.026975645312882E-004
  3.959429274196957E-003  1.373889406550282E-004
  8.693506906291058E-003  1.294485042644313E-004
  1.280801009067641E-002  8.216717155256500E-005
  1.477342468256918E-002  1.396278200683528E-005
  1.387968244461899E-002 -4.875739591902634E-005
  1.048770286202139E-002 -8.168820413848047E-005
  5.880170930891482E-003 -7.184994850180894E-005
  1.772654123958530E-003 -2.248842870697725E-005
 -3.288003573022303E-004  4.815138105075303E-005
  3.167855736223759E-004  1.136752110766501E-004
  3.421346676475992E-003  1.494165555209355E-004
  7.789069575733458E-003  1.416391099881396E-004
  1.177249322626518E-002  9.264492392168362E-005
  1.388956964402615E-002  1.991798319146170E-005
  1.337066850577735E-002 -5.033934782214276E-005
  1.043378343232744E-002 -9.284701829031071E-005
  6.189822515606646E-003 -9.248380061283632E-005
  2.218364711233311E-003 -4.972385415044005E-005
 -2.419421779185874E-005  1.968466809857561E-005
  2.576036126308947E-004  9.061418729080200E-005
  2.913097240659840E-003  1.377936163780918E-004
  6.914925458553808E-003  1.449569036105718E-004
  1.075220808260530E-002  1.105582169706742E-004
  1.299713746830192E-002  4.802075360095816E-005
  1.283255492249757E-002 -1.947344627529042E-005
  1.034562620180254E-002 -6.764100995725175E-005
  6.482228186526231E-003 -7.996051017964522E-005
  2.683905890449041E-003 -5.348531696858712E-005
  3.465537433534874E-004  4.644176462785706E-007
  3.039972821944365E-004  6.087302704705326E-005
  2.527452143555812E-003  1.050609863126974E-004
  6.149047553805974E-003  1.171313338221799E-004
  9.795929967400857E-003  9.369276050596461E-005
  1.210656536846721E-002  4.479331874525635E-005
  1.223521732788771E-002 -1.018242517243989E-005
  1.015780120246979E-002 -5.002203542825274E-005
  6.668664197777122E-003 -5.973017858392898E-005
  3.074012900746162E-003 -3.609053950028556E-005
  7.000677245952762E-004  1.129777894649533E-005
  4.009787326911810E-004  6.382915890164174E-005
  2.248932914677628E-003  1.010493556171279E-004
  5.518694955785330E-003  1.084338879795417E-004
  8.968048485286744E-003  8.286080867178596E-005
  1.130589118036611E-002  3.374827979280496E-005
  1.167173624876981E-002 -2.052995502022082E-005
  9.948686419514423E-003 -5.957034431300200E-005
  6.796240947967010E-003 -6.859238131646038E-005
  3.394786898657753E-003 -4.395797877324985E-005
  1.000617719513441E-003  5.482725082444736E-006
  4.791365180277498E-004  6.168930192285348E-005
  1.989583009565378E-003  1.041151579757379E-004
  4.935975786420500E-003  1.172774871886915E-004
  8.198648873775180E-003  9.640960225336204E-005
  1.055656228948381E-002  4.912970458395551E-005
  1.114115455980356E-002 -7.447378023001234E-006
  9.753103907442327E-003 -5.304279842662160E-005
  6.926592553145879E-003 -7.162362460626721E-005
  3.720895487950157E-003 -5.715810922395715E-005
  1.320444927626232E-003 -1.563126735120711E-005
  5.943156833892287E-004  3.735844512349691E-005
  1.778927460096965E-003  8.246577084653411E-005
  4.399730149942717E-003  1.037159827889128E-004
  7.457408148821242E-003  9.423897261480071E-005
  9.805757781956186E-003  5.854266628862178E-005
  1.057843332353731E-002  1.056114524359818E-005
  9.505733171231469E-003 -3.171551541668000E-005
  7.005662222264114E-003 -5.297725455818242E-005
  4.018841042551777E-003 -4.617899513247216E-005
  1.652198390738071E-003 -1.493257774061840E-005
  7.662936632300481E-004  2.811404177439491E-005
  1.660032550751644E-003  6.622586198149124E-005
  3.968195005675152E-003  8.495008495593918E-005
  6.806634290050324E-003  7.750372731507138E-005
  9.107701088896046E-003  4.718532376346757E-005
  1.001877863944661E-002  5.959381809571264E-006
  9.215275259714805E-003 -3.019593129421852E-005
  7.013293165747730E-003 -4.738758729072534E-005
  4.243117401411188E-003 -3.904778653087429E-005
  1.933894153270986E-003 -8.361863977171807E-006
  9.291290810188154E-004  3.299418580170167E-005
  1.576550679578357E-003  6.929598520643901E-005
  3.606243576842528E-003  8.670093356245822E-005
  6.239523166445080E-003  7.843725181573993E-005
  8.484877593975626E-003  4.732177091533355E-005
  9.508588604948090E-003  4.689813105478892E-006
  8.941576590958818E-003 -3.383648042561318E-005
  7.009643244339521E-003 -5.414508127533439E-005
  4.441363073854343E-003 -4.883515670256881E-005
  2.190943576409741E-003 -1.990371937255326E-005
  1.081415107795378E-003  2.205051218222557E-005
  1.501524742664379E-003  6.177705397169151E-005
  3.267888918388452E-003  8.498840674653350E-005
  5.701112760978014E-003  8.355517493342889E-005
  7.884592779689566E-003  5.837878775253303E-005
  9.007475731556327E-003  1.892010703525970E-005
  8.663485284571639E-003 -2.039255816644406E-005
  6.995536452225071E-003 -4.550805712237719E-005
  4.634793708743801E-003 -4.785890189875060E-005
  2.459739142473574E-003 -2.735980151805113E-005
  1.267137661590744E-003  7.763409471492205E-006
  1.478094343851261E-003  4.418983990253442E-005
  2.987601129356894E-003  6.852002055622069E-005
  5.211219902999169E-003  7.220724348323194E-005
  7.308716586963459E-003  5.458525088532305E-005
  8.499184535894391E-003  2.291210192441130E-005
  8.349541170849640E-003 -1.052493196656005E-005
  6.929875933645469E-003 -3.311009499194738E-005
  4.780029362191170E-003 -3.662297602182250E-005
  2.702555761959012E-003 -2.022649735019503E-005
  1.461347186547917E-003  9.363349797406842E-006
  1.499004971944592E-003  4.054070128144626E-005
  2.777447587132946E-003  6.126453699957537E-005
  4.799043114414260E-003  6.361141219685268E-005
  6.797806441076457E-003  4.672098753956970E-005
  8.027313980252120E-003  1.705281219078592E-005
  8.037200861777566E-003 -1.410918340844691E-005
  6.835903747609368E-003 -3.493989053243437E-005
  4.880959623988521E-003 -3.752369473794510E-005
  2.902941252683400E-003 -2.080825588207090E-005
  1.630690599723539E-003  9.027050928318092E-006
  1.521123682353829E-003  4.090242428777352E-005
  2.593699447925173E-003  6.297772087439608E-005
  4.429410608390856E-003  6.704751964000791E-005
  6.332313225021619E-003  5.155872382593656E-005
  7.591396559909926E-003  2.214587738364988E-005
  7.744299398612071E-003 -1.048980852418862E-005
  6.745110493941471E-003 -3.454752281397606E-005
  4.975443644257446E-003 -4.145726065971621E-005
  3.096934347802205E-003 -2.897472252498700E-005
  1.802097858485553E-003 -1.917841524103574E-006
  1.557331721253558E-003  2.969380195488993E-005
  2.433402927439121E-003  5.437549827979980E-005
  4.084963944325991E-003  6.338864138331069E-005
  5.884528746894170E-003  5.387238159084347E-005
  7.159027093419912E-003  2.976392634062344E-005
  7.439798815951179E-003  2.089710518891383E-007
  6.633205307379547E-003 -2.390646213251308E-005
  5.049800901160246E-003 -3.399018540299109E-005
  3.283321220537120E-003 -2.684631861672122E-005
  1.986524026406586E-003 -5.719804604099715E-006
  1.628454336399726E-003  2.106193047466301E-005
  2.323354550230316E-003  4.329967523547448E-005
  3.793572451757686E-003  5.275899185388270E-005
  5.478250669608446E-003  4.619634014591902E-005
  6.745381851487059E-003  2.646498538046673E-005
  7.127123931656156E-003  1.323888058937284E-006
  6.490817649515169E-003 -1.956635214962567E-005
  5.083256089339808E-003 -2.830935394814674E-005
  3.433644584232313E-003 -2.172101014961716E-005
  2.153278829679563E-003 -2.468529541568255E-006
  1.707699620380424E-003  2.200039719376562E-005
  2.246185408626086E-003  4.230938224571508E-005
  3.550960180030053E-003  5.069846796079669E-005
  5.123215257512351E-003  4.392999102850322E-005
  6.372082270322153E-003  2.447679021839937E-005
  6.835021674513581E-003 -4.332997466078748E-007
  6.347478036133489E-003 -2.153986154675166E-005
  5.099642336999636E-003 -3.100922252908181E-005
  3.560901850228321E-003 -2.533788802870697E-005
  2.301879806298487E-003 -6.627508528949289E-006
  1.781494741781489E-003  1.822563963895867E-005
  2.178464442590931E-003  4.010600434115497E-005
  3.329064645605041E-003  5.104872449988650E-005
  4.792683911000939E-003  4.715150785099209E-005
  6.019044505691816E-003  2.996010467565074E-005
  6.553659090269833E-003  5.835953404959762E-006
  6.204838130666093E-003 -1.643466879484010E-005
  5.110917981625432E-003 -2.888596830164427E-005
  3.684240391766290E-003 -2.726655174429465E-005
  2.454424413953946E-003 -1.252363144242500E-005
  1.870462735695153E-003  9.644920944442244E-006
  2.135568739047159E-003  3.097276066999793E-005
  3.135491480554723E-003  4.370771215887145E-005
  4.485498657736758E-003  4.344333429559709E-005
  5.676888183136882E-003  3.066064373515959E-005
  6.267286674231737E-003  1.043590839166039E-005
  6.043579766002036E-003 -9.542143894744938E-006
  5.097498677697375E-003 -2.187967490395966E-005
  3.787130251858345E-003 -2.221513618615964E-005
  2.600283281129474E-003 -1.077477539693305E-005
  1.971783447030917E-003  7.809390296428048E-006
  2.123084051733488E-003  2.631996259160565E-005
  2.983311781975196E-003  3.770651534122610E-005
  4.219822830229173E-003  3.772848773291486E-005
  5.365346888654685E-003  2.650452322125224E-005
  5.993184343107700E-003  8.406558705260396E-006
  5.874816207572108E-003 -9.637983977103540E-006
  5.061758334717235E-003 -2.078013291706357E-005
  3.862415246801579E-003 -2.082361063266762E-005
  2.724033166157008E-003 -9.778766783623753E-006
  2.064882814484805E-003  8.172227102326620E-006
  2.119598711220320E-003  2.626873735350349E-005
  2.854816406766386E-003  3.771355752175080E-005
  3.985367701622548E-003  3.820739919118717E-005
  5.083584775078104E-003  2.753353575888728E-005
  5.739860221949030E-003  9.613417927041372E-006
  5.714214841947166E-003 -8.972105958681475E-006
  5.022825252293625E-003 -2.143245952551666E-005
  3.928375984620883E-003 -2.327127485047248E-005
  2.839193437182009E-003 -1.391866701657185E-005
  2.155853871296667E-003  3.100599575681834E-006
  2.122866123009122E-003  2.150719092811388E-005
  2.740318456466843E-003  3.460228938296569E-005
  3.767365265703244E-003  3.772427792362863E-005
  4.814935483773728E-003  2.992107823753808E-005
  5.492019803199794E-003  1.423465468890229E-005
  5.550555491229390E-003 -3.485010980684977E-006
  4.975244009151043E-003 -1.677574671915490E-005
  3.985820683498294E-003 -2.094321140306951E-005
  2.952208833634261E-003 -1.474527928351800E-005
  2.255265833563882E-003 -7.725878418820208E-007
  2.145514226197865E-003  1.559104568537440E-005
  2.652234824471925E-003  2.821790204118556E-005
  3.575872933905653E-003  3.251877994306576E-005
  4.565354490413790E-003  2.710942912614404E-005
  5.250419146526496E-003  1.425495861273541E-005
  5.379124177668775E-003 -1.050212099630344E-006
  4.909483488175629E-003 -1.300055200013389E-005
  4.021948056240451E-003 -1.716496325207404E-005
  3.049257237121875E-003 -1.212156235483438E-005
  2.350865907317446E-003  5.843985940424147E-008
  2.179299038652737E-003  1.464026582456445E-005
  2.588088978146685E-003  2.603957631565585E-005
  3.414816681858303E-003  2.993014607361224E-005
  4.344453762728470E-003  2.485466288495251E-005
  5.028362325584106E-003  1.274382647841715E-005
  5.214035980426850E-003 -1.836752795441204E-006
  4.837333780802471E-003 -1.341638994742627E-005
  4.043558676404719E-003 -1.767049480376093E-005
  3.130592611811981E-003 -1.302592894968539E-005
  2.436288724292421E-003 -1.228089683146988E-006
  2.212662270233970E-003  1.333019997930337E-005
  2.533701777446220E-003  2.525601152431833E-005
  3.270486309538240E-003  3.015882453287075E-005
  4.141863665882186E-003  2.626284907671785E-005
  4.820820793492838E-003  1.503711508209282E-005
  5.056323668377046E-003  6.218975172216080E-007
  4.765250651090690E-003 -1.172218615156763E-005
  4.060781024722321E-003 -1.755791956366152E-005
  3.207634889882050E-003 -1.488635081688072E-005
  2.521806834324638E-003 -4.842435288410464E-006
  2.252749990189172E-003  8.771262046725147E-006
  2.491921252592792E-003  2.092330119651333E-005
  3.141193915674106E-003  2.721923726078198E-005
  3.951973546733406E-003  2.550034626532139E-005
  4.619495703368355E-003  1.659071446265085E-005
  4.896561181728449E-003  3.932187278079551E-006
  4.684281206521445E-003 -7.738276643798468E-006
  4.066541554547836E-003 -1.416314033097927E-005
  3.276235423435234E-003 -1.312664704544767E-005
  2.606773929972364E-003 -5.230917563231851E-006
  2.302465630507129E-003  6.387262667154102E-006
  2.468697998472148E-003  1.727480029637590E-005
  3.034918750149297E-003  2.334695784867918E-005
  3.783366074270478E-003  2.240430179854072E-005
  4.431940540796716E-003  1.492065029947440E-005
  4.739714150849776E-003  3.820707681607109E-006
  4.595640284232205E-003 -6.653817328576122E-006
  4.057828103491066E-003 -1.255320206488143E-005
  3.329542229639435E-003 -1.169702962973400E-005
  2.681742280431866E-003 -4.470752306856067E-006
  2.351649840087608E-003  6.346549254733182E-006
  2.455288820943455E-003  1.664673662993246E-005
  2.946216499663534E-003  2.254189431760660E-005
  3.635075511686551E-003  2.181548431602375E-005
  4.261841850107234E-003  1.473621815515010E-005
  4.593229166543250E-003  3.938920787287158E-006
  4.508782894056785E-003 -6.573170940586552E-006
  4.043915813460037E-003 -1.292468311687658E-005
  3.374553734361796E-003 -1.280248276778754E-005
  2.749922252227573E-003 -6.297314462006214E-006
  2.399131680500114E-003  4.152157092908084E-006
  2.446558242740517E-003  1.468172412161704E-005
  2.867254931298126E-003  2.143912718873998E-005
  3.498339751409616E-003  2.199944326591481E-005
  4.101333920607843E-003  1.623644733535142E-005
  4.451613728185938E-003  6.336087905993848E-006
  4.421436417143341E-003 -4.040625686760412E-006
  4.025866905214952E-003 -1.112417248548868E-005
  3.415124159984598E-003 -1.242076595402199E-005
  2.816960122770846E-003 -7.603898015695258E-006
  2.451148048939435E-003  1.407311307843347E-006
  2.448172076189116E-003  1.119806325653582E-005
  2.802186848538280E-003  1.814508162854799E-005
  3.375179459614940E-003  1.975636427666261E-005
  3.950045422959472E-003  1.556751853335346E-005
  4.312197151378083E-003  7.271139735410587E-006
  4.329046411805188E-003 -1.954928761096373E-006
  3.997936515423352E-003 -8.657303442786056E-006
  3.445220940647582E-003 -1.039661502399033E-005
  2.877542427824270E-003 -6.636807369076372E-006
  2.504066342850765E-003  1.089471103277902E-006
  2.458914090439295E-003  9.788953425155371E-006
  2.752542760887538E-003  1.615067156072014E-005
  3.269670792146808E-003  1.778988998739820E-005
  3.813841903026672E-003  1.412817289249646E-005
  4.181431975348439E-003  6.586846636332187E-006
  4.237240028850156E-003 -1.968834417617769E-006
  3.963621133381791E-003 -8.317831841715024E-006
  3.465332067961576E-003 -1.009162974804915E-005
  2.928933861860026E-003 -6.651219514059060E-006
  2.552455758626237E-003  6.897682360458854E-007
  2.471820866107855E-003  9.171234414476324E-006
  2.711351292561752E-003  1.562563567997076E-005
  3.176351260293603E-003  1.765793462456072E-005
  3.689911154599754E-003  1.452700316854871E-005
  4.059654719542836E-003  7.405069760976089E-006
  4.149259764907364E-003 -1.073726800494584E-006
  3.928176632861883E-003 -7.800210890408330E-006
  3.481432299962531E-003 -1.034103407727334E-005
  2.976461936309825E-003 -7.826216060415294E-006
  2.599879569089652E-003 -1.249047888053166E-006
  2.488053426331427E-003  6.924397175332779E-006
  2.677302556972658E-003  1.368242491870002E-005
  3.091886653198166E-003  1.658183007551740E-005
  3.573692630997508E-003  1.463533820807016E-005
  3.942013158861727E-003  8.648688667013282E-006
  4.060829226169460E-003  8.918784801159748E-007
  3.888555685306314E-003 -5.763200677024479E-006
  3.492070940546242E-003 -8.911515174158309E-006
  3.020351398849308E-003 -7.491884861968969E-006
  2.648068856368829E-003 -2.151529737244994E-006
  2.510489523636607E-003  5.027656694305620E-006
  2.653926455906573E-003  1.132862720333152E-005
  3.019880322108116E-003  1.441919776157452E-005
  3.468254756226660E-003  1.321064964592614E-005
  3.830473018537731E-003  8.239160954061071E-006
  3.972374506423704E-003  1.436493383181017E-006
  3.843437853681957E-003 -4.614781489016073E-006
  3.494286145283566E-003 -7.656299895446393E-006
  3.056447648580661E-003 -6.592820343173093E-006
  2.692422410150478E-003 -1.884829614794046E-006
  2.534993959265541E-003  4.644830127572824E-006
  2.638436737725205E-003  1.051004514785434E-005
  2.959532293316101E-003  1.349899102902303E-005
  3.374999111371964E-003  1.249789560190650E-005
  3.728348600099473E-003  7.895753227059002E-006
  3.888374050106815E-003  1.424532518978704E-006
  3.797424947183950E-003 -4.498893926658555E-006
  3.491720806439303E-003 -7.678572728635695E-006
  3.086578433102755E-003 -6.953640033207010E-006
  2.732533913033594E-003 -2.619663647902574E-006
  2.559041747336197E-003  3.694559178757852E-006
  2.626797066406973E-003  9.642686714287694E-006
  2.906227211616901E-003  1.303511116981778E-005
  3.289746891325260E-003  1.264515173118306E-005
  3.632748304881985E-003  8.649903304507794E-006
  3.807720882455148E-003  2.547549042035778E-006
  3.751254861791083E-003 -3.411342240754729E-006
  3.486612713912042E-003 -7.061889325754376E-006
  3.113857110976235E-003 -7.119223015091404E-006
  2.771663110891621E-003 -3.636634761682475E-006
  2.585375790648319E-003  2.036366782265186E-006
  2.620760753039330E-003  7.772801064401894E-006
  2.860503333556801E-003  1.146469782019590E-005
  3.211834742061285E-003  1.179876795731053E-005
  3.542006792146657E-003  8.725177132252981E-006
  3.728064369212904E-003  3.451422679772557E-006
  3.702263223324691E-003 -2.028304167670749E-006
  3.476365623562926E-003 -5.686180734504394E-006
  3.136117903891390E-003 -6.212592371926530E-006
  2.808390851701936E-003 -3.488219389657322E-006
  2.613558950466438E-003  1.393917537979452E-006
  2.620982110884784E-003  6.557091554290015E-006
  2.824043879712966E-003  1.005359913960340E-005
  3.143712876773417E-003  1.059217866203163E-005
  3.458892495852228E-003  8.009448341609556E-006
  3.651920621438811E-003  3.313926963967853E-006
  3.652135035881158E-003 -1.707393410351525E-006
  3.461385096147493E-003 -5.167197406426952E-006
  3.152295540715067E-003 -5.784321447445133E-006
  2.840320821737167E-003 -3.355203103668607E-006
  2.640327733579368E-003  1.182075741824770E-006
  2.624023171832658E-003  6.109786355724173E-006
  2.793994518439515E-003  9.578649146613235E-006
  3.083744750176803E-003  1.029760325568799E-005
  3.383334009853637E-003  8.008469992238889E-006
  3.580754224278893E-003  3.571835578870810E-006
  3.603474730281792E-003 -1.363075484490416E-006
  3.444758206354670E-003 -4.977143928458343E-006
  3.165213093254414E-003 -5.955963839717630E-006
  2.869364215036934E-003 -3.969849939331992E-006
  2.666285106989840E-003  2.159155382216987E-007
  2.629111839064605E-003  5.036599404435115E-006
  2.768458552386222E-003  8.714709981105292E-006
  3.029385887403308E-003  9.917170688102024E-006
  3.312705362889157E-003  8.239310984159091E-006
  3.512372764525658E-003  4.339501008171234E-006
  3.554880593058951E-003 -3.200702410903660E-007
  3.426022867423220E-003 -4.024773945107320E-006
  3.175297130657593E-003 -5.442964578623444E-006
  2.896636911583478E-003 -4.109491354284891E-006
  2.692958349637559E-003 -5.811964437369191E-007
  2.637894235929793E-003  3.787627367697820E-006
  2.748936790752745E-003  7.360454539741965E-006
  2.981775936768189E-003  8.828952717237962E-006
  3.247622738380390E-003  7.691080990811422E-006
  3.446763492494944E-003  4.422025913412495E-006
  3.505673112361194E-003  2.797807517316053E-007
  3.403881614254682E-003 -3.176453224773519E-006
  3.180785850297331E-003 -4.671607048468793E-006
  2.920173786999269E-003 -3.684795117352205E-006
  2.718521235075759E-003 -6.312555396912465E-007
  2.649047208084567E-003  3.307002511516523E-006
  2.734911979825749E-003  6.633581719242301E-006
  2.941359036168453E-003  8.100693014092381E-006
  3.189438618598248E-003  7.171737826596426E-006
  3.385913328935301E-003  4.212760636490578E-006
  3.458026783477834E-003  3.451964059919813E-007
  3.380177802209260E-003 -2.980868510453546E-006
  3.182730347078686E-003 -4.530648167645462E-006
  2.939952017743352E-003 -3.742147045086965E-006
  2.741853201927312E-003 -9.282786043495321E-007
  2.660597024147967E-003  2.848311371544071E-006
  2.724008295703843E-003  6.177261115947244E-006
  2.905897556333097E-003  7.826854264357442E-006
  3.136543815588860E-003  7.198091157024282E-006
  3.329160031364399E-003  4.539167375595155E-006
  3.412302189894026E-003  8.439880395726887E-007
  3.356125099893937E-003 -2.523660123462001E-006
  3.182843260772243E-003 -4.337682833786744E-006
  2.957748173895723E-003 -3.959606577500256E-006
  2.764391984768072E-003 -1.565419585216324E-006
  2.673363007110385E-003  1.931287615969152E-006
  2.716317069009883E-003  5.227058565586689E-006
  2.874811985675529E-003  7.114714420599603E-006
  3.087868307983580E-003  6.926257085770030E-006
  3.275182945930673E-003  4.769631972014157E-006
  3.367166120349164E-003  1.475175778104603E-006
  3.330571588854506E-003 -1.723758882866495E-006
  3.180286187572461E-003 -3.653578328566196E-006
  2.973110929809922E-003 -3.633093361320911E-006
  2.786100213070648E-003 -1.716437004722206E-006
  2.687711062922438E-003  1.340532313817799E-006
  2.712558993239720E-003  4.373308434606704E-006
  2.849083511639165E-003  6.248373944264171E-006
  3.044506678890905E-003  6.283931039672548E-006
  3.224995425597686E-003  4.495881422385534E-006
  3.323333939250331E-003  1.580480888847905E-006
  3.303740823653848E-003 -1.355799017256722E-006
  3.174674486361103E-003 -3.214964198641172E-006
  2.985055043392491E-003 -3.316885597920686E-006
  2.805543737646815E-003 -1.647287134516550E-006
  2.702035270188076E-003  1.145610755886217E-006
  2.711300895013351E-003  4.001082147160604E-006
  2.827778979223783E-003  5.846243490005951E-006
  3.006247753660005E-003  5.995936739151159E-006
  3.179159884611922E-003  4.403526348254257E-006
  3.282001923863588E-003  1.671325041509634E-006
  3.277163369360628E-003 -1.180200805054012E-006
  3.167490028330660E-003 -3.095763799260302E-006
  2.994647256603386E-003 -3.377010525166282E-006
  2.823118974200515E-003 -1.937336234286446E-006
  2.715980152147744E-003  6.729445887756064E-007
  2.711540697778788E-003  3.477469262376042E-006
  2.809504247412659E-003  5.439629400197906E-006
  2.971634127173877E-003  5.845923564188149E-006
  3.136470120819685E-003  4.564853468605384E-006
  3.242439012625009E-003  2.087367170329113E-006
  3.250672974047250E-003 -6.630225592397315E-007
  3.159083822906443E-003 -2.676968266241660E-006
  3.002604051857285E-003 -3.232459935154165E-006
  2.839705696297531E-003 -2.156182886391763E-006
  2.730391784214373E-003  1.217770938142005E-007
  2.713939959757604E-003  2.736861722847879E-006
  2.794649625100519E-003  4.716615177469082E-006
  2.940758202054784E-003  5.341634914823463E-006
  3.096736788341275E-003  4.406845285458700E-006
  3.204214136175888E-003  2.288050537180730E-006
  3.223649282818209E-003 -2.076775837598817E-007
  3.148710190029802E-003 -2.148822118069638E-006
  3.008135767729151E-003 -2.827185096490117E-006
  2.854573262322766E-003 -2.016986645045512E-006
  2.744717416422719E-003 -5.060224516026834E-008
  2.718238626566540E-003  2.314270570767062E-006
  2.783327385388025E-003  4.183444318021342E-006
  2.914116491746238E-003  4.861396277788497E-006
  3.060763934289225E-003  4.107514021787136E-006
  3.168275591996176E-003  2.219350078090546E-006
  3.196964526489386E-003 -8.558066607135604E-008
  3.136940062285268E-003 -1.942692512491919E-006
  3.011342868336436E-003 -2.664341071410347E-006
  2.867289935157031E-003 -1.993834692036576E-006
  2.758063502820645E-003 -1.959751658855701E-007
  2.723272147813648E-003  2.047381970824279E-006
  2.774366476125901E-003  3.895453838253430E-006
  2.890800495772062E-003  4.662560140375929E-006
  3.028107615278572E-003  4.070823565319787E-006
  3.134725973786878E-003  2.348598476550836E-006
  3.171210841399685E-003  1.401077486537615E-007
  3.124679087861727E-003 -1.737806917237486E-006
  3.013201215021608E-003 -2.599754106904569E-006
  2.878658407792261E-003 -2.143329006354879E-006
  2.770878470005393E-003 -5.557560094236469E-007
  2.729055919830382E-003  1.561823230641136E-006
  2.767381152550439E-003  3.421878979811687E-006
  2.870143501229023E-003  4.343572158895090E-006
  2.997985824636925E-003  4.002111603278187E-006
  3.102831267652721E-003  2.542886762448868E-006
  3.145824916514355E-003  5.202411759384517E-007
  3.111597769475208E-003 -1.313788178470134E-006
  3.013620396672223E-003 -2.290331051621683E-006
  2.888791642464313E-003 -2.069198543288859E-006
  2.783424038526338E-003 -7.588131454353491E-007
  2.735944537842621E-003  1.131797004279641E-006
  2.762769242924328E-003  2.888456177119728E-006
  2.852540731440260E-003  3.859985586658264E-006
  2.970742037735298E-003  3.698517862514279E-006
  3.072826466262309E-003  2.483354695903708E-006
  3.120873415519103E-003  6.842955110858732E-007
  3.097546092338187E-003 -1.019422771147611E-006
  3.012217350754988E-003 -1.995122294570048E-006
  2.897107070152771E-003 -1.891415802509331E-006
  2.795007732977755E-003 -7.648108453263257E-007
  2.743269601262135E-003  9.472464174355513E-007
  2.760035415017275E-003  2.594640486163353E-006
  2.837793928076989E-003  3.559624521616038E-006
  2.946535516873111E-003  3.486492930502579E-006
  3.045201168223124E-003  2.410752759171978E-006
  3.097061304286718E-003  7.411550417888695E-007
  3.083267554329777E-003 -8.967853404826397E-007
  3.009581074876232E-003 -1.895853269983558E-006
  2.903882303242924E-003 -1.892494063851117E-006
  2.805518354451847E-003 -8.989654640185741E-007
  2.750554193988417E-003  7.055386306252592E-007
  2.758453087985308E-003  2.319681350262981E-006
  2.825102220852095E-003  3.345267858777845E-006
  2.924676657036787E-003  3.408513390950677E-006
  3.019523147456752E-003  2.495414812436707E-006
  3.074284864093025E-003  9.522715417884428E-007
  3.068971072317996E-003 -6.469994865912125E-007
  3.006143370763924E-003 -1.715829382325013E-006
  2.909640405942354E-003 -1.871588341539321E-006
  2.815436122347916E-003 -1.073699063266066E-006
  2.758133283987856E-003  3.666367798913737E-007
  2.758160832274704E-003  1.906781484848400E-006
  2.814409365694678E-003  2.976615120311916E-006
  2.904955070488150E-003  3.189409226346437E-006
  2.995486475902773E-003  2.481534779079942E-006
  3.052199384589009E-003  1.130449818594545E-006
  3.054316383196237E-003 -3.537577612009597E-007
  3.001596767925268E-003 -1.421114519644668E-006
  2.914126537306730E-003 -1.686080947247409E-006
  2.824578467103337E-003 -1.067580418895618E-006
  2.765920132459881E-003  1.861260576345562E-007
  2.759191514739033E-003  1.595113988017724E-006
  2.805880926041862E-003  2.629865146560743E-006
  2.887658029528301E-003  2.908867267365626E-006
  2.973456024437532E-003  2.338165365464967E-006
  3.031171441445719E-003  1.141933789179804E-006
  3.039578249403710E-003 -2.256581116736230E-007
  2.996037430914940E-003 -1.252808443189997E-006
  2.917205586410062E-003 -1.561428378282132E-006
  2.832581432286393E-003 -1.046115160171374E-006
  2.773385885739596E-003  9.014719609255861E-008
  2.760964787015181E-003  1.415405596734831E-006
  2.799019563293039E-003  2.432221039403756E-006
  2.872490049219780E-003  2.763387379620304E-006
  2.953407309431321E-003  2.290645728535629E-006
  3.011446423030361E-003  1.195531668422700E-006
  3.025200095477240E-003 -1.115188613484310E-007
  2.989984362047688E-003 -1.146053941873337E-006
  2.919333513088956E-003 -1.529964389250909E-006
  2.839721385175564E-003 -1.130149107343950E-006
  2.780563280858555E-003 -1.046786287819467E-007
  2.763272135664186E-003  1.159393564488445E-006
  2.793438475649546E-003  2.192079147186998E-006
  2.858987135266699E-003  2.615162944091211E-006
  2.934907405981612E-003  2.280538707126045E-006
  2.992708520259485E-003  1.321526475447540E-006
  3.011027920987856E-003  9.945483985490271E-008
  2.983444284173112E-003 -9.331971588503639E-007
  2.920640367344847E-003 -1.401244511593753E-006
  2.846196060524252E-003 -1.144058249529225E-006
  2.787663066192233E-003 -2.713586445117721E-007
  2.766297293228630E-003  8.818347722793672E-007
  2.789273522978937E-003  1.882850235893178E-006
  2.847231490400272E-003  2.363065296672802E-006
  2.917985359956694E-003  2.153259899068285E-006
  2.974932343301268E-003  1.342910565935105E-006
  2.996975948992942E-003  2.426611098585173E-007
  2.976264258572471E-003 -7.345947650125304E-007
  2.920907105630114E-003 -1.228653341673477E-006
  2.851738082519659E-003 -1.064936333450216E-006
  2.794407927293740E-003 -3.164381678217814E-007
  2.769807436661421E-003  7.272265756074131E-007
  2.786393650938830E-003  1.670791426553471E-006
  2.837235812147041E-003  2.161935332940010E-006
  2.902807481921577E-003  2.021776944606479E-006
  2.958406646740144E-003  1.309059605916663E-006
  2.983386588099560E-003  2.951239818101758E-007
  2.968750000103829E-003 -6.397957158081982E-007
  2.920315409130231E-003 -1.149360795725046E-006
  2.856346404424491E-003 -1.049454589397776E-006
  2.800602494245033E-003 -3.846026575168604E-007
  2.773453397818869E-003  5.913390039291191E-007
  2.784378095662502E-003  1.511926373216290E-006
  2.828608679858386E-003  2.035395004720346E-006
  2.889102959070674E-003  1.971022191644993E-006
  2.943037699717803E-003  1.347894191531536E-006
  2.970350643845313E-003  4.013692849565688E-007
  2.961135891318276E-003 -5.166410292961756E-007
  2.919168416880382E-003 -1.069316885344097E-006
  2.860307487908673E-003 -1.059195241847322E-006
  2.806444757410214E-003 -4.991735045156930E-007
  2.777304336460398E-003  3.952640405463677E-007
  2.783164810346232E-003  1.288589620806000E-006
  2.821187034351150E-003  1.850923984939590E-006
  2.876656370567897E-003  1.879749943651635E-006
  2.928607782677580E-003  1.372688564486204E-006
  2.957685634004864E-003  5.251599528364072E-007
  2.953293002903054E-003 -3.450553171667883E-007
  2.917391343329792E-003 -9.173110751447748E-007
  2.863590976914600E-003 -9.867363005038304E-007
  2.811937841788771E-003 -5.381146080098285E-007
  2.781391010218830E-003  2.516539784584066E-007
  2.782812346368486E-003  1.082300863917695E-006
  2.815058921828702E-003  1.643557108823304E-006
  2.865581298407484E-003  1.730423562821146E-006
  2.915240503725667E-003  1.317571479067822E-006
  2.945497195265407E-003  5.659055305762647E-007
  2.945274139995659E-003 -2.401132098113238E-007
  2.914953375783909E-003 -8.000817320054894E-007
  2.866068195684818E-003 -9.095930124432883E-007
  2.816866573802595E-003 -5.348762630098440E-007
  2.785450230986820E-003  1.770346944799871E-007
  2.783067359863390E-003  9.554606461985163E-007
  2.810042712908830E-003  1.508391490029194E-006
  2.855815290824090E-003  1.631338925185315E-006
  2.903010181718780E-003  1.282224951680183E-006
  2.933976998696576E-003  5.949698483341021E-007
  2.937335871275419E-003 -1.724355691237353E-007
  2.912104741271152E-003 -7.352271655785656E-007
  2.867913255540315E-003 -8.878369013414539E-007
  2.821280574054037E-003 -5.791231636961337E-007
  2.789393536011208E-003  7.061459926725614E-008
  2.783727259142821E-003  8.163600544951443E-007
  2.805874759803471E-003  1.380671396954522E-006
  2.847099246608577E-003  1.556738076614772E-006
  2.891721172035800E-003  1.283897388164481E-006
  2.923029307109106E-003  6.680408024301978E-007
  2.929488654439882E-003 -5.986550329155975E-008
  2.908940246894513E-003 -6.309142798261502E-007
  2.869265467814210E-003 -8.381472272636664E-007
  2.825319903962676E-003 -6.120598174391255E-007
  2.793327079703087E-003 -4.414949276441865E-008
  2.784846538278922E-003  6.494257096760859E-007
  2.802557833679242E-003  1.209724896546689E-006
  2.839396522384276E-003  1.431444258796418E-006
  2.881313718838825E-003  1.237969421569431E-006
  2.912583946379670E-003  7.076071716909637E-007
  2.921657213884819E-003  4.204148166395909E-008
  2.905378636141177E-003 -5.104042646309068E-007
  2.870035498701900E-003 -7.475655731303174E-007
  2.828889788169013E-003 -5.876552477174998E-007
  2.797161688337560E-003 -9.767488136636247E-008
  2.786360230040938E-003  5.338134407167707E-007
  2.800071718818231E-003  1.068608774462293E-006
  2.832745664035166E-003  1.308128481566667E-006
  2.871884667985154E-003  1.166619678766688E-006
  2.902777263438694E-003  7.013888422198654E-007
  2.913982703920074E-003  8.945470961192816E-008
  2.901523988171212E-003 -4.399369657043075E-007
  2.870253785120552E-003 -6.912555419938157E-007
  2.831927969913256E-003 -5.749201838155521E-007
  2.800748466673440E-003 -1.392034793510987E-007
  2.788064000876116E-003  4.494820546031821E-007
  2.798205010953068E-003  9.698934602263088E-007
  2.826980007966427E-003  1.228780868899781E-006
  2.863352166827709E-003  1.132237948383615E-006
  2.893628757650770E-003  7.192734564122771E-007
  2.906574372389282E-003  1.456668818533746E-007
  2.897539520183073E-003 -3.752356419770794E-007
  2.870088701848340E-003 -6.522626188920502E-007
  2.834560740835083E-003 -5.868754410808566E-007
  2.804139302456577E-003 -2.083774708598666E-007
  2.789925920757082E-003  3.386725535136011E-007
  2.796855931769201E-003  8.495121619994817E-007
  2.821958682361909E-003  1.135713112057964E-006
  2.855572844567822E-003  1.094572546957822E-006
  2.885023646327475E-003  7.457837977199342E-007
  2.899363581760890E-003  2.222985871142680E-007
  2.893404299060605E-003 -2.805578539938106E-007
  2.869555739228090E-003 -5.782630867099270E-007
  2.836822743594639E-003 -5.651470044035059E-007
  2.807372213093814E-003 -2.522055947621388E-007
  2.791978267801055E-003  2.388561330073577E-007
  2.796049706315452E-003  7.224727582534750E-007
  2.817703538399950E-003  1.018977145591914E-006
  2.848568843244932E-003  1.021073540842305E-006
  2.876983402245869E-003  7.324443090647971E-007
  2.892363672237531E-003  2.646092064769934E-007
  2.889111508325921E-003 -2.061596969747173E-007
  2.868616478539547E-003 -5.052825772355241E-007
  2.838639322338814E-003 -5.246776228908421E-007
  2.810343059453684E-003 -2.619096400151167E-007
  2.794106212334419E-003  1.804651002714549E-007
  2.795687524951979E-003  6.345311948919831E-007
  2.814158532529147E-003  9.303489001683712E-007
  2.842344598787174E-003  9.591434471259172E-007
  2.869574606356938E-003  7.128967699850468E-007
  2.885686739189808E-003  2.859783157032926E-007
  2.884787506393157E-003 -1.612618587886048E-007
  2.867374379346894E-003 -4.629023051249451E-007
  2.840059021891560E-003 -5.091189128039105E-007
  2.813028417196447E-003 -2.862194938337526E-007
  2.796217593308891E-003  1.195091682746563E-007
  2.795631063957566E-003  5.550761168835974E-007
  2.811174184218624E-003  8.583426471252064E-007
  2.836776318732180E-003  9.181981782478139E-007
  2.862727021344435E-003  7.150236499965487E-007
  2.879327391952752E-003  3.267256762566142E-007
  2.880484350461121E-003 -1.014147780217604E-007
  2.865916586836801E-003 -4.114078682858096E-007
  2.841174743247993E-003 -4.911501402113877E-007
  2.815499991208822E-003 -3.152041323500644E-007
  2.798345919210464E-003  4.707366248930026E-008
  2.795872080500173E-003  4.585883009291944E-007
  2.808709098874520E-003  7.662141992161107E-007
  2.831805151764569E-003  8.576519741928782E-007
  2.856380550230765E-003  7.023134123397282E-007
  2.873235483513986E-003  3.613419628925593E-007
  2.876165456194723E-003 -3.647206012657957E-008
  2.864217096494398E-003 -3.434433316663136E-007
  2.841965157989999E-003 -4.479781527102617E-007
  2.817736774597408E-003 -3.153322263167284E-007
  2.800470861362776E-003  7.432439453302526E-010
  2.796396398703384E-003  3.793376684325387E-007
  2.806763287023804E-003  6.782875912742731E-007
  2.827451465962289E-003  7.872602167550133E-007
  2.850575904979602E-003  6.682199413144496E-007
  2.867463667096802E-003  3.684570879966340E-007
  2.871879783112553E-003  1.752957405986142E-009
  2.862302750585113E-003 -2.948613596874273E-007
  2.842420088211719E-003 -4.123508601120506E-007
  2.819686087520558E-003 -3.097942699521999E-007
  2.802504383635130E-003 -2.864450501014472E-008
  2.797099486060110E-003  3.237938084112616E-007
  2.805241270164542E-003  6.151059595871035E-007
  2.823653440678117E-003  7.372727785419467E-007
  2.845300823503359E-003  6.464516436167947E-007
  2.862051184207487E-003  3.784098453744576E-007
  2.867705143884414E-003  3.422051338372555E-008
  2.860265909079561E-003 -2.580672008399746E-007
  2.842618605467117E-003 -3.912442239709735E-007
  2.821390452303972E-003 -3.183904877281293E-007
  2.804440536806308E-003 -6.945312425806921E-008
  2.797929342902194E-003  2.608719758146961E-007
  2.804060183844779E-003  5.490673088242313E-007
  2.820319862714838E-003  6.888907325686579E-007
  2.840478278453651E-003  6.304298006977045E-007
  2.856951054543587E-003  3.977546467005977E-007
  2.863629855243666E-003  7.894200745411966E-008
  2.858124694369270E-003 -2.074362764445307E-007
  2.842595752992855E-003 -3.566117750269878E-007
  2.822886872824002E-003 -3.161489099503774E-007
  2.806306467874913E-003 -1.045291138088238E-007
  2.798897856638795E-003  1.967911307778293E-007
  2.803218032870212E-003  4.745083891635188E-007
  2.817440688848802E-003  6.259095907345983E-007
  2.836096701191143E-003  5.967308695703255E-007
  2.852153895112253E-003  4.004848026898333E-007
  2.859645883585852E-003  1.123782450155556E-007
  2.855867749255729E-003 -1.595386031266889E-007
  2.842331117367473E-003 -3.149530385286463E-007
  2.824142663554172E-003 -2.983795483532260E-007
  2.808059267307291E-003 -1.190589303990483E-007
  2.799959801837185E-003  1.534551607946300E-007
  2.802679021321571E-003  4.160235310293344E-007
  2.815001095585543E-003  5.707183686926115E-007
  2.832168991101224E-003  5.611192332490491E-007
  2.847698931180636E-003  3.926773824367200E-007
  2.855808534889681E-003  1.298215546285727E-007
  2.853549812947606E-003 -1.287888898388379E-007
  2.841860755097287E-003 -2.873717688337291E-007
  2.825161428963908E-003 -2.885490865918065E-007
  2.809665365348901E-003 -1.341350478907244E-007
  2.801050674187296E-003  1.163214403010439E-007
  2.802363300169119E-003  3.683913689229187E-007
  2.812926158921644E-003  5.282467542510225E-007
  2.828643893090214E-003  5.374390289188868E-007
  2.843570102827662E-003  3.940922476697846E-007
  2.852137938078283E-003  1.528441915601153E-007
  2.851217760749630E-003 -9.614818202415129E-008
  2.841241781880506E-003 -2.610693940922944E-007
  2.825992373851471E-003 -2.824496701159351E-007
  2.811151853688162E-003 -1.547172397353345E-007
  2.802169128296931E-003  7.250521908088128E-008
  2.802243726377242E-003  3.135500563908850E-007
  2.811172643218068E-003  4.789153974970102E-007
  2.825474863056232E-003  5.084225885034505E-007
  2.839728899204561E-003  3.930316860792918E-007
  2.848610079091962E-003  1.774064066744511E-007
  2.848862411586232E-003 -5.743478635915440E-008
  2.840475209071477E-003 -2.246602263962941E-007
  2.826639938509112E-003 -2.638518810820240E-007
  2.812520983836985E-003 -1.629574670722776E-007
  2.803313084345342E-003  3.800745442565644E-008
  2.802315719630731E-003  2.626023130557335E-007
  2.809737839616892E-003  4.268602501420644E-007
  2.822665318753248E-003  4.705326901909338E-007
  2.836186325170015E-003  3.790634380645218E-007
  2.845240729277831E-003  1.882855047452955E-007
  2.846497631301602E-003 -2.964214420143385E-008
  2.839564759195037E-003 -1.935633034520937E-007
  2.827091204584434E-003 -2.435863323690292E-007
  2.813741470715709E-003 -1.630106631470638E-007
  2.804437437586088E-003  1.609458448197250E-008
  2.802530423572998E-003  2.254929661169147E-007
  2.808581832378637E-003  3.866274179151020E-007
  2.820195487048378E-003  4.399332411867971E-007
  2.832948555155376E-003  3.666933789009748E-007
  2.842060128822426E-003  1.954332711109049E-007
  2.844168361409835E-003 -9.300405839157168E-009
  2.838555941081827E-003 -1.713697115729811E-007
  2.827377700198462E-003 -2.314409330159791E-007
  2.814820448459558E-003 -1.687619787344670E-007
  2.805521867542625E-003 -8.340056916062103E-009
  2.802845177487742E-003  1.889382306630037E-007
  2.807651099159416E-003  3.493457398792222E-007
  2.818015043792356E-003  4.137924190601768E-007
  2.829980661414692E-003  3.594999677639797E-007
  2.839055473272874E-003  2.079267956071674E-007
  2.841883550165442E-003  1.620316617529274E-008
  2.837472766252838E-003 -1.445163706771582E-007
  2.827528251240249E-003 -2.155794552635987E-007
  2.815781407977392E-003 -1.723489934204154E-007
  2.806577715225376E-003 -3.281082765513880E-008
  2.803257420078109E-003  1.497214227413616E-007
  2.806932240923586E-003  3.068683041276055E-007
  2.816105697064014E-003  3.807181481653774E-007
  2.827265540387774E-003  3.450985715462642E-007
  2.836214635738808E-003  2.147721690819281E-007
  2.839636351038753E-003  3.933212160434042E-008
  2.836310914777862E-003 -1.157104360483079E-007
  2.827537014858504E-003 -1.934471642793322E-007
  2.816613921006910E-003 -1.665306503085130E-007
  2.807589690515176E-003 -4.685619659480329E-008
  2.803750033002548E-003  1.194522292040440E-007
  2.806411641895360E-003  2.696731751478386E-007
  2.814462784360133E-003  3.480106907190733E-007
  2.824810575554597E-003  3.261986133709403E-007
  2.833556020045879E-003  2.135873715829494E-007
  2.837450774746880E-003  5.312579460261690E-008
  2.835091643222148E-003 -9.506660617080357E-008
  2.827413898207501E-003 -1.762638022141388E-007
  2.817310758136887E-003 -1.613754114755257E-007
  2.808532710285485E-003 -5.739093215950776E-008
  2.804285049438672E-003  9.570942541895171E-008
  2.806047787271783E-003  2.402408189807868E-007
  2.813052079919990E-003  3.224562925025115E-007
  2.822597714593351E-003  3.124308667163843E-007
  2.831081811025224E-003  2.148387887126341E-007
  2.835347184626973E-003  6.675525098640793E-008
  2.833846015846245E-003 -7.652171531037024E-008
  2.827190223707610E-003 -1.622071912990088E-007
  2.817893444251998E-003 -1.595473024144279E-007
  2.809411942175339E-003 -7.090455350580134E-008
  2.804850054258520E-003  6.957725467463413E-008
  2.805814797493250E-003  2.090580271731522E-007
  2.811841974461962E-003  2.958225760790150E-007
  2.820598189576905E-003  2.984009522383143E-007
  2.828772669802236E-003  2.169175832195051E-007
  2.833318384051674E-003  8.257956128311302E-008
  2.832577436241383E-003 -5.433314100404421E-008
  2.826875334133179E-003 -1.433594785121133E-007
  2.818371593891980E-003 -1.525338826308073E-007
  2.810232827210208E-003 -7.993450118849907E-008
  2.805444591048920E-003  4.606742751629241E-008
  2.805707571692004E-003  1.777804118115408E-007
  2.810825959723300E-003  2.661548786630998E-007
  2.818807549053224E-003  2.789752355694268E-007
  2.826628138951688E-003  2.125377334848300E-007
  2.831367308990790E-003  9.258428157657587E-008
  2.831289250277739E-003 -3.569297088364743E-008
  2.826468881502378E-003 -1.247078387581413E-007
  2.818737798693118E-003 -1.421685672122049E-007
  2.810979955622090E-003 -8.283050931429098E-008
  2.806047537596390E-003  2.995771917623962E-008
  2.805704332229117E-003  1.533383668219611E-007
  2.809987805057188E-003  2.411347531666909E-007
  2.817220237626805E-003  2.610394402413555E-007
  2.824655392484555E-003  2.064105102704440E-007
  2.829511827535757E-003  9.837763065357159E-008
  2.830004289012453E-003 -2.238527899637807E-008
  2.825990954343886E-003 -1.110228518487777E-007
  2.819002207025540E-003 -1.351982207175534E-007
  2.811649235798289E-003 -8.691828794287489E-008
  2.806640623841059E-003  1.483214335851695E-008
  2.805777075160111E-003  1.314952995873993E-007
  2.809297167641117E-003  2.194988605178273E-007
  2.815811526039311E-003  2.464715220107795E-007
  2.822841292921513E-003  2.030828794006364E-007
  2.827752584016262E-003  1.061818291376661E-007
  2.828734873830292E-003 -7.806558013174419E-009
  2.825460074537866E-003 -9.664151395873542E-008
  2.819182670334413E-003 -1.279853981659466E-007
  2.812251890822605E-003 -9.123085683865705E-008
  2.807225231174040E-003 -1.112048591912750E-009
  2.805917628832520E-003  1.081185558207270E-007
  2.808739609411530E-003  1.956540564246693E-007
  2.814565501128667E-003  2.293324359606006E-007
  2.821172876291239E-003  1.974097446530733E-007
  2.826082081255791E-003  1.125977157297153E-007
  2.827478921330478E-003  6.985192656181305E-009
  2.824877343486946E-003 -8.013990542227386E-008
  2.819280293218153E-003 -1.169511172573782E-007
  2.812786408412589E-003 -9.075817033960463E-008
  2.807796349344270E-003 -1.241498331073077E-008
  2.806118712242899E-003  8.806379548814941E-008
  2.808308339829995E-003  1.729218449420462E-007
  2.813478887354292E-003  2.107784105272218E-007
  2.819652230887236E-003  1.881703381066942E-007
  2.824507436503309E-003  1.142779072468396E-007
  2.826245916707001E-003  1.718277088418259E-008
  2.824250448294439E-003 -6.683000173689178E-008
  2.819296796953175E-003 -1.068568102929867E-007
  2.813246002511839E-003 -8.876714297159650E-008
  2.808338897688215E-003 -2.020866752133708E-008
  2.806360090530220E-003  7.253870180713558E-008
  2.807983147269805E-003  1.545763517432456E-007
  2.812537039024409E-003  1.954565389331211E-007
  2.818274309449892E-003  1.804176792472006E-007
  2.823034307834412E-003  1.156448609532559E-007
  2.825049958653532E-003  2.568917923298756E-008
  2.823596984691043E-003 -5.588699119143003E-008
  2.819247250965694E-003 -9.907557810664624E-008
  2.813638067783396E-003 -8.849633213389827E-008
  2.808849961191963E-003 -2.889505117067508E-008
  2.806629187240291E-003  5.689252370233657E-008
  2.807745384825231E-003  1.366502705409845E-007
  2.811720472227245E-003  1.808432572473887E-007
  2.817023885584073E-003  1.735153000644082E-007
  2.821655048664743E-003  1.180023970831458E-007
  2.823891597283205E-003  3.542021783109398E-008
  2.822923659696251E-003 -4.340989708473326E-008
  2.819140774992905E-003 -8.951098369482977E-008
  2.813970148574358E-003 -8.644829496501523E-008
  2.809332689643323E-003 -3.622543491745071E-008
  2.806923965592423E-003  4.173428539786154E-008
  2.807589093263261E-003  1.180418841767233E-007
  2.811021874054714E-003  1.643758358417472E-007
  2.815894974150689E-003  1.639541680595992E-007
  2.820366654104486E-003  1.175743989262837E-007
  2.822770789731734E-003  4.304958529878924E-008
  2.822231798843147E-003 -3.165211129761918E-008
  2.818977665372481E-003 -7.892818743622117E-008
  2.814239429361712E-003 -8.176917995631938E-008
  2.809780390340241E-003 -3.990607589443967E-008
  2.807234877331685E-003  3.034072162747290E-008
  2.807504408150308E-003  1.023619176003728E-007
  2.810434198363666E-003  1.492828263072415E-007
  2.814885846184296E-003  1.539385522321624E-007
  2.819173511486304E-003  1.151024438757252E-007
  2.821696664001483E-003  4.771234542847461E-008
  2.821532043261540E-003 -2.290263460351602E-008
  2.818766029568878E-003 -7.056759693560013E-008
  2.814448004178622E-003 -7.798563788493115E-008
  2.810187475408924E-003 -4.303142331624233E-008
  2.807549444117313E-003  2.067055317547736E-008
  2.807475020210203E-003  8.901653740648816E-008
  2.809941654945909E-003  1.365061309641475E-007
  2.813985443072924E-003  1.457159554336190E-007
  2.818071986167706E-003  1.136470100845965E-007
  2.820673321875854E-003  5.263713203176616E-008
  2.820834116378530E-003 -1.442288248727398E-008
  2.818517436538312E-003 -6.271614942917873E-008
  2.814605145776000E-003 -7.471851789218010E-008
  2.810557778330018E-003 -4.658537098360293E-008
  2.807864877571574E-003  1.061924313178066E-008
  2.807492543087286E-003  7.523252895774176E-008
  2.809532970864224E-003  1.231657141260514E-007
  2.813182943665772E-003  1.368566499370959E-007
  2.817054477424705E-003  1.116750054703533E-007
  2.819697683167412E-003  5.744486233875920E-008
  2.820138993178893E-003 -5.407698444956764E-009
  2.818235058778194E-003 -5.357606212426363E-008
  2.814713834854469E-003 -6.954640794795261E-008
  2.810892159752120E-003 -4.799594602385165E-008
  2.808179187575399E-003  2.420481593687390E-009
  2.807552809612925E-003  6.248887620938007E-008
  2.809203499051927E-003  1.097156627812100E-007
  2.812475145535792E-003  1.267134714840540E-007
  2.816120500089140E-003  1.075689266685705E-007
  2.818771997370411E-003  5.986221716870468E-008
  2.819450339561855E-003  1.654178041073306E-009
  2.817921806400745E-003 -4.536793209509773E-008
  2.814774060596494E-003 -6.398829465454016E-008
  2.811186435475450E-003 -4.778334483238835E-008
  2.808484269254882E-003 -3.347743060618960E-009
  2.807645587773843E-003  5.234039260267166E-008
  2.808943658541393E-003  9.836759501572215E-008
  2.811855922995421E-003  1.177003703080465E-007
  2.815269198301665E-003  1.034499452469426E-007
  2.817900804288754E-003  6.128550046652193E-008
  2.818776409646153E-003  7.155937442587854E-009
  2.817586676948570E-003 -3.876839182982973E-008
  2.814792282815710E-003 -5.963418286480234E-008
  2.811442035229321E-003 -4.810813881363754E-008
  2.808775651931166E-003 -8.963809548624642E-009
  2.807761535278774E-003  4.285541646598480E-008
  2.808741792774416E-003  8.791523095466692E-008
  2.811314510843598E-003  1.095536203531885E-007
  2.814493477090461E-003  1.000144087917581E-007
  2.817082138025018E-003  6.319454912163638E-008
  2.818120096545350E-003  1.303562787736456E-008
  2.817235621841932E-003 -3.178213619037346E-008
  2.814774889486921E-003 -5.482466038182851E-008
  2.811663288428230E-003 -4.795595375920393E-008
  2.809054077285380E-003 -1.422904157710487E-008
  2.807897681683747E-003  3.340897928419251E-008
  2.808592404103361E-003  7.705697319359815E-008
  2.810844815765436E-003  1.005616228802736E-007
  2.813788531198368E-003  9.547268884469492E-008
  2.816313601457901E-003  6.405661581867660E-008
  2.817481397201727E-003  1.829552590362724E-008
  2.816869983328286E-003 -2.469813017904687E-008
  2.814722994269768E-003 -4.909922190877576E-008
  2.811849684584342E-003 -4.621469028584090E-008
  2.809316805067075E-003 -1.759793505378584E-008
  2.808049516991079E-003  2.568098736109874E-008
  2.808490569282380E-003  6.728203943961305E-008
  2.810443207057356E-003  9.173271510809070E-008
  2.813153367760938E-003  9.015331889287871E-008
  2.815597232494411E-003  6.345346442276062E-008
  2.816864584433453E-003  2.185160642013995E-008
  2.816494506637534E-003 -1.905069581631653E-008
  2.814639694798216E-003 -4.413414663083581E-008
  2.812000971707347E-003 -4.436377023264109E-008
  2.809559603772157E-003 -2.005416103074485E-008
  2.808209557867355E-003  1.937930798541541E-008
  2.808427440616525E-003  5.904080178890789E-008
  2.810101900715024E-003  8.415542518981665E-008
  2.812583410887862E-003  8.554672564684386E-008
  2.814932787242736E-003  6.296133033952781E-008
  2.816273461990411E-003  2.503877960180767E-008
  2.816115448760282E-003 -1.401468522999881E-008
  2.814531343801646E-003 -3.976876603599358E-008
  2.812121277238075E-003 -4.291947687195474E-008
  2.809782860406679E-003 -2.266435015032808E-008
  2.808374213970902E-003  1.312009695132779E-008
  2.808396511231359E-003  5.091874823579399E-008
  2.809813407046263E-003  7.666360397513419E-008
  2.812072291175586E-003  8.095131894190611E-008
  2.814316565788842E-003  6.245778871671804E-008
  2.815707507814391E-003  2.831094465953022E-008
  2.815734843514706E-003 -8.672199025530636E-009
  2.814401097410711E-003 -3.481510532791568E-008
  2.812213223581129E-003 -4.065867068534243E-008
  2.809987413833523E-003 -2.440125692318523E-008
  2.808542130145139E-003  7.548505795229489E-009
  2.808394746154957E-003  4.306841910937126E-008
  2.809574172488745E-003  6.889893602887172E-008
  2.811617227081757E-003  7.557264387845056E-008
  2.813747431698119E-003  6.086522891208088E-008
  2.815167325945396E-003  3.051096585746545E-008
  2.815354318238250E-003 -4.042007469015870E-009
  2.814250376725730E-003 -2.996097921076601E-008
  2.812276797657486E-003 -3.780711107166449E-008
  2.810171114007051E-003 -2.498513371560950E-008
  2.808709166919986E-003  3.395062399696275E-009
  2.808417009224502E-003  3.652650329309097E-008
  2.809379561409458E-003  6.199652246839647E-008
  2.811215532799335E-003  7.041422096685737E-008
  2.813225492716810E-003  5.885046067384367E-008
  2.814655704524937E-003  3.183203631183592E-008
  2.814978263495908E-003 -4.433992076335870E-010
  2.814083478224701E-003 -2.596990730160007E-008
  2.812314467090979E-003 -3.541147648094901E-008
  2.810333433583504E-003 -2.552675968423468E-008
  2.808871619494065E-003 -2.856675628988459E-010
  2.808457292515559E-003  3.070327557397513E-008
  2.809222898681197E-003  5.583361058020277E-008
  2.810861705411553E-003  6.583079115439588E-008
  2.812747838791556E-003  5.715660494427805E-008
  2.814172861061634E-003  3.323963767064315E-008
  2.814609521597231E-003  3.106780916686613E-009
  2.813904538314338E-003 -2.204000946010329E-008
  2.812329990325907E-003 -3.300389769590917E-008
  2.810476323139055E-003 -2.597066184422010E-008
  2.809028914137382E-003 -3.843741849497695E-009
  2.808512692203441E-003  2.492826636502467E-008
  2.809099920637955E-003  4.956099288917287E-008
  2.810551465532075E-003  6.096204129600610E-008
  2.812311381767843E-003  5.507309870605647E-008
  2.813717540459375E-003  3.429833383270044E-008
  2.814248555800793E-003  6.517956469184449E-009
  2.813714972075357E-003 -1.791215160249418E-008
  2.812324663283565E-003 -3.003350197130006E-008
  2.810600031170154E-003 -2.558289904616367E-008
  2.809179837313578E-003 -6.501678038949985E-009
  2.808580784770253E-003  1.987659257515475E-008
  2.809007793132493E-003  4.362468027016304E-008
  2.810282575176533E-003  5.594007430849041E-008
  2.811915270252805E-003  5.239147315237838E-008
  2.813290512127363E-003  3.449695531414163E-008
  2.813897313018589E-003  9.073298202581876E-009
  2.813516930367824E-003 -1.436972090484209E-008
  2.812299699242081E-003 -2.719549537758257E-008
  2.810703964580873E-003 -2.483111094036856E-008
  2.809321744738160E-003 -8.404762692820784E-009
  2.808657379896380E-003  1.575455613876991E-008
  2.808941883308989E-003  3.853875486938241E-008
  2.810051282605484E-003  5.147821157184852E-008
  2.811557708509713E-003  4.987382140744380E-008
  2.812892373330145E-003  3.448641234326020E-008
  2.813558415649830E-003  1.117781866311792E-008
  2.813314005038023E-003 -1.133410111121301E-008
  2.812258275982090E-003 -2.474741291418185E-008
  2.810789650063321E-003 -2.424756995800467E-008
  2.809453841191127E-003 -1.024281456988132E-008
  2.808739473225251E-003  1.186061617152102E-008
  2.808897815733481E-003  3.373220584487785E-008
  2.809853096868262E-003  4.724491743324661E-008
  2.811235320564211E-003  4.748292229027658E-008
  2.812521651131586E-003  3.451657740564647E-008
  2.813232393860817E-003  1.330473583569099E-008
  2.813108148259363E-003 -8.212414729915456E-009
  2.812202751937084E-003 -2.209725682774173E-008
  2.810858789340337E-003 -2.335432590239036E-008
  2.809576443634073E-003 -1.173719387302283E-008
  2.808825841943303E-003  8.230226255154268E-009
  2.808873259338001E-003  2.899975211072032E-008
  2.809685391011559E-003  4.283960670076648E-008
  2.810946038679422E-003  4.470118127987556E-008
  2.812177397599410E-003  3.404933908564525E-008
  2.812919477820941E-003  1.499332726415452E-008
  2.812900321647506E-003 -5.305197422948614E-009
  2.812134066404909E-003 -1.933172244936257E-008
  2.810911555451961E-003 -2.200926692978726E-008
  2.809688534892314E-003 -1.254409150330574E-008
  2.808914356396389E-003  5.343495108003386E-009
  2.808865533563340E-003  2.486510131123679E-008
  2.809545767724595E-003  3.872644313106990E-008
  2.810688531491484E-003  4.183963513841364E-008
  2.811859765930993E-003  3.317788694063999E-008
  2.812621179124229E-003  1.609746694287329E-008
  2.812692746753954E-003 -2.970217402432699E-009
  2.812054200938650E-003 -1.694795216810670E-008
  2.810948778024941E-003 -2.074661893907818E-008
  2.809789252639350E-003 -1.312421377310885E-008
  2.809002499142145E-003  2.908106991021378E-009
  2.808871079218947E-003  2.126267244000529E-008
  2.809430608936262E-003  3.507579681067329E-008
  2.810460134640012E-003  3.926328705275233E-008
  2.811567737230828E-003  3.238004672391111E-008
  2.812338259146599E-003  1.710443351900351E-008
  2.812487504401904E-003 -8.125170577892637E-010
  2.811965669199619E-003 -1.472164346531812E-008
  2.810972405714310E-003 -1.955205087451891E-008
  2.809879216213171E-003 -1.366735209395144E-008
  2.809089281566300E-003  5.771722089380612E-010
  2.808887579657013E-003  1.776426489586819E-008
  2.809336982133453E-003  3.146535180440993E-008
  2.810258171028782E-003  3.663621029939800E-008
  2.811299603938644E-003  3.146507769163109E-008
  2.812070293238970E-003  1.799644921545470E-008
  2.812285279921078E-003  1.317271314139704E-009
  2.811869704140288E-003 -1.237200205716442E-008
  2.810983503018234E-003 -1.807053784675090E-008
  2.809958732847838E-003 -1.381179782496459E-008
  2.809174011119684E-003 -1.347003267760154E-009
  2.808913522801563E-003  1.455895349470055E-008
  2.809263068283877E-003  2.793786977933067E-008
  2.810081141722584E-003  3.384775121424370E-008
  2.811054670768673E-003  3.018910068406444E-008
  2.811817532590160E-003  1.844091780943037E-008
  2.812087012683841E-003  3.059481661325108E-009
  2.811767373027816E-003 -1.021763990662840E-008
  2.810982622658485E-003 -1.651767898805630E-008
  2.810027371724574E-003 -1.362675111514768E-008
  2.809255170612752E-003 -2.771994147056860E-009
  2.808946623442894E-003  1.188346712835272E-008
  2.809206448226318E-003  2.482681957477669E-008
  2.809927215280219E-003  3.125937633318623E-008
  2.810832236724351E-003  2.886588204526559E-008
  2.811580564548213E-003  1.863761235743180E-008
  2.811894283309931E-003  4.457730382094873E-009
  2.811660597698289E-003 -8.379611829101216E-009
  2.810971244836257E-003 -1.515215667872602E-008
  2.810085532499160E-003 -1.345217261797100E-008
  2.809331808273475E-003 -4.046309929936981E-009
  2.808984768593936E-003  9.453414024202600E-009
  2.809164428730461E-003  2.196855517317309E-008
  2.809793883126437E-003  2.885702461230887E-008
  2.810630659082619E-003  2.762703700546351E-008
  2.811358977653134E-003  1.882976965302877E-008
  2.811707846404930E-003  5.811727424833513E-009
  2.811550843229021E-003 -6.565038391497724E-009
  2.810950875408129E-003 -1.374579574564339E-008
  2.810134122903030E-003 -1.316583924207461E-008
  2.809403848743865E-003 -5.171607527588132E-009
  2.809026890541970E-003  7.150028035947087E-009
  2.809135296339698E-003  1.915519678445169E-008
  2.809679340050272E-003  2.638598371772976E-008
  2.810448584834559E-003  2.621897875804815E-008
  2.811152201933112E-003  1.880999951260414E-008
  2.811527919207824E-003  6.995250236234477E-009
  2.811438807037137E-003 -4.799171225922314E-009
  2.810922208041943E-003 -1.222080249939544E-008
  2.810173370476794E-003 -1.260253729333604E-008
  2.809470797451692E-003 -5.926029877556546E-009
  2.809071823289010E-003  5.210739457695881E-009
  2.809117549229105E-003  1.659511491941366E-008
  2.809582234796112E-003  2.398518596437298E-008
  2.810285256599702E-003  2.468279533422892E-008
  2.810960295526709E-003  1.851124920768990E-008
  2.811355281059111E-003  7.843990106178061E-009
  2.811325606114256E-003 -3.312579958970755E-009
  2.810886163150807E-003 -1.082837899732744E-008
  2.810203512981961E-003 -1.198292917222919E-008
  2.809531956269595E-003 -6.453879215781179E-009
  2.809118013535852E-003  3.597835501063297E-009
  2.809109172688447E-003  1.436474757263940E-008
  2.809500661839110E-003  2.182806800694767E-008
  2.810139423305403E-003  2.325071539263143E-008
  2.810782987226933E-003  1.817387544488522E-008
  2.811190629961083E-003  8.554799172479825E-009
  2.811212564860750E-003 -1.992937912121114E-009
  2.810844138510882E-003 -9.562265506378094E-009
  2.810225453456526E-003 -1.140479119706166E-008
  2.809587347803703E-003 -6.932838954798966E-009
  2.809164529462818E-003  2.093545682235745E-009
  2.809108534418053E-003  1.225222650694171E-008
  2.809432770322512E-003  1.975063266980098E-008
  2.810009548101995E-003  2.183609492978085E-008
  2.810619448514305E-003  1.780057050252994E-008
  2.811033969637326E-003  9.213340180159589E-009
  2.811100343042964E-003 -6.933651492782554E-010
  2.810797053480205E-003 -8.245889282066136E-009
  2.810239910427450E-003 -1.069641541267899E-008
  2.809637137898528E-003 -7.227261373588574E-009
  2.809210865491454E-003  7.746082530785728E-010
  2.809114603812831E-003  1.026390718806945E-008
  2.809377346909982E-003  1.768975527796591E-008
  2.809894631981926E-003  2.031879686887881E-008
  2.810469189103198E-003  1.723592300564263E-008
  2.810885396924556E-003  9.656481607584542E-009
  2.810989460209991E-003  4.443630198156172E-010
  2.810745511549710E-003 -6.973805818850893E-009
  2.810247194276743E-003 -9.887093606430728E-009
  2.809681079138335E-003 -7.294668854910005E-009
  2.809256171162380E-003 -2.517447445046873E-010
  2.809126123941634E-003  8.551706163836024E-009
  2.809333095503321E-003  1.581212934237121E-008
  2.809793739909068E-003  1.884619251887478E-008
  2.810331915617686E-003  1.657675868231184E-008
  2.810745311354332E-003  9.909111814150333E-009
  2.810880805397102E-003  1.366781834218039E-009
  2.810690502411952E-003 -5.867341512864596E-009
  2.810247959704682E-003 -9.140571351539417E-009
  2.809719166027431E-003 -7.306372697345132E-009
  2.809299684227218E-003 -1.127990950890812E-009
  2.809141743860336E-003  7.031641636235206E-009
  2.809298449952558E-003  1.410854075674993E-008
  2.809705536999168E-003  1.748332321581648E-008
  2.810206886520961E-003  1.594571175223579E-008
  2.810613717019328E-003  1.012302038497264E-008
  2.810775021923550E-003  2.221510715359226E-009
  2.810632987349192E-003 -4.813662812976480E-009
  2.810243068734370E-003 -8.400256087223796E-009
  2.809751797698243E-003 -7.270431785201984E-009
  2.809341156550360E-003 -1.921537788907221E-009
  2.809160620266535E-003  5.593634891530736E-009
  2.809272230611820E-003  1.244984582497931E-008
  2.809628869706342E-003  1.610722575115772E-008
  2.810093304018851E-003  1.524798884434713E-008
  2.810490350093044E-003  1.024672476591382E-008
  2.810672348871794E-003  3.006807557552255E-009
  2.810573490296447E-003 -3.767220304620919E-009
  2.810233016519760E-003 -7.583446334117436E-009
  2.809779155438179E-003 -7.082728765070234E-009
  2.809380308120032E-003 -2.525585764800340E-009
  2.809182055231241E-003  4.328253123587530E-009
  2.809253534125868E-003  1.089410831270693E-008
  2.809562924037118E-003  1.473244018263805E-008
  2.809990702921494E-003  1.445091259356546E-008
  2.810375215303231E-003  1.020509475178970E-008
  2.810573194751268E-003  3.618082385048149E-009
  2.810512593802636E-003 -2.842691480950475E-009
  2.810218253347369E-003 -6.792551309326839E-009
  2.809801291706727E-003 -6.812504102222089E-009
  2.809416671788561E-003 -2.961347490560683E-009
  2.809205133739248E-003  3.267496918888478E-009
  2.809241240290406E-003  9.520384450439520E-009
  2.809506701393823E-003  1.346847484889712E-008
  2.809898498122479E-003  1.367082625304271E-008
  2.810268290751033E-003  1.009592819481184E-008
  2.810478052490977E-003  4.113263741558318E-009
  2.810451075085766E-003 -2.034351576012215E-009
  2.810199509883324E-003 -6.074606677406782E-009
  2.809818577209953E-003 -6.548392951887629E-009
  2.809450073030137E-003 -3.339037871355469E-009
  2.809229142640102E-003  2.303576553633718E-009
  2.809234290211791E-003  8.245696024805150E-009
  2.809459104442394E-003  1.227301216246219E-008
  2.809815864545210E-003  1.291230532968707E-008
  2.810169228291933E-003  9.966667287116664E-009
  2.810387081085882E-003  4.570097095423395E-009
  2.810389452167006E-003 -1.251824446645971E-009
  2.810177397046214E-003 -5.345253547418811E-009
  2.809831432288882E-003 -6.227866599824157E-009
  2.809480543913124E-003 -3.628232182935931E-009
  2.809253681622329E-003  1.431301598864960E-009
  2.809231969420628E-003  7.032278982340680E-009
  2.809419333477235E-003  1.108401862285854E-008
  2.809742165953006E-003  1.210072273051123E-008
  2.810077728563964E-003  9.743080791326911E-009
  2.810300352681591E-003  4.927112906036029E-009
  2.810328055770588E-003 -5.337566524014396E-010
  2.810152291560045E-003 -4.613932236447285E-009
  2.809840052662940E-003 -5.829459506518806E-009
  2.809507947129291E-003 -3.780049042476680E-009
  2.809278262704275E-003  7.184786254795719E-010
  2.809233563006022E-003  5.954434906710392E-009
  2.809386664141613E-003  9.967892760382225E-009
  2.809676895897192E-003  1.128088601371128E-008
  2.809993652191210E-003  9.438316735723504E-009
  2.810218107150367E-003  5.161821156462624E-009
  2.810267372964258E-003  6.517583173150557E-011
  2.810124698591244E-003 -3.956907247574838E-009
  2.809844719524459E-003 -5.435303961758614E-009
  2.809532174516086E-003 -3.865042155013808E-009
  2.809302361638185E-003  1.213084958067161E-010
  2.809238253851508E-003  5.004430322157434E-009
  2.809360216093676E-003  8.954164423739238E-009
  2.809619364600004E-003  1.051238271159236E-008
  2.809916687050211E-003  9.128174551990116E-009
  2.810140464113124E-003  5.349104503497367E-009
  2.810207858286942E-003  6.025961371774678E-010
  2.810095196259611E-003 -3.345643195718150E-009
  2.809845885539803E-003 -5.050799731824267E-009
  2.809553355376179E-003 -3.919750771978150E-009
  2.809325706120081E-003 -4.186240040325737E-010
  2.809245433425601E-003  4.115139638105172E-009
  2.809339225343743E-003  7.980870664339644E-009
  2.809568879921585E-003  9.750004328898325E-009
  2.809846403331991E-003  8.791399238511364E-009
  2.810067342631339E-003  5.493580737109981E-009
  2.810149735435099E-003  1.105954758289991E-009
  2.810064159944618E-003 -2.736636662282754E-009
  2.809843877428455E-003 -4.625240753193350E-009
  2.809571596742765E-003 -3.895497966802149E-009
  2.809348104904084E-003 -8.628684003114437E-010
  2.809254652377098E-003  3.308649171309103E-009
  2.809323124017401E-003  7.050307663987393E-009
  2.809524937808008E-003  8.975889957545911E-009
  2.809782514204624E-003  8.392741665165722E-009
  2.809998738274728E-003  5.548283862007968E-009
  2.810093234816892E-003  1.524507796925679E-009
  2.810031913705922E-003 -2.175308553388899E-009
  2.809838933128118E-003 -4.189996579542375E-009
  2.809586901811372E-003 -3.802998585461204E-009
  2.809369266832204E-003 -1.198606533902808E-009
  2.809265378645764E-003  2.619459854423000E-009
  2.809311286853546E-003  6.212051778059238E-009
  2.809487007158130E-003  8.244439769211339E-009
  2.809724739854143E-003  7.979644153239760E-009
  2.809934690344639E-003  5.543052383574710E-009
  2.810038667151651E-003  1.863539050645737E-009
  2.809998892805284E-003 -1.682417878508245E-009
  2.809831419237066E-003 -3.787426528897822E-009
  2.809599398807853E-003 -3.696840494170032E-009
  2.809388996696203E-003 -1.480590766024502E-009
  2.809277123364715E-003  2.004516748222564E-009
  2.809303064422528E-003  5.443611808737551E-009
  2.809454465785682E-003  7.557624576529486E-009
  2.809672660246760E-003  7.576794822652387E-009
  2.809875081138727E-003  5.518632778963235E-009
  2.809986208739578E-003  2.170136573209869E-009
  2.809965456663727E-003 -1.214881597546350E-009
  2.809821707533005E-003 -3.387087260278561E-009
  2.809609304266354E-003 -3.564453148214471E-009
  2.809407251354008E-003 -1.715242495020770E-009
  2.809289577642601E-003  1.441111350220218E-009
  2.809297972588163E-003  4.711466347852626E-009
  2.809426804343661E-003  6.877922137380971E-009
  2.809625892718845E-003  7.149409776263502E-009
  2.809819752028996E-003  5.448545475051330E-009
  2.809935933541024E-003  2.429851607920883E-009
  2.809931831619307E-003 -7.734928887067625E-010
  2.809810041181473E-003 -2.976568724373188E-009
  2.809616740746518E-003 -3.382561329650454E-009
  2.809423946354490E-003 -1.872346525084282E-009
  2.809302447032631E-003  9.613092349028415E-010
  2.809295587306631E-003  4.043882495681496E-009
  2.809403601000614E-003  6.224413572128557E-009
  2.809584149485913E-003  6.703238103688892E-009
  2.809768630033258E-003  5.323270236878395E-009
  2.809887981614576E-003  2.618860980001991E-009
  2.809898286529822E-003 -3.923522485467756E-010
  2.809796682505829E-003 -2.593718085367422E-009
  2.809621828448824E-003 -3.184973213823850E-009
  2.809438975087018E-003 -1.974345530065622E-009
  2.809315396637405E-003  5.591311062909158E-010
  2.809295428555086E-003  3.452866056378624E-009
  2.809384368444500E-003  5.624512015406676E-009
