   1.00000003624765       0.000000000000000E+000
  0.804560231541659      -2.687569992051564E-003
  0.346485843600103      -1.620689776872384E-002
 -8.767610529451433E-002 -3.698717607701658E-002
 -0.238888122421614      -4.932225316254510E-002
 -3.548930297457818E-002 -4.057806394264422E-002
  0.373640665490750      -1.541360309699377E-002
  0.725449601582090       4.731238328631085E-003
  0.811180907146835      -1.908710890234240E-003
  0.596715501978691      -3.803639804527394E-002
  0.225587074360580      -8.167753371394236E-002
 -8.393360444211975E-002 -0.100638110837504     
 -0.172706883394030      -7.698872639971918E-002
 -2.237608857521200E-002 -2.255383195034465E-002
  0.254233511182347       2.758313376901077E-002
  0.492947825883884       3.983322565794566E-002
  0.571439560890520       6.977117132063965E-003
  0.463934155407067      -4.568833909116121E-002
  0.238500124800109      -7.800167988712041E-002
  1.174559262404415E-002 -6.364224983448259E-002
 -0.109133680412720      -8.872639991380353E-003
 -7.149916703976232E-002  5.222388372705217E-002
  0.103444430184807       8.214422248337130E-002
  0.330515166114117       6.597508945442483E-002
  0.496782078238366       2.045844291731265E-002
  0.513881347678656      -1.944723448495823E-002
  0.365874092661673      -2.569991573260431E-002
  0.126374685165729       4.419346846616008E-003
 -7.222917104323558E-002  4.890139119147512E-002
 -0.109243048495670       7.841311344814732E-002
  5.071254188129525E-002  7.668128405453245E-002
  0.327495684723027       4.941093625302234E-002
  0.564468393890810       1.708479782916520E-002
  0.619844516106299      -1.026754826003213E-003
  0.456121586121008       8.581336990619862E-004
  0.169033226578213       1.436777773783251E-002
 -6.701507635112085E-002  2.611643772835250E-002
 -0.105989829186759       2.800777489326352E-002
  7.762807418906541E-002  2.088423749764757E-002
  0.371584002096237       1.042877291236517E-002
  0.595692523604903       6.599946502726648E-004
  0.614310416263708      -8.695629941029133E-003
  0.419414654753647      -1.930322005306095E-002
  0.132177103306143      -2.971013917991144E-002
 -7.560727658711529E-002 -3.458411544910670E-002
 -8.797401212052089E-002 -2.922542106941651E-002
  8.831984970686022E-002 -1.540944768789908E-002
  0.335313282511602      -2.602853112050360E-003
  0.501343672980145      -2.118389929979720E-003
  0.492541469281365      -1.801884997360223E-002
  0.322458128822868      -4.216632203059997E-002
  9.470838571054470E-002 -5.834253871817920E-002
 -6.402688888783512E-002 -5.341623502409599E-002
 -7.651199667528064E-002 -2.755530313123692E-002
  4.832538522246303E-002  4.545975282012425E-003
  0.229675088463574       2.311506534965351E-002
  0.365135998718241       1.706441781860269E-002
  0.385581752034029      -7.864932747291520E-003
  0.286474993795125      -3.271339171647731E-002
  0.124108377303952      -3.832563741257083E-002
 -1.654491772675273E-002 -1.858300746841766E-002
 -6.456918432624860E-002  1.551002116674517E-002
  3.138826164257076E-003  4.361361330625163E-002
  0.151260436236861       4.998184197818128E-002
  0.303150910365138       3.368163780399057E-002
  0.378804992963902       8.280055752251776E-003
  0.336706343074058      -8.138365193373943E-003
  0.198329996842411      -5.155951998690796E-003
  4.006287229229300E-002  1.397882844236406E-002
 -4.664092428603396E-002  3.594022960523089E-002
 -7.197250946741281E-003  4.704112149675022E-002
  0.141805517292252       4.187698391981279E-002
  0.318439613314374       2.536923451820977E-002
  0.421215477167291       7.929633786535868E-003
  0.389375956285295      -1.871928191462326E-003
  0.241062299499301      -1.885819612882255E-003
  6.439430586159753E-002  4.110872105838726E-003
 -3.482417158726413E-002  1.033227576852989E-002
  2.671824489337047E-003  1.276244161814661E-002
  0.153356296097311       1.037578700098956E-002
  0.325489003034137       4.053401056004031E-003
  0.415442345590596      -4.826227589860795E-003
  0.370497552220199      -1.462912258340684E-002
  0.219276691212253      -2.288482676628266E-002
  5.202788397021785E-002 -2.642543413720921E-002
 -3.542539177953093E-002 -2.311661947155425E-002
  1.471872524269418E-003 -1.415320720470967E-002
  0.132573820002205      -4.667047748377604E-003
  0.274965846362629      -1.250696500720486E-003
  0.344227939611233      -7.490750796159081E-003
  0.302860836174911      -2.068571999297019E-002
  0.178137259442051      -3.264481000178527E-002
  4.192750611608955E-002 -3.469432762144234E-002
 -3.253677233293786E-002 -2.372897820074000E-002
 -1.072099154883884E-002 -4.944267175003146E-003
  8.778240286721208E-002  1.106742324755627E-002
  0.204053309224026       1.519994073723361E-002
  0.273887130423419       6.035156451321271E-003
  0.261606392533783      -9.026665799195695E-003
  0.176652864236742      -1.863157401280800E-002
  6.628007464840639E-002 -1.505054079355082E-002
 -1.030224043778750E-002  7.181515018471574E-004
 -1.272459590731724E-002  1.975848265518285E-002
  5.997935818636920E-002  3.126703636889430E-002
  0.169037315709077       2.957897105799308E-002
  0.256165453695952       1.747677819574781E-002
  0.274514346642163       3.827034787845892E-003
  0.214446325609075      -2.496904852181843E-003
  0.109904627792446       1.852185772228627E-003
  2.070406531205268E-002  1.321158181003300E-002
 -6.778847876196000E-004  2.396549114861719E-002
  6.042967154891107E-002  2.763815708334558E-002
  0.171164159590583       2.255520872911659E-002
  0.268994831964525       1.204875432749827E-002
  0.297785780285708       1.706093235198352E-003
  0.241085874507906      -4.098224516622450E-003
  0.132434391169902      -4.204458457129728E-003
  3.585252990338322E-002 -4.591548520481091E-004
  7.833629514440195E-003  3.921726766890801E-003
  6.372726994496958E-002  6.079262944925602E-003
  0.168932583173054       4.492818251524297E-003
  0.260124260221986      -7.873537191058274E-004
  0.283327471397208      -8.281322725701791E-003
  0.225586653861570      -1.544561651462220E-002
  0.121394956419716      -1.945164121991797E-002
  3.086997331126134E-002 -1.845459426873708E-002
  3.740716121831088E-003 -1.286086633977056E-002
  5.103701995421404E-002 -5.649390518981142E-003
  0.140665298042388      -1.092861155551149E-003
  0.218068671317202      -2.277553425885349E-003
  0.238491426942904      -8.901274666860512E-003
  0.191646449352854      -1.699139204645955E-002
  0.105395109790196      -2.108271871898930E-002
  2.796552727833714E-002 -1.767843207019484E-002
  2.046191629419188E-004 -7.732009628147073E-003
  3.379865287201592E-002  3.659056823735878E-003
  0.106729468252378       1.034794148309704E-002
  0.177044246546751       9.076313699593937E-003
  0.206323000984026       1.630116183909744E-003
  0.179936264608146      -6.280833297125062E-003
  0.113807619977457      -8.716264488859458E-003
  4.490223842115188E-002 -3.328444455720894E-003
  1.100425112599201E-002  7.200378220105220E-003
  3.052595124366516E-002  1.698944862539456E-002
  9.283156480984028E-002  2.076000835338799E-002
  0.164099634790056       1.707034945521752E-002
  0.205705142134944       8.954403064167157E-003
  0.195412160541769       1.739013851245263E-003
  0.139858228136191      -3.651140258686907E-004
  7.117160729081710E-002  3.328912302847814E-003
  2.914397071338725E-002  9.948924629903162E-003
  3.864933158491789E-002  1.514226949086128E-002
  9.514732060450776E-002  1.575048591542656E-002
  0.166915208807514       1.142580493568783E-002
  0.213137893278055       4.432910609625811E-003
  0.207571546915654      -1.930454644248333E-003
  0.153905066204485      -5.169657055940694E-003
  8.361125541801619E-002 -4.678058408552407E-003
  3.742766513660579E-002 -1.710032969923411E-003
  4.143282133921533E-002  1.474383907862455E-003
  9.195164725444738E-002  2.731849528096276E-003
  0.158177120941742       9.488858361058339E-004
  0.200704657490402      -3.515739822011462E-003
  0.194707692073116      -8.963292253932997E-003
  0.143975614615247      -1.305522757896396E-002
  7.784284612620598E-002 -1.389823469684456E-002
  3.340297099742338E-002 -1.107977625093571E-002
  3.394013593902249E-002 -6.074247103869858E-003
  7.622244523030139E-002 -1.629938705261026E-003
  0.133533770528822      -2.976094403409245E-004
  0.171892085997511      -2.873797264130196E-003
  0.169528421012281      -7.748625117068053E-003
  0.128475828237337      -1.170684283583850E-002
  7.227067390211447E-002 -1.182781946468034E-002
  3.188707536007445E-002 -7.347732567249970E-003
  2.835266590147232E-002 -2.625186976541608E-004
  6.172165668495767E-002  5.802761274138974E-003
  0.111997492552519       7.807245231801259E-003
  0.150842137796459       5.192558150440684E-003
  0.157253755968688       2.322276346199765E-004
  0.128678050321054      -3.408788293082930E-003
  8.183148156290304E-002 -2.980460088030765E-003
  4.314324435686427E-002  1.659212769909877E-003
  3.417832561815685E-002  8.022775961280889E-003
  5.993115976384042E-002  1.260288480724837E-002
  0.106253820494564       1.303840586564328E-002
  0.147767691397695       9.465866515715250E-003
  0.161946445356153       4.277305007218424E-003
  0.141645075751203       5.476446688981161E-004
  9.909562842516759E-002  1.881585927675151E-004
  5.903017192911041E-002  2.949630625328345E-003
  4.467874291270491E-002  6.772706157397322E-003
  6.452339390506662E-002  9.130862644532027E-003
  0.107411704906205       8.481691875132376E-003
  0.148939463896461       5.004906090614779E-003
  0.165506329254571       3.266733639653209E-004
  0.147921162924169      -3.474029548816896E-003
  0.106624303048744      -4.959148303925303E-003
  6.547994624488034E-002 -3.971143752843007E-003
  4.781567288686503E-002 -1.584215566597165E-003
  6.293726493032840E-002  5.155185125714686E-004
  0.100997997390952       8.828622888930049E-004
  0.139085019018284      -9.868654357214285E-004
  0.154748448872612      -4.408803276598003E-003
  0.138923009830679      -7.826464695832163E-003
  0.100762246348192      -9.578408757623221E-003
  6.184462008095550E-002 -8.771389707159726E-003
  4.346014513238050E-002 -5.812004234772894E-003
  5.453304427954422E-002 -2.263644009160281E-003
  8.704843328849395E-002 -3.160014716817611E-005
  0.121252868392234      -2.812314840660858E-004
  0.137242653264846      -2.712459742113382E-003
  0.126124712890736      -5.666686577151291E-003
  9.453327519727049E-002 -7.067834967456407E-003
  6.031730953416672E-002 -5.670674078847785E-003
  4.221348406157806E-002 -1.854699011849456E-003
  4.947298154374079E-002  2.555059913116802E-003
  7.712369121153329E-002  5.363738292953260E-003
  0.109203015741379       5.328895364932197E-003
  0.127875299060123       2.907030617100010E-003
  0.123265300802596      -4.420214326939517E-005
  9.865310589869322E-002 -1.419068602669581E-003
  6.834907230795433E-002 -1.473800547750303E-004
  4.958250189984142E-002  3.184953516339608E-003
  5.293907186407179E-002  6.738551847390332E-003
  7.659420375623378E-002  8.561599488300998E-003
  0.107464961138155       7.744782657701521E-003
  0.128594148186846       4.896737039370111E-003
  0.128645433024873       1.700357189289269E-003
  0.108210801924350      -1.235914084416779E-004
  7.939320451549890E-002  2.043922094958377E-004
  5.889221207335135E-002  2.158937660355471E-003
  5.850087421057212E-002  4.311198145826935E-003
  7.842046371209259E-002  5.195555038147996E-003
  0.107216516792953       4.116759072740765E-003
  0.128437637648829       1.467624246821138E-003
  0.130074777389573      -1.558167734828274E-003
  0.111395519956933      -3.643975408769075E-003
  8.322451350600897E-002 -4.033410188391745E-003
  6.156816513056860E-002 -2.877552900470071E-003
  5.834925562307168E-002 -1.104486420753853E-003
  7.465076063949679E-002  9.213014900869338E-005
  0.100327885119010      -1.214040142824402E-004
  0.120081167380976      -1.787234871406146E-003
  0.122340239450167      -4.130773902177568E-003
  0.105776659827400      -5.961271795741398E-003
  7.977850021625445E-002 -6.305001256492681E-003
  5.880394107042292E-002 -4.944827160117482E-003
  5.403820856579941E-002 -2.565821616380427E-003
  6.718997658660571E-002 -4.012646314283430E-004
  8.985927458128364E-002  4.499043962880127E-004
  0.108617596274906      -3.423554920674883E-004
  0.112718899471283      -2.128838521220527E-003
  0.100019420768973      -3.641718472479346E-003
  7.787785995909924E-002 -3.735325834196776E-003
  5.873768405809543E-002 -2.074391743162225E-003
  5.304808079680925E-002  6.489456501257730E-004
  6.353453134014776E-002  3.112228953280497E-003
  8.392575328210408E-002  4.142204067813551E-003
  0.102682890632129       3.406185098093205E-003
  0.109521836164507       1.595641764955774E-003
  0.101065851981604      -5.510701234326427E-006
  8.254782108678622E-002 -2.981578532597019E-004
  6.471984531631693E-002  9.846223973294505E-004
  5.777053583357140E-002  3.144403240150083E-003
  6.565974584372654E-002  4.959835768883918E-003
  8.399983469819397E-002  5.418412330211439E-003
  0.102615678318413       4.292790109230228E-003
  0.111308928002020       2.233216877762140E-003
  0.105575978444027       3.513488346255446E-004
  8.907127370527410E-002 -4.324527837819218E-004
  7.144993322933552E-002  1.093662253950662E-004
  6.283724759358528E-002  1.432250063015070E-003
  6.808122071236822E-002  2.573895892454334E-003
  8.405745592586229E-002  2.712846802369362E-003
  0.101540509992409       1.611315181560299E-003
  0.110534969695581      -2.862440489315532E-004
  0.105982884116209      -2.124456109116075E-003
  9.057394578804304E-002 -3.108931339853967E-003
  7.308486738831096E-002 -2.920296697489392E-003
  6.326660089106423E-002 -1.860349654470018E-003
  6.626945110920450E-002 -6.684209521894549E-004
  7.981035295794967E-002 -1.146769033603810E-004
  9.564725464210685E-002 -5.858249063962129E-004
  0.104418038211812      -1.878875359856538E-003
  0.100995632881884      -3.311400623980537E-003
  8.729155427330293E-002 -4.092693937703482E-003
  7.098506459371443E-002 -3.759843091857733E-003
  6.102214330854906E-002 -2.440796552217140E-003
  6.253544264901376E-002 -7.927023915459154E-004
  7.407411853342859E-002  3.599910163735664E-004
  8.862671226109989E-002  4.905895599220671E-004
  9.773218212393446E-002 -3.267868484897776E-004
  9.626786177246610E-002 -1.457079824839630E-003
  8.521397355661557E-002 -2.072257987715791E-003
  7.092237185274633E-002 -1.637320746124386E-003
  6.141474526013552E-002 -2.285811523929812E-004
  6.186455674794812E-002  1.506676088466083E-003
  7.179470558991997E-002  2.727511351949330E-003
  8.549145565272337E-002  2.889570348484018E-003
  9.531311801099594E-002  2.056336027867193E-003
  9.598423783246553E-002  8.485089976994620E-004
  8.747335192708527E-002  6.736298207801397E-005
  7.489275597911345E-002  2.217435651918531E-004
  6.553867108227425E-002  1.239968789052629E-003
  6.477066716682005E-002  2.529781359479812E-003
  7.304353893373156E-002  3.338503086577129E-003
  8.572880517016009E-002  3.191674793060219E-003
  9.578593948147673E-002  2.153231007737735E-003
  9.774962394704108E-002  7.668130707543353E-004
  9.077782775030653E-002 -2.712952467601056E-004
  7.905571585706479E-002 -5.074816193863170E-004
  6.935726235481568E-002  3.142636622758771E-005
  6.717532898607625E-002  8.806094236101162E-004
  7.362936542134418E-002  1.419080002775907E-003
  8.489678871067312E-002  1.221679300867838E-003
  9.445963725490905E-002  2.856433818907552E-004
  9.684999538546496E-002 -9.832495741983764E-004
  9.073878903233534E-002 -2.004394033618753E-003
  7.961752177296046E-002 -2.340257190955228E-003
  6.972502052865309E-002 -1.925741352686873E-003
  6.645182982997741E-002 -1.090668802115738E-003
  7.130188715284841E-002 -3.699065552517169E-004
  8.113053288541897E-002 -2.073254914120256E-004
  9.004094795739045E-002 -7.138072211609756E-004
  9.279656874205593E-002 -1.609226748854276E-003
  8.777284401912955E-002 -2.379467270075374E-003
  7.778640457825708E-002 -2.563108838801390E-003
  6.839074039329289E-002 -2.010282111076808E-003
  6.467416975718646E-002 -9.689948744326565E-004
  6.841079515538133E-002  5.187355564920067E-005
  7.715838389190123E-002  5.683367728849315E-004
  8.575099842467314E-002  3.947126543646070E-004
  8.927533117924315E-002 -2.525213410271543E-004
  8.581792273699550E-002 -8.821771986684105E-004
  7.745371439376288E-002 -1.015010079956979E-003
  6.897661637650497E-002 -4.634624227846699E-004
  6.514657067005178E-002  5.588801130651165E-004
  6.802964214974261E-002  1.561934585967825E-003
  7.590981510954331E-002  2.063753124988363E-003
  8.433663570615167E-002  1.867149571314418E-003
  8.867173839116509E-002  1.166702341488312E-003
  8.668090681051610E-002  4.266343008115273E-004
  7.972723491101445E-002  1.057039480958702E-004
  7.193038961986158E-002  3.929801163496579E-004
  6.780188659964678E-002  1.107354514065453E-003
  6.970597564495329E-002  1.813440905051801E-003
  7.656944525441095E-002  2.079304548428168E-003
  8.454213927411972E-002  1.722783063109666E-003
  8.920647141922977E-002  9.064475081081033E-004
  8.807053989383057E-002  3.407997217442963E-005
  8.193736640687323E-002 -4.837315106879648E-004
  7.439489283075218E-002 -4.571687870321026E-004
  6.974219956229701E-002 -1.140762686287396E-005
  7.054748175564551E-002  4.981246522965778E-004
  7.622566489909038E-002  6.938884519116324E-004
  8.342586518410494E-002  3.875542355652341E-004
  8.797983420224965E-002 -3.211830222398334E-004
  8.727937960689683E-002 -1.107264309049944E-003
  8.172534606825491E-002 -1.603925362062201E-003
  7.444239870248297E-002 -1.603427636261539E-003
  6.945524781280341E-002 -1.165593796147660E-003
  6.939323543763225E-002 -5.778761748617097E-004
  7.403617254248708E-002 -1.920595790346909E-004
  8.050738144411572E-002 -2.288107158966404E-004
  8.496589827837210E-002 -6.574166724632722E-004
  8.480291708911555E-002 -1.216074516955410E-003
  8.008698891419633E-002 -1.560664791706414E-003
  7.346059746822146E-002 -1.458940414977672E-003
  6.858756438038290E-002 -9.215586644249112E-004
  6.806582851688589E-002 -1.962350911422828E-004
  7.199550452959098E-002  3.719568096261555E-004
  7.798923542729057E-002  5.351319364015394E-004
  8.257874318062608E-002  2.811745574180955E-004
  8.318954189138236E-002 -1.629627551453383E-004
  7.956143572202939E-002 -4.649666855204953E-004
  7.383473759938654E-002 -3.804520374066122E-004
  6.929001556573161E-002  1.060471367887363E-004
  6.848151986988329E-002  7.735168882527779E-004
  7.182294999383343E-002  1.293408702919854E-003
  7.740431775084333E-002  1.418787919144713E-003
  8.211248193026399E-002  1.123393744526483E-003
  8.339903496081146E-002  6.112247086012828E-004
  8.069315529872113E-002  1.939239376115184E-004
  7.567721683939981E-002  1.098134794479676E-004
  7.129454771811895E-002  3.901480015996591E-004
  7.007017147143960E-002  8.478213670217025E-004
  7.269884915371116E-002  1.191012940085236E-003
  7.768764511034493E-002  1.192718749774385E-003
  8.223488386576641E-002  8.178898643628163E-004
  8.382972610123512E-002  2.378699441483552E-004
  8.165969849226376E-002 -2.716055618901066E-004
  7.703640624093373E-002 -4.869766351619127E-004
  7.261598856914374E-002 -3.583080221994996E-004
  7.087494307929193E-002 -2.946766943853384E-005
  7.271533714362624E-002  2.500428416855285E-004
  7.698579391619781E-002  2.685379522479940E-004
  8.117284258382106E-002 -3.037728844895010E-005
  8.284974189864582E-002 -5.200488268261057E-004
  8.104803327467168E-002 -9.649652808249087E-004
  7.677656039679390E-002 -1.152999145703942E-003
  7.241121052355018E-002 -1.011485450126081E-003
  7.032449627765860E-002 -6.438283781214087E-004
  7.154715320834217E-002 -2.683078083503591E-004
  7.521838098800031E-002 -9.470021445803789E-005
  7.911752621216957E-002 -2.078734246588183E-004
  8.095111608470111E-002 -5.227235183196848E-004
  7.964994099666033E-002 -8.346601203664053E-004
  7.594377919996029E-002 -9.365507092525550E-004
  7.190775219462170E-002 -7.361015522935579E-004
  6.976211628816500E-002 -3.076856156433604E-004
  7.062040575030448E-002  1.502415661058178E-004
  7.389141569205473E-002  4.275233898595662E-004
  7.765409284066919E-002  4.203076071657299E-004
  7.976949421453278E-002  1.875062398164514E-004
  7.908674043531976E-002 -8.601353710221914E-005
  7.606426086673954E-002 -1.976327437581028E-004
  7.247298287091174E-002 -4.388308409018713E-005
  7.037072426826185E-002  3.210824634812550E-004
  7.094012374655909E-002  7.182185153761504E-004
  7.384415689616623E-002  9.473486663680487E-004
  7.744801295346743E-002  9.012182186936611E-004
  7.976330451100432E-002  6.242693279460434E-004
  7.956969293779650E-002  2.836812989460087E-004
  7.708167175733800E-002  7.131777200179850E-005
  7.379637561852358E-002  9.433853971190156E-005
  7.162464224430669E-002  3.171228503427586E-004
  7.180738949204644E-002  5.860201560112326E-004
  7.423010231151540E-002  7.203195178403955E-004
  7.751305666500453E-002  6.158065878468372E-004
  7.981186962665693E-002  3.020118751387613E-004
  7.986451564654078E-002 -7.752740007821386E-005
  7.769050974414320E-002 -3.482745042965927E-004
  7.455463003033558E-002 -4.023126455482564E-004
  7.222931520063239E-002 -2.555712712954216E-004
  7.198510891808700E-002 -3.418640534269106E-005
  7.388429325289797E-002  1.000070825115393E-004
  7.677086912185094E-002  4.147965328103674E-005
  7.894893639966490E-002 -2.010601765179850E-004
  7.915236184425932E-002 -5.118821687133837E-004
  7.725170451467349E-002 -7.347826744674820E-004
  7.430423751179210E-002 -7.605859112923400E-004
  7.193270407632880E-002 -5.866525707255054E-004
  7.139840389440605E-002 -3.160501020635832E-004
  7.289900806419261E-002 -9.806957762786966E-005
  7.548253860400453E-002 -4.421817391944632E-005
  7.761182412930463E-002 -1.668604211688700E-004
  7.804564826501723E-002 -3.743937807956508E-004
  7.653210729242817E-002 -5.248673475769370E-004
  7.392790062467383E-002 -5.072251095105383E-004
  7.169034011272429E-002 -3.041623182098930E-004
  7.104344667990108E-002 -1.364644166486925E-006
  7.229533248363759E-002  2.615178460249366E-004
  7.468694625256274E-002  3.697914492888191E-004
  7.684404683305911E-002  2.974632839032279E-004
  7.756367394947739E-002  1.198045353239410E-004
  7.648536814172102E-002 -3.174270082112175E-005
  7.427323438272414E-002 -4.583003592634071E-005
  7.221846519083536E-002  1.053021208398107E-004
  7.149905698998979E-002  3.511117022484901E-004
  7.251997730579912E-002  5.643764359275680E-004
  7.470205078753883E-002  6.343618403430888E-004
  7.682787812087230E-002  5.291922097666700E-004
  7.773840586741167E-002  3.121300103845580E-004
  7.698167921251003E-002  1.035637958559008E-004
  7.505068476513348E-002  1.164141698037916E-005
  7.308538991412566E-002  7.173235688107218E-005
  7.221744788060400E-002  2.287868566481849E-004
  7.293313669626075E-002  3.713570802364821E-004
  7.481238216049237E-002  3.965471514212711E-004
  7.678320554571395E-002  2.683307049669383E-004
  7.773820875085491E-002  3.659609733974516E-005
  7.715882696957661E-002 -1.925944172115067E-004
  7.539550116590685E-002 -3.173693172612351E-004
  7.345261660691024E-002 -2.963196130692551E-004
  7.240924222291475E-002 -1.693658509178558E-004
  7.280963495938983E-002 -3.264736161397078E-005
  7.436799125730992E-002  1.720931116599440E-005
  7.614767871225951E-002 -6.248033316647787E-005
  7.710401952377798E-002 -2.376051902756585E-004
  7.667664168403339E-002 -4.178808615730245E-004
  7.509595045001977E-002 -5.083962392968277E-004
  7.323683891116067E-002 -4.626668070888899E-004
  7.211204110317616E-002 -3.076134273354987E-004
  7.229896729678720E-002 -1.271261730612553E-004
  7.362484518201567E-002 -1.419103893831097E-005
  7.528185591517127E-002 -1.889936042582852E-005
  7.629744531905777E-002 -1.214932760220322E-004
  7.608647461686140E-002 -2.451310348063442E-004
  7.477221021182409E-002 -3.005713310560333E-004
  7.310083807188907E-002 -2.371559171129091E-004
  7.200726940079197E-002 -7.127016284066703E-005
  7.208485805229338E-002  1.234595716819894E-004
  7.325958795755726E-002  2.581519450090628E-004
  7.484704846661101E-002  2.786297712403524E-004
  7.595107449026915E-002  1.949518081760446E-004
  7.597197249882624E-002  7.410666159285026E-005
  7.493626341071950E-002  6.231788728134368E-007
  7.346692588614387E-002  2.801286676272695E-005
  7.241918811146680E-002  1.487909497659613E-004
  7.239406017759620E-002  2.997598467833130E-004
  7.340555429468916E-002  3.988604342702076E-004
  7.488504137444460E-002  3.920120006099429E-004
  7.601286457323010E-002  2.831383627136641E-004
  7.618382341061342E-002  1.307298962031390E-004
  7.534215172198414E-002  1.367984101602188E-005
  7.400054968399439E-002 -1.351052970700408E-005
  7.293924505291505E-002  4.944109772560965E-005
  7.276098302693668E-002  1.501879961540830E-004
  7.355523570465024E-002  2.150106776654592E-004
  7.485832542076333E-002  1.913034391673260E-004
  7.592585674645107E-002  7.705662725109881E-005
  7.615769971495077E-002 -7.888577864638954E-005
  7.543305624451777E-002 -2.051311378523103E-004
  7.416866601837403E-002 -2.479469668791613E-004
  7.307300370438106E-002 -2.005306970825097E-004
  7.274125488197093E-002 -1.052684657609208E-004
  7.332269769087087E-002 -2.845384655442602E-005
  7.444652754361820E-002 -2.232587391731315E-005
  7.544251865229354E-002 -9.596329031423377E-005
  7.572581624655705E-002 -2.110760647576508E-004
  7.512531872648506E-002 -3.044516159603191E-004
  7.397165953288234E-002 -3.239033059189977E-004
  7.290040878033385E-002 -2.573313617490697E-004
  7.248772506057888E-002 -1.387894811915072E-004
  7.292757696029864E-002 -2.862629259010026E-005
  7.393151751951924E-002  2.067483529324732E-005
  7.490243432951521E-002 -6.455270478916906E-006
  7.527812539595262E-002 -8.093480659414003E-005
  7.484728457204712E-002 -1.465667259716205E-004
  7.386061072441004E-002 -1.525372345176757E-004
  7.287924360981644E-002 -8.231367682738175E-005
  7.245192057036032E-002  3.729557582924923E-005
  7.280646804732074E-002  1.517050849168422E-004
  7.372881901521215E-002  2.095401672380161E-004
  7.469324139910909E-002  1.912760526306876E-004
  7.516475790695551E-002  1.193786984703470E-004
  7.489980585117129E-002  4.454823506702052E-005
  7.407620552487068E-002  1.630178765086797E-005
  7.318329430667105E-002  5.485840275280910E-005
  7.273939926703935E-002  1.402266413292884E-004
  7.299929854588171E-002  2.243247293050229E-004
  7.381630249914076E-002  2.587830469750668E-004
  7.473306710651230E-002  2.223463503361162E-004
  7.524510660814251E-002  1.323767084529349E-004
  7.508514023406841E-002  3.431670455051740E-005
  7.436796520654489E-002 -2.441230703584792E-005
  7.351737488694760E-002 -2.096258679878819E-005
  7.302085891332238E-002  3.092463411131794E-005
  7.315372671647946E-002  8.983994017639093E-005
  7.382854094132235E-002  1.109928486613999E-004
  7.465198564183122E-002  7.179052985375450E-005
  7.515281961148268E-002 -1.571658749631839E-005
  7.504897929667051E-002 -1.121796422273136E-004
  7.440257129142683E-002 -1.734549531020116E-004
  7.357778298100463E-002 -1.752558828261608E-004
  7.302955411540470E-002 -1.260823309668605E-004
  7.304564992467864E-002 -6.148387229066463E-005
  7.358847029838181E-002 -2.333820417375491E-005
  7.432361863235475E-002 -3.611719605586820E-005
  7.481511734404343E-002 -9.350324576818182E-005
  7.477363683589490E-002 -1.626094408542214E-004
  7.421667114380906E-002 -2.030406369118200E-004
  7.345230430860322E-002 -1.897895209397769E-004
  7.289959198853788E-002 -1.270527964415703E-004
  7.285038248931089E-002 -4.540779866436754E-005
  7.330806518795831E-002  1.573251743135338E-005
  7.399234776688444E-002  3.025055947788551E-005
  7.450362177204810E-002 -4.738574474684554E-007
  7.455074248217189E-002 -4.911660033667251E-005
  7.411253973831501E-002 -7.854114674672101E-005
  7.344365668182477E-002 -6.314948500037985E-005
  7.292498499189426E-002 -3.320062934464651E-006
  7.284640571220242E-002  7.508510574948186E-005
  7.324561120165239E-002  1.355942053759051E-004
  7.389239544519227E-002  1.517202206087377E-004
  7.442394296489811E-002  1.215419175846976E-004
  7.455161635756240E-002  6.815317962134557E-005
  7.422135633494469E-002  2.600676214287474E-005
  7.363855867159852E-002  2.115551932156677E-005
  7.314648448491326E-002  5.668601963977716E-005
  7.302983752322620E-002  1.114699451115807E-004
  7.335561311648600E-002  1.526533638658670E-004
  7.393989270902712E-002  1.545244033364552E-004
  7.445650551242806E-002  1.129559252509870E-004
  7.462336690044472E-002  4.736535908540440E-005
  7.436001383502217E-002 -1.062822180242806E-005
  7.382834755838574E-002 -3.514067614619720E-005
  7.333617124873108E-002 -2.028636970692728E-005
  7.316073456695622E-002  1.717478595639387E-005
  7.339329401755226E-002  4.800796669168540E-005
  7.389173276322995E-002  4.744637512849888E-005
  7.436561735914884E-002  9.203746617924124E-006
  7.454298971784686E-002 -5.125297546511395E-005
  7.432323405129451E-002 -1.057482445364830E-004
  7.383021859685969E-002 -1.293809479250664E-004
  7.333789859961105E-002 -1.143073747691548E-004
  7.311300533093282E-002 -7.364568302415194E-005
  7.326521041132063E-002 -3.354995047632337E-005
  7.368901101654254E-002 -1.818020540923664E-005
  7.412809000754492E-002 -3.616389580355285E-005
  7.432322822006600E-002 -7.610786684922963E-005
  7.415861101805107E-002 -1.134743163157805E-004
  7.372413532547294E-002 -1.247113843635434E-004
  7.326046062691659E-002 -1.005498744158896E-004
  7.302034239888057E-002 -5.101705790030528E-005
  7.312620305595438E-002  4.783940388808342E-007
  7.350423223661741E-002  3.044638362218172E-005
  7.393041040452181E-002  2.837897458262703E-005
  7.416003065695084E-002  2.239885938173150E-006
  7.406592518976579E-002 -2.655455772326667E-005
  7.370739522064240E-002 -3.562658142873097E-005
  7.329261381724904E-002 -1.441435722425482E-005
  7.305806448445958E-002  2.997362446447768E-005
  7.313472643263476E-002  7.699487828101710E-005
  7.347659470618008E-002  1.044145628824534E-004
  7.389034830295675E-002  1.007817032840991E-004
  7.414721056805054E-002  7.158708657158932E-005
  7.411224631793840E-002  3.575733748200854E-005
  7.381798739270704E-002  1.466434670912971E-005
  7.344222079333611E-002  2.001122755583275E-005
  7.320456270881875E-002  4.745681462811265E-005
  7.324178922811296E-002  7.945279455423260E-005
  7.353251816580660E-002  9.548908975946500E-005
  7.391253087319120E-002  8.379983766290959E-005
  7.417014027551452E-002  4.789116756964148E-005
  7.416621587770117E-002  4.325014068508440E-006
  7.391080496170518E-002 -2.679268110499619E-005
  7.355417678104677E-002 -3.309216348354901E-005
  7.329917542419628E-002 -1.659601773392386E-005
  7.328590225507534E-002  7.883676032023076E-006
  7.351422956387806E-002  2.150515350597666E-005
  7.384695112991845E-002  1.221146216110996E-005
  7.409006434236487E-002 -1.853427012794922E-005
  7.410332488866533E-002 -5.678456626586794E-005
  7.387816943948310E-002 -8.414978545223023E-005
  7.353982411265947E-002 -8.816454349619863E-005
  7.327404041805645E-002 -6.910239609688564E-005
  7.322134325533106E-002 -3.949544615885446E-005
  7.339905043620813E-002 -1.679754423212925E-005
  7.369437686332987E-002 -1.346729816037382E-005
  7.393095524102618E-002 -3.009711684691258E-005
  7.396969990795553E-002 -5.537785033458722E-005
  7.378645053774893E-002 -7.276718535995913E-005
  7.348317540400851E-002 -6.996879945120855E-005
  7.322788751630391E-002 -4.583426848900300E-005
  7.315868225152680E-002 -1.086138854891153E-005
  7.330672429306852E-002  1.885931394003389E-005
  7.358112174977063E-002  3.071224153589210E-005
  7.382282343555421E-002  2.247833034145291E-005
  7.389565844936902E-002  3.262388165405706E-006
  7.376244442996983E-002 -1.197085038877422E-005
  7.350366362233829E-002 -1.104251278320478E-005
  7.326948263227834E-002  8.549932965663523E-006
  7.319360906873233E-002  3.834628647928110E-005
  7.331831313305344E-002  6.385349936666068E-005
  7.357255507439898E-002  7.278637439650970E-005
  7.381434372029286E-002  6.190525056318025E-005
  7.391206869068134E-002  3.862475170043764E-005
  7.381818754202864E-002  1.659663972686558E-005
  7.359398591666412E-002  7.885943963328504E-006
  7.337256613347254E-002  1.622559628555611E-005
  7.328225124167320E-002  3.512946318479407E-005
  7.337437028858224E-002  5.182020689580368E-005
  7.359596033783626E-002  5.462715952054967E-005
  7.382176407384508E-002  3.960457886984242E-005
  7.392622728179304E-002  1.265588653451967E-005
  7.385411386868269E-002 -1.393293059087390E-005
  7.365003148452302E-002 -2.847208889812186E-005
  7.343114265858026E-002 -2.635006065233496E-005
  7.331965027633477E-002 -1.238317885540054E-005
  7.337392832660465E-002  2.191596552370862E-006
  7.355709293897761E-002  6.262019619201399E-006
  7.375989582387919E-002 -4.842141283242111E-006
  7.386387549289725E-002 -2.680896633359997E-005
  7.380833833285182E-002 -4.892337470638812E-005
  7.362337080028784E-002 -6.019816109488158E-005
  7.341102802905497E-002 -5.553003478599910E-005
  7.328641328873628E-002 -3.842082346562937E-005
  7.331269578306866E-002 -1.881281490917506E-005
  7.346678813864163E-002 -7.364636942440539E-006
  7.365433894234885E-002 -9.463414101506067E-006
  7.376451640700614E-002 -2.234322641407987E-005
  7.373285975991017E-002 -3.685999222475189E-005
  7.357662850958510E-002 -4.282238955964138E-005
  7.338334973904988E-002 -3.480365189409940E-005
  7.326004320650290E-002 -1.515456900674690E-005
  7.327257940024208E-002  7.418852512531592E-006
  7.340952857389844E-002  2.282091135511095E-005
  7.359030845972293E-002  2.520835953457511E-005
  7.371206093460143E-002  1.612154506124382E-005
  7.370801193461836E-002  3.396202157474579E-006
  7.358421292649253E-002 -3.441795626889359E-006
  7.341446759473683E-002  1.369531217758999E-006
  7.329723029540948E-002  1.661648873630404E-005
  7.329957878744352E-002  3.490370201269603E-005
  7.342007839573972E-002  4.692317422528982E-005
  7.359101717573903E-002  4.671992015531110E-005
  7.371788413644591E-002  3.496569848443936E-005
  7.373305511169073E-002  1.843820662241891E-005
  7.363316712498877E-002  6.080512332469404E-006
  7.347951376672548E-002  3.935215095395837E-006
  7.336205530287068E-002  1.183231585668424E-005
  7.334809580717992E-002  2.365807630655855E-005
  7.344484433454820E-002  3.097320985089152E-005
  7.359662467637004E-002  2.786605166874937E-005
  7.371754745633018E-002  1.427761793551637E-005
  7.374048487819090E-002 -4.041418512525001E-006
  7.365443110778630E-002 -1.884292943062415E-005
  7.350947441224337E-002 -2.402496457637221E-005
  7.338728664268036E-002 -1.896373310053269E-005
  7.335448930482802E-002 -8.689793217916416E-006
  7.342551722391324E-002 -8.826381466610071E-007
  7.355567714845618E-002 -1.448463325771039E-006
  7.366765162343289E-002 -1.120212450112260E-005
  7.369579892375819E-002 -2.549513444243522E-005
  7.362291999427913E-002 -3.693245905443316E-005
  7.348895448168677E-002 -3.958071983593433E-005
  7.336731942213916E-002 -3.226809276518081E-005
  7.332291639643136E-002 -1.914090092188749E-005
  7.337584905550182E-002 -7.225049228529909E-006
  7.349115271122496E-002 -2.429498164640752E-006
  7.359974724482865E-002 -6.272644047347255E-006
  7.363812998650429E-002 -1.515563410334358E-005
  7.358404797553982E-002 -2.253468485851757E-005
  7.346815356977242E-002 -2.270671143204583E-005
  7.335560989854782E-002 -1.404304996978244E-005
  7.330866410336632E-002  1.370885917190116E-007
  7.335167767240072E-002  1.349548473639891E-005
  7.345824479928426E-002  2.026207921265888E-005
  7.356716148891504E-002  1.842743275792966E-005
  7.361761875585468E-002  1.075291637813713E-005
  7.358338651265965E-002  3.077175507793802E-006
  7.348677186593656E-002  9.306265188506017E-007
  7.338494510200723E-002  6.401123124727989E-006
  7.333694204450533E-002  1.701131086471624E-005
  7.337034196769426E-002  2.719757772010372E-005
  7.346638199351269E-002  3.150213566345254E-005
  7.357147894318969E-002  2.764328733674843E-005
  7.362809342554751E-002  1.773666301180319E-005
  7.360714282448594E-002  7.019103586329758E-006
  7.352369056118628E-002  8.479780827818260E-007
  7.342745183503586E-002  1.703546136725057E-006
  7.337401301303850E-002  7.882349039577286E-006
  7.339338505288846E-002  1.457961285160578E-005
  7.347364703135248E-002  1.669722624894253E-005
  7.356855499378226E-002  1.175652230941384E-005
  7.362431018777338E-002  1.272249390393909E-006
  7.361000280062793E-002 -1.015241336856265E-005
  7.353451624847845E-002 -1.745003579985274E-005
  7.344067248395832E-002 -1.791727644185487E-005
  7.338040941213109E-002 -1.265166432088482E-005
  7.338537541637848E-002 -5.820378429857987E-006
  7.344959246851065E-002 -2.222075629984199E-006
  7.353368308208169E-002 -4.552646188541459E-006
  7.358781037212513E-002 -1.192024019293883E-005
  7.358000776882850E-002 -2.041709780815964E-005
  7.351383096961552E-002 -2.538050845730707E-005
  7.342562651701377E-002 -2.403338283419196E-005
  7.336339900488996E-002 -1.701065949218600E-005
  7.335957566680548E-002 -7.937550751336793E-006
  7.341313396271221E-002 -1.339604529006649E-006
  7.349094779458624E-002 -9.637554656801615E-008
  7.354717193648380E-002 -3.880385807890552E-006
  7.354935495874343E-002 -9.437243243365247E-006
  7.349643166614875E-002 -1.250849177319463E-005
  7.341864460048537E-002 -1.027898961013520E-005
  7.335983666227777E-002 -2.959696529316746E-006
  7.335247130347798E-002  6.366866993865536E-006
  7.339960214145173E-002  1.351485736853501E-005
  7.347378806826768E-002  1.554786905732525E-005
  7.353319087393852E-002  1.237999904113036E-005
  7.354541590068273E-002  6.740611886782664E-006
  7.350550695725636E-002  2.558231496804569E-006
  7.343809742245139E-002  2.707835287365912E-006
  7.338285763844171E-002  7.404024258783989E-006
  7.337179852824335E-002  1.413124260712807E-005
  7.341138548667436E-002  1.911729866030939E-005
  7.347942351609990E-002  1.948692284716567E-005
  7.353814205572108E-002  1.486756272567473E-005
  7.355575985813211E-002  7.554642259641901E-006
  7.352420796390927E-002  1.174265863812422E-006
  7.346312187362365E-002 -1.371008289968040E-006
  7.340815842328650E-002  4.988513729852037E-007
  7.339055700757474E-002  4.787549036626755E-006
  7.341964038062192E-002  8.126470019997578E-006
  7.347803950962649E-002  7.725613913525433E-006
  7.353205151935174E-002  2.955746439072374E-006
  7.355096981583578E-002 -4.321415278315780E-006
  7.352431020467870E-002 -1.083354673896232E-005
  7.346728287630779E-002 -1.374951094817064E-005
  7.341168665499945E-002 -1.224356589849672E-005
  7.338766889232196E-002 -7.898515693123100E-006
  7.340681714243948E-002 -3.747282420366728E-006
  7.345607059768601E-002 -2.522976175889749E-006
  7.350564146106815E-002 -5.120012959460112E-006
  7.352618011749043E-002 -1.012753374025999E-005
  7.350531833848940E-002 -1.467376078447809E-005
  7.345429049939620E-002 -1.607703811374897E-005
  7.340112182030328E-002 -1.335666128187769E-005
  7.337451174510549E-002 -7.756422123178061E-006
  7.338768851579935E-002 -2.007841147351477E-006
  7.343132399222992E-002  1.225024507192098E-006
  7.347929794896432E-002  8.266920563354990E-007
  7.350378434087038E-002 -2.193934398181957E-006
  7.349096187975476E-002 -5.336759766240163E-006
  7.344849119267523E-002 -6.069562687297138E-006
  7.340073069407550E-002 -3.273427074079881E-006
  7.337465419624339E-002  2.139081678748896E-006
  7.338460213833120E-002  7.763452905522508E-006
  7.342447570324862E-002  1.107219888841483E-005
  7.347160389099687E-002  1.082515848990892E-005
  7.349985009148034E-002  7.726700241982778E-006
  7.349437797804562E-002  3.976402468837043E-006
  7.345972989306003E-002  1.990307885884174E-006
  7.341681898326460E-002  3.030806981701579E-006
  7.339077293124752E-002  6.518654444210588E-006
  7.339667323092577E-002  1.039972002898341E-005
  7.343126310509507E-002  1.233698265185757E-005
  7.347516016530307E-002  1.103845145335064E-005
  7.350409798934950E-002  6.970074236645113E-006
  7.350267177862489E-002  2.065358136453090E-006
  7.347279735368568E-002 -1.383126657940671E-006
  7.343223914532768E-002 -2.008568930050394E-006
  7.340425389540944E-002 -1.041132264427403E-007
  7.340437386428024E-002  2.594423556685971E-006
  7.343183110187505E-002  3.933553084347789E-006
  7.347034778172812E-002  2.579476622167649E-006
  7.349764251478694E-002 -1.233893348399935E-006
  7.349811098411434E-002 -5.856856840756412E-006
  7.347147373654778E-002 -9.170634462751978E-006
  7.343261147566654E-002 -9.778633430316054E-006
  7.340287298689792E-002 -7.766616478110603E-006
  7.339793446237017E-002 -4.613753026539972E-006
  7.341911910134000E-002 -2.323647487684232E-006
  7.345298695444349E-002 -2.281782825885178E-006
  7.347924434914554E-002 -4.488427604537348E-006
  7.348233790827562E-002 -7.590297175417389E-006
  7.346012547956571E-002 -9.675379714257378E-006
  7.342480648472191E-002 -9.366685916725934E-006
  7.339575717911760E-002 -6.592720527078571E-006
  7.338848112200436E-002 -2.608055216396991E-006
  7.340597976223147E-002  7.313374153841619E-007
  7.343734741624719E-002  2.014158840996801E-006
  7.346422270907693E-002  1.045915187332579E-006
  7.347129216296884E-002 -1.081062737709420E-006
  7.345484428891351E-002 -2.643440421076727E-006
  7.342460197741346E-002 -2.283307176517329E-006
  7.339794970304302E-002  2.233066162920996E-007
  7.338997248032689E-002  3.853697100663765E-006
  7.340500584706676E-002  6.931005278467066E-006
  7.343442018205375E-002  8.073387576626423E-006
  7.346174958131192E-002  6.958000183909855E-006
  7.347211715636678E-002  4.473904910344339E-006
  7.346055754799891E-002  2.191201004849143E-006
  7.343457708146575E-002  1.460171583807638E-006
  7.340963787029388E-002  2.655682560113185E-006
  7.340026370657023E-002  4.989052131139294E-006
  7.341187034464816E-002  6.980868281946376E-006
  7.343790277877542E-002  7.313999605888233E-006
  7.346377440726047E-002  5.578054918738676E-006
  7.347524184019301E-002  2.488313268766772E-006
  7.346640459341455E-002 -5.328477249195488E-007
  7.344283564474614E-002 -2.162613403887031E-006
  7.341818789461819E-002 -1.910053795729060E-006
  7.340632976371718E-002 -3.637168056137932E-007
  7.341353440500385E-002  1.173940586450229E-006
  7.343511757060454E-002  1.445684229944966E-006
  7.345831889268030E-002 -4.409464360644954E-008
  7.346966785034309E-002 -2.758268961143126E-006
  7.346258992598889E-002 -5.444119104139511E-006
  7.344096616608840E-002 -6.847378140304356E-006
  7.341673090529310E-002 -6.412643127668498E-006
  7.340299011458015E-002 -4.576362986060438E-006
  7.340663173894837E-002 -2.496608704995575E-006
  7.342459838178475E-002 -1.384211954088390E-006
  7.344583984054256E-002 -1.820501816880746E-006
  7.345772161198612E-002 -3.445840198094076E-006
  7.345318401605662E-002 -5.185961892618759E-006
  7.343460527769265E-002 -5.876770969451950E-006
  7.341226602364534E-002 -4.927076645707066E-006
  7.339839772616162E-002 -2.645323561382197E-006
  7.340026196525429E-002 -5.365334501814646E-008
  7.341617734740309E-002  1.695013384589581E-006
  7.343666571501137E-002  1.960344383917831E-006
  7.344995995906686E-002  9.552433809141222E-007
  7.344867729163186E-002 -4.010893572729142E-007
  7.343387609666024E-002 -1.024116632141094E-006
  7.341427043224975E-002 -2.856787142027066E-007
  7.340115094173079E-002  1.635406068435486E-006
  7.340196567572421E-002  3.865442626177029E-006
  7.341620368466865E-002  5.337616204396470E-006
  7.343584796067994E-002  5.392589333659825E-006
  7.345004254174284E-002  4.137783632576355E-006
  7.345125445259491E-002  2.368406635316391E-006
  7.343942962583086E-002  1.104254625271831E-006
  7.342184804832705E-002  1.011419378327720E-006
  7.340885450717623E-002  2.036927802792217E-006
  7.340795878956907E-002  3.457280327981008E-006
  7.341966206614675E-002  4.304414879421665E-006
  7.343732081538203E-002  3.920904700736395E-006
  7.345103635318306E-002  2.328849976317022E-006
  7.345329250723594E-002  2.087116724519197E-007
  7.344313003468814E-002 -1.491603875551645E-006
  7.342654042178179E-002 -2.089388866335062E-006
  7.341294040766054E-002 -1.538712129227726E-006
  7.340979751611078E-002 -4.354756784189830E-007
  7.341847213024134E-002  3.386513285236536E-007
  7.343358965128718E-002  1.248645634830934E-007
  7.344621859563955E-002 -1.141396571875896E-006
  7.344898219067045E-002 -2.902462269822703E-006
  7.344018373954575E-002 -4.302112862996583E-006
  7.342464511042328E-002 -4.671057606018439E-006
  7.341085821087734E-002 -3.897450639569634E-006
  7.340613341979592E-002 -2.476480788021997E-006
  7.341251952779067E-002 -1.218217982265687E-006
  7.342577466010056E-002 -7.856635329284111E-007
  7.343790032652651E-002 -1.326686809804571E-006
  7.344173386235611E-002 -2.404851570579961E-006
  7.343496887405135E-002 -3.261389303718761E-006
  7.342135298995481E-002 -3.253492317935970E-006
  7.340845050863852E-002 -2.218267488765558E-006
  7.340330462049781E-002 -5.590275886951484E-007
  7.340848694238847E-002  9.886857708760057E-007
  7.342074950472240E-002  1.772785212179896E-006
  7.343298081367020E-002  1.584242262961522E-006
  7.343829239635562E-002  7.595947432698251E-007
  7.343388882897765E-002 -2.557422119390360E-008
  7.342254772761804E-002 -1.490641747192088E-007
  7.341092928720873E-002  6.046605135504477E-007
  7.340573670675880E-002  1.928423382714708E-006
  7.340993608075151E-002  3.173739191129958E-006
  7.342116231908216E-002  3.721120649138054E-006
  7.343316047097923E-002  3.326756765022822E-006
  7.343938464804929E-002  2.250949004333818E-006
  7.343668162304058E-002  1.100772347490839E-006
  7.342698409209852E-002  4.817555496811493E-007
  7.341610445949265E-002  6.587966010827071E-007
  7.341037194258686E-002  1.416936441083399E-006
  7.341305333493771E-002  2.195916883855536E-006
  7.342257687707233E-002  2.416686831514607E-006
  7.343351942510615E-002  1.811742510808856E-006
  7.343974068156425E-002  5.731447335251899E-007
  7.343785329151677E-002 -7.612244658081925E-007
  7.342906830259073E-002 -1.613502685233238E-006
  7.341841291866362E-002 -1.687512690260599E-006
  7.341181847304773E-002 -1.124945380700061E-006
  7.341276435428110E-002 -4.118918144462147E-007
  7.342037655058047E-002 -9.393264643596334E-008
  7.343001906621402E-002 -4.644623526808437E-007
  7.343599052723281E-002 -1.402347330943958E-006
  7.343476183771573E-002 -2.447062082298434E-006
  7.342692049203316E-002 -3.063820210252864E-006
  7.341675535341621E-002 -2.945309769779252E-006
  7.340976721247640E-002 -2.179407428944450E-006
  7.340955172260738E-002 -1.191423373607889E-006
  7.341582287159187E-002 -4.983269137867420E-007
  7.342466439038696E-002 -4.173804834710303E-007
  7.343081858503547E-002 -8.941163092472185E-007
  7.343067942890513E-002 -1.543779629727734E-006
  7.342428959650418E-002 -1.878142568776179E-006
  7.341523911924069E-002 -1.585877086402133E-006
  7.340856871125825E-002 -7.074239041780831E-007
  7.340790172267213E-002  3.918381624787117E-007
  7.341343602491851E-002  1.230690816235870E-006
  7.342190728997156E-002  1.481854147960122E-006
  7.342850106881744E-002  1.149365295660885E-006
  7.342959464556711E-002  5.558314826897382E-007
  7.342476718093870E-002  1.509720855893926E-007
  7.341696284629529E-002  2.531915173703893E-007
  7.341075580492845E-002  8.711630900222049E-007
  7.340973544841833E-002  1.704141695299077E-006
  7.341450310325080E-002  2.316948912698452E-006
  7.342239447828799E-002  2.387328129935699E-006
  7.342904627940057E-002  1.884853383205066E-006
  7.343088480298822E-002  1.082170300771983E-006
  7.342711563710377E-002  3.958875388100686E-007
  7.342010561916240E-002  1.503770796096517E-007
  7.341397748053011E-002  3.990862954330263E-007
  7.341224753817664E-002  9.026325763480769E-007
  7.341585716302503E-002  1.272510521013093E-006
  7.342269743237144E-002  1.195813205603268E-006
  7.342886176858517E-002  6.126149213619337E-007
  7.343088358872987E-002 -2.528743374971655E-007
  7.342767786512566E-002 -1.021785377559904E-006
  7.342110025640324E-002 -1.374359311885420E-006
  7.341483940592239E-002 -1.225896841484179E-006
  7.341230242277660E-002 -7.667437530756994E-007
  7.341470576316025E-002 -3.468555632387541E-007
  7.342044150916327E-002 -2.733891710305909E-007
  7.342604768027093E-002 -6.372083378285582E-007
  7.342820113650785E-002 -1.265352492441454E-006
  7.342558879415904E-002 -1.823469653529949E-006
  7.341960646670151E-002 -2.007266403004521E-006
  7.341351759103910E-002 -1.713256298290529E-006
  7.341057906357236E-002 -1.093145547644494E-006
  7.341221168101744E-002 -4.637838674230368E-007
  7.341724394314728E-002 -1.265088380954990E-007
  7.342263123763984E-002 -1.995142811551633E-007
  7.342521315010245E-002 -5.572557258628805E-007
  7.342349690619457E-002 -9.085901791531496E-007
  7.341846246599103E-002 -9.665641266327235E-007
  7.341295754757482E-002 -6.122141191241470E-007
  7.341005405313726E-002  3.974288720515410E-008
  7.341131383802865E-002  7.082109664919123E-007
  7.341594199251944E-002  1.105271215100606E-006
  7.342128477598664E-002  1.096221104373835E-006
  7.342436243979250E-002  7.700608973296388E-007
  7.342355147479122E-002  3.827623134908057E-007
  7.341946617143530E-002  2.080775676349277E-007
  7.341456094510598E-002  3.819196432252343E-007
  7.341170544244260E-002  8.280708986354122E-007
  7.341255710132658E-002  1.305269130147331E-006
  7.341665172725033E-002  1.546513123370540E-006
  7.342170827657497E-002  1.410149758781705E-006
  7.342494970005228E-002  9.574254823915772E-007
  7.342467414634266E-002  4.144383658152007E-007
  7.342118672195892E-002  4.241236778210258E-008
  7.341658145956305E-002 -8.709001426973034E-009
  7.341352151824958E-002  2.193881674432714E-007
  7.341372623224805E-002  5.228313275356761E-007
  7.341702305443039E-002  6.557662004817383E-007
  7.342148563177138E-002  4.716172149339980E-007
  7.342455645431242E-002  5.374714254141212E-009
  7.342450056043255E-002 -5.481655067649041E-007
  7.342136477753779E-002 -9.457237365016209E-007
  7.341691340202477E-002 -1.031833526348294E-006
  7.341359894969036E-002 -8.228858288228309E-007
  7.341316843697787E-002 -4.927970249212977E-007
  7.341569761676968E-002 -2.705605478154173E-007
  7.341958731689111E-002 -3.093082946944182E-007
  7.342250276738735E-002 -6.012254424016008E-007
  7.342270643912299E-002 -9.852098477015967E-007
  7.342002547527432E-002 -1.240925852971275E-006
  7.341591712787793E-002 -1.214407393167049E-006
  7.341261509811620E-002 -9.038076627983028E-007
  7.341185739581808E-002 -4.578883569013668E-007
  7.341392090757042E-002 -8.999222961229060E-008
  7.341749931650349E-002  4.225346897920694E-008
  7.342047454308903E-002 -7.692384975156462E-008
  7.342112783950794E-002 -3.171546984328826E-007
  7.341909916915991E-002 -4.800670368364302E-007
  7.341556037321670E-002 -4.140214265987411E-007
  7.341252191177580E-002 -1.000195174557914E-007
  7.341168242963711E-002  3.389745663238637E-007
  7.341347875394059E-002  7.089039274429734E-007
  7.341686668109013E-002  8.540665715954543E-007
  7.341993992783513E-002  7.427232966525035E-007
  7.342102048839179E-002  4.812304892604819E-007
  7.341959635770570E-002  2.503320849931930E-007
  7.341658220438770E-002  2.011927433697029E-007
  7.341377118986175E-002  3.705852915351777E-007
  7.341280430580660E-002  6.625561898470922E-007
  7.341424800681651E-002  9.054308123721774E-007
  7.341729698159676E-002  9.504128642323696E-007
  7.342025568185490E-002  7.553534678691059E-007
  7.342151051475215E-002  4.068448654723715E-007
  7.342043475065414E-002  6.953269874103967E-008
  7.341771831827944E-002 -1.072511342109900E-007
  7.341494951498867E-002 -7.207205256859076E-008
  7.341370052024183E-002  1.030252245313524E-007
  7.341464235206827E-002  2.670527186633861E-007
  7.341718678467470E-002  2.780918784010815E-007
  7.341984520751714E-002  8.425365707086574E-008
  7.342108668800776E-002 -2.478628671840102E-007
  7.342020128937393E-002 -5.721094128207348E-007
  7.341768257355785E-002 -7.457537606035079E-007
  7.341492451644191E-002 -7.088285834493326E-007
  7.341341844628971E-002 -5.152999632231539E-007
  7.341391295908463E-002 -2.995867690565034E-007
  7.341601044031945E-002 -1.987089857629628E-007
  7.341841767430014E-002 -2.748676658735371E-007
  7.341969508207469E-002 -4.820262752793766E-007
  7.341907187726246E-002 -6.943336199956544E-007
  7.341686682309953E-002 -7.790235472507170E-007
  7.341428637491763E-002 -6.717700863822760E-007
  7.341272745773636E-002 -4.120145675520729E-007
  7.341298816865138E-002 -1.192414841033807E-007
  7.341483267440062E-002  7.516803534929277E-008
  7.341714741722050E-002  1.011970716760680E-007
  7.341858771019405E-002 -1.275325708819474E-008
  7.341833999602952E-002 -1.590506949114575E-007
  7.341656817110838E-002 -2.141980812961273E-007
  7.341429968976235E-002 -1.097166068904451E-007
  7.341282786689302E-002  1.295412271883415E-007
  7.341297744481623E-002  4.005225059792308E-007
  7.341464983997485E-002  5.808808620036042E-007
  7.341689792151794E-002  5.975614173368365E-007
  7.341847663172457E-002  4.662630306089463E-007
  7.341854910198427E-002  2.802166805333115E-007
  7.341714743106199E-002  1.557160810973495E-007
  7.341513418964593E-002  1.660125106726052E-007
  7.341369731827470E-002  3.010382563067231E-007
  7.341367300600066E-002  4.750594994407236E-007
  7.341508149017797E-002  5.768927463225987E-007
  7.341713241531209E-002  5.334749057270142E-007
  7.341868645077984E-002  3.506980048246499E-007
  7.341890334311479E-002  1.090057390585406E-007
  7.341770756216552E-002 -8.279556635122132E-008
  7.341581346536098E-002 -1.486157646735230E-007
  7.341430549814305E-002 -8.636356471686096E-008
  7.341401949646341E-002  3.334807716681197E-008
  7.341507770210699E-002  1.093886895697485E-007
  7.341683583540166E-002  6.852379424986138E-008
  7.341826296060847E-002 -9.320139066003047E-008
  7.341853081557562E-002 -3.090469212069633E-007
  7.341747627551465E-002 -4.800670829367670E-007
  7.341567940879538E-002 -5.309764456304784E-007
  7.341412160370187E-002 -4.515771377270934E-007
  7.341362538724786E-002 -3.007548522203605E-007
  7.341439600903003E-002 -1.716223326542701E-007
  7.341592055679025E-002 -1.382861016283685E-007
  7.341727351278174E-002 -2.146027154986146E-007
  7.341764781358703E-002 -3.478718817701281E-007
  7.341680751919731E-002 -4.502418801739656E-007
  7.341520899314062E-002 -4.493122979322193E-007
  7.341372963933226E-002 -3.290182227560595E-007
  7.341316547816990E-002 -1.379835464604498E-007
  7.341378542215145E-002  3.865920313638231E-008
  7.341519188185054E-002  1.273353483363012E-007
  7.341655943202453E-002  1.065070670019019E-007
  7.341710889681315E-002  1.696547060019324E-008
  7.341654483704528E-002 -6.317674694095425E-008
  7.341521099832986E-002 -6.392450545226072E-008
  7.341388242334913E-002  3.676896802713869E-008
  7.341331923221683E-002  2.010905312716076E-007
  7.341383848390362E-002  3.534793137378330E-007
  7.341514472701742E-002  4.235807765532361E-007
  7.341650895815084E-002  3.854165846398509E-007
  7.341718762879028E-002  2.708120552952873E-007
  7.341684060576575E-002  1.500916735037732E-007
  7.341571287377970E-002  9.162771135743159E-008
  7.341448291580546E-002  1.234733118771752E-007
  7.341387045455355E-002  2.186260786339519E-007
  7.341422964969936E-002  3.116922554067893E-007
  7.341535706536194E-002  3.368743435889353E-007
  7.341661779732576E-002  2.654216938852594E-007
  7.341731179488205E-002  1.214639230956465E-007
  7.341706892360868E-002 -3.222378469272006E-008
  7.341604977796920E-002 -1.298650246359226E-007
  7.341484348247332E-002 -1.392170492052500E-007
  7.341412665977635E-002 -7.842624151928511E-008
  7.341428076283676E-002 -4.162709765705194E-009
  7.341518407110259E-002  2.164310127954464E-008
  7.341629158645852E-002 -3.274394412697770E-008
  7.341695152677574E-002 -1.512325204652587E-007
  7.341677506572038E-002 -2.796408105539477E-007
  7.341585001987655E-002 -3.567265701219673E-007
  7.341468161424339E-002 -3.485838229806197E-007
  7.341389964051122E-002 -2.669755321108311E-007
  7.341390194922699E-002 -1.616383724783733E-007
  7.341463632227502E-002 -9.146288216781913E-008
  7.341564044733981E-002 -9.123288411956722E-008
  7.341631181089234E-002 -1.527391060079438E-007
  7.341625053160618E-002 -2.305760121176704E-007
  7.341548054732693E-002 -2.688094698633077E-007
  7.341442731329280E-002 -2.330378203120291E-007
  7.341366989911516E-002 -1.296720331793605E-007
  7.341361196657406E-002 -1.852828937936702E-009
  7.341425860107541E-002  9.519541358213266E-008
  7.341522228573492E-002  1.250617423486586E-007
  7.341594962507260E-002  8.978035242273480E-008
  7.341603635821829E-002  2.740571184038478E-008
  7.341545141626021E-002 -1.060903780436375E-008
  7.341454591246056E-002  1.095571070791784E-008
  7.341384673635996E-002  9.128479478360453E-008
  7.341375567229677E-002  1.944951791832394E-007
  7.341432548707466E-002  2.703770411777381E-007
  7.341523734458950E-002  2.828051479779167E-007
  7.341598785434919E-002  2.296632363407507E-007
  7.341617588201003E-002  1.432540067616388E-007
  7.341572550945051E-002  7.139167298366587E-008
  7.341492106352285E-002  5.024128178665895E-008
  7.341423863716912E-002  8.437022869265770E-008
  7.341407341564045E-002  1.450770878268687E-007
  7.341451858651794E-002  1.875309761078967E-007
  7.341531915516798E-002  1.766538874655821E-007
  7.341602282889834E-002  1.069772611434554E-007
  7.341623872076987E-002  5.419277606979249E-009
  7.341585589328423E-002 -8.421487770642339E-008
  7.341509961388322E-002 -1.258936414063832E-007
  7.341439722018271E-002 -1.111079701135849E-007
  7.341413327224279E-002 -6.270917889906914E-008
  7.341443423462884E-002 -2.103330428106510E-008
  7.341510322889623E-002 -2.051892191742752E-008
  7.341573827935972E-002 -7.019523516487734E-008
  7.341596345736295E-002 -1.489439410050116E-007
  7.341564033091810E-002 -2.178819279391990E-007
  7.341494112202077E-002 -2.425221381627115E-007
  7.341424541739325E-002 -2.120259721703899E-007
  7.341392243216319E-002 -1.447749756999063E-007
  7.341412388392060E-002 -7.742527107391131E-008
  7.341470381757551E-002 -4.396624556945742E-008
  7.341530771147857E-002 -5.678682129648822E-008
  7.341557698357286E-002 -1.003578649128845E-007
  7.341535124500063E-002 -1.408041180171917E-007
  7.341475450056073E-002 -1.456226719636266E-007
  7.341411931812397E-002 -1.022193891152722E-007
  7.341379520279996E-002 -2.484836332463420E-008
  7.341395157630508E-002  5.370451890227253E-008
  7.341448637675496E-002  1.006855867859284E-007
  7.341508940795674E-002  1.015184945393933E-007
  7.341542138625264E-002  6.733361548757005E-008
  7.341530536897810E-002  2.788346014595802E-008
  7.341482254898647E-002  1.415863489482617E-008
  7.341426060201371E-002  4.072053074482853E-008
  7.341394690605681E-002  9.770559027419331E-008
  7.341406304540520E-002  1.567926899041888E-007
  7.341454543004738E-002  1.874705417394091E-007
  7.341512608800178E-002  1.742237610702106E-007
  7.341548760207776E-002  1.249439322942561E-007
  7.341544248537421E-002  6.602283432417985E-008
  7.341503550317849E-002  2.717986549255008E-008
  7.341451304781657E-002  2.478609802458765E-008
  7.341417973117972E-002  5.310044137598248E-008
  7.341422539753870E-002  8.817250291554718E-008
  7.341462058072389E-002  1.019320186397844E-007
  7.341513775100317E-002  7.830492615158611E-008
  7.341548363345793E-002  2.223418702019682E-008
  7.341546568273835E-002 -4.332272272439056E-008
  7.341509826081277E-002 -9.047190258212437E-008
  7.341459007594343E-002 -1.019602242710751E-007
  7.341422255716190E-002 -8.043447199954828E-008
  7.341419001384095E-002 -4.631465388791589E-008
  7.341449238336407E-002 -2.573319697742656E-008
  7.341493977526735E-002 -3.555084307107781E-008
  7.341526379287183E-002 -7.395080069440826E-008
  7.341527062128785E-002 -1.217853347334960E-007
  7.341494878847582E-002 -1.536822158503850E-007
  7.341447193095844E-002 -1.524457944019131E-007
  7.341409730437211E-002 -1.185740986664011E-007
  7.341401944510988E-002 -6.964114332001381E-008
  7.341426232973235E-002 -3.011269039401215E-008
  7.341466988052098E-002 -1.753517851224778E-008
  7.341499799635719E-002 -3.294784750168923E-008
  7.341505407358305E-002 -6.081802272519489E-008
  7.341480443798580E-002 -7.832241104446080E-008
  7.341438991899552E-002 -6.854026944412455E-008
  7.341404281451876E-002 -3.004157921088572E-008
  7.341395414859041E-002  2.245252703308766E-008
  7.341416703037511E-002  6.651779019400869E-008
  7.341455556821470E-002  8.463303094526258E-008
  7.341489933176716E-002  7.376216115584532E-008
  7.341500935558752E-002  4.658911781785501E-008
  7.341483363329772E-002  2.389747114517659E-008
  7.341448317821621E-002  2.258139004295866E-008
  7.341416573140051E-002  4.613447002561600E-008
  7.341406646469352E-002  8.291723902477321E-008
  7.341424399769247E-002  1.130087149116089E-007
  7.341459992791896E-002  1.195972884606589E-007
  7.341493741719089E-002  9.839921505095419E-008
  7.341507390862308E-002  5.984542524234744E-008
  7.341494334660580E-002  2.296264667370924E-008
  7.341463059898710E-002  4.572846443787627E-009
  7.341432019942959E-002  9.990133901675825E-009
  7.341419014631535E-002  3.041533416166477E-008
  7.341431174486805E-002  4.834403188167618E-008
  7.341461173771832E-002  4.776420091219495E-008
  7.341491667307713E-002  2.329423686070770E-008
  7.341505273175258E-002 -1.686300157243349E-008
  7.341494360518869E-002 -5.568115911964355E-008
  7.341465137321385E-002 -7.694100440462509E-008
  7.341433862167364E-002 -7.420653559017021E-008
  7.341417484870923E-002 -5.411172803324866E-008
  7.341424105995387E-002 -3.223557649972587E-008
  7.341448628844562E-002 -2.405225768424894E-008
  7.341475936810134E-002 -3.616017868300036E-008
  7.341489641923508E-002 -6.272186702771561E-008
  7.341481357484170E-002 -8.900473643924081E-008
  7.341455263448753E-002 -9.987378790602556E-008
  7.341425497682258E-002 -8.834661464276971E-008
  7.341407998458935E-002 -5.939283019538492E-008
  7.341411511179613E-002 -2.694209460255657E-008
  7.341432839293459E-002 -5.931830393168987E-009
  7.341458919011239E-002 -3.977118106061107E-009
  7.341474399920996E-002 -1.735697418395210E-008
  7.341470343508349E-002 -3.347834039096017E-008
  7.341449118752243E-002 -3.828540412650891E-008
  7.341422822626534E-002 -2.433188095057011E-008
  7.341406256719216E-002  5.045227221500163E-009
  7.341408532820017E-002  3.771728494148517E-008
  7.341428062698051E-002  5.966772495317746E-008
  7.341453678099301E-002  6.281687928127002E-008
  7.341471116243856E-002  4.934585364822334E-008
  7.341471102858904E-002  3.016464407261241E-008
  7.341454448342030E-002  1.851698810420498E-008
  7.341431354550390E-002  2.242957973477998E-008
  7.341415449928207E-002  4.028188614781915E-008
  7.341416026590275E-002  6.192196618650137E-008
  7.341432888779303E-002  7.457830102772348E-008
  7.341456655428084E-002  7.013411888110604E-008
  7.341474227169269E-002  4.963871839319876E-008
  7.341476227550323E-002  2.257566154221317E-008
  7.341462186992741E-002  1.412996897402877E-009
  7.341440601430506E-002 -5.395543550271899E-009
  7.341423945365193E-002  2.012674374033702E-009
  7.341421557270951E-002  1.527484746585221E-008
  7.341434448746838E-002  2.279386285127475E-008
  7.341454916984590E-002  1.644129136997448E-008
  7.341471073198765E-002 -3.840926011144840E-009
  7.341473630089368E-002 -3.008669538290412E-008
  7.341461078143159E-002 -5.087424052154416E-008
  7.341440372369873E-002 -5.774826093355729E-008
  7.341422841255756E-002 -4.984213517696946E-008
  7.341417725273104E-002 -3.413957269135310E-008
  7.341427033653129E-002 -2.132542188183855E-008
  7.341444585115690E-002 -1.965881542595863E-008
  7.341459680301676E-002 -3.036119490803830E-008
  7.341463236775476E-002 -4.708200003789275E-008
  7.341452878983869E-002 -5.965295329147239E-008
  7.341434140798822E-002 -5.992294578632173E-008
  7.341417188802468E-002 -4.634255948883991E-008
  7.341411008734071E-002 -2.474388021011835E-008
  7.341418382821899E-002 -4.958625276004646E-009
  7.341434467543452E-002  4.732295562600905E-009
  7.341449693149445E-002  2.147989212408729E-009
  7.341455257906468E-002 -7.780955220326361E-009
  7.341448067487322E-002 -1.602821516493782E-008
  7.341432351442710E-002 -1.472662253488217E-008
  7.341417119879870E-002 -1.653083116944077E-009
  7.341410983319062E-002  1.856602266242778E-008
  7.341417309497890E-002  3.713732546175281E-008
  7.341432435989384E-002  4.607729173232886E-008
  7.341447877816797E-002  4.263318347566748E-008
  7.341455199991952E-002  3.067313686049405E-008
  7.341450754120446E-002  1.833037504101660E-008
  7.341437616236574E-002  1.331038922492456E-008
  7.341423696845401E-002  1.855412071729195E-008
  7.341417171293121E-002  3.069036046024860E-008
  7.341421861681069E-002  4.208689577350958E-008
  7.341435171032280E-002  4.526624492317426E-008
  7.341449676715033E-002  3.714768538149967E-008
  7.341457406112495E-002  2.073053228068678E-008
  7.341454329192135E-002  3.326015120468569E-009
  7.341442534634510E-002 -7.592780735456717E-009
  7.341428915617113E-002 -8.536322399225544E-009
  7.341421181691465E-002 -1.807892066873949E-009
  7.341423500286731E-002  5.988623462880992E-009
  7.341434229230547E-002  7.828255058626612E-009
  7.341446970629026E-002  2.939942129354102E-010
  7.341454279906666E-002 -1.451737486425849E-008
  7.341451883889764E-002 -3.024026175383891E-008
  7.341441022377578E-002 -3.986744698227504E-008
  7.341427636223546E-002 -3.966662966742511E-008
  7.341418927965547E-002 -3.117637114154770E-008
  7.341419288391289E-002 -2.020079276594896E-008
  7.341427895547431E-002 -1.343517547658239E-008
  7.341439300691682E-002 -1.467397013128888E-008
  7.341446605570508E-002 -2.274467470820030E-008
  7.341445385518515E-002 -3.229228610632593E-008
  7.341436133603411E-002 -3.690960384814083E-008
  7.341423882358862E-002 -3.279912256373503E-008
  7.341415277814511E-002 -2.089268247572387E-008
  7.341414808553062E-002 -6.268504051975354E-009
  7.341422330782081E-002  4.748195956165780E-009
  7.341433253948854E-002  8.119540147309430E-009
  7.341441223962193E-002  4.262389741156322E-009
  7.341441738866572E-002 -2.339703521457773E-009
  7.341434641358048E-002 -5.804047898820132E-009
  7.341424109884344E-002 -2.242973332109338E-009
  7.341416208332338E-002  8.043090219301610E-009
  7.341415427215209E-002  2.078281921899146E-008
  7.341422185492237E-002  3.018732234248324E-008
  7.341432678232242E-002  3.221043515643685E-008
  7.341441104530594E-002  2.676380541266299E-008
  7.341442969571657E-002  1.766336996413023E-008
  7.341437578805653E-002  1.038740497641551E-008
  7.341428338264709E-002  8.956159914972645E-009
  7.341420740327480E-002  1.370855627037826E-008
  7.341419219675979E-002  2.120732815238032E-008
  7.341424674100969E-002  2.627873183358172E-008
  7.341434031172216E-002  2.499116650139968E-008
  7.341442059895238E-002  1.687466657130240E-008
  7.341444358447295E-002  5.147673226656153E-009
  7.341439810549352E-002 -5.133875573353185E-009
  7.341431139580240E-002 -9.918829660977466E-009
  7.341423290333451E-002 -8.374043513618874E-009
  7.341420596974248E-002 -3.237743627064558E-009
  7.341424357894483E-002  8.438865683998167E-010
  7.341432173525131E-002  1.525749044287369E-011
  7.341439381055920E-002 -6.597604159866735E-009
  7.341441732373198E-002 -1.642658082296184E-008
  7.341437780481178E-002 -2.495350647847572E-008
  7.341429637436278E-002 -2.827266400705946E-008
  7.341421712790537E-002 -2.525835771924780E-008
  7.341418186826444E-002 -1.812648089334709E-008
  7.341420668449267E-002 -1.110939275297816E-008
  7.341427351834243E-002 -8.031376487154332E-009
  7.341434113475952E-002 -1.017333148930736E-008
  7.341436889404684E-002 -1.562190711488164E-008
  7.341433966272461E-002 -2.043635170660297E-008
  7.341426898500661E-002 -2.093576757597016E-008
  7.341419565318556E-002 -1.579401942900947E-008
  7.341415939213371E-002 -6.766543100120674E-009
  7.341417850093532E-002  2.330889244745199E-009
  7.341424003705467E-002  7.779172419800952E-009
  7.341430779254392E-002  8.010537572230142E-009
  7.341434318215656E-002  4.407563475135374E-009
  7.341432700285457E-002  4.252691332935526E-010
  7.341426979825387E-002 -4.318906845757371E-010
  7.341420524497741E-002  3.386485854289514E-009
  7.341417065708317E-002  1.062074275885556E-008
  7.341418586580170E-002  1.794985977884838E-008
  7.341424239927757E-002  2.188866729037010E-008
  7.341430882773144E-002  2.074082484434244E-008
  7.341434891170821E-002  1.550727379994926E-008
  7.341434205844244E-002  9.261824818554248E-009
  7.341429452260313E-002  5.378928453432476E-009
  7.341423525122963E-002  5.636164120500638E-009
  7.341419904985363E-002  9.261928401529320E-009
  7.341420682446025E-002  1.344316667999262E-008
  7.341425408558552E-002  1.497477583671210E-008
  7.341431400461099E-002  1.209659886480695E-008
  7.341435298307071E-002  5.479220750958005E-009
  7.341434969719235E-002 -2.178353500533506E-009
  7.341430682203488E-002 -7.682968423374921E-009
  7.341424899685750E-002 -9.125856754322227E-009
  7.341420847892474E-002 -6.899752913504089E-009
  7.341420683081844E-002 -3.399518861538201E-009
  7.341424303557512E-002 -1.604370103051784E-009
  7.341429458759284E-002 -3.364891347969887E-009
  7.341433065970031E-002 -8.366046451268746E-009
  7.341432966911743E-002 -1.433547753956552E-008
  7.341429125749890E-002 -1.835285339442786E-008
  7.341423606354427E-002 -1.849933919212789E-008
  7.341419368318815E-002 -1.491141096345719E-008
  7.341418585255714E-002 -9.658948800741578E-009
  7.341421442340475E-002 -5.541947805193988E-009
  7.341426079314040E-002 -4.506688308461876E-009
  7.341429685792558E-002 -6.580917567025101E-009
  7.341430106990278E-002 -9.915621293422451E-009
  7.341427044768306E-002 -1.188512058705313E-008
  7.341422186802295E-002 -1.060252682817318E-008
  7.341418214652569E-002 -5.987862621577214E-009
  7.341417273646719E-002  2.031446928438116E-010
  7.341419777631365E-002  5.383604680679801E-009
  7.341424214009305E-002  7.585848036502272E-009
  7.341428036852886E-002  6.532093720249507E-009
  7.341429121525098E-002  3.731665902172554E-009
  7.341426949756590E-002  1.571944527025058E-009
  7.341422864101571E-002  1.937293882979094E-009
  7.341419269037441E-002  5.144103949594057E-009
  7.341418251578540E-002  9.784769940881594E-009
  7.341420410637212E-002  1.354872416970207E-008
  7.341424549544989E-002  1.453709882544792E-008
  7.341428385934484E-002  1.232027164732502E-008
  7.341429857155417E-002  8.148662238062702E-009
  7.341428273448748E-002  4.216613195382618E-009
  7.341424673208290E-002  2.414296240382669E-009
  7.341421197949936E-002  3.281133876340798E-009
  7.341419860382466E-002  5.745068315841311E-009
  7.341421412372406E-002  7.776793346586816E-009
  7.341424947840983E-002  7.570177963780515E-009
  7.341428448007251E-002  4.572432542793077E-009
  7.341429941408269E-002 -2.130281633355066E-010
  7.341428612267645E-002 -4.806034767400339E-009
  7.341425234476448E-002 -7.366401132000988E-009
  7.341421701703522E-002 -7.208060174753711E-009
  7.341419937941157E-002 -5.142479021155757E-009
  7.341420815274767E-002 -2.973196935821946E-009
  7.341423687829493E-002 -2.444999829454019E-009
  7.341426790642676E-002 -4.251493913321857E-009
  7.341428259903299E-002 -7.658650850647398E-009
  7.341427186593577E-002 -1.094287499473263E-008
  7.341424109672219E-002 -1.237924172072463E-008
  7.341420683440689E-002 -1.121161176091392E-008
  7.341418724387463E-002 -8.058932025660199E-009
  7.341419187573607E-002 -4.541298143618245E-009
  7.341421650209499E-002 -2.353212634552613E-009
  7.341424581913351E-002 -2.317577108198839E-009
  7.341426232212940E-002 -3.953034214656803E-009
  7.341425622151700E-002 -5.786588650110001E-009
  7.341423079536788E-002 -6.218814108772739E-009
  7.341420026550388E-002 -4.442124974089837E-009
  7.341418155671785E-002 -8.936755529959306E-010
  7.341418471184236E-002  3.002228096588203E-009
  7.341420738730078E-002  5.642018682632877E-009
  7.341423643799173E-002  6.134627501067741E-009
  7.341425554401124E-002  4.773687411677192E-009
  7.341425445402155E-002  2.833926453296311E-009
  7.341423460733169E-002  1.821475974117512E-009
  7.341420805012100E-002  2.612295593606897E-009
  7.341419040352712E-002  4.966306829523794E-009
  7.341419197274394E-002  7.682590911832759E-009
  7.341421204288885E-002  9.294286268032347E-009
  7.341423950288983E-002  8.900207067609252E-009
  7.341425930781706E-002  6.662036867151426E-009
  7.341426101452429E-002  3.694476966457605E-009
  7.341424454108786E-002  1.423350033960352E-009
  7.341421996959578E-002  7.844383019706648E-010
  7.341420163442794E-002  1.717256955540752E-009
  7.341419994931582E-002  3.231948890979567E-009
  7.341421562335877E-002  3.998761015614742E-009
  7.341423946933670E-002  3.116509449859517E-009
  7.341425778952003E-002  6.232274692400217E-010
  7.341426018502112E-002 -2.533102744115301E-009
  7.341424533976071E-002 -5.035729531931524E-009
  7.341422156775326E-002 -5.936676338600374E-009
  7.341420193042072E-002 -5.171481022748516E-009
  7.341419679119485E-002 -3.566542199394854E-009
  7.341420805414120E-002 -2.346293105109298E-009
  7.341422829217613E-002 -2.428756571695580E-009
  7.341424514783451E-002 -3.910769266386991E-009
  7.341424841335766E-002 -6.028547717365450E-009
  7.341423574568265E-002 -7.605392953379219E-009
  7.341421382908106E-002 -7.723828092580565E-009
  7.341419443055931E-002 -6.238857550706261E-009
  7.341418768004836E-002 -3.846835865260372E-009
  7.341419641832546E-002 -1.680795911301119E-009
  7.341421477028778E-002 -6.702320808276941E-010
  7.341423165359839E-002 -1.030659346953720E-009
  7.341423713921655E-002 -2.167176720796407E-009
  7.341422802088388E-002 -3.036974563738915E-009
  7.341420947593000E-002 -2.756401238479175E-009
  7.341419196834736E-002 -1.105251581201014E-009
  7.341418524177114E-002  1.353581515753902E-009
  7.341419284750160E-002  3.598253718140209E-009
  7.341421027596948E-002  4.723960572313786E-009
  7.341422766446158E-002  4.441257439500538E-009
  7.341423545677477E-002  3.218118999202833E-009
  7.341422976461245E-002  1.993763017548929E-009
  7.341421441980700E-002  1.634850012574341E-009
  7.341419863521047E-002  2.445896742271880E-009
  7.341419168761878E-002  4.008341685288311E-009
  7.341419768127851E-002  5.431648344362059E-009
  7.341421333801612E-002  5.866039604624815E-009
  7.341422999174489E-002  4.982456867971412E-009
  7.341423857270889E-002  3.150214738160348E-009
  7.341423471062943E-002  1.218865310808789E-009
  7.341422108198571E-002  3.558938978630336E-011
  7.341420574092916E-002 -2.461055135878815E-011
  7.341419746165230E-002  7.480479329554244E-010
  7.341420077958245E-002  1.584223579317789E-009
  7.341421352924445E-002  1.687397930556219E-009
  7.341422820986038E-002  6.912306099427848E-010
  7.341423632596528E-002 -1.135441288495176E-009
  7.341423319444236E-002 -3.046012564166294E-009
  7.341422050187854E-002 -4.239561642424243E-009
  7.341420522200701E-002 -4.306327984032405E-009
  7.341419558228712E-002 -3.444135316226531E-009
  7.341419641446577E-002 -2.329094918039289E-009
  7.341420651942011E-002 -1.721051509436854E-009
  7.341421948503955E-002 -2.031742789763031E-009
  7.341422742069753E-002 -3.099594989111196E-009
  7.341422544197800E-002 -4.293380727235657E-009
  7.341421436459142E-002 -4.879144351562009E-009
  7.341420013020723E-002 -4.438025244225652E-009
  7.341419035888702E-002 -3.098595380710538E-009
  7.341419003151163E-002 -1.456897113865035E-009
  7.341419875134270E-002 -2.359138673893017E-010
  7.341421109127634E-002  1.182812252450492E-010
  7.341421976346534E-002 -3.248443334523819E-010
  7.341421976517973E-002 -1.037391711072223E-009
  7.341421114585160E-002 -1.347065571878939E-009
  7.341419886808762E-002 -8.255567392117579E-010
  7.341418990471972E-002  4.691400052520238E-010
  7.341418926663526E-002  2.029822307804549E-009
  7.341419722078817E-002  3.189725946466184E-009
  7.341420923830398E-002  3.496276253913025E-009
  7.341421864212386E-002  2.956839485117749E-009
  7.341422040483565E-002  2.021050994075705E-009
  7.341421393396685E-002  1.315519008070723E-009
  7.341420329943314E-002  1.285711583709732E-009
  7.341419483150240E-002  1.948653638325763E-009
  7.341419349926413E-002  2.893193512948995E-009
  7.341420013504947E-002  3.522221809111564E-009
  7.341421104873026E-002  3.395137670452696E-009
  7.341422019672159E-002  2.475520759699909E-009
  7.341422262890582E-002  1.146586908745657E-009
  7.341421724539948E-002 -9.286225628656327E-012
  7.341420732673082E-002 -5.378109169427756E-010
  7.341419858797836E-002 -3.604091980508298E-010
  7.341419590655174E-002  1.952877714411039E-010
  7.341420059459017E-002  5.943179779004368E-010
  7.341420973929584E-002  4.055241084665815E-010
  7.341421793706596E-002 -4.527839816424990E-010
  7.341422039270515E-002 -1.669607322324282E-009
  7.341421560919521E-002 -2.720477581940741E-009
  7.341420616289504E-002 -3.163460820834180E-009
  7.341419716972121E-002 -2.882856302989416E-009
  7.341419335618012E-002 -2.144636408944386E-009
  7.341419641433390E-002 -1.436603960851960E-009
  7.341420412309443E-002 -1.187992335685961E-009
  7.341421169147859E-002 -1.528991334262806E-009
  7.341421451878231E-002 -2.224665060842271E-009
  7.341421078677003E-002 -2.816596036841994E-009
  7.341420242833650E-002 -2.887916672214443E-009
  7.341419396290280E-002 -2.299772876892758E-009
  7.341418990076852E-002 -1.266665978837894E-009
  7.341419220873932E-002 -2.317074871526708E-010
  7.341419926211885E-002  3.837098536864282E-010
  7.341420684026399E-002  4.122765434792743E-010
  7.341421056043497E-002  2.488504103260470E-011
  7.341420834841407E-002 -3.774742592604652E-010
  7.341420155446665E-002 -3.988572205124694E-010
  7.341419411628730E-002  1.247034902947298E-010
  7.341419028302798E-002  1.034134914493589E-009
  7.341419221316325E-002  1.940492768728330E-009
  7.341419880116025E-002  2.445955316426743E-009
  7.341420636653136E-002  2.365510376272632E-009
  7.341421077667168E-002  1.824589250996633E-009
  7.341420977726619E-002  1.180449808627217E-009
  7.341420421414277E-002  8.154462855953676E-010
  7.341419748331421E-002  9.213608896672409E-010
  7.341419355780993E-002  1.396370526223190E-009
  7.341419473332084E-002  1.910138217799555E-009
  7.341420036787000E-002  2.096653776843111E-009
  7.341420730320482E-002  1.763415257387832E-009
  7.341421169390244E-002  9.987798043076833E-010
  7.341421118381802E-002  1.192147093999128E-010
  7.341420619725629E-002 -5.104327162498787E-010
  7.341419963758333E-002 -6.797858301164663E-010
  7.341419519790517E-002 -4.443178260273931E-010
  7.341419526515211E-002 -8.466939702766995E-011
  7.341419960620126E-002  5.976650801904748E-011
  7.341420555836810E-002 -2.135241090134756E-010
  7.341420958395696E-002 -8.561651849838803E-010
  7.341420928383595E-002 -1.598951854546600E-009
  7.341420472648576E-002 -2.105960879004126E-009
  7.341419835936505E-002 -2.163291652366151E-009
  7.341419358349345E-002 -1.795476634949168E-009
  7.341419282280547E-002 -1.245648050298165E-009
  7.341419618594873E-002 -8.336245955020128E-010
  7.341420146063168E-002 -7.744725781816224E-010
  7.341420541432978E-002 -1.060518097023103E-009
  7.341420564042975E-002 -1.471798870994741E-009
  7.341420189859614E-002 -1.706211498270759E-009
  7.341419620592084E-002 -1.553418567647125E-009
  7.341419165489842E-002 -1.013607532728455E-009
  7.341419065144304E-002 -2.953992105065111E-010
  7.341419357740062E-002  3.033358851806050E-010
  7.341419862104047E-002  5.621731226095594E-010
  7.341420284528424E-002  4.575465916570490E-010
  7.341420386523158E-002  1.687790494773069E-010
  7.341420117740020E-002 -3.010301452956454E-011
  7.341419640017770E-002  7.070074796305580E-011
  7.341419231409901E-002  4.977228883094178E-010
  7.341419126856562E-002  1.081258558807482E-009
  7.341419386580331E-002  1.553485257280515E-009
  7.341419865682039E-002  1.700040304258791E-009
  7.341420299837791E-002  1.478589611095317E-009
  7.341420456321744E-002  1.038388111224564E-009
  7.341420263924167E-002  6.319990488002264E-010
  7.341419849110888E-002  4.712228952409757E-010
  7.341419460138879E-002  6.095359613760903E-010
  7.341419324309666E-002  9.166008158049878E-010
  7.341419520184247E-002  1.157137731326905E-009
  7.341419936364470E-002  1.127427172321948E-009
  7.341420338146905E-002  7.712939599331954E-010
  7.341420502168133E-002  2.106835508868408E-010
  7.341420341764145E-002 -3.245646657052488E-010
  7.341419952688502E-002 -6.260669769882248E-010
  7.341419555204738E-002 -6.213248424619426E-010
  7.341419367421438E-002 -4.092136357959405E-010
  7.341419482673017E-002 -1.983460872165801E-010
  7.341419819872411E-002 -1.851900102802719E-010
  7.341420173173817E-002 -4.419152102408511E-010
  7.341420330805751E-002 -8.769255294087399E-010
  7.341420194661645E-002 -1.288729975394546E-009
  7.341419833310150E-002 -1.480807691261936E-009
  7.341419440041205E-002 -1.371491146479745E-009
  7.341419221639416E-002 -1.037135682895663E-009
  7.341419282003665E-002 -6.657409452952758E-010
  7.341419566225324E-002 -4.490861941204473E-010
  7.341419895266924E-002 -4.754257490878300E-010
  7.341420069725745E-002 -6.831057676990909E-010
  7.341419982753951E-002 -8.998404232285651E-010
  7.341419678369575E-002 -9.436215682278833E-010
  7.341419323531281E-002 -7.270667336226978E-010
  7.341419111585153E-002 -3.063491249993568E-010
  7.341419152934817E-002  1.516640996774428E-010
  7.341419414752881E-002  4.638227832093977E-010
  7.341419742591694E-002  5.322116952293691E-010
  7.341419949932600E-002  3.955265585242924E-010
  7.341419923779843E-002  2.025369386626530E-010
  7.341419686514539E-002  1.243258046988068E-010
  7.341419380157414E-002  2.560849969167337E-010
  7.341419183606768E-002  5.640042620515708E-010
  7.341419210912967E-002  9.061841071289544E-010
  7.341419448270062E-002  1.114194903586252E-009
  7.341419764346443E-002  1.088055552000891E-009
  7.341419986536038E-002  8.508807706658368E-010
  7.341419998769842E-002  5.333205214781827E-010
  7.341419805365468E-002  2.980817419127902E-010
  7.341419525727286E-002  2.483158689833381E-010
  7.341419324403847E-002  3.717698680411434E-010
  7.341419317295148E-002  5.513236233550832E-010
  7.341419507330570E-002  6.344925733782741E-010
  7.341419785178707E-002  5.214442584082469E-010
  7.341419993164236E-002  2.215418550481528E-010
  7.341420015028717E-002 -1.527613029564115E-010
  7.341419840444867E-002 -4.499048664833330E-010
  7.341419568524964E-002 -5.638377685084114E-010
  7.341419349686709E-002 -4.912254341227829E-010
  7.341419299949629E-002 -3.296858639531917E-010
  7.341419436504344E-002 -2.193749094126996E-010
  7.341419670350176E-002 -2.620734881460540E-010
  7.341419858888068E-002 -4.638380981654599E-010
  7.341419887544898E-002 -7.329965423181480E-010
  7.341419733842947E-002 -9.334153555983882E-010
  7.341419478231942E-002 -9.618502713449321E-010
  7.341419256750163E-002 -8.053143377489245E-010
  7.341419183432153E-002 -5.466073352381946E-010
  7.341419286796592E-002 -3.160224604990479E-010
  7.341419495849616E-002 -2.175797010571400E-010
  7.341419682390544E-002 -2.718463599491605E-010
  7.341419734567661E-002 -4.071413757202466E-010
  7.341419619592472E-002 -5.029846236415374E-010
  7.341419400548148E-002 -4.601579093894741E-010
  7.341419198837250E-002 -2.573263984647407E-010
  7.341419124598378E-002  3.738799286889572E-011
  7.341419214961099E-002  3.054393643618120E-010
  7.341419414722154E-002  4.444478430390781E-010
  7.341419609389681E-002  4.242910613051423E-010
  7.341419690848119E-002  3.013840407597924E-010
  7.341419617969436E-002  1.840532830150289E-010
  7.341419438168489E-002  1.695908993921325E-010
  7.341419258630619E-002  2.890589831446886E-010
  7.341419184515464E-002  4.907557788113738E-010
  7.341419259649284E-002  6.708105012595367E-010
  7.341419443037955E-002  7.326555548146370E-010
  7.341419633638627E-002  6.412666933806016E-010
  7.341419728391466E-002  4.417507754811823E-010
  7.341419680120975E-002  2.325918492012090E-010
  7.341419522722510E-002  1.095964983032572E-010
  7.341419350178746E-002  1.127157738246905E-010
  7.341419262233619E-002  2.055926361140803E-010
  7.341419308036555E-002  2.986054809590611E-010
  7.341419459524268E-002  3.014574244152516E-010
  7.341419628871017E-002  1.750355847530356E-010
  7.341419719218137E-002 -4.666041009321863E-011
  7.341419679398017E-002 -2.762332273590634E-010
  7.341419531761664E-002 -4.222604843385448E-010
  7.341419358035792E-002 -4.399084277913072E-010
  7.341419252089706E-002 -3.542927100655180E-010
  7.341419266922312E-002 -2.440554038633204E-010
  7.341419385832884E-002 -1.952926578934502E-010
  7.341419533468807E-002 -2.524300336156949E-010
  7.341419619653133E-002 -3.937733286576089E-010
  7.341419590599679E-002 -5.449608948199082E-010
  7.341419458522604E-002 -6.219156969311905E-010
  7.341419293444990E-002 -5.784713418892885E-010
  7.341419182643698E-002 -4.317569152280602E-010
  7.341419181265155E-002 -2.515315588036653E-010
  7.341419282099881E-002 -1.202514980647128E-010
  7.341419421105652E-002 -8.697405249608965E-011
  7.341419514783426E-002 -1.411628505728944E-010
  7.341419507667256E-002 -2.206820932592485E-010
  7.341419402974227E-002 -2.487091451813530E-010
  7.341419259531431E-002 -1.781319079395654E-010
  7.341419157449809E-002 -1.825510802288691E-011
  7.341419152552381E-002  1.708497813881174E-010
  7.341419245455462E-002  3.124810296374101E-010
  7.341419382385586E-002  3.561088926824832E-010
  7.341419486577176E-002  3.045789331915831E-010
  7.341419501908705E-002  2.107621085435728E-010
  7.341419423949466E-002  1.462208538361658E-010
  7.341419301220496E-002  1.601523302586688E-010
  7.341419206616573E-002  2.519388851183467E-010
  7.341419195732801E-002  3.724613007349171E-010
  7.341419275842860E-002  4.528049798141095E-010
  7.341419402759002E-002  4.435972802055386E-010
  7.341419506731776E-002  3.425955495696113E-010
  7.341419532176240E-002  1.952470972591234E-010
  7.341419468562650E-002  6.848867155490636E-011
  7.341419355280140E-002  1.310762222749134E-011
  7.341419258308814E-002  3.608691792307070E-011
  7.341419232451001E-002  9.826500408784940E-011
  7.341419290698513E-002  1.380548462593839E-010
  7.341419397821942E-002  1.072818657014955E-010
  7.341419491258704E-002 -1.315123183086634E-012
  7.341419516942901E-002 -1.502334511550421E-010
  7.341419459580720E-002 -2.786711696901965E-010
  7.341419350451112E-002 -3.366842791137786E-010
  7.341419248833031E-002 -3.125455029305447E-010
  7.341419208090583E-002 -2.380661102325839E-010
  7.341419245840701E-002 -1.693786766946871E-010
  7.341419334903314E-002 -1.545436229806734E-010
  7.341419419669452E-002 -2.065067692911841E-010
  7.341419448113851E-002 -2.965141397046002E-010
  7.341419401087379E-002 -3.712411014827587E-010
  7.341419302459004E-002 -3.834709775840724E-010
  7.341419204816953E-002 -3.187524007254014E-010
  7.341419159312108E-002 -2.031116827699845E-010
  7.341419186964306E-002 -8.788590240524668E-011
  7.341419267548689E-002 -2.070489436274566E-011
  7.341419351930523E-002 -1.924733537462945E-011
  7.341419390389822E-002 -6.246864996976447E-011
  7.341419360641087E-002 -1.038406508613237E-010
  7.341419279783103E-002 -9.865323429293712E-011
  7.341419193805462E-002 -2.968789766455481E-011
  7.341419151051388E-002  8.316587573466762E-011
  7.341419174926764E-002  1.944244500596058E-010
  7.341419251234101E-002  2.587214134731080E-010
  7.341419336940966E-002  2.559430903729637E-010
  7.341419384978171E-002  2.016617638754055E-010
  7.341419370759318E-002  1.373239439776622E-010
  7.341419305458501E-002  1.061660454567327E-010
  7.341419228865137E-002  1.287303197192991E-010
  7.341419186287912E-002  1.917722525592031E-010
  7.341419202859942E-002  2.565081200459725E-010
  7.341419269766829E-002  2.811328373136418E-010
  7.341419349889360E-002  2.446153812787195E-010
  7.341419399260020E-002  1.583435109406859E-010
  7.341419391910257E-002  5.932197136974875E-011
  7.341419334049448E-002 -1.085153966156494E-011
  7.341419259829744E-002 -2.909696488677572E-011
  7.341419211485581E-002 -3.005979469385212E-012
  7.341419215370158E-002  3.454954239027507E-011
  7.341419267467439E-002  4.492326156208918E-011
  7.341419336326370E-002  6.013716913089984E-012
  7.341419381382835E-002 -7.523826292380315E-011
  7.341419376018021E-002 -1.670031860436474E-010
  7.341419322269502E-002 -2.306732422621980E-010
  7.341419249096787E-002 -2.424373982124119E-010
  7.341419195537496E-002 -2.061077915012188E-010
  7.341419188565380E-002 -1.501753095765055E-010
  7.341419228228152E-002 -1.111014086851915E-010
  7.341419288269280E-002 -1.125549024164251E-010
  7.341419331542333E-002 -1.523700342759022E-010
  7.341419331215340E-002 -2.043958338848712E-010
  7.341419285701389E-002 -2.338659483197978E-010
  7.341419219047836E-002 -2.173365026370966E-010
  7.341419166883144E-002 -1.558635769648435E-010
  7.341419156147483E-002 -7.414451263341455E-011
  7.341419190151714E-002 -6.406751398771986E-012
  7.341419247256986E-002  2.273065107380861E-011
  7.341419293618652E-002  1.154920425266219E-011
  7.341419302512336E-002 -1.866732089432594E-011
  7.341419269219546E-002 -3.647994771024083E-011
  7.341419213191838E-002 -1.856553755371082E-011
  7.341419166555087E-002  3.700009354345513E-011
  7.341419155724901E-002  1.098222040591917E-010
  7.341419186633343E-002  1.688840047310807E-010
  7.341419241803969E-002  1.900056297410469E-010
  7.341419290662492E-002  1.691167599254045E-010
  7.341419306990006E-002  1.239677554369313E-010
  7.341419283539283E-002  8.357241040230428E-011
  7.341419235650525E-002  7.159529304416742E-011
  7.341419192074122E-002  9.316702317087968E-011
  7.341419178448030E-002  1.324719861216617E-010
  7.341419202892265E-002  1.622269456461582E-010
  7.341419251783460E-002  1.594504478656702E-010
  7.341419297865344E-002  1.185035307401480E-010
  7.341419315859912E-002  5.411576064946486E-011
  7.341419296628238E-002 -7.093508968822151E-012
  7.341419251942541E-002 -4.158072956675421E-011
  7.341419207389893E-002 -4.177204284225773E-011
  7.341419187662548E-002 -1.968091258837087E-011
  7.341419202681650E-002  5.755093382983815E-013
  7.341419242346320E-002 -3.102083979729699E-012
  7.341419282674047E-002 -3.813691237747389E-011
  7.341419299625429E-002 -9.318029698897349E-011
  7.341419282662472E-002 -1.447012696884227E-010
  7.341419240413913E-002 -1.703226722558982E-010
  7.341419195431179E-002 -1.612528099665825E-010
  7.341419171225272E-002 -1.268379588764249E-010
  7.341419179049616E-002 -8.884765416487702E-011
  7.341419211873032E-002 -6.893556341158920E-011
  7.341419248776390E-002 -7.648289047006101E-011
  7.341419267068451E-002 -1.036570254997670E-010
  7.341419255130881E-002 -1.303056456545375E-010
  7.341419218745529E-002 -1.357121589476489E-010
  7.341419177484945E-002 -1.104406558121794E-010
  7.341419153415328E-002 -6.159636424526109E-011
  7.341419158638984E-002 -8.679542603793014E-012
  7.341419188713402E-002  2.743271334968686E-011
  7.341419225521940E-002  3.603024844050909E-011
  7.341419247772714E-002  2.213621654733738E-011
  7.341419243048823E-002  3.100176801555375E-012
  7.341419214593319E-002 -1.661586019098473E-012
  7.341419179125835E-002  1.815223149517636E-011
  7.341419157117174E-002  5.794325236672232E-011
  7.341419161162126E-002  1.009675231724526E-010
  7.341419189037525E-002  1.278943074461459E-010
  7.341419225250811E-002  1.276426530620816E-010
  7.341419250021808E-002  1.033698528718274E-010
  7.341419250479748E-002  7.034863584519245E-011
  7.341419227725259E-002  4.710611625432785E-011
  7.341419195873855E-002  4.495924474981713E-011
  7.341419173796181E-002  6.187058840095121E-011
  7.341419174365135E-002  8.398555284821423E-011
  7.341419197317789E-002  9.381410285228889E-011
  7.341419229671035E-002  8.030211082260853E-011
  7.341419253291692E-002  4.507781409835569E-011
  7.341419255203294E-002  1.436801275902116E-012
  7.341419234768390E-002 -3.320858992126025E-011
  7.341419203772366E-002 -4.702695687484219E-011
  7.341419179517426E-002 -4.011196347929938E-011
  7.341419174967316E-002 -2.398043601993074E-011
  7.341419191554542E-002 -1.466190269276645E-011
  7.341419218639927E-002 -2.341427170851062E-011
  7.341419239782246E-002 -5.034729884272188E-011
  7.341419242138962E-002 -8.448267357179663E-011
  7.341419223637398E-002 -1.100780653863743E-010
  7.341419193928224E-002 -1.155200420029779E-010
  7.341419168720476E-002 -9.972523934832760E-011
  7.341419160831417E-002 -7.250196550647621E-011
  7.341419173060440E-002 -4.880113396038532E-011
  7.341419196857454E-002 -4.022585321442532E-011
  7.341419217407444E-002 -4.863724266192304E-011
  7.341419222127833E-002 -6.540748603392416E-011
  7.341419207720365E-002 -7.661380291369734E-011
  7.341419181839466E-002 -7.111627840152160E-011
  7.341419158555927E-002 -4.690593845309346E-011
  7.341419150305194E-002 -1.218405172385382E-011
  7.341419160929344E-002  1.932315369452899E-011
  7.341419183705170E-002  3.605460698781012E-011
  7.341419205358810E-002  3.491897959199060E-011
  7.341419213675936E-002  2.269927858798582E-011
  7.341419204345206E-002  1.187814372762089E-011
  7.341419183200106E-002  1.335948324166657E-011
  7.341419162698705E-002  3.025431245886337E-011
  7.341419154749697E-002  5.620768890467555E-011
  7.341419164003353E-002  7.911076868183968E-011
  7.341419185374053E-002  8.799169827500006E-011
  7.341419207096465E-002  7.913777217809023E-011
  7.341419217474199E-002  5.801999389199891E-011
  7.341419211441759E-002  3.602855802034911E-011
  7.341419193250891E-002  2.396981414634856E-011
  7.341419173854800E-002  2.605474642179399E-011
  7.341419164579426E-002  3.775001675858042E-011
  7.341419170725920E-002  4.861391757841099E-011
  7.341419188707118E-002  4.840899219195890E-011
  7.341419208252487E-002  3.297571235680508E-011
  7.341419218329327E-002  6.563231055785436E-012
  7.341419213365900E-002 -2.062015534379555E-011
  7.341419196267063E-002 -3.815645557657489E-011
  7.341419176595369E-002 -4.116194974188947E-011
  7.341419165047465E-002 -3.279570850378760E-011
  7.341419167415984E-002 -2.219473619946261E-011
  7.341419181446683E-002 -1.910092170503809E-011
  7.341419198295958E-002 -2.827902382115993E-011
  7.341419207666990E-002 -4.687411209102390E-011
  7.341419203652430E-002 -6.613280335120123E-011
  7.341419187979001E-002 -7.642466463154482E-011
  7.341419168884354E-002 -7.266535834503461E-011
  7.341419156353830E-002 -5.708035322482441E-011
  7.341419156477705E-002 -3.781144176162422E-011
  7.341419168123964E-002 -2.424080896262372E-011
  7.341419183748193E-002 -2.173544632729879E-011
  7.341419193793576E-002 -2.878110084829849E-011
  7.341419192125224E-002 -3.806454433145865E-011
  7.341419179417119E-002 -4.080606680722080E-011
  7.341419162629978E-002 -3.182974259665404E-011
  7.341419150959677E-002 -1.249874499758404E-011
  7.341419150614119E-002  1.009223644175079E-011
  7.341419161384249E-002  2.713345667127059E-011
  7.341419176899942E-002  3.299677578552495E-011
  7.341419188345932E-002  2.823958388604243E-011
  7.341419189470451E-002  1.906891345835342E-011
  7.341419180039151E-002  1.364711068555542E-011
  7.341419165824620E-002  1.738960955981032E-011
  7.341419155213742E-002  2.992506204683015E-011
  7.341419154417091E-002  4.539341355840887E-011
  7.341419164007844E-002  5.584153168189182E-011
  7.341419178709573E-002  5.573741777497708E-011
  7.341419190481306E-002  4.503734685972034E-011
  7.341419193091367E-002  2.911084021880046E-011
  7.341419185573141E-002  1.563393980811760E-011
  7.341419172642417E-002  1.026474136541000E-011
  7.341419161908440E-002  1.356066662885283E-011
  7.341419159519018E-002  2.084368621079047E-011
  7.341419166725549E-002  2.502273395092845E-011
  7.341419179281289E-002  2.071768381647122E-011
  7.341419189949507E-002  7.332888229593715E-012
  7.341419192641446E-002 -1.062870563608625E-011
  7.341419185819227E-002 -2.612939564752852E-011
  7.341419173264326E-002 -3.353416505289622E-011
  7.341419161836829E-002 -3.167730741865956E-011
  7.341419157552614E-002 -2.435304482157089E-011
  7.341419162223241E-002 -1.801202414212174E-011
  7.341419172537268E-002 -1.802305301124337E-011
  7.341419182046283E-002 -2.563658742696453E-011
  7.341419184873681E-002 -3.734465118510877E-011
  7.341419179020593E-002 -4.694512519062678E-011
  7.341419167416675E-002 -4.908934328886661E-011
  7.341419156173548E-002 -4.228337144809400E-011
  7.341419151085136E-002 -2.966514287597258E-011
  7.341419154382967E-002 -1.716805426044030E-011
  7.341419163566987E-002 -1.016105324808219E-011
  7.341419172924178E-002 -1.048862107080853E-011
  7.341419176821067E-002 -1.556653119799977E-011
  7.341419172877743E-002 -1.999562350762346E-011
  7.341419163239386E-002 -1.872833660478005E-011
  7.341419153271267E-002 -9.969752815177784E-012
  7.341419148468345E-002  3.815654808505307E-012
  7.341419151358171E-002  1.731834326262325E-011
  7.341419160140585E-002  2.537156901337852E-011
  7.341419169791816E-002  2.579802651987539E-011
  7.341419174957606E-002  2.051728205283763E-011
  7.341419172967731E-002  1.433031785121274E-011
  7.341419165272711E-002  1.211704927398443E-011
  7.341419156528833E-002  1.606003646890274E-011
  7.341419151898364E-002  2.445696556744203E-011
  7.341419154124000E-002  3.275561787698159E-011
  7.341419162029421E-002  3.618013065597535E-011
  7.341419171258877E-002  3.243502233263840E-011
  7.341419176790553E-002  2.296281864091431E-011
  7.341419175770289E-002  1.207843356226057E-011
  7.341419169063761E-002  4.513294654106708E-012
