   1.00000001074583       0.000000000000000E+000
  0.809509464747338      -2.765490910062820E-003
  0.384264575689749      -1.658394348463421E-002
  3.317983027265482E-002 -3.750240274591582E-002
 -5.919409118998730E-003 -4.924359013067180E-002
  0.264438028560728      -3.942774355293933E-002
  0.621084564990358      -1.401662579759352E-002
  0.801519708672440       4.488233859902747E-003
  0.698015753787802      -4.796973899461710E-003
  0.417514757753990      -4.167517496691348E-002
  0.175703784031501      -8.158427242948818E-002
  0.123897769463620      -9.304506769941444E-002
  0.248809198996570      -6.275922886848023E-002
  0.412709715645265      -7.923987608834169E-003
  0.482910645643637       3.513942067000494E-002
  0.434491131341527       3.801192177358705E-002
  0.346583551655886       1.927535206785903E-003
  0.310902795523739      -4.290147269588649E-002
  0.343865696315336      -6.000913134154932E-002
  0.381109972660584      -3.386494758477086E-002
  0.352562345628516       1.926058780575719E-002
  0.262091373339872       6.446177663089055E-002
  0.193510895978940       7.445167353957863E-002
  0.234136740019488       4.852587526905819E-002
  0.384854693784286       1.058607627580509E-002
  0.541787969059368      -1.061964614986405E-002
  0.573836738482517      -2.674274906540256E-003
  0.434995819398763       2.386430213423519E-002
  0.215079622630133       4.663144344982089E-002
  7.973201915688682E-002  4.971857902942444E-002
  0.142334123391325       3.412253752869738E-002
  0.369872950777457       1.347924220751813E-002
  0.601112678181349       7.733632176311045E-004
  0.666461439706475      -1.763006651777679E-003
  0.516930374373849      -1.648747066403305E-003
  0.261363170501058      -6.620567092080668E-003
  8.332963631271779E-002 -1.635143966473683E-002
  0.103298257443375      -2.316952440014334E-002
  0.292667781474850      -2.064151101163374E-002
  0.502836974146782      -1.140876403606713E-002
  0.581583803236212      -6.299849915385044E-003
  0.483796710338704      -1.482211559617697E-002
  0.293828571885838      -3.536044763235573E-002
  0.150203487190691      -5.433739637720336E-002
  0.138676751921812      -5.615635247177229E-002
  0.237700604041257      -3.624847955635827E-002
  0.351444123257733      -6.226313936567807E-003
  0.393802716438269       1.386733331726478E-002
  0.351246770558263       1.069589679614433E-002
  0.278057041363166      -1.172846570112228E-002
  0.237920973708776      -3.457001106390750E-002
  0.248276856099344      -3.821205655874697E-002
  0.274642739560556      -1.703111450299408E-002
  0.273641620600231       1.647782225322494E-002
  0.240169292166246       4.123168092888454E-002
  0.213408949344339       4.317083116459078E-002
  0.236581855931311       2.496692223747655E-002
  0.309109031661019       2.859279898574507E-003
  0.377858642915409      -6.201161781787281E-003
  0.379317261441947       3.207655251305915E-003
  0.297768833367740       2.240894533850617E-002
  0.187473651055455       3.667347142905875E-002
  0.135410414472167       3.667785428001425E-002
  0.191789478544992       2.434291077353382E-002
  0.325093715627014       9.394299968773548E-003
  0.440865463300798       6.481937623491463E-004
  0.452289840467119      -3.539319584115081E-004
  0.347758579579116       1.334948615993034E-003
  0.201592025012656       6.546610029370716E-005
  0.118631271078901      -5.068856584078915E-003
  0.155593934726371      -1.022374806163817E-002
  0.279991415305959      -1.153477695689687E-002
  0.397184352912884      -9.652812841222944E-003
  0.422726215210595      -9.536970442703832E-003
  0.343272563596663      -1.554478603077111E-002
  0.220870233589634      -2.640912672599197E-002
  0.141310145777676      -3.506305209572731E-002
  0.149779232896301      -3.406386261231911E-002
  0.223261510602047      -2.224700674427756E-002
  0.296638604967846      -6.752087103875645E-003
  0.316594656389958       1.831412577133812E-003
  0.278780838711695      -2.321454077949037E-003
  0.221891022090513      -1.528770041574339E-002
  0.189475170526689      -2.590956607770213E-002
  0.194765478034237      -2.412950659299718E-002
  0.216819084433613      -8.735288843925063E-003
  0.226594246766153       1.154866110277336E-002
  0.216079963582848       2.450133140301768E-002
  0.203638690536112       2.338820752549669E-002
  0.212410039176581       1.161689347509411E-002
  0.243775114933797      -2.969014401304802E-004
  0.272088157999678      -2.820748359302966E-003
  0.266936240900494       5.785734134572277E-003
  0.223305129738004       1.892509508388999E-002
  0.171506272341794       2.726509804139851E-002
  0.155505931045024       2.573696226135100E-002
  0.196100997396169       1.656327329364696E-002
  0.270031789345943       6.526206387572143E-003
  0.324387869453252       1.296272662415550E-003
  0.316753242955193       1.563713518342155E-003
  0.249487416538985       3.684911700714339E-003
  0.170045114628701       3.597629913762535E-003
  0.135933704531690       2.797318732890079E-004
  0.171223477239358      -4.082397472536142E-003
  0.248467903388943      -6.861466655307456E-003
  0.309883127878215      -7.777258007848705E-003
  0.310899319297379      -9.028347494792022E-003
  0.252304445708824      -1.274147503593040E-002
  0.177131277430606      -1.828983549539666E-002
  0.136487632247340      -2.220406611671473E-002
  0.151981358670561      -2.102704862770087E-002
  0.203158006369047      -1.468015876884235E-002
  0.247166540153426      -7.226989390901863E-003
  0.252687136697675      -4.025465923442496E-003
  0.220976409407441      -7.394235798625966E-003
  0.179641396086510      -1.438206375654770E-002
  0.157514618634155      -1.868707637567942E-002
  0.162792448640940      -1.542414305870772E-002
  0.181211464727673      -5.035738932207348E-003
  0.192670170631085       6.799188806556456E-003
  0.189661303406730       1.328529350197419E-002
  0.181373620013392       1.150913973285692E-002
  0.181585522603957       4.478677150850391E-003
  0.193180339804425      -1.299119015394264E-003
  0.204399840408093      -7.430428694716636E-004
  0.200422493512075       6.177719359020218E-003
  0.179285575994958       1.475953264521880E-002
  0.156733146357077       1.932640051857669E-002
  0.154263082956661       1.737267321571407E-002
  0.179925936115695       1.097489459023293E-002
  0.218756493499280       4.704645280965286E-003
  0.242353080362038       2.003968555826333E-003
  0.231008743606842       2.939565600212515E-003
  0.190582104920651       4.842213757399456E-003
  0.149722998874118       4.902793333405669E-003
  0.138679955530639       2.379504721075127E-003
  0.165995317277393      -1.289109218915191E-003
  0.211504166742352      -4.208433996008750E-003
  0.241337309488799      -5.811196425976237E-003
  0.233316458527417      -7.087160204897193E-003
  0.193114251410888      -9.213550632647645E-003
  0.149081843941491      -1.203577455077541E-002
  0.130430184165664      -1.394158683810800E-002
  0.146008084070109      -1.332734943032402E-002
  0.179577081445715      -1.031665087954712E-002
  0.203940499013130      -7.061819278057574E-003
  0.201776274975795      -6.161717365575977E-003
  0.176925618762183      -8.427333142375974E-003
  0.148671771366237      -1.192315381872831E-002
  0.135335936983576      -1.325033484701890E-002
  0.141056283870895      -1.018163225905717E-002
  0.155490865291680      -3.561172636592867E-003
  0.164771972993248       3.121463365014059E-003
  0.163232229882066       6.247126292566991E-003
  0.156153329846810       4.754151847827710E-003
  0.152548205435597       9.091782319903737E-004
  0.155693944875231      -1.435351225426633E-003
  0.160356901436388       2.604592273333432E-004
  0.158864705684160       5.392213278778733E-003
  0.149817968967213       1.078624801062025E-002
  0.140817605986310       1.313502537907669E-002
  0.142145999326803       1.136520879827513E-002
  0.156806476882684       7.183999066425342E-003
  0.176079123603211       3.554970620517232E-003
  0.185323188555537       2.438744637794769E-003
  0.175852971992524       3.560917990444779E-003
  0.153028600676706       5.000548188393159E-003
  0.133301217357009       4.907184372022010E-003
  0.131892098552559       2.870042981518944E-003
  0.150686686049302      -6.730645285620803E-005
  0.176141174864381      -2.534459513183839E-003
  0.189190717739917      -3.991833970299978E-003
  0.179595247097937      -4.935792767135989E-003
  0.153593959279868      -6.117871666316406E-003
  0.129016715052520      -7.628490756718119E-003
  0.121824552028508      -8.748465677436673E-003
  0.134558393557750      -8.697652142126873E-003
  0.155329113216962      -7.540556726854344E-003
  0.167525461245759      -6.336023907126529E-003
  0.162247092579647      -6.298035841840834E-003
  0.143945405062328      -7.659478644466731E-003
  0.125666226337201      -9.268680222638107E-003
  0.118523933851274      -9.374065814831448E-003
  0.123986532523149      -7.035775474198300E-003
  0.134465624336775      -3.013770035241843E-003
  0.140630982477450       6.542036603627824E-004
  0.138793905714351       2.126576215253975E-003
  0.132506143985488       1.152465175012050E-003
  0.127980119755378      -7.198559499666060E-004
  0.128114571666000      -1.308480936689100E-003
  0.130512206033787       5.531054470919100E-004
  0.130788137561064       4.148841355550751E-003
  0.127575561143719       7.439421385639317E-003
  0.124275948957288       8.583274429123097E-003
  0.125813148669139       7.238525902224993E-003
  0.133411721953133       4.687829238892841E-003
  0.142410650866985       2.774244820650813E-003
  0.145535320823828       2.533907428896025E-003
  0.139139496800028       3.567465724313376E-003
  0.127027401414627       4.537932888147946E-003
  0.118211925600889       4.289148208615320E-003
  0.119999596877003       2.663585757690957E-003
  0.131885578229374       4.426311070408503E-004
  0.145370189224532      -1.409501325995639E-003
  0.150152085748564      -2.492326416161178E-003
  0.141981148367040      -3.108503122207827E-003
  0.126009322093193      -3.785184822382717E-003
  0.112972167096981      -4.694171448222001E-003
  0.111160393562471      -5.513991082528348E-003
  0.120387930513252      -5.820838771693104E-003
  0.132489155157488      -5.591859583094042E-003
  0.137718237791250      -5.306904658358438E-003
  0.131939812206819      -5.519540338448130E-003
  0.119172005928950      -6.278736595195460E-003
  0.107924283504041      -6.953564937655542E-003
  0.104600628491666      -6.680645396537017E-003
  0.109190409488993      -5.100513530686899E-003
  0.116229190074870      -2.759107705084685E-003
  0.119664301201062      -7.912181375008275E-004
  0.117403582926116      -8.892559803281514E-005
  0.112085989845046      -6.032578032714969E-004
  0.108039852732818      -1.351509761131756E-003
  0.107463780859212      -1.153592906717549E-003
  0.109103410397208       4.612657385487382E-004
  0.110177587682077       2.879280441346237E-003
  0.109402521466593       4.847315607596751E-003
  0.108192761260326       5.389962680465201E-003
  0.109004780291031       4.494486671984610E-003
  0.112518093997527       3.059134616382145E-003
  0.116445916674786       2.181267621959169E-003
  0.117274987326911       2.356660975610706E-003
  0.113510164761943       3.190419902531745E-003
  0.107490636344074       3.787935402544533E-003
  0.103936068574751       3.466641028018547E-003
  0.106184071280519       2.222482271498585E-003
  0.113189695321966       6.333621175713639E-004
  0.119913924746376      -6.496075052567858E-004
  0.121019698105368      -1.373332375023036E-003
  0.115039701330924      -1.757783113654827E-003
  0.105680284067864      -2.183499502130079E-003
  9.913959445354777E-002 -2.815560150527027E-003
  9.947347267117786E-002 -3.495818289655774E-003
  0.105593075567000      -3.959021575184627E-003
  0.112185210660749      -4.130774991835368E-003
  0.113770556157708      -4.208416517977876E-003
  0.108722699688610      -4.446342265837353E-003
  0.100223498843289      -4.855168098042378E-003
  9.361430362160736E-002 -5.115603459695043E-003
  9.237377828119928E-002 -4.818931564101284E-003
  9.583728594169663E-002 -3.843879414573508E-003
  0.100197952121213      -2.534877486507524E-003
  0.101693338204753      -1.495608770600856E-003
  9.932451676537091E-002 -1.135747104957015E-003
  9.510750320624765E-002 -1.333183482296498E-003
  9.200823817388110E-002 -1.501600386982409E-003
  9.151086553030351E-002 -1.033760079787466E-003
  9.280524899354896E-002  2.169039801774865E-004
  9.399775547250273E-002  1.795794593450478E-003
  9.401051967443352E-002  2.964578123346350E-003
  9.340871876762974E-002  3.235322631864181E-003
  9.353163003353369E-002  2.712697865107278E-003
  9.489938147233820E-002  1.989583897978356E-003
  9.649079938360264E-002  1.689661055053726E-003
  9.662644779587604E-002  2.015142528870141E-003
  9.466067540821396E-002  2.635805526880916E-003
  9.187887542887854E-002  2.977183595302443E-003
  9.064786286028195E-002  2.660872958643413E-003
  9.242014491180864E-002  1.756089386871241E-003
  9.628441189674537E-002  6.763519644397277E-004
  9.940199616378818E-002 -1.586810375266033E-004
  9.912520843624006E-002 -6.114331377990612E-004
  9.514500759476642E-002 -8.543063289011382E-004
  8.989828571534947E-002 -1.157815924379925E-003
  8.681749752401993E-002 -1.646277794839569E-003
  8.774058316383823E-002 -2.224453188495992E-003
  9.150048425763625E-002 -2.707257439709875E-003
  9.480249037089263E-002 -3.006202823544777E-003
  9.470546590316684E-002 -3.193450325110426E-003
  9.078588037217264E-002 -3.393728782364860E-003
  8.535236099892805E-002 -3.620598503907678E-003
  8.162791627270496E-002 -3.725292708916071E-003
  8.137062690789461E-002 -3.519572848624526E-003
  8.374807959879055E-002 -2.967375453256515E-003
  8.620870819001973E-002 -2.265390837138624E-003
  8.652181337786777E-002 -1.720703879891731E-003
  8.434370811337884E-002 -1.511129658911318E-003
  8.118906255313023E-002 -1.526721725167270E-003
  7.902773175693904E-002 -1.436966747616619E-003
  7.876195591875744E-002 -9.464765269945423E-004
  7.977598629505953E-002 -4.204601627464598E-005
  8.074614863842763E-002  9.691107526558410E-004
  8.085848230312728E-002  1.669222230153668E-003
  8.035935431881096E-002  1.830568682162389E-003
  8.006727866195222E-002  1.575857903797279E-003
  8.042373249268778E-002  1.276188525396648E-003
  8.102029183231486E-002  1.268182528300868E-003
  8.103471231761460E-002  1.608485851751533E-003
  8.013301269335757E-002  2.047871188521600E-003
  7.894749780070187E-002  2.232441298629367E-003
  7.861973705357093E-002  1.967552605638026E-003
  7.975997317856820E-002  1.344065463729944E-003
  8.174757943978669E-002  6.460409943413239E-004
  8.305791790929949E-002  1.308509820585814E-004
  8.243394363877259E-002 -1.403700128284179E-004
  7.996423606714258E-002 -3.023344022099783E-004
  7.714360518697405E-002 -5.403543571593406E-004
  7.579413079604060E-002 -9.339697074924686E-004
  7.666231571827158E-002 -1.413149259368012E-003
  7.880389984759342E-002 -1.842680905214781E-003
  8.026514267332423E-002 -2.142900417826544E-003
  7.954782539627762E-002 -2.337203729012833E-003
  7.672718595600513E-002 -2.494995008081662E-003
  7.337022948179282E-002 -2.636914024595465E-003
  7.134422273422138E-002 -2.699513355898815E-003
  7.145422299936882E-002 -2.595654485300866E-003
  7.294076566044526E-002 -2.313226706264657E-003
  7.416142271753233E-002 -1.954544396662553E-003
  7.386176458914032E-002 -1.669231539390281E-003
  7.203831339528954E-002 -1.530522339574804E-003
  6.978899146862394E-002 -1.462246503696994E-003
  6.837265147445136E-002 -1.288165919147729E-003
  6.827957420497724E-002 -8.738542070915290E-004
  6.901531022537231E-002 -2.492076768451785E-004
  6.966136912013476E-002  3.917880935104959E-004
  6.965788968896915E-002  8.218879796380585E-004
  6.915057630123796E-002  9.440932502909589E-004
  6.868904989551816E-002  8.606176147765266E-004
  6.863493802972737E-002  7.923386317232926E-004
  6.884410057782979E-002  9.101953568752301E-004
  6.888373813180906E-002  1.207764205462813E-003
  6.853367499056531E-002  1.510313781168460E-003
  6.806602938096067E-002  1.608718687604616E-003
  6.801637686630839E-002  1.412353525941000E-003
  6.864350253332605E-002  1.006277756665709E-003
  6.958320738932867E-002  5.773863560255866E-004
  7.005266699296266E-002  2.753290189981427E-004
  6.947902711960359E-002  1.172807128773602E-004
  6.803012973378439E-002  1.878328893143163E-006
  6.656981868780629E-002 -1.920646781137150E-004
  6.602392877658550E-002 -5.080705457088960E-004
  6.664299293479432E-002 -8.896483573363411E-004
  6.776074819776351E-002 -1.238255065442252E-003
  6.826733804628599E-002 -1.492315231112292E-003
  6.744568423815989E-002 -1.659719071975976E-003
  6.552242602524927E-002 -1.784877099175301E-003
  6.350385894936238E-002 -1.890407962380189E-003
  6.242658597510051E-002 -1.951408864512161E-003
  6.260398735248031E-002 -1.924724763009275E-003
  6.343823782901434E-002 -1.801729090794473E-003
  6.391459498833187E-002 -1.630385907203706E-003
  6.336993186120136E-002 -1.480880077703833E-003
  6.194324161942571E-002 -1.382640161632387E-003
  6.039764939503318E-002 -1.290451419167760E-003
  5.950409136199317E-002 -1.115562747074535E-003
  5.949197128416134E-002 -8.017156203347358E-004
  5.997032342535751E-002 -3.840630279817493E-004
  6.031853763555912E-002  2.152912850515868E-005
  6.018363351014051E-002  2.961093021229371E-004
  5.968422879475484E-002  4.036209707932742E-004
  5.920718596729441E-002  4.168738551705937E-004
  5.902769042521200E-002  4.608609471525823E-004
  5.909836791530972E-002  6.158078620053097E-004
  5.916452430405172E-002  8.544073128252177E-004
  5.905806055874687E-002  1.061083901058727E-003
  5.887435921841054E-002  1.117358082837468E-003
  5.886429891538716E-002  9.872291157092857E-004
  5.914983927394164E-002  7.388449507305436E-004
  5.954261417130280E-002  4.899002779813226E-004
  5.965673595568095E-002  3.223563654277167E-004
  5.923836435697515E-002  2.318543462523150E-004
  5.842530225669736E-002  1.457116565578237E-004
  5.768990881075756E-002 -1.137448124458742E-005
  5.748172467466432E-002 -2.585845525811328E-004
  5.785044359279788E-002 -5.502443419674770E-004
  5.836647667654206E-002 -8.164784102489363E-004
  5.842549789029801E-002 -1.014508331837056E-003
  5.771066052663871E-002 -1.149038979111216E-003
  5.644944970501378E-002 -1.251129730020767E-003
  5.525718304980055E-002 -1.340699659553595E-003
  5.468341178801005E-002 -1.408092601417075E-003
  5.481050781538378E-002 -1.428711751613082E-003
  5.521004692432105E-002 -1.392952047386298E-003
  5.528066565846314E-002 -1.320350117911390E-003
  5.469824784102317E-002 -1.243037267771180E-003
  5.363528275901198E-002 -1.173576291272675E-003
  5.259995869847946E-002 -1.088415044942062E-003
  5.204318570677393E-002 -9.454867111236278E-004
  5.204607313360896E-002 -7.237618888737657E-004
  5.231248656902753E-002 -4.509742503551817E-004
  5.243805863656051E-002 -1.930632354688272E-004
  5.221937121585083E-002 -1.007629726041469E-005
  5.176377229324956E-002  8.759345425956960E-005
  5.134497122299046E-002  1.467028483420236E-004
  5.115679108907354E-002  2.342786993890301E-004
  5.117817794808872E-002  3.838066563313003E-004
  5.124209748289667E-002  5.662484314391142E-004
  5.121706954310789E-002  7.087937174669180E-004
  5.112366401291367E-002  7.471474154447746E-004
  5.108508590635721E-002  6.713482501497188E-004
  5.117205040522373E-002  5.308241962183497E-004
  5.129977913883006E-002  3.964493556528747E-004
  5.128383625173308E-002  3.099673052347358E-004
  5.101090707418963E-002  2.589684741636252E-004
  5.056767060788263E-002  1.938398548112553E-004
  5.019882911895267E-002  7.030557699601878E-005
  5.011281851018878E-002 -1.165771313572572E-004
  5.029319636138253E-002 -3.312321555957350E-004
  5.048168469006570E-002 -5.259450300601990E-004
  5.036290215228188E-002 -6.734697948862510E-004
  4.981198854007775E-002 -7.786398813616184E-004
  4.900642617875112E-002 -8.636930313991690E-004
  4.830573143679706E-002 -9.436712172461639E-004
  4.798658626367994E-002 -1.013847371731840E-003
  4.803759386888015E-002 -1.057770029968831E-003
  4.817249919179411E-002 -1.065401124244439E-003
  4.804993703925518E-002 -1.042920917364222E-003
  4.752845556949073E-002 -1.005132167490458E-003
  4.676315586356596E-002 -9.585891638188444E-004
  4.607853886999514E-002 -8.926796236265964E-004
  4.572536408682237E-002 -7.886900165210664E-004
  4.571062379281125E-002 -6.399542774511330E-004
  4.582093593756777E-002 -4.648671982875906E-004
  4.580354363582455E-002 -2.993666167238688E-004
  4.555312279604419E-002 -1.728398839737593E-004
  4.516392444178366E-002 -8.649657716477248E-005
  4.482571756903666E-002 -1.275882022031753E-005
  4.466517952806805E-002  8.216833671905425E-005
  4.466375326016482E-002  2.094576548970556E-004
  4.470443938762742E-002  3.453852166774060E-004
  4.468820663795224E-002  4.459762056907942E-004
  4.461100876149960E-002  4.778483992723611E-004
  4.454029270475122E-002  4.417363538624128E-004
  4.452577871199234E-002  3.708804136585337E-004
  4.453623656655756E-002  3.059969946984629E-004
  4.448424503968683E-002  2.663262635220326E-004
  4.431516809963722E-002  2.384526955965429E-004
  4.407394775507117E-002  1.900812004572761E-004
  4.388063602366529E-002  9.673479694939864E-005
  4.382785506708652E-002 -3.947745243666254E-005
  4.388754316553865E-002 -1.921577192265143E-004
  4.391347632629035E-002 -3.300359944638575E-004
  4.374791181406253E-002 -4.370943557986998E-004
  4.335049527441037E-002 -5.184092573497156E-004
  4.284275532727311E-002 -5.895815458745462E-004
  4.242572825724422E-002 -6.606158845364878E-004
  4.223050486001561E-002 -7.278738004656251E-004
  4.221797838727514E-002 -7.791484547653776E-004
  4.220763107990386E-002 -8.052698391741999E-004
  4.201435828566059E-002 -8.069958599021750E-004
  4.158791449473633E-002 -7.915583117494943E-004
  4.104868444446379E-002 -7.633409892255211E-004
  4.059555022279936E-002 -7.184784625868224E-004
  4.036014864456077E-002 -6.491138158241944E-004
  4.031921853344028E-002 -5.535989461427029E-004
  4.032645980601537E-002 -4.427979160367159E-004
  4.023087776126169E-002 -3.355609949478585E-004
  3.998587359926973E-002 -2.460009982838783E-004
  3.966889226893137E-002 -1.730384026951484E-004
  3.940726148833682E-002 -1.016916604283169E-004
  3.927782677463674E-002 -1.619068105073651E-005
  3.926003318553190E-002  8.508958120124780E-005
  3.927041743947763E-002  1.850737440788816E-004
  3.923858444490802E-002  2.581609818816562E-004
  3.915702916509489E-002  2.877745598420040E-004
  3.906815159808374E-002  2.778449433746996E-004
  3.900987938388627E-002  2.493241616008974E-004
  3.897482091381375E-002  2.244146342213141E-004
  3.892005495154352E-002  2.106099030494144E-004
  3.881480284162739E-002  1.965102561515880E-004
  3.867749887612754E-002  1.620241138485939E-004
  3.856392354872727E-002  9.457578679302358E-005
  3.851415562588120E-002 -1.104853923297324E-006
  3.850620605613488E-002 -1.063706713257131E-004
  3.846171582814011E-002 -2.015709310080047E-004
  3.830494317450539E-002 -2.780403970307576E-004
  3.802826303211911E-002 -3.404982248528077E-004
  3.770772578202687E-002 -3.994304799034948E-004
  3.745094125724285E-002 -4.606989140907914E-004
  3.731545674174741E-002 -5.207569047487391E-004
  3.726227290015911E-002 -5.702517777716786E-004
  3.718323919354945E-002 -6.016831018663010E-004
  3.698292866761430E-002 -6.141258508696702E-004
  3.665206586269360E-002 -6.115377987136556E-004
  3.627583295991427E-002 -5.972498834675739E-004
  3.597128574564996E-002 -5.703995772414180E-004
  3.580281945683105E-002 -5.277493092012342E-004
  3.573999298000925E-002 -4.689374331138058E-004
  3.568717966918797E-002 -3.997711608655722E-004
  3.555855720355777E-002 -3.298313912222016E-004
  3.533936427323826E-002 -2.659306987586875E-004
  3.508910798244110E-002 -2.070940332416645E-004
  3.489000939789431E-002 -1.459044986831551E-004
  3.478509151467044E-002 -7.577744225280820E-005
  3.475346554962608E-002  1.554606726537578E-006
  3.473640743641363E-002  7.473675393768748E-005
  3.468692025853595E-002  1.293208529861919E-004
  3.460077057459490E-002  1.574096628206507E-004
  3.450758436150905E-002  1.629361735811282E-004
  3.443610568750263E-002  1.583190117619765E-004
  3.438733854050842E-002  1.549336035641811E-004
  3.433810895242112E-002  1.546683669446077E-004
  3.426793041858558E-002  1.489548763255899E-004
  3.418119343400912E-002  1.258224835264658E-004
  3.410257132414717E-002  7.940282933621430E-005
  3.404970128163836E-002  1.467743184209224E-005
  3.400941975458388E-002 -5.578643397262216E-005
  3.394183407333790E-002 -1.201531368149735E-004
  3.381178507433197E-002 -1.741779437914699E-004
  3.362160371121627E-002 -2.217648079411507E-004
  3.341550268924615E-002 -2.695881750750685E-004
  3.324857554326042E-002 -3.205693807834384E-004
  3.314355789397052E-002 -3.712749037585360E-004
  3.307053731238645E-002 -4.146254524363980E-004
  3.296774942091098E-002 -4.449860635470178E-004
  3.278879176288255E-002 -4.612623017071833E-004
  3.253974900910491E-002 -4.659053270976730E-004
  3.227690649508047E-002 -4.614436695109784E-004
  3.206641415501960E-002 -4.480442408666843E-004
  3.193689732254529E-002 -4.242257063381549E-004
  3.186105993720614E-002 -3.896882344326382E-004
  3.177921963106713E-002 -3.472254118548916E-004
  3.164529907818293E-002 -3.016096395849926E-004
  3.145969476077205E-002 -2.562768773222099E-004
  3.126545934253633E-002 -2.108691434807180E-004
  3.111356549801736E-002 -1.621470597515884E-004
  3.102587468602188E-002 -1.078591173674041E-004
  3.098354437899305E-002 -5.038964663441985E-005
  3.094650286118059E-002  3.117812673160768E-006
  3.088533498719286E-002  4.469959605136155E-005
  3.079969160046606E-002  7.069847048550541E-005
  3.071121201192897E-002  8.401605689033296E-005
  3.064072231121791E-002  9.155126618080146E-005
  3.059074277919785E-002  9.866668578375341E-005
  3.054696550436836E-002  1.049204651730323E-004
  3.049437302413596E-002  1.043610193181724E-004
  3.043132554318694E-002  9.014370226888253E-005
  3.036844606060632E-002  5.990701424744813E-005
  3.031429543270607E-002  1.784567891087136E-005
  3.026248110011502E-002 -2.794182071681145E-005
  3.019359835994757E-002 -7.063190711589432E-005
  3.009155184022644E-002 -1.084221227978692E-004
  2.995991383893257E-002 -1.442456536014471E-004
  2.982269686442675E-002 -1.820889266076403E-004
  2.970684464447830E-002 -2.230288814808744E-004
  2.961993368931208E-002 -2.639815275155865E-004
  2.954191835526949E-002 -2.997504130253547E-004
  2.943912895743944E-002 -3.263741172748650E-004
  2.929056565952512E-002 -3.430478614510946E-004
  2.910585680200912E-002 -3.514083777807934E-004
  2.892016645661436E-002 -3.532574456709600E-004
  2.876935108004088E-002 -3.489052785365086E-004
  2.866431948382307E-002 -3.374505147262380E-004
  2.858424922899874E-002 -3.184160925440903E-004
  2.849355719256605E-002 -2.929711220323466E-004
  2.836917884888117E-002 -2.634889952676075E-004
  2.821726805514740E-002 -2.318579486520786E-004
  2.806736184993570E-002 -1.982089376321833E-004
  2.794975181674090E-002 -1.614060007274012E-004
  2.787410123778293E-002 -1.210303110770057E-004
  2.782503082939451E-002 -7.912697991905813E-005
  2.777623054709150E-002 -4.001398256059021E-005
  2.771051068903915E-002 -8.025515533615130E-006
  2.763008168383422E-002  1.513099014603464E-005
  2.755070403631274E-002  3.124505014110187E-005
  2.748662743014166E-002  4.386494056620451E-005
  2.743950679563082E-002  5.520485394911730E-005
  2.739943920972302E-002  6.409811091359186E-005
  2.735520238594387E-002  6.663694299559448E-005
  2.730346457587378E-002  5.905410928535512E-005
  2.724896271440589E-002  4.065107481013233E-005
  2.719664581439220E-002  1.455027949634584E-005
  2.714416362733782E-002 -1.425305795929721E-005
  2.708237014419394E-002 -4.200490820665996E-005
  2.700367185354086E-002 -6.812859605871697E-005
  2.691036572401988E-002 -9.465605598266219E-005
  2.681461676826713E-002 -1.237929818684727E-004
  2.672900319445003E-002 -1.556015696976055E-004
  2.665524794032671E-002 -1.875159556654189E-004
  2.658111165551021E-002 -2.158556380822055E-004
  2.648907046757330E-002 -2.379791007760064E-004
  2.637048933035171E-002 -2.534035769559237E-004
  2.623390018192802E-002 -2.632328026536595E-004
  2.610021710803981E-002 -2.686387821927787E-004
  2.598804740605067E-002 -2.697717363232364E-004
  2.590032526577936E-002 -2.659034368543479E-004
  2.582268604591505E-002 -2.564467569998745E-004
  2.573488653782966E-002 -2.417805672956191E-004
  2.562644229832776E-002 -2.231142919841181E-004
  2.550453911291017E-002 -2.015973865555249E-004
  2.538850437976570E-002 -1.776015137072921E-004
  2.529556425928865E-002 -1.509280101068837E-004
  2.522897698270480E-002 -1.217974935835958E-004
  2.517716687974350E-002 -9.168850611223890E-005
  2.512357936356965E-002 -6.314161516876404E-005
  2.505893360068509E-002 -3.852345920502045E-005
  2.498653493185102E-002 -1.869831138872656E-005
  2.491755105015049E-002 -2.736823446002170E-006
  2.486115817951491E-002  1.099969111986807E-005
  2.481778792317192E-002  2.319424332209370E-005
  2.478018954972603E-002  3.265305524345385E-005
  2.474018117449504E-002  3.691332307799087E-005
  2.469468064583564E-002  3.396730627790662E-005
  2.464613013587992E-002  2.379446121323206E-005
  2.459789389839802E-002  8.523450382515101E-006
  2.454958980555104E-002 -8.899046382684508E-006
  2.449689738826146E-002 -2.651502110698823E-005
  2.443586097335297E-002 -4.428815528621284E-005
  2.436734251047499E-002 -6.352788906072961E-005
  2.429704115278019E-002 -8.533691950643972E-005
  2.423057613428493E-002 -1.093135297537074E-004
  2.416784156496104E-002 -1.334584937439412E-004
  2.410190833102321E-002 -1.552546432925463E-004
  2.402406661541227E-002 -1.730130359737486E-004
  2.393124413498277E-002 -1.864782328026921E-004
  2.382963179497855E-002 -1.963645041067592E-004
  2.373111645191569E-002 -2.033486890388971E-004
  2.364491702025128E-002 -2.073850660603052E-004
  2.357088352411199E-002 -2.078202105833062E-004
  2.349982863086921E-002 -2.040658617865952E-004
  2.342079991884310E-002 -1.961625036003998E-004
  2.332973500201620E-002 -1.847581003628716E-004
  2.323285334432040E-002 -1.706082343001288E-004
  2.314227033863938E-002 -1.541332007374943E-004
  2.306733609331068E-002 -1.354730568491290E-004
  2.300834191214863E-002 -1.149759946567520E-004
  2.295714702506974E-002 -9.361553805220756E-005
  2.290380071415350E-002 -7.286599371855348E-005
  2.284378724684461E-002 -5.405103339249392E-005
  2.278048231096136E-002 -3.768605011276016E-005
  2.272150765467876E-002 -2.340076857324431E-005
  2.267241218548476E-002 -1.057113378757928E-005
  2.263275234115625E-002  8.167534688544392E-007
  2.259719074336494E-002  9.784617184886151E-006
  2.256001162393034E-002  1.482259223977033E-005
  2.251899843818816E-002  1.488142336672666E-005
  2.247571855496546E-002  1.014039172241052E-005
  2.243263655910158E-002  1.946501231831985E-006
  2.239009326823231E-002 -8.044099151345671E-006
  2.234590713998756E-002 -1.887624593123783E-005
  2.229767738129682E-002 -3.070298781283794E-005
  2.224532582268282E-002 -4.431247389613678E-005
  2.219127383647660E-002 -6.017377053971182E-005
  2.213795242761481E-002 -7.774572210340131E-005
  2.208494613770644E-002 -9.555369906352327E-005
  2.202858792399181E-002 -1.119304640797261E-004
  2.196473303615365E-002 -1.258301940480681E-004
  2.189254964216350E-002 -1.371248564489118E-004
  2.181603132038392E-002 -1.462406092042039E-004
  2.174164715117386E-002 -1.535027459449719E-004
  2.167374331476836E-002 -1.587284819530173E-004
  2.161131768830019E-002 -1.613393001688520E-004
  2.154886154441689E-002 -1.608179258515448E-004
  2.148077644361768E-002 -1.570868468946666E-004
  2.140599431641542E-002 -1.505144862171429E-004
  2.132920171857971E-002 -1.416120798663530E-004
  2.125769894381708E-002 -1.307429622371872E-004
  2.119631105689993E-002 -1.181124004013592E-004
  2.114422491799151E-002 -1.040132289810165E-004
  2.109604778864973E-002 -8.904935270407795E-005
  2.104609044018757E-002 -7.407663738110777E-005
  2.099249680184402E-002 -5.986945053891731E-005
  2.093817492459680E-002 -4.679411693061683E-005
  2.088811949610452E-002 -3.479499159241731E-005
  2.084546642897700E-002 -2.374098012515607E-005
  2.080934850711405E-002 -1.385821855424031E-005
  2.077592795398237E-002 -5.871289288602283E-006
  2.074140223383695E-002 -6.935812143711014E-007
  2.070442073427696E-002  1.123510280724193E-006
  2.066616261182242E-002 -2.419010575842234E-007
  2.062843144226761E-002 -3.997865106232223E-006
  2.059167577732758E-002 -9.265471834420195E-006
  2.055462614898107E-002 -1.562204233322558E-005
  2.051561315855117E-002 -2.325120871770412E-005
  2.047412088314128E-002 -3.259610689033899E-005
  2.043104325416873E-002 -4.379421722792949E-005
  2.038743295723949E-002 -5.633106698980812E-005
  2.034300557943597E-002 -6.916819374104985E-005
  2.029593699960148E-002 -8.123219443155838E-005
  2.024431891983336E-002 -9.188937200546158E-005
  2.018806840448720E-002 -1.010699394296112E-004
  2.012954122677935E-002 -1.089963022521990E-004
  2.007211149895753E-002 -1.157690434801130E-004
  2.001772333332138E-002 -1.211407196325640E-004
  1.996540035731616E-002 -1.246231723063417E-004
  1.991203343514292E-002 -1.257988593268533E-004
  1.985495191607810E-002 -1.245667924115185E-004
  1.979429872416945E-002 -1.211450731310926E-004
  1.973331221063123E-002 -1.158743871534399E-004
  1.967623290871668E-002 -1.090226099173145E-004
  1.962541471828690E-002 -1.007569102460324E-004
  1.957983949860190E-002 -9.127492677802339E-005
  1.953612848135109E-002 -8.093662650541500E-005
  1.949121103847552E-002 -7.024603671520906E-005
  1.944458413997430E-002 -5.968284571861237E-005
  1.939850504131047E-002 -4.953523646160442E-005
  1.935611603978171E-002 -3.989631319881909E-005
  1.931905604625897E-002 -3.084339891422433E-005
  1.928637319529609E-002 -2.264797540428854E-005
  1.925540673499180E-002 -1.581889063565155E-005
  1.922375318540688E-002 -1.091043520078822E-005
  1.919071342412747E-002 -8.226443567910909E-006
  1.915721680039662E-002 -7.652743278944615E-006
  1.912453194269869E-002 -8.761913207478549E-006
  1.909298230969369E-002 -1.112225745156670E-005
  1.906169991073110E-002 -1.457791266664820E-005
  1.902944204062032E-002 -1.928462379666401E-005
  1.899558922550487E-002 -2.547452098510676E-005
  1.896039685253820E-002 -3.313367529200644E-005
  1.892435200386813E-002 -4.184201977843884E-005
  1.888734293258163E-002 -5.089694060101835E-005
  1.884850805959435E-002 -5.962408549482645E-005
  1.880697145441806E-002 -6.764336905518099E-005
  1.876280675039267E-002 -7.490562988898087E-005
  1.871729505463087E-002 -8.149947451115755E-005
  1.867212384101812E-002 -8.739848121025066E-005
  1.862811890604765E-002 -9.234612187037408E-005
  1.858457997083864E-002 -9.595041526738697E-005
  1.853985665593516E-002 -9.789308469834539E-005
  1.849278801368190E-002 -9.808282286894639E-005
  1.844387688373475E-002 -9.664825911297329E-005
  1.839522444803487E-002 -9.380551426268611E-005
  1.834921202141081E-002 -8.972783196170365E-005
  1.830691708028603E-002 -8.452078871511307E-005
  1.826747840445094E-002 -7.829932807998929E-005
  1.822889283505512E-002 -7.127239652248303E-005
  1.818961840574457E-002 -6.374428644333382E-005
  1.814975397799827E-002 -5.602854335132433E-005
  1.811092703771384E-002 -4.835695125505459E-005
  1.807503729483032E-002 -4.087275577990983E-005
  1.804285924222775E-002 -3.371824589406661E-005
  1.801354778740478E-002 -2.713432701575085E-005
  1.798533348105041E-002 -2.146907868450914E-005
  1.795677648596606E-002 -1.706598869166200E-005
  1.792759253542806E-002 -1.410936642595793E-005
  1.789849841605358E-002 -1.255141426797963E-005
  1.787033839545356E-002 -1.218805598075263E-005
  1.784327103311927E-002 -1.283244603438958E-005
  1.781663872189740E-002 -1.445287084470419E-005
  1.778950836860858E-002 -1.716510825568470E-005
  1.776132751616157E-002 -2.108218081402112E-005
  1.773212548040310E-002 -2.613729181857475E-005
  1.770216167735437E-002 -3.201829479677626E-005
  1.767143174231082E-002 -3.826645102478415E-005
  1.763953777316606E-002 -4.446680759020915E-005
  1.760605225137105E-002 -5.039088646388350E-005
  1.757101732506343E-002 -5.599436495625861E-005
  1.753507175099708E-002 -6.128622986690270E-005
  1.749902553727322E-002 -6.618035207020836E-005
  1.746321620002233E-002 -7.044422054941467E-005
  1.742721826216136E-002 -7.377612415965523E-005
  1.739021228239686E-002 -7.594236786082932E-005
  1.735176223930643E-002 -7.686837856336929E-005
  1.731237386055073E-002 -7.662505248069322E-005
  1.727334436818327E-002 -7.533862004299906E-005
  1.723597125147893E-002 -7.310600572047280E-005
  1.720071358299888E-002 -6.997925205574043E-005
  1.716695947896896E-002 -6.601544150734617E-005
  1.713358934129311E-002 -6.133367719358294E-005
  1.709990458100111E-002 -5.612286308833888E-005
  1.706620994642625E-002 -5.059554182899159E-005
  1.703361438098751E-002 -4.493418646600562E-005
  1.700322330098645E-002 -3.928104440889721E-005
  1.697535069895520E-002 -3.377857760197483E-005
  1.694933416323951E-002 -2.861649607894986E-005
  1.692404776355955E-002 -2.403096719220040E-005
  1.689867816208572E-002 -2.024271946152213E-005
  1.687316955807622E-002 -1.737783033175806E-005
  1.684804955469276E-002 -1.543689844296639E-005
  1.682384577959024E-002 -1.434327735280156E-005
  1.680058846881562E-002 -1.403642116273822E-005
  1.677776467450854E-002 -1.453626958610816E-005
  1.675468970560133E-002 -1.592424656815698E-005
  1.673093819496120E-002 -1.825197351199416E-005
  1.670648310850125E-002 -2.144779007896827E-005
  1.668148518842377E-002 -2.529552849063317E-005
  1.665598162247435E-002 -2.950540678888296E-005
  1.662977911400233E-002 -3.382650257805016E-005
  1.660263571999610E-002 -3.811956626164190E-005
  1.657453337180056E-002 -4.234126402655500E-005
  1.654575714170040E-002 -4.645952029740302E-005
  1.651668120904832E-002 -5.037014742132891E-005
  1.648744430841485E-002 -5.387937588723183E-005
  1.645781997861359E-002 -5.676268499664221E-005
  1.642743178518558E-002 -5.885227419732045E-005
  1.639615976675736E-002 -6.008844362352759E-005
  1.636439644475500E-002 -6.050373786762944E-005
  1.633291051625507E-002 -6.016234011033257E-005
  1.630239171154815E-002 -5.910726253910874E-005
  1.627302192772434E-002 -5.735342391736703E-005
  1.624441551258718E-002 -5.492227177746819E-005
  1.621598845917117E-002 -5.188055929140693E-005
  1.618747722502653E-002 -4.834811552216322E-005
  1.615920629781195E-002 -4.447103396202929E-005
  1.613189802471487E-002 -4.038756111516987E-005
  1.610617311902344E-002 -3.621722926837944E-005
  1.608212408161541E-002 -3.207865977033143E-005
  1.605927643432889E-002 -2.811242167481384E-005
  1.603694635383227E-002 -2.447939765859916E-005
  1.601470536698196E-002 -2.132780942656412E-005
  1.599260292649577E-002 -1.875281099511823E-005
  1.597100764014258E-002 -1.678313107404298E-005
  1.595022697523934E-002 -1.540883108251887E-005
  1.593021545847208E-002 -1.462936847119515E-005
  1.591057920190436E-002 -1.448181094911345E-005
  1.589083325174149E-002 -1.502297152821107E-005
  1.587067988169445E-002 -1.627630184825017E-005
  1.585009305352050E-002 -1.818449262985248E-005
  1.582918066219299E-002 -2.060667457428199E-005
  1.580798148353488E-002 -2.336562882019726E-005
  1.578638464237227E-002 -2.631189551325827E-005
  1.576422578466318E-002 -2.935877339935457E-005
  1.574144659571590E-002 -3.246506110962322E-005
  1.571815313898740E-002 -3.558265484445383E-005
  1.569451277543270E-002 -3.861206957968591E-005
  1.567058833002584E-002 -4.140098138856006E-005
  1.564627465184462E-002 -4.378658533667976E-005
  1.562141464728813E-002 -4.564965642403189E-005
  1.559600629575456E-002 -4.694183419594001E-005
  1.557031714537714E-002 -4.767080576544337E-005
  1.554478741035491E-002 -4.786059065794655E-005
  1.551977802838616E-002 -4.752017719235904E-005
  1.549535857106340E-002 -4.664255987351816E-005
  1.547131088293804E-002 -4.522941834796746E-005
  1.544735702527624E-002 -4.331713012287976E-005
  1.542343860910715E-002 -4.098226841093776E-005
  1.539982775831098E-002 -3.832459824135082E-005
  1.537697834810004E-002 -3.544440119497177E-005
  1.535522833319850E-002 -3.243297365292506E-005
  1.533457902178529E-002 -2.938034061042143E-005
  1.531471508117364E-002 -2.638717968694406E-005
  1.529524189210942E-002 -2.356426237075282E-005
  1.527595400070218E-002 -2.101528609021527E-005
  1.525693520195848E-002 -1.881587297835510E-005
  1.523843027513453E-002 -1.700696343580165E-005
  1.522060427526740E-002 -1.560932630210136E-005
  1.520337960005127E-002 -1.464719024173929E-005
  1.518646408729003E-002 -1.415964884563491E-005
  1.516952726744423E-002 -1.418743613176865E-005
  1.515237504092736E-002 -1.474318179007696E-005
  1.513499410896974E-002 -1.578832103237036E-005
  1.511745651020361E-002 -1.723641064143132E-005
  1.509978608364519E-002 -1.898274234901646E-005
  1.508190336215480E-002 -2.093958674926336E-005
  1.506368197924459E-002 -2.305176696070977E-005
  1.504504852471467E-002 -2.528245732288347E-005
  1.502602718983315E-002 -2.758213099235236E-005
  1.500669120994422E-002 -2.986628708778635E-005
  1.498707473026937E-002 -3.202025175582711E-005
  1.496713669976662E-002 -3.392822299727669E-005
  1.494681909199990E-002 -3.550563903422159E-005
  1.492615076976351E-002 -3.671264901399342E-005
  1.490529887903066E-002 -3.754197470383366E-005
  1.488450864584238E-002 -3.799375955918620E-005
  1.486396862336908E-002 -3.805803298558880E-005
  1.484370880052644E-002 -3.771700111075741E-005
  1.482362025084808E-002 -3.696258848728270E-005
  1.480358880706621E-002 -3.581340484511111E-005
  1.478363988662353E-002 -3.431780326067606E-005
  1.476397704578866E-002 -3.254236954877129E-005
  1.474487769989695E-002 -3.055663993083189E-005
  1.472652192932323E-002 -2.842586085932389E-005
  1.470888408839039E-002 -2.621455777512483E-005
  1.469176882562826E-002 -2.399341370703307E-005
  1.467496171650588E-002 -2.183960809099296E-005
  1.465837844654536E-002 -1.982785996156869E-005
  1.464210204732084E-002 -1.801897611226701E-005
  1.462628758276772E-002 -1.645576058046405E-005
  1.461101466503313E-002 -1.516978881144542E-005
  1.459620175906798E-002 -1.419246182033204E-005
  1.458164076503216E-002 -1.355912137772401E-005
  1.456711495803194E-002 -1.330037904099584E-005
  1.455250484668787E-002 -1.342597458693426E-005
  1.453780692906572E-002 -1.391392113138463E-005
  1.452306619245029E-002 -1.471471935071747E-005
  1.450828930290033E-002 -1.576898670942543E-005
  1.449341042927742E-002 -1.702612698157769E-005
  1.447832834428508E-002 -1.845052357530420E-005
  1.446297187053034E-002 -2.001136317566189E-005
  1.444733296248078E-002 -2.166502983759769E-005
  1.443144328668529E-002 -2.334486622294098E-005
  1.441532437601095E-002 -2.496738531108482E-005
  1.439896394534844E-002 -2.645135676760318E-005
  1.438234323137861E-002 -2.773658292768784E-005
  1.436548931559993E-002 -2.878993612960886E-005
  1.434849957417913E-002 -2.959631215124051E-005
  1.433150782989181E-002 -3.014333171146900E-005
  1.431461432128899E-002 -3.041227695392968E-005
  1.429783762558415E-002 -3.038165331444589E-005
  1.428113289159076E-002 -3.003941663347730E-005
  1.426446665454602E-002 -2.939366321385610E-005
  1.424788909195472E-002 -2.847386607059458E-005
  1.423154241938624E-002 -2.732285445382268E-005
  1.421559308752844E-002 -2.598662417953444E-005
  1.420013665753605E-002 -2.450938668752787E-005
  1.418514783237378E-002 -2.293555939695682E-005
  1.417051430226107E-002 -2.131412339214521E-005
  1.415612842615060E-002 -1.969931846460680E-005
  1.414196665506240E-002 -1.814578860703636E-005
  1.412809750658217E-002 -1.670186992689970E-005
  1.411461514390157E-002 -1.540654970136452E-005
  1.410155207532172E-002 -1.429213468857611E-005
  1.408883745143967E-002 -1.338914482681838E-005
  1.407632905430943E-002 -1.272753681611645E-005
  1.406388993391262E-002 -1.233143482507154E-005
  1.405145000830114E-002 -1.221056188404146E-005
  1.403901036235278E-002 -1.235523872375512E-005
  1.402659587916675E-002 -1.273970924105381E-005
  1.401420018772509E-002 -1.333213084556224E-005
  1.400176670791561E-002 -1.410408610682411E-005
  1.398921509602056E-002 -1.503259305781972E-005
  1.397648496392176E-002 -1.609344271894100E-005
  1.396355901320714E-002 -1.725166640325385E-005
  1.395045060840300E-002 -1.845742124631528E-005
  1.393717357218203E-002 -1.965154064832892E-005
  1.392372551026610E-002 -2.077761246589889E-005
  1.391010001203227E-002 -2.179253862090315E-005
  1.389631387208728E-002 -2.266886568614917E-005
  1.388242025232762E-002 -2.338853749388940E-005
  1.386849125966408E-002 -2.393401286834632E-005
  1.385458225713783E-002 -2.428409801297349E-005
  1.384070907873873E-002 -2.441759036968898E-005
  1.382686047346962E-002 -2.432157614386622E-005
  1.381303819051497E-002 -2.399792009969589E-005
  1.379929168145431E-002 -2.346341039922668E-005
  1.378571601373666E-002 -2.274418306250591E-005
  1.377241027990107E-002 -2.186910710070219E-005
  1.375942645798879E-002 -2.086671670447866E-005
  1.374674817222707E-002 -1.976660484790758E-005
  1.373431656329207E-002 -1.860234252209967E-005
  1.372208388846097E-002 -1.741214661678109E-005
  1.371005377873453E-002 -1.623604192203166E-005
  1.369827759722179E-002 -1.511161457463679E-005
  1.368681054023521E-002 -1.407159757397775E-005
  1.367566180000568E-002 -1.314458404543511E-005
  1.366477646301028E-002 -1.235706262456053E-005
  1.365406123745516E-002 -1.173363093566505E-005
  1.364343266004067E-002 -1.129394318768061E-005
  1.363285131166435E-002 -1.104818979308439E-005
  1.362231921425675E-002 -1.099475073711361E-005
  1.361184736072832E-002 -1.112232854032286E-005
  1.360142195143638E-002 -1.141533387412835E-005
  1.359099538181569E-002 -1.185853117943667E-005
  1.358050569605548E-002 -1.243738652547243E-005
  1.356990570132805E-002 -1.313399570046346E-005
  1.355917811912047E-002 -1.392217164344013E-005
  1.354832790669399E-002 -1.476619836299827E-005
  1.353736292221598E-002 -1.562508357992120E-005
  1.352628214662747E-002 -1.645994807400935E-005
  1.351508111754974E-002 -1.723979279837448E-005
  1.350376701543302E-002 -1.794215974306872E-005
  1.349236687040510E-002 -1.854909934912247E-005
  1.348091934665140E-002 -1.904229178244489E-005
  1.346945663390698E-002 -1.940151550235196E-005
  1.345799319367114E-002 -1.960779661818100E-005
  1.344653288199441E-002 -1.964888126173290E-005
  1.343508957150807E-002 -1.952303124937134E-005
  1.342370325253089E-002 -1.923865316496827E-005
  1.341243570371792E-002 -1.881051007689486E-005
  1.340134618457191E-002 -1.825558460923064E-005
  1.339046477241306E-002 -1.759136936161583E-005
  1.337978430815709E-002 -1.683697915276713E-005
  1.336927801364038E-002 -1.601513590907649E-005
  1.335892960395373E-002 -1.515264395049251E-005
  1.334875251667341E-002 -1.427857012402282E-005
  1.333878312279718E-002 -1.342139750090138E-005
  1.332905301259562E-002 -1.260713122306272E-005
  1.331956160985943E-002 -1.185921471486059E-005
  1.331026981293378E-002 -1.119931661637328E-005
  1.330111889520298E-002 -1.064725980963929E-005
  1.329205980777015E-002 -1.021928960779133E-005
  1.328307116839379E-002 -9.925644672055260E-006
  1.327415424026035E-002 -9.769354862974881E-006
  1.326531136190200E-002 -9.747403951181466E-006
  1.325652605227655E-002 -9.853477468999717E-006
  1.324775983689075E-002 -1.008012512792869E-005
  1.323896649180171E-002 -1.041857089048945E-005
  1.323011109028316E-002 -1.085636157990587E-005
  1.322117926127997E-002 -1.137496870601586E-005
  1.321217175570376E-002 -1.194972540449428E-005
  1.320309170852656E-002 -1.255279867978318E-005
  1.319393661033100E-002 -1.315757476349708E-005
  1.318470101288894E-002 -1.374172725724531E-005
  1.317538559697376E-002 -1.428723774450585E-005
  1.316600283832911E-002 -1.477795775551921E-005
  1.315657347398003E-002 -1.519711305474669E-005
  1.314711714235727E-002 -1.552706269246022E-005
  1.313764634135894E-002 -1.575176788875334E-005
  1.312816991745054E-002 -1.586030398594456E-005
  1.311870330341884E-002 -1.584900348679151E-005
  1.310927581840354E-002 -1.572093547642147E-005
  1.309992696564537E-002 -1.548342114782001E-005
  1.309069280097802E-002 -1.514556347650942E-005
  1.308159238801179E-002 -1.471742095981868E-005
  1.307262526029034E-002 -1.421091641610324E-005
  1.306378246842021E-002 -1.364116910446612E-005
  1.305506282462962E-002 -1.302675810539962E-005
  1.304648140137542E-002 -1.238846401821364E-005
  1.303806313162028E-002 -1.174730566839815E-005
  1.302982601446946E-002 -1.112311504291400E-005
  1.302176666394166E-002 -1.053421754024224E-005
  1.301385920089320E-002 -9.997709548778508E-006
  1.300606822721417E-002 -9.529342049357911E-006
  1.299836601299487E-002 -9.142526076986712E-006
  1.299074132214765E-002 -8.846960569421386E-006
  1.298319428774347E-002 -8.647910870415000E-006
  1.297572257526760E-002 -8.546726797921679E-006
  1.296831019345759E-002 -8.542152993632680E-006
  1.296092734075392E-002 -8.631276751435590E-006
  1.295354058753645E-002 -8.809244554026862E-006
  1.294612501205511E-002 -9.067966738381121E-006
  1.293866944439623E-002 -9.395014099158755E-006
  1.293117236203435E-002 -9.773932620575513E-006
  1.292363347073392E-002 -1.018618872508916E-005
  1.291604852477976E-002 -1.061370189484266E-005
  1.290841103645169E-002 -1.104044352691649E-005
  1.290071814236785E-002 -1.145228606184253E-005
  1.289297465361323E-002 -1.183562855836345E-005
  1.288519166753942E-002 -1.217624548199583E-005
  1.287738150239954E-002 -1.245958667938322E-005
  1.286955409826715E-002 -1.267258953416277E-005
  1.286171842233635E-002 -1.280587908654716E-005
  1.285388742620551E-002 -1.285494232734395E-005
  1.284608136910061E-002 -1.281964927908224E-005
  1.283832534880420E-002 -1.270269410709150E-005
  1.283064191688552E-002 -1.250820228085396E-005
  1.282304431316199E-002 -1.224142558329746E-005
  1.281553593161438E-002 -1.190946446352213E-005
  1.280811678811752E-002 -1.152213795873531E-005
  1.280079191987950E-002 -1.109208304334188E-005
  1.279357473199287E-002 -1.063385043097325E-005
  1.278648209132934E-002 -1.016254634660664E-005
  1.277952452143098E-002 -9.692811560392441E-006
  1.277269889996369E-002 -9.238500958820547E-006
  1.276598929948556E-002 -8.812768528285202E-006
  1.275937540914399E-002 -8.427963589758977E-006
  1.275284224460395E-002 -8.095030925511863E-006
  1.274638407745222E-002 -7.822673784310671E-006
  1.274000017554641E-002 -7.616845143377869E-006
  1.273368624620171E-002 -7.480894819475136E-006
  1.272742848276432E-002 -7.416136355241736E-006
  1.272120469489954E-002 -7.422227079716242E-006
  1.271499135593324E-002 -7.496931528810997E-006
  1.270877109734152E-002 -7.635432124308481E-006
  1.270253542067765E-002 -7.829851001545719E-006
  1.269628158548529E-002 -8.069600843370092E-006
  1.269000713155326E-002 -8.342592566777469E-006
  1.268370675612894E-002 -8.636663110045913E-006
  1.267737365683572E-002 -8.940399172159318E-006
  1.267100350666635E-002 -9.242995567503686E-006
  1.266459731541446E-002 -9.533542869618365E-006
  1.265816090693318E-002 -9.800587110252731E-006
  1.265170198813274E-002 -1.003258643271898E-005
  1.264522781690929E-002 -1.021917910143022E-005
  1.263874558805065E-002 -1.035253539121010E-005
  1.263226482712341E-002 -1.042798921772943E-005
  1.262579898699201E-002 -1.044367514018153E-005
  1.261936402590236E-002 -1.039960117815816E-005
  1.261297450908413E-002 -1.029692146617863E-005
  1.260664023099924E-002 -1.013790684233974E-005
  1.260036623332671E-002 -9.926495824685369E-006
  1.259415635712777E-002 -9.668844656198855E-006
  1.258801739245542E-002 -9.373325671656565E-006
  1.258196014000722E-002 -9.049874858290922E-006
  1.257599604371452E-002 -8.709065843763595E-006
  1.257013165637536E-002 -8.361413015863450E-006
  1.256436511587114E-002 -8.017125356752029E-006
  1.255868741536644E-002 -7.686124115214941E-006
  1.255308760603130E-002 -7.377955297866096E-006
  1.254755806624893E-002 -7.101399129686351E-006
  1.254209598578011E-002 -6.863915508598825E-006
  1.253670020386291E-002 -6.671249966457347E-006
  1.253136611287499E-002 -6.527396872339742E-006
  1.252608270493164E-002 -6.434804103923860E-006
  1.252083403125769E-002 -6.394500576538887E-006
  1.251560391191146E-002 -6.405927859773021E-006
  1.251038040801149E-002 -6.466577758360668E-006
  1.250515705742789E-002 -6.571792940022299E-006
  1.249993058215051E-002 -6.715038113154543E-006
  1.249469742401192E-002 -6.888615759334037E-006
  1.248945201366181E-002 -7.084454349123302E-006
  1.248418791718766E-002 -7.294533775139823E-006
  1.247890057401861E-002 -7.510800349946943E-006
  1.247358925048618E-002 -7.724838825030995E-006
  1.246825680929102E-002 -7.927776438038428E-006
  1.246290789365692E-002 -8.110721585833640E-006
  1.245754735415077E-002 -8.265619893239897E-006
  1.245218023060373E-002 -8.386074213695257E-006
  1.244681295133691E-002 -8.467685363680803E-006
  1.244145419204669E-002 -8.507813532284163E-006
  1.243611414860488E-002 -8.505062968785655E-006
  1.243080250533614E-002 -8.458944690372279E-006
  1.242552670587439E-002 -8.369971395496807E-006
  1.242029201625408E-002 -8.240061440833269E-006
  1.241510335212507E-002 -8.072876081163134E-006
  1.240996722839471E-002 -7.873769889592944E-006
  1.240489191979734E-002 -7.649328814680630E-006
  1.239988531273178E-002 -7.406754635239600E-006
  1.239495187255003E-002 -7.153410913406578E-006
  1.239009102168898E-002 -6.896657231136509E-006
  1.238529824665978E-002 -6.643844769155626E-006
  1.238056816623890E-002 -6.402239327946208E-006
  1.237589726570676E-002 -6.178746552012391E-006
  1.237128426647081E-002 -5.979520337324291E-006
  1.236672795354101E-002 -5.809649916914893E-006
  1.236222425504471E-002 -5.673050712632750E-006
  1.235776491400764E-002 -5.572505584664006E-006
  1.235333882522006E-002 -5.509686391278923E-006
  1.234893507347221E-002 -5.485038690802706E-006
  1.234454550642280E-002 -5.497585739997865E-006
  1.234016518266683E-002 -5.544840916744544E-006
  1.233579075218402E-002 -5.622982087189702E-006
  1.233141834547940E-002 -5.727257135256063E-006
  1.232704271945250E-002 -5.852411251443034E-006
  1.232265822584957E-002 -5.992910979335399E-006
  1.231826068658712E-002 -6.142911005924854E-006
  1.231384867132601E-002 -6.296132355314026E-006
  1.230942334163478E-002 -6.445911252309489E-006
  1.230498726992825E-002 -6.585556559559256E-006
  1.230054337865597E-002 -6.708912549018777E-006
  1.229609482227538E-002 -6.810853859703986E-006
  1.229164564282340E-002 -6.887476242192431E-006
  1.228720129983601E-002 -6.935961113105330E-006
  1.228276833959428E-002 -6.954315436993754E-006
  1.227835332912684E-002 -6.941249028401089E-006
  1.227396192045710E-002 -6.896309331539193E-006
  1.226959883918617E-002 -6.820168188041302E-006
  1.226526875774690E-002 -6.714823820144588E-006
  1.226097716095287E-002 -6.583538787244486E-006
  1.225673022100951E-002 -6.430523432660759E-006
  1.225253349813414E-002 -6.260539681540287E-006
  1.224839031696883E-002 -6.078618426068125E-006
  1.224430105054391E-002 -5.889957200015858E-006
  1.224026390967620E-002 -5.699908638793379E-006
  1.223627667069477E-002 -5.513910840375552E-006
  1.223233802177594E-002 -5.337283350179066E-006
  1.222844749366907E-002 -5.174941098710491E-006
  1.222460405282152E-002 -5.031149110924795E-006
  1.222080449300547E-002 -4.909399659477744E-006
  1.221704292867148E-002 -4.812388044844613E-006
  1.221331184809927E-002 -4.741993123694927E-006
  1.220960400632505E-002 -4.699195783383887E-006
  1.220591384870109E-002 -4.683963578230247E-006
  1.220223758461260E-002 -4.695201584921683E-006
  1.219857209514270E-002 -4.730848127097512E-006
  1.219491370344117E-002 -4.788093601813035E-006
  1.219125783085138E-002 -4.863608243283112E-006
  1.218759977908413E-002 -4.953664197714112E-006
  1.218393599141177E-002 -5.054135243597218E-006
  1.218026485087217E-002 -5.160474608022573E-006
  1.217658653854762E-002 -5.267808087261571E-006
  1.217290224984884E-002 -5.371200526856638E-006
  1.216921349882824E-002 -5.466018824719268E-006
  1.216552202199739E-002 -5.548232026279902E-006
  1.216183018217281E-002 -5.614526591011637E-006
  1.215814133003109E-002 -5.662244514045210E-006
  1.215445967230424E-002 -5.689272307428657E-006
  1.215078969431917E-002 -5.694026734798659E-006
  1.214713561298266E-002 -5.675587601675578E-006
  1.214350130218964E-002 -5.633896669654770E-006
  1.213989067370060E-002 -5.569877584903100E-006
  1.213630803724342E-002 -5.485380698496366E-006
  1.213275793258533E-002 -5.382975007744520E-006
  1.212924437348197E-002 -5.265702649993625E-006
  1.212576998972754E-002 -5.136911164244480E-006
  1.212233571608376E-002 -5.000194530613962E-006
  1.211894128843676E-002 -4.859379465412754E-006
  1.211558617033169E-002 -4.718463072400569E-006
  1.211227017326651E-002 -4.581457929613074E-006
  1.210899326271386E-002 -4.452181433405372E-006
  1.210575469007270E-002 -4.334068683538049E-006
  1.210255214254105E-002 -4.230062197224504E-006
  1.209938161434082E-002 -4.142567357288130E-006
  1.209623816249888E-002 -4.073419386076231E-006
  1.209311704655693E-002 -4.023821602546405E-006
  1.209001448369993E-002 -3.994268247285711E-006
  1.208692757519984E-002 -3.984505788645578E-006
  1.208385360393472E-002 -3.993575135762819E-006
  1.208078935602752E-002 -4.019922647167520E-006
  1.207773104615483E-002 -4.061519227306910E-006
  1.207467491805167E-002 -4.115929330756826E-006
  1.207161807227758E-002 -4.180326136389430E-006
  1.206855894256996E-002 -4.251509899638517E-006
  1.206549716428305E-002 -4.326000055416496E-006
  1.206243305732219E-002 -4.400222852622357E-006
  1.205936719020670E-002 -4.470742625797349E-006
  1.205630033600105E-002 -4.534446285230294E-006
  1.205323374858157E-002 -4.588620230804900E-006
  1.205016941954499E-002 -4.630934830010552E-006
  1.204711003323580E-002 -4.659414326861919E-006
  1.204405863603526E-002 -4.672470347954157E-006
  1.204101829172098E-002 -4.669015577185705E-006
  1.203799198119040E-002 -4.648599956228365E-006
  1.203498274838999E-002 -4.611482971772386E-006
  1.203199383949798E-002 -4.558593064785269E-006
  1.202902856830711E-002 -4.491397606897990E-006
  1.202608988710571E-002 -4.411757527567304E-006
  1.202317993183879E-002 -4.321833028731102E-006
  1.202029987959083E-002 -4.224051791204564E-006
  1.201745022861385E-002 -4.121095205584857E-006
  1.201463126831611E-002 -4.015844530355922E-006
  1.201184333903555E-002 -3.911263553442000E-006
  1.200908664106018E-002 -3.810244814154472E-006
  1.200636072018870E-002 -3.715471096615273E-006
  1.200366403678378E-002 -3.629326290786324E-006
  1.200099398602890E-002 -3.553849513765540E-006
  1.199834740432633E-002 -3.490699724023043E-006
  1.199572123260799E-002 -3.441105791835028E-006
  1.199311289855584E-002 -3.405808254756884E-006
  1.199052020774787E-002 -3.385022994041718E-006
  1.198794091338628E-002 -3.378451357785774E-006
  1.198537236717114E-002 -3.385331328260121E-006
  1.198281156748645E-002 -3.404497948738103E-006
  1.198025559900794E-002 -3.434423134864455E-006
  1.197770216188137E-002 -3.473234568254196E-006
  1.197514984353792E-002 -3.518744716716428E-006
  1.197259800598579E-002 -3.568525432846151E-006
  1.197004645302602E-002 -3.620034810982004E-006
  1.196749517309679E-002 -3.670763539377379E-006
  1.196494433995733E-002 -3.718350757675433E-006
  1.196239451304858E-002 -3.760640048980580E-006
  1.195984681944780E-002 -3.795689406017417E-006
  1.195730294024941E-002 -3.821780626345799E-006
  1.195476490838600E-002 -3.837468243814743E-006
  1.195223488036335E-002 -3.841669913398631E-006
  1.194971503932561E-002 -3.833759429047942E-006
  1.194720763962271E-002 -3.813612328077316E-006
  1.194471505671592E-002 -3.781580680997747E-006
  1.194223969663733E-002 -3.738416826286545E-006
  1.193978375443728E-002 -3.685192146362922E-006
  1.193734896670245E-002 -3.623247726287322E-006
  1.193493653442273E-002 -3.554178596533016E-006
  1.193254726329902E-002 -3.479821189185521E-006
  1.193018178600552E-002 -3.402208992114907E-006
  1.192784065400935E-002 -3.323485240508181E-006
  1.192552418897248E-002 -3.245792643192721E-006
  1.192323218759637E-002 -3.171173738331034E-006
  1.192096371171957E-002 -3.101503022748181E-006
  1.191871714977015E-002 -3.038446624281214E-006
  1.191649053734971E-002 -2.983429011597721E-006
  1.191428193025151E-002 -2.937591085963084E-006
  1.191208958768533E-002 -2.901742957128070E-006
  1.190991187502396E-002 -2.876329342908800E-006
  1.190774701339077E-002 -2.861422764704100E-006
  1.190559291686559E-002 -2.856742876592473E-006
  1.190344728233733E-002 -2.861685323829358E-006
  1.190130789798342E-002 -2.875344335572741E-006
  1.189917297293985E-002 -2.896529112584939E-006
  1.189704128597891E-002 -2.923790361375006E-006
  1.189491209763650E-002 -2.955474536841916E-006
  1.189278494421615E-002 -2.989806972541427E-006
  1.189065949784538E-002 -3.024984254865767E-006
  1.188853559452462E-002 -3.059248777158959E-006
  1.188641338167729E-002 -3.090931631813024E-006
  1.188429344387733E-002 -3.118473930166444E-006
  1.188217679724662E-002 -3.140452026433375E-006
  1.188006475897279E-002 -3.155626198102753E-006
  1.187795879337246E-002 -3.163009466785390E-006
  1.187586043296702E-002 -3.161931563488334E-006
  1.187377128554034E-002 -3.152069852873658E-006
  1.187169305135758E-002 -3.133436944497080E-006
  1.186962746715680E-002 -3.106339758522231E-006
  1.186757616854379E-002 -3.071337795037962E-006
  1.186554054831640E-002 -3.029220107063567E-006
  1.186352170414096E-002 -2.980998621618336E-006
  1.186152049745358E-002 -2.927897669595484E-006
  1.185953764833643E-002 -2.871319275127951E-006
  1.185757375558515E-002 -2.812779867627936E-006
  1.185562919302885E-002 -2.753832944436971E-006
  1.185370394393014E-002 -2.695999201377787E-006
  1.185179750179522E-002 -2.640716740806510E-006
  1.184990892888488E-002 -2.589307970673179E-006
  1.184803704897115E-002 -2.542950140396510E-006
  1.184618064972211E-002 -2.502639907029308E-006
  1.184433856478494E-002 -2.469154173571359E-006
  1.184250960184561E-002 -2.443018487919031E-006
  1.184069240481211E-002 -2.424492853743302E-006
  1.183888538977641E-002 -2.413574988929434E-006
  1.183708683638588E-002 -2.410012229811364E-006
  1.183529509643202E-002 -2.413313361324257E-006
  1.183350879442247E-002 -2.422760157270992E-006
  1.183172690599930E-002 -2.437427065478703E-006
  1.182994869539613E-002 -2.456217766814455E-006
  1.182817359441088E-002 -2.477918244802895E-006
  1.182640113494280E-002 -2.501255063864171E-006
  1.182463098871976E-002 -2.524944415345946E-006
  1.182286307487217E-002 -2.547725463630814E-006
  1.182109764412721E-002 -2.568384460552742E-006
  1.181933527368390E-002 -2.585783325471096E-006
  1.181757678053243E-002 -2.598901625080209E-006
  1.181582311852141E-002 -2.606887621363996E-006
  1.181407532123714E-002 -2.609102879724450E-006
  1.181233449896708E-002 -2.605144967812755E-006
  1.181060184536338E-002 -2.594844275365213E-006
  1.180887860387067E-002 -2.578245115768317E-006
  1.180716598668244E-002 -2.555587234627371E-006
  1.180546508801175E-002 -2.527297458886689E-006
  1.180377684283579E-002 -2.493988004421422E-006
  1.180210204309364E-002 -2.456448496265719E-006
  1.180044137113971E-002 -2.415620181134741E-006
  1.179879539315433E-002 -2.372551438693956E-006
  1.179716449087848E-002 -2.328344849441182E-006
  1.179554876940793E-002 -2.284109314733734E-006
  1.179394801039426E-002 -2.240924412866873E-006
  1.179236171424027E-002 -2.199814202699233E-006
  1.179078921020418E-002 -2.161722168558313E-006
  1.178922976196895E-002 -2.127481635698529E-006
  1.178768260108334E-002 -2.097783526181684E-006
  1.178614687940842E-002 -2.073148895679406E-006
  1.178462159801986E-002 -2.053912795541879E-006
  1.178310559108592E-002 -2.040220051269619E-006
  1.178159760237658E-002 -2.032028140517289E-006
  1.178009642183034E-002 -2.029112129442417E-006
  1.177860100514763E-002 -2.031071264222418E-006
  1.177711051421306E-002 -2.037341570299770E-006
  1.177562427644823E-002 -2.047218930214698E-006
  1.177414171851569E-002 -2.059892136077588E-006
  1.177266234064993E-002 -2.074479622946779E-006
  1.177118575749896E-002 -2.090062218783982E-006
  1.176971177495322E-002 -2.105708820738736E-006
  1.176824044487003E-002 -2.120498758877866E-006
  1.176677205936759E-002 -2.133547895648821E-006
  1.176530709315070E-002 -2.144042188460564E-006
  1.176384613652320E-002 -2.151274965302867E-006
  1.176238985787561E-002 -2.154678583104581E-006
  1.176093900048533E-002 -2.153842163774054E-006
  1.175949438620504E-002 -2.148514196832387E-006
  1.175805689510563E-002 -2.138596551949912E-006
  1.175662741535498E-002 -2.124138918235695E-006
  1.175520678656159E-002 -2.105338149710207E-006
  1.175379576588786E-002 -2.082539237324406E-006
  1.175239502469852E-002 -2.056229838280586E-006
  1.175100515486890E-002 -2.027022129892915E-006
  1.174962665498273E-002 -1.995622581449986E-006
  1.174825988653132E-002 -1.962796650446123E-006
  1.174690502186773E-002 -1.929336654974446E-006
  1.174556202073280E-002 -1.896036700990561E-006
  1.174423065582389E-002 -1.863672441760228E-006
  1.174291057222255E-002 -1.832980462916759E-006
  1.174160133994108E-002 -1.804634135639653E-006
  1.174030246545969E-002 -1.779217604414315E-006
  1.173901336275465E-002 -1.757202944993850E-006
  1.173773331946267E-002 -1.738934847227972E-006
  1.173646150096305E-002 -1.724623442806226E-006
  1.173519700807949E-002 -1.714342526664219E-006
  1.173393896402849E-002 -1.708030153727977E-006
  1.173268658464945E-002 -1.705491207969250E-006
  1.173143919933453E-002 -1.706404265269790E-006
  1.173019622715883E-002 -1.710335185309424E-006
  1.172895714413275E-002 -1.716757144143974E-006
  1.172772147953643E-002 -1.725073684729526E-006
  1.172648885220340E-002 -1.734640690833029E-006
  1.172525902416840E-002 -1.744785706431557E-006
  1.172403193542475E-002 -1.754826599295861E-006
  1.172280769847370E-002 -1.764093026550510E-006
  1.172158656075675E-002 -1.771952037841136E-006
  1.172036886280635E-002 -1.777835041140351E-006
  1.171915501585532E-002 -1.781260652892306E-006
  1.171794550090255E-002 -1.781849041448955E-006
  1.171674087152950E-002 -1.779327596098716E-006
  1.171554174098852E-002 -1.773531892618039E-006
  1.171434874957758E-002 -1.764406781650074E-006
  1.171316252588326E-002 -1.752009405311904E-006
  1.171198365948505E-002 -1.736511529197282E-006
  1.171081269062122E-002 -1.718196305421780E-006
  1.170965010610243E-002 -1.697446244547011E-006
  1.170849632568126E-002 -1.674723440840023E-006
  1.170735167394153E-002 -1.650546672467383E-006
  1.170621634972096E-002 -1.625470279588667E-006
  1.170509041245949E-002 -1.600066780112834E-006
  1.170397379513792E-002 -1.574911540627115E-006
  1.170286633413794E-002 -1.550566322726007E-006
  1.170176779378851E-002 -1.527560091519796E-006
  1.170067786883432E-002 -1.506368541158673E-006
  1.169959616786522E-002 -1.487395771588868E-006
  1.169852219890852E-002 -1.470960979612379E-006
  1.169745537977300E-002 -1.457290633170892E-006
  1.169639507863358E-002 -1.446514491862450E-006
  1.169534066807218E-002 -1.438663640923733E-006
  1.169429156595278E-002 -1.433670247689784E-006
  1.169324724681357E-002 -1.431370370430288E-006
  1.169220722962808E-002 -1.431511261399339E-006
  1.169117106440301E-002 -1.433763087089092E-006
  1.169013833857715E-002 -1.437733228730191E-006
  1.168910870656966E-002 -1.442980932034875E-006
  1.168808192650185E-002 -1.449031413343663E-006
  1.168705788200845E-002 -1.455390385581352E-006
  1.168603657791081E-002 -1.461560611976739E-006
  1.168501811670735E-002 -1.467060819824148E-006
  1.168400267381860E-002 -1.471445090880509E-006
  1.168299048567982E-002 -1.474319566945624E-006
  1.168198185081597E-002 -1.475354157647981E-006
  1.168097713217334E-002 -1.474289372452387E-006
  1.167997674844889E-002 -1.470940548497244E-006
  1.167898115200338E-002 -1.465201924379089E-006
  1.167799080177294E-002 -1.457051099989312E-006
  1.167700614214618E-002 -1.446551984947959E-006
  1.167602759173167E-002 -1.433853356951720E-006
  1.167505553644473E-002 -1.419181447155337E-006
  1.167409031822425E-002 -1.402827564802897E-006
  1.167313221659373E-002 -1.385133703295660E-006
  1.167218142951996E-002 -1.366478950260543E-006
  1.167123806384642E-002 -1.347267605983935E-006
  1.167030214005651E-002 -1.327917803887459E-006
  1.166937360573184E-002 -1.308848757504973E-006
  1.166845234588077E-002 -1.290465918920740E-006
  1.166753818208126E-002 -1.273145258013990E-006
  1.166663086340850E-002 -1.257218990792025E-006
  1.166573006130043E-002 -1.242964603383514E-006
  1.166483537992885E-002 -1.230597472003944E-006
  1.166394638327235E-002 -1.220266079069081E-006
  1.166306262801783E-002 -1.212048724152569E-006
  1.166218368731361E-002 -1.205951579019391E-006
  1.166130915762372E-002 -1.201908925337643E-006
  1.166043865381782E-002 -1.199786501079540E-006
  1.165957180606293E-002 -1.199388003412462E-006
  1.165870826962098E-002 -1.200463763304569E-006
  1.165784774755019E-002 -1.202720338773554E-006
  1.165699001546790E-002 -1.205830468247728E-006
  1.165613493527887E-002 -1.209443794073278E-006
  1.165528245236038E-002 -1.213199059705922E-006
  1.165443258170242E-002 -1.216737750414056E-006
  1.165358539432513E-002 -1.219717966768992E-006
  1.165274101201823E-002 -1.221826722249696E-006
  1.165189960955550E-002 -1.222789429878226E-006
  1.165106141656584E-002 -1.222376706256752E-006
  1.165022671145345E-002 -1.220409710355980E-006
  1.164939580614906E-002 -1.216765175829551E-006
  1.164856902716846E-002 -1.211380140335277E-006
  1.164774669996318E-002 -1.204255073902917E-006
  1.164692913926123E-002 -1.195453747198092E-006
  1.164611664236744E-002 -1.185099104513726E-006
  1.164530948041817E-002 -1.173365943496581E-006
  1.164450788584962E-002 -1.160472207685349E-006
  1.164371203952285E-002 -1.146670460621556E-006
  1.164292206308283E-002 -1.132239901430688E-006
  1.164213801909387E-002 -1.117478100453891E-006
  1.164135991590448E-002 -1.102691395299481E-006
  1.164058771107893E-002 -1.088183717060830E-006
  1.163982130956602E-002 -1.074244800552634E-006
  1.163906055878357E-002 -1.061139334803615E-006
  1.163830524736440E-002 -1.049098219233198E-006
  1.163755511332537E-002 -1.038312096999974E-006
  1.163680986134294E-002 -1.028926552561086E-006
  1.163606918243015E-002 -1.021038334861992E-006
  1.163533276782211E-002 -1.014692574326877E-006
  1.163460031362054E-002 -1.009881571457871E-006
  1.163387152003170E-002 -1.006545787121031E-006
  1.163314609310578E-002 -1.004577132300564E-006
  1.163242375457372E-002 -1.003824023485891E-006
  1.163170425858472E-002 -1.004097475953203E-006
  1.163098740825816E-002 -1.005177863987633E-006
  1.163027306450295E-002 -1.006822491996602E-006
  1.162956114466158E-002 -1.008774264110848E-006
  1.162885161503990E-002 -1.010771329592193E-006
  1.162814448428300E-002 -1.012556952446963E-006
  1.162743980196997E-002 -1.013888568762763E-006
  1.162673766122186E-002 -1.014545348391923E-006
  1.162603820014860E-002 -1.014334321520532E-006
  1.162534159752537E-002 -1.013095670708534E-006
  1.162464806226590E-002 -1.010707679251106E-006
  1.162395782036449E-002 -1.007091154880871E-006
  1.162327110377522E-002 -1.002212475926767E-006
  1.162258814297942E-002 -9.960843181641058E-007
  1.162190916146832E-002 -9.887637395608536E-007
  1.162123436912948E-002 -9.803481875832802E-007
  1.162056395340161E-002 -9.709704961260900E-007
  1.161989807007545E-002 -9.607937090819097E-007
  1.161923683689446E-002 -9.500058318348563E-007
  1.161858033146549E-002 -9.388139773454030E-007
  1.161792859194334E-002 -9.274373390665420E-007
  1.161728161731458E-002 -9.160989947281907E-007
  1.161663936544600E-002 -9.050172575004471E-007
  1.161600175028755E-002 -8.943975959354919E-007
  1.161536864187793E-002 -8.844258425197736E-007
  1.161473987196267E-002 -8.752627812185614E-007
  1.161411524457530E-002 -8.670397458408340E-007
  1.161349454761688E-002 -8.598548825043084E-007
  1.161287756106843E-002 -8.537701241437605E-007
  1.161226406042724E-002 -8.488092984837856E-007
  1.161165381796408E-002 -8.449578108276808E-007
  1.161104660625064E-002 -8.421640049547404E-007
  1.161044220660581E-002 -8.403419073013199E-007
  1.160984042107455E-002 -8.393749203430492E-007
  1.160924108346591E-002 -8.391202163753270E-007
  1.160864406522667E-002 -8.394138648118474E-007
  1.160804927524145E-002 -8.400768033088761E-007
  1.160745665638953E-002 -8.409215357832271E-007
  1.160686618300871E-002 -8.417590999894752E-007
  1.160627786149608E-002 -8.424057031136452E-007
  1.160569173284784E-002 -8.426886256857036E-007
  1.160510787377069E-002 -8.424513912193746E-007
  1.160452639365745E-002 -8.415584629511689E-007
  1.160394742743740E-002 -8.398996339597544E-007
  1.160337112678577E-002 -8.373938996132300E-007
  1.160279765252386E-002 -8.339922661130388E-007
  1.160222716927026E-002 -8.296789629799336E-007
  1.160165984122045E-002 -8.244709222547604E-007
  1.160109582718629E-002 -8.184158876183192E-007
  1.160053527416413E-002 -8.115897576479934E-007
  1.159997831051298E-002 -8.040935877138623E-007
  1.159942504061938E-002 -7.960502430175042E-007
  1.159887554202939E-002 -7.876003712328792E-007
  1.159832986432546E-002 -7.788974102431040E-007
  1.159778802811193E-002 -7.701017277411689E-007
  1.159725002320080E-002 -7.613744078534894E-007
  1.159671580680947E-002 -7.528713419274575E-007
  1.159618530370991E-002 -7.447380597766342E-007
  1.159565840969044E-002 -7.371053475346325E-007
  1.159513499776801E-002 -7.300854410644346E-007
  1.159461492489175E-002 -7.237686271886385E-007
  1.159409803686563E-002 -7.182203425701694E-007
  1.159358417098227E-002 -7.134790848497271E-007
  1.159307315800625E-002 -7.095554474310403E-007
  1.159256482592090E-002 -7.064323671379959E-007
  1.159205900658779E-002 -7.040664191058886E-007
  1.159155554413823E-002 -7.023898972114412E-007
  1.159105430236021E-002 -7.013135180014172E-007
  1.159055516878689E-002 -7.007297457806218E-007
  1.159005805527214E-002 -7.005167809769423E-007
  1.158956289692739E-002 -7.005431261806597E-007
  1.158906965180970E-002 -7.006724537200102E-007
  1.158857830239977E-002 -7.007684177449761E-007
  1.158808885785205E-002 -7.006991617919819E-007
  1.158760135487376E-002 -7.003414811706776E-007
  1.158711585569966E-002 -6.995847281573235E-007
  1.158663244337621E-002 -6.983344819317930E-007
  1.158615121602280E-002 -6.965157995447278E-007
  1.158567228182944E-002 -6.940757024800180E-007
  1.158519575538178E-002 -6.909845946870656E-007
  1.158472175455852E-002 -6.872365503030004E-007
  1.158425039682665E-002 -6.828486854805920E-007
  1.158378179448707E-002 -6.778599394710466E-007
  1.158331604954322E-002 -6.723294654930300E-007
  1.158285324936512E-002 -6.663345877803469E-007
  1.158239346381620E-002 -6.599681263393132E-007
  1.158193674352676E-002 -6.533349593128363E-007
  1.158148311845712E-002 -6.465479393342476E-007
  1.158103259627456E-002 -6.397235200286266E-007
  1.158058516099161E-002 -6.329775070346054E-007
  1.158014077289321E-002 -6.264211940648986E-007
  1.157969937042454E-002 -6.201579092374221E-007
  1.157926087365976E-002 -6.142798601106357E-007
  1.157882518810556E-002 -6.088652139283588E-007
  1.157839220767901E-002 -6.039755164541682E-007
  1.157796181671260E-002 -5.996536842047561E-007
  1.157753389196184E-002 -5.959227888068460E-007
  1.157710830587699E-002 -5.927857036177517E-007
  1.157668493157186E-002 -5.902255194437411E-007
  1.157626364861282E-002 -5.882065732465348E-007
  1.157584434800143E-002 -5.866759904975012E-007
  1.157542693514031E-002 -5.855657349757664E-007
  1.157501133083546E-002 -5.847951855900505E-007
  1.157459747151812E-002 -5.842741850144618E-007
  1.157418531000927E-002 -5.839063931016616E-007
  1.157377481724096E-002 -5.835927272040799E-007
  1.157336598414820E-002 -5.832347255940787E-007
  1.157295882240034E-002 -5.827377784539277E-007
  1.157255336314002E-002 -5.820142342012978E-007
  1.157214965399910E-002 -5.809863481382495E-007
  1.157174775549016E-002 -5.795889309014399E-007
  1.157134773783760E-002 -5.777714782142206E-007
  1.157094967854241E-002 -5.754996028395720E-007
  1.157055366015827E-002 -5.727557334082781E-007
  1.157015976754302E-002 -5.695391946491923E-007
  1.156976808433401E-002 -5.658658325238750E-007
  1.156937868909759E-002 -5.617672682202679E-007
  1.156899165191163E-002 -5.572897328064239E-007
  1.156860703183975E-002 -5.524923671749895E-007
  1.156822487516738E-002 -5.474449356133358E-007
  1.156784521393695E-002 -5.422250562310848E-007
  1.156746806451673E-002 -5.369151859284346E-007
  1.156709342644357E-002 -5.315996160009431E-007
  1.156672128209308E-002 -5.263616325941540E-007
  1.156635159752753E-002 -5.212808586519415E-007
  1.156598432430089E-002 -5.164307264132069E-007
  1.156561940155335E-002 -5.118760730956813E-007
  1.156525675780907E-002 -5.076709588948109E-007
  1.156489631245424E-002 -5.038568803998266E-007
  1.156453797744769E-002 -5.004615317768162E-007
  1.156418165989824E-002 -4.974981665176365E-007
  1.156382726562788E-002 -4.949655089033922E-007
  1.156347470312174E-002 -4.928481255064953E-007
  1.156312388692214E-002 -4.911172013156245E-007
  1.156277473984491E-002 -4.897317204295868E-007
  1.156242719414039E-002 -4.886400652074771E-007
  1.156208119231196E-002 -4.877820011532962E-007
  1.156173668829132E-002 -4.870909456759335E-007
  1.156139364908261E-002 -4.864963842560172E-007
  1.156105205630688E-002 -4.859263225918140E-007
  1.156071190684096E-002 -4.853097194625922E-007
  1.156037321212064E-002 -4.845788769204204E-007
  1.156003599635736E-002 -4.836717409311640E-007
  1.155970029437364E-002 -4.825340079505577E-007
  1.155936614967930E-002 -4.811208976381948E-007
  1.155903361290993E-002 -4.793984809983467E-007
  1.155870274026526E-002 -4.773445362696384E-007
  1.155837359149393E-002 -4.749489851229604E-007
  1.155804622730085E-002 -4.722139829759153E-007
  1.155772070649344E-002 -4.691536900021274E-007
  1.155739708336738E-002 -4.657936811634066E-007
  1.155707540564186E-002 -4.621699292718105E-007
  1.155675571289269E-002 -4.583273454051001E-007
  1.155643803522344E-002 -4.543179561272116E-007
  1.155612239201963E-002 -4.501988708118454E-007
  1.155580879091760E-002 -4.460301944694757E-007
  1.155549722729827E-002 -4.418729769330501E-007
  1.155518768450556E-002 -4.377872120361366E-007
  1.155488013467790E-002 -4.338298704901013E-007
  1.155457453984337E-002 -4.300529856528504E-007
  1.155427085298258E-002 -4.265018778251784E-007
  1.155396901906785E-002 -4.232136426921218E-007
  1.155366897637756E-002 -4.202160091347161E-007
  1.155337065839223E-002 -4.175266056385981E-007
  1.155307399627196E-002 -4.151526100212295E-007
  1.155277892152899E-002 -4.130907345694895E-007
  1.155248536836092E-002 -4.113275205321353E-007
  1.155219327533157E-002 -4.098399486697311E-007
  1.155190258651185E-002 -4.085963789402571E-007
  1.155161325249047E-002 -4.075578013657823E-007
  1.155132523160277E-002 -4.066793355476390E-007
  1.155103849136065E-002 -4.059118916485002E-007
  1.155075300969290E-002 -4.052039163262191E-007
  1.155046877551953E-002 -4.045031761969140E-007
  1.155018578844992E-002 -4.037585480388406E-007
  1.154990405780356E-002 -4.029217718005680E-007
  1.154962360139227E-002 -4.019490918756067E-007
  1.154934444441296E-002 -4.008026953780335E-007
  1.154906661848155E-002 -3.994518749611026E-007
  1.154879016055999E-002 -3.978738905215176E-007
  1.154851511150447E-002 -3.960545470111598E-007
  1.154824151418738E-002 -3.939885148786884E-007
  1.154796941141986E-002 -3.916793935754740E-007
  1.154769884400564E-002 -3.891394852101144E-007
  1.154742984913002E-002 -3.863892403482823E-007
  1.154716245906177E-002 -3.834563742375269E-007
  1.154689670001667E-002 -3.803747091181653E-007
  1.154663259109151E-002 -3.771828381855724E-007
  1.154637014334621E-002 -3.739227037686130E-007
  1.154610935921880E-002 -3.706381433952388E-007
  1.154585023239900E-002 -3.673734159736350E-007
  1.154559274811311E-002 -3.641717098401131E-007
  1.154533688364057E-002 -3.610736611701879E-007
  1.154508260891117E-002 -3.581159519236402E-007
  1.154482988719261E-002 -3.553300768852778E-007
  1.154457867602423E-002 -3.527413521181343E-007
  1.154432892853991E-002 -3.503681942667332E-007
  1.154408059514588E-002 -3.482216607519644E-007
  1.154383362531555E-002 -3.463052288801941E-007
  1.154358796920321E-002 -3.446148059342643E-007
  1.154334357892041E-002 -3.431389814381192E-007
  1.154310040955518E-002 -3.418595345047177E-007
  1.154285842015749E-002 -3.407521873986110E-007
  1.154261757485113E-002 -3.397875668408348E-007
  1.154237784401204E-002 -3.389323170445284E-007
  1.154213920525501E-002 -3.381503122881721E-007
  1.154190164395298E-002 -3.374039320609316E-007
  1.154166515319309E-002 -3.366553706916762E-007
  1.154142973331296E-002 -3.358679456945294E-007
  1.154119539128089E-002 -3.350073524553941E-007
  1.154096214010652E-002 -3.340428041625387E-007
  1.154072999827034E-002 -3.329480069877066E-007
  1.154049898900643E-002 -3.317019464275314E-007
  1.154026913928056E-002 -3.302894836535210E-007
  1.154004047845777E-002 -3.287017653029154E-007
  1.153981303682101E-002 -3.269364366655066E-007
  1.153958684415752E-002 -3.249976331861994E-007
  1.153936192854238E-002 -3.228957273770140E-007
  1.153913831530711E-002 -3.206468331092774E-007
  1.153891602610330E-002 -3.182721031965963E-007
  1.153869507800928E-002 -3.157968779002214E-007
  1.153847548273165E-002 -3.132497383641038E-007
  1.153825724601886E-002 -3.106614967807480E-007
  1.153804036737246E-002 -3.080641343707788E-007
  1.153782484004214E-002 -3.054896966475793E-007
  1.153761065121331E-002 -3.029691748125320E-007
  1.153739778230822E-002 -3.005314263235206E-007
  1.153718620940588E-002 -2.982021976034381E-007
  1.153697590385956E-002 -2.960032984955110E-007
  1.153676683317741E-002 -2.939519508480932E-007
  1.153655896213109E-002 -2.920603104009242E-007
  1.153635225395125E-002 -2.903351551417890E-007
  1.153614667144495E-002 -2.887777425093277E-007
  1.153594217795655E-002 -2.873838486164788E-007
  1.153573873822040E-002 -2.861440015652988E-007
  1.153553631922061E-002 -2.850439054895827E-007
  1.153533489112168E-002 -2.840650318688947E-007
  1.153513442820642E-002 -2.831853424005959E-007
  1.153493490965555E-002 -2.823801086137405E-007
  1.153473632001243E-002 -2.816228013432339E-007
  1.153453864929190E-002 -2.808860278616010E-007
  1.153434189282953E-002 -2.801424896733024E-007
  1.153414605102336E-002 -2.793659242807261E-007
  1.153395112906129E-002 -2.785319891489325E-007
  1.153375713660765E-002 -2.776190519577420E-007
  1.153356408734135E-002 -2.766088654831504E-007
  1.153337199825734E-002 -2.754871178303546E-007
  1.153318088874438E-002 -2.742438513774185E-007
  1.153299077955233E-002 -2.728737374375548E-007
  1.153280169178824E-002 -2.713761875601225E-007
  1.153261364602057E-002 -2.697552865910271E-007
  1.153242666148309E-002 -2.680195488845343E-007
  1.153224075532455E-002 -2.661815191155987E-007
  1.153205594187727E-002 -2.642572509913713E-007
  1.153187223198273E-002 -2.622656946110687E-007
  1.153168963245305E-002 -2.602280115055577E-007
  1.153150814572887E-002 -2.581668267284663E-007
  1.153132776973467E-002 -2.561054296675620E-007
  1.153114849788574E-002 -2.540669484354389E-007
  1.153097031920420E-002 -2.520735371104103E-007
  1.153079321854593E-002 -2.501456194095445E-007
  1.153061717697833E-002 -2.483012229608765E-007
  1.153044217233903E-002 -2.465554214235861E-007
  1.153026817994996E-002 -2.449198885929090E-007
  1.153009517340495E-002 -2.434025659453370E-007
  1.152992312534020E-002 -2.420074510240835E-007
  1.152975200814624E-002 -2.407345198117512E-007
  1.152958179464712E-002 -2.395797939650262E-007
  1.152941245880123E-002 -2.385355525854859E-007
  1.152924397644270E-002 -2.375906747517619E-007
  1.152907632601004E-002 -2.367310905204026E-007
  1.152890948915824E-002 -2.359403178993253E-007
  1.152874345116611E-002 -2.352000674047834E-007
  1.152857820112281E-002 -2.344908980221577E-007
  1.152841373195325E-002 -2.337929050750346E-007
  1.152825004036627E-002 -2.330864143981587E-007
  1.152808712676749E-002 -2.323526536608166E-007
  1.152792499510894E-002 -2.315743746490544E-007
  1.152776365260729E-002 -2.307364079256511E-007
  1.152760310928350E-002 -2.298261381505637E-007
  1.152744337734273E-002 -2.288338900832068E-007
  1.152728447047157E-002 -2.277532125540901E-007
  1.152712640314025E-002 -2.265810458123194E-007
  1.152696918995685E-002 -2.253177615574098E-007
  1.152681284506658E-002 -2.239670754034102E-007
  1.152665738156479E-002 -2.225358433120773E-007
  1.152650281091217E-002 -2.210337602259913E-007
  1.152634914238199E-002 -2.194729779665840E-007
  1.152619638259428E-002 -2.178676535318149E-007
  1.152604453518015E-002 -2.162334354621105E-007
  1.152589360058266E-002 -2.145868990252989E-007
  1.152574357597135E-002 -2.129449499934452E-007
  1.152559445524711E-002 -2.113242250424739E-007
  1.152544622913814E-002 -2.097405187219389E-007
  1.152529888540805E-002 -2.082082605246981E-007
  1.152515240919095E-002 -2.067400555552482E-007
  1.152500678343768E-002 -2.053462951401418E-007
  1.152486198942694E-002 -2.040348427974443E-007
  1.152471800729080E-002 -2.028108047657663E-007
  1.152457481653179E-002 -2.016763970051623E-007
  1.152443239654243E-002 -2.006309180902511E-007
  1.152429072715021E-002 -1.996708293968438E-007
  1.152414978918801E-002 -1.987899349532843E-007
  1.152400956504959E-002 -1.979796475973814E-007
  1.152387003916658E-002 -1.972293275717181E-007
  1.152373119835701E-002 -1.965266816401399E-007
  1.152359303203890E-002 -1.958582115835953E-007
  1.152345553234370E-002 -1.952096985012969E-007
  1.152331869417271E-002 -1.945667049694067E-007
  1.152318251521208E-002 -1.939150747118809E-007
  1.152304699588262E-002 -1.932414104881188E-007
  1.152291213918186E-002 -1.925335149886444E-007
  1.152277795039482E-002 -1.917807834519002E-007
  1.152264443669095E-002 -1.909745378287889E-007
  1.152251160665852E-002 -1.901082914365926E-007
  1.152237946983009E-002 -1.891779326705296E-007
  1.152224803622582E-002 -1.881818195256017E-007
  1.152211731590932E-002 -1.871207831248988E-007
  1.152198731853858E-002 -1.859980454820429E-007
  1.152185805290926E-002 -1.848190607547651E-007
  1.152172952651418E-002 -1.835912888781476E-007
  1.152160174515768E-002 -1.823239081154097E-007
  1.152147471265558E-002 -1.810274722241065E-007
  1.152134843062773E-002 -1.797135210177265E-007
  1.152122289837230E-002 -1.783941590198226E-007
  1.152109811280891E-002 -1.770816217918504E-007
  1.152097406849174E-002 -1.757878502247134E-007
  1.152085075770466E-002 -1.745240891040728E-007
  1.152072817064728E-002 -1.733005205586052E-007
  1.152060629570300E-002 -1.721259392179076E-007
  1.152048511976342E-002 -1.710074758925656E-007
  1.152036462858089E-002 -1.699503789106457E-007
  1.152024480713502E-002 -1.689578633057986E-007
  1.152012564001664E-002 -1.680310357102212E-007
  1.152000711183646E-002 -1.671688973287746E-007
  1.151988920765224E-002 -1.663684211894038E-007
  1.151977191338581E-002 -1.656246962480668E-007
  1.151965521619130E-002 -1.649311302960994E-007
  1.151953910474570E-002 -1.642797043428603E-007
  1.151942356945864E-002 -1.636612712681365E-007
  1.151930860261965E-002 -1.630658894436812E-007
  1.151919419850317E-002 -1.624831789574982E-007
  1.151908035343452E-002 -1.619026860969302E-007
  1.151896706579808E-002 -1.613142420520562E-007
  1.151885433596202E-002 -1.607083039492052E-007
  1.151874216610796E-002 -1.600762683845857E-007
  1.151863055997997E-002 -1.594107485844989E-007
  1.151851952258542E-002 -1.587058059665059E-007
  1.151840905987979E-002 -1.579571271652883E-007
  1.151829917844999E-002 -1.571621397434129E-007
  1.151818988519245E-002 -1.563200638474314E-007
  1.151808118697695E-002 -1.554319013570559E-007
  1.151797309029803E-002 -1.545003664337179E-007
  1.151786560093288E-002 -1.535297618201861E-007
  1.151775872363277E-002 -1.525258044086383E-007
  1.151765246186947E-002 -1.514954041269518E-007
  1.151754681764313E-002 -1.504464026407230E-007
  1.151744179134619E-002 -1.493872823007487E-007
  1.151733738167737E-002 -1.483268586547227E-007
  1.151723358560687E-002 -1.472739701929084E-007
  1.151713039840131E-002 -1.462371766487963E-007
  1.151702781371415E-002 -1.452244740805496E-007
  1.151692582373772E-002 -1.442430331625654E-007
  1.151682441940267E-002 -1.432989675143977E-007
  1.151672359060862E-002 -1.423971400566571E-007
  1.151662332647714E-002 -1.415410158875094E-007
  1.151652361562651E-002 -1.407325681170129E-007
  1.151642444646914E-002 -1.399722392714999E-007
  1.151632580752425E-002 -1.392589570513540E-007
  1.151622768772658E-002 -1.385902006566960E-007
  1.151613007670741E-002 -1.379621134544853E-007
  1.151603296503078E-002 -1.373696578483631E-007
  1.151593634438251E-002 -1.368068079531984E-007
  1.151584020772021E-002 -1.362667737881899E-007
  1.151574454939257E-002 -1.357422486449021E-007
  1.151564936522560E-002 -1.352256695414196E-007
  1.151555465256212E-002 -1.347094807455283E-007
  1.151546041023903E-002 -1.341863913136614E-007
  1.151536663849699E-002 -1.336496187339936E-007
  1.151527333883266E-002 -1.330931114267090E-007
  1.151518051381379E-002 -1.325117426425585E-007
  1.151508816687547E-002 -1.319014687609152E-007
  1.151499630210527E-002 -1.312594463377339E-007
  1.151490492401469E-002 -1.305841047803841E-007
  1.151481403729299E-002 -1.298751741000809E-007
  1.151472364654711E-002 -1.291336688636501E-007
  1.151463375604200E-002 -1.283618299630062E-007
  1.151454436946053E-002 -1.275630260105406E-007
  1.151445548969744E-002 -1.267416168447158E-007
  1.151436711869256E-002 -1.259027837503611E-007
  1.151427925730120E-002 -1.250523333692776E-007
  1.151419190519918E-002 -1.241964842573238E-007
  1.151410506082449E-002 -1.233416450845180E-007
  1.151401872136182E-002 -1.224941924290452E-007
  1.151393288277465E-002 -1.216602544545898E-007
  1.151384753988347E-002 -1.208455060502257E-007
  1.151376268648257E-002 -1.200549814307362E-007
  1.151367831548592E-002 -1.192929108871492E-007
  1.151359441909637E-002 -1.185625884735510E-007
  1.151351098899629E-002 -1.178662757855873E-007
  1.151342801655818E-002 -1.172051445584935E-007
  1.151334549306902E-002 -1.165792581992017E-007
  1.151326340995555E-002 -1.159875908471484E-007
  1.151318175899593E-002 -1.154280820410374E-007
  1.151310053250724E-002 -1.148977249755401E-007
  1.151301972350622E-002 -1.143926857940927E-007
  1.151293932584608E-002 -1.139084498655719E-007
  1.151285933433146E-002 -1.134399894459798E-007
  1.151277974480759E-002 -1.129819458523509E-007
  1.151270055421378E-002 -1.125288189998152E-007
  1.151262176059209E-002 -1.120751576428497E-007
  1.151254336304834E-002 -1.116157443394828E-007
  1.151246536167248E-002 -1.111457693137623E-007
  1.151238775742995E-002 -1.106609874834367E-007
  1.151231055203443E-002 -1.101578530376164E-007
  1.151223374780576E-002 -1.096336270152838E-007
  1.151215734751138E-002 -1.090864546743513E-007
  1.151208135419008E-002 -1.085154111897068E-007
  1.151200577096217E-002 -1.079205153128821E-007
  1.151193060083676E-002 -1.073027111823442E-007
  1.151185584652918E-002 -1.066638189176886E-007
  1.151178151029847E-002 -1.060064554753841E-007
  1.151170759380885E-002 -1.053339286300038E-007
  1.151163409801477E-002 -1.046501087064384E-007
  1.151156102306907E-002 -1.039592837871434E-007
  1.151148836825675E-002 -1.032660043974731E-007
  1.151141613195908E-002 -1.025749231247883E-007
  1.151134431165217E-002 -1.018906339203780E-007
  1.151127290393977E-002 -1.012175156488757E-007
  1.151120190461636E-002 -1.005595848275738E-007
  1.151113130875512E-002 -9.992036292459843E-008
  1.151106111081689E-002 -9.930276346244144E-008
  1.151099130477821E-002 -9.870900308761804E-008
  1.151092188427665E-002 -9.814053909892454E-008
  1.151085284276851E-002 -9.759803437221466E-008
  1.151078417369091E-002 -9.708134955514777E-008
  1.151071587061886E-002 -9.658956204699549E-008
  1.151064792741063E-002 -9.612101101486353E-008
  1.151058033833880E-002 -9.567336711295328E-008
  1.151051309820708E-002 -9.524372440284076E-008
  1.151044620245210E-002 -9.482871084664930E-008
  1.151037964722623E-002 -9.442461271080150E-008
  1.151031342945454E-002 -9.402750797230662E-008
  1.151024754686022E-002 -9.363340395726758E-008
  1.151018199795690E-002 -9.323837474129502E-008
  1.151011678201207E-002 -9.283869388324304E-008
  1.151005189898813E-002 -9.243095811277305E-008
  1.150998734946658E-002 -9.201219755270584E-008
  1.150992313455694E-002 -9.157996881122007E-008
  1.150985925578968E-002 -9.113242799896161E-008
  1.150979571499303E-002 -9.066838185632025E-008
  1.150973251415753E-002 -9.018731598177376E-008
  1.150966965529586E-002 -8.968939959947613E-008
  1.150960714030696E-002 -8.917546686390801E-008
  1.150954497085090E-002 -8.864697530923142E-008
  1.150948314823752E-002 -8.810594321636443E-008
  1.150942167332932E-002 -8.755486867661892E-008
  1.150936054645915E-002 -8.699663400184339E-008
  1.150929976736542E-002 -8.643439939228746E-008
  1.150923933514846E-002 -8.587148956313075E-008
  1.150917924825156E-002 -8.531127687543463E-008
  1.150911950446708E-002 -8.475706451918566E-008
  1.150906010096565E-002 -8.421197362419219E-008
  1.150900103434546E-002 -8.367883846123551E-008
  1.150894230069905E-002 -8.316011377314786E-008
  1.150888389569630E-002 -8.265779743030061E-008
  1.150882581468190E-002 -8.217337074915999E-008
  1.150876805278405E-002 -8.170775762373872E-008
  1.150871060502912E-002 -8.126130312585864E-008
  1.150865346645635E-002 -8.083377181204470E-008
  1.150859663222810E-002 -8.042436574741375E-008
  1.150854009773316E-002 -8.003176167300796E-008
  1.150848385868201E-002 -7.965416589128693E-008
  1.150842791119237E-002 -7.928938457257650E-008
  1.150837225186145E-002 -7.893490643253736E-008
  1.150831687782024E-002 -7.858799449153348E-008
  1.150826178676608E-002 -7.824578354168791E-008
  1.150820697697254E-002 -7.790538013859781E-008
  1.150815244727885E-002 -7.756396183131520E-008
  1.150809819706214E-002 -7.721887223619949E-008
  1.150804422619544E-002 -7.686770866797624E-008
  1.150799053499175E-002 -7.650839931624731E-008
  1.150793712413397E-002 -7.613926746488509E-008
  1.150788399459108E-002 -7.575908100938555E-008
  1.150783114752369E-002 -7.536708591589561E-008
  1.150777858418422E-002 -7.496302287054431E-008
  1.150772630581770E-002 -7.454712663361882E-008
  1.150767431356745E-002 -7.412010827722324E-008
  1.150762260838795E-002 -7.368312114751894E-008
  1.150757119096572E-002 -7.323771224492483E-008
  1.150752006164930E-002 -7.278576118911544E-008
  1.150746922039077E-002 -7.232940927656659E-008
  1.150741866670198E-002 -7.187098111630712E-008
  1.150736839962791E-002 -7.141290145444569E-008
  1.150731841773826E-002 -7.095760977513225E-008
  1.150726871913607E-002 -7.050747566543537E-008
  1.150721930148195E-002 -7.006471807507267E-008
  1.150717016203230E-002 -6.963133149774893E-008
  1.150712129769081E-002 -6.920902157694207E-008
  1.150707270507172E-002 -6.879915211915544E-008
  1.150702438057308E-002 -6.840270475937408E-008
  1.150697632045640E-002 -6.802025219891582E-008
  1.150692852092890E-002 -6.765194566368228E-008
  1.150688097822537E-002 -6.729751694935911E-008
  1.150683368868729E-002 -6.695629496329164E-008
  1.150678664883802E-002 -6.662723604602943E-008
  1.150673985545192E-002 -6.630896667670935E-008
  1.150669330561477E-002 -6.599983664935059E-008
  1.150664699677218E-002 -6.569798055704242E-008
  1.150660092676341E-002 -6.540138530182235E-008
  1.150655509383978E-002 -6.510796137067898E-008
  1.150650949666873E-002 -6.481561547820342E-008
  1.150646413432490E-002 -6.452232211259458E-008
  1.150641900626961E-002 -6.422619141972251E-008
  1.150637411231858E-002 -6.392553112968371E-008
  1.150632945259794E-002 -6.361890044792082E-008
  1.150628502748896E-002 -6.330515426525543E-008
  1.150624083756373E-002 -6.298347654491483E-008
  1.150619688351566E-002 -6.265340180490640E-008
  1.150615316608834E-002 -6.231482422964482E-008
  1.150610968600597E-002 -6.196799415392053E-008
  1.150606644390666E-002 -6.161350229912204E-008
  1.150602344027987E-002 -6.125225257499193E-008
  1.150598067540912E-002 -6.088542480238352E-008
  1.150593814932202E-002 -6.051442882812208E-008
  1.150589586175023E-002 -6.014085175453161E-008
  1.150585381210120E-002 -5.976639999800611E-008
  1.150581199944271E-002 -5.939283818773434E-008
  1.150577042249992E-002 -5.902192704659732E-008
  1.150572907966392E-002 -5.865536253753166E-008
  1.150568796901134E-002 -5.829471853301544E-008
  1.150564708833429E-002 -5.794139496942142E-008
  1.150560643517999E-002 -5.759657304816075E-008
  1.150556600689874E-002 -5.726117876026497E-008
  1.150552580069810E-002 -5.693585561586868E-008
  1.150548581370079E-002 -5.662094743523709E-008
  1.150544604300407E-002 -5.631649169770629E-008
  1.150540648573896E-002 -5.602222362226539E-008
  1.150536713912780E-002 -5.573759072995976E-008
  1.150532800053864E-002 -5.546177707974480E-008
  1.150528906753407E-002 -5.519373604950716E-008
  1.150525033791251E-002 -5.493223026915016E-008
  1.150521180973980E-002 -5.467587724091196E-008
  1.150517348137059E-002 -5.442319905853875E-008
  1.150513535145970E-002 -5.417267452893397E-008
  1.150509741896383E-002 -5.392279188263103E-008
  1.150505968313420E-002 -5.367210021198188E-008
  1.150502214349985E-002 -5.341925778386299E-008
  1.150498479984147E-002 -5.316307568079401E-008
  1.150494765215624E-002 -5.290255534272897E-008
  1.150491070061540E-002 -5.263691890796476E-008
  1.150487394551683E-002 -5.236563147906808E-008
