   1.00000002464607       0.000000000000000E+000
  0.829515798989826      -2.686918620184433E-003
  0.467974043441833      -1.586756530464820E-002
  0.212503327090366      -3.499932953784671E-002
  0.249452715065344      -4.392467225924554E-002
  0.506684858929501      -3.171659024606764E-002
  0.739223364807766      -6.006368787304624E-003
  0.756607974077693       1.135247895714856E-002
  0.580291311805295       3.476472479345278E-003
  0.397128469895304      -2.502645363810508E-002
  0.369075078739447      -5.008610994376969E-002
  0.485928922058226      -4.793746921495656E-002
  0.594700418721583      -1.551335269818152E-002
  0.564976118945058       2.650367391148419E-002
  0.422864688892249       5.059478511996134E-002
  0.323571079070866       4.441558732602437E-002
  0.392648942050187       1.910789113699387E-002
  0.593057077569665      -2.182002605996704E-003
  0.749411300218159      -4.303002771370161E-003
  0.709497431781180       9.077959737949202E-003
  0.491293973210539       2.196684561859613E-002
  0.275733253360201       2.203780739101218E-002
  0.248762531432545       1.074361747849120E-002
  0.436004180358511      -8.391123809299321E-004
  0.679897472959592      -4.724535821695280E-003
  0.778451534979099      -3.988887355876589E-003
  0.658968073663240      -8.309185964351873E-003
  0.432472813741000      -2.215150918571669E-002
  0.286667101511331      -3.803831623301002E-002
  0.320591458539797      -4.226859786220921E-002
  0.470130550505840      -2.808342267938098E-002
  0.583057445721818      -3.596523667544157E-003
  0.564285775672065       1.371246672981105E-002
  0.454344032949813       1.166267161060137E-002
  0.375028741904138      -5.849967583371991E-003
  0.403504784516591      -2.181607387209722E-002
  0.499095860039513      -2.042329679703855E-002
  0.550228781259935      -2.348709070230348E-004
  0.491037192051810       2.505889650787774E-002
  0.371510483336699       3.845916114164739E-002
  0.312195874072508       3.332783665057282E-002
  0.386767611178458       1.725616503577125E-002
  0.545464813341686       3.807469747542443E-003
  0.654090004953459       5.108813854540465E-004
  0.614312205297426       3.932255405130930E-003
  0.454425106167286       5.233264359524121E-003
  0.306673942108698      -2.154479866046738E-004
  0.291574945872827      -8.692176204777174E-003
  0.413990086203384      -1.292501199873792E-002
  0.563149426603372      -1.036727347940050E-002
  0.613123082973455      -6.297567349773948E-003
  0.530812545660097      -8.487564572104507E-003
  0.396160878029877      -1.869525388225301E-002
  0.322603001508793      -2.957351191360393E-002
  0.355519179690251      -3.052622879832356E-002
  0.440958267549830      -1.743879282489948E-002
  0.486903063628850       2.743539390972786E-003
  0.453332491944961       1.712642319123456E-002
  0.385153514970283       1.740630079865355E-002
  0.360883212721886       6.603073830329596E-003
  0.411070845618618      -3.862589330081126E-003
  0.486952089752952      -4.012836221489474E-003
  0.508913578752536       6.606258919173904E-003
  0.446650246621890       1.936600850367268E-002
  0.352707652183498       2.450875449568808E-002
  0.316045968869913       1.917921631401885E-002
  0.378633499835526       8.659001413255671E-003
  0.493455034286352       5.302937311102903E-004
  0.563930094167885      -2.204392845406466E-003
  0.529220570150401      -2.699901921638191E-003
  0.417822241090988      -5.723377768071204E-003
  0.321505519133066      -1.202517575758814E-002
  0.314495508312550      -1.734744684618670E-002
  0.391231832351226      -1.692696942200832E-002
  0.476768011957964      -1.082434524702933E-002
  0.496679393000083      -4.572986571893284E-003
  0.441003904757176      -4.220002391299594E-003
  0.365998250330655      -1.036632708492634E-002
  0.336986985075329      -1.697861452985597E-002
  0.368620921369140      -1.639917331544046E-002
  0.417330482278440      -6.193731931097020E-003
  0.428951530429073       8.338338546496630E-003
  0.392864189935464       1.831993214398076E-002
  0.350503415253950       1.848886850874140E-002
  0.351888375556414       1.116633884714396E-002
  0.403915197215803       3.738859988198669E-003
  0.461150981567041       2.167863138984178E-003
  0.468312233395764       6.334226225922712E-003
  0.413882413053520       1.101989710026027E-002
  0.343565099724248       1.110472839872736E-002
  0.320087991831429       5.982055680785591E-003
  0.366191484276408      -6.260172741446824E-004
  0.443317794676953      -4.739078421529369E-003
  0.485454308483046      -5.848921437794234E-003
  0.457073748924398      -6.773083348645233E-003
  0.382881860450364      -1.008154999096581E-002
  0.323837396057055      -1.488756683062620E-002
  0.322905715704271      -1.732546666309805E-002
  0.370000331940231      -1.432796407391681E-002
  0.415880681804861      -7.004198935637627E-003
  0.419238557043172      -1.992495567105809E-004
  0.382379443805470       1.585082823664935E-003
  0.344192963075189      -1.767872141421789E-003
  0.340190950935592      -5.745181400581900E-003
  0.369102253463060      -5.094407372954655E-003
  0.396992825351728       1.572694541115507E-003
  0.392881793760855       1.052477957240732E-002
  0.360165287144780       1.604386280824789E-002
  0.333393602972575       1.510501626707349E-002
  0.343967862745908       9.528932366475397E-003
  0.388189123278492       3.952663806717649E-003
  0.428666160696418       1.708305627988016E-003
  0.428244359286921       2.356163764389338E-003
  0.384790135749883       2.830724650331305E-003
  0.334266875998962       7.563299683520108E-004
  0.319027017519821      -3.334437268802755E-003
  0.350306797800635      -6.832512255378427E-003
  0.398882373660201      -7.854238269611621E-003
  0.421693088948676      -7.117905094846421E-003
  0.399631851707594      -7.051280422140305E-003
  0.352548405588169      -9.081685204764085E-003
  0.319346634785350      -1.186300617569880E-002
  0.322879726510671      -1.228968056291904E-002
  0.351852519184546      -8.436076332263382E-003
  0.374658592410009      -1.648961321358166E-003
  0.370208924517412       4.264532361862501E-003
  0.346290336965941       6.136716474700829E-003
  0.329374167968546       4.077036369814365E-003
  0.337331037534965       1.285577334855103E-003
  0.361963880059393       1.218501259602484E-003
  0.377754829889636       4.630354574993028E-003
  0.367613835653421       9.056931597874957E-003
  0.340334646491353       1.106188116020878E-002
  0.322808383194588       9.141026827246119E-003
  0.334362608461005       4.740437704056237E-003
  0.367633685936645       6.857240290676944E-004
  0.394217745410922      -1.341964936503170E-003
  0.390089184572286      -1.949220743727746E-003
  0.357377360443355      -2.925126186934406E-003
  0.322576072494661      -5.167016258039918E-003
  0.313038253990749      -7.719335507973517E-003
  0.333282821405882      -8.796615151986599E-003
  0.362245810563246      -7.682950324699394E-003
  0.373073435820337      -5.568043582923879E-003
  0.356787862086650      -4.453283166892633E-003
  0.328599349440030      -5.167657969518159E-003
  0.312375446111657      -6.430453535846503E-003
  0.318717505996762      -5.931274745769437E-003
  0.336912638090085      -2.489582968858394E-003
  0.347070757237529       2.690925557863237E-003
  0.339779639873066       6.860204467806693E-003
  0.324374654708996       7.940610379515765E-003
  0.318609655203462       6.170094466871459E-003
  0.330448125352305       3.749936631056874E-003
  0.349824817519649       2.873600218772303E-003
  0.358224198424701       3.916424848986633E-003
  0.346711875268634       5.331025292919943E-003
  0.325048807201624       5.202245852333601E-003
  0.313077774178957       2.961732441327134E-003
  0.322362403960948      -2.574798222706763E-004
  0.345211510740764      -2.801423173011120E-003
  0.361300787406979      -3.983409613214683E-003
  0.355789587074942      -4.478086314253659E-003
  0.332373813790457      -5.356619509815179E-003
  0.309622932689779      -6.811289502969476E-003
  0.304353930995225      -7.862476016002894E-003
  0.317333375396446      -7.331400628802199E-003
  0.333886619155530      -5.104039954443952E-003
  0.338023333554097      -2.416984818614361E-003
  0.326622320591117      -8.335935450589916E-004
  0.310950686461517      -8.427905062965137E-004
  0.305053056594625      -1.399146781614913E-003
  0.312560099906007      -8.661582197146941E-004
  0.324212229560526       1.471495044780720E-003
  0.327731451373563       4.690502402019524E-003
  0.320018993062696       6.950603942805993E-003
  0.309911197547035       7.005014136595259E-003
  0.309134449643676       5.165748002430377E-003
  0.320438507114798       2.917894400792246E-003
  0.334424325474404       1.599363887160805E-003
  0.338148010890279       1.354014463869572E-003
  0.327353298795827       1.238086341849395E-003
  0.310769366206583       2.690145649840504E-004
  0.302384753950664      -1.618603007987791E-003
  0.308824458580134      -3.571522130250141E-003
  0.323429295985759      -4.682532794808838E-003
  0.332347433028326      -4.830247424621441E-003
  0.326912041197465      -4.686110523260247E-003
  0.311033408565908      -4.926399167925401E-003
  0.297193950036483      -5.461541455446518E-003
  0.295134279386101      -5.463051383849768E-003
  0.303694898373394      -4.180475527851575E-003
  0.312895036609762      -1.763592961747664E-003
  0.313693343419901       7.186348607003955E-004
  0.306064305505805       2.121567473955032E-003
  0.298135269060375       2.177096518832461E-003
  0.297791160400444       1.686734936829820E-003
  0.305064304919833       1.775989677704686E-003
  0.312461575280385       2.879959655443689E-003
  0.312573366127254       4.361449457967641E-003
  0.305420230202000       5.078175691778986E-003
  0.298454662834698       4.365469604697932E-003
  0.299290436902203       2.559818474113305E-003
  0.308170697086367       6.420325840842104E-004
  0.317382797662055      -6.184210884713450E-004
  0.318225677415825      -1.225014005193106E-003
  0.309037118583161      -1.757384157993236E-003
  0.296829279935139      -2.677221138475191E-003
  0.291049911304367      -3.832431468839569E-003
  0.295231303681157      -4.616052441546500E-003
  0.304106103019361      -4.583970311755519E-003
  0.308621863461400      -3.902791587044647E-003
  0.304077932064121      -3.185804336981426E-003
  0.293982468539285      -2.882006598865504E-003
  0.286412256499631      -2.820409970917083E-003
  0.286573132259290      -2.364479466132980E-003
  0.292486458634065      -1.046638926599248E-003
  0.297488304507283       9.111505447731293E-004
  0.296790596677710       2.689668852098774E-003
  0.291781727136905       3.513280561718075E-003
  0.288196683407762       3.270067047401720E-003
  0.290217606827624       2.560906935551709E-003
  0.296307302108297       2.145535197424449E-003
  0.300720946304554       2.289800155044797E-003
  0.299122917709039       2.586622896366026E-003
  0.292853890446961       2.377812540308436E-003
  0.287755976297883       1.366425753497948E-003
  0.288669700668554      -1.325147008268229E-004
  0.294800722487895      -1.494236546655057E-003
  0.300310940900586      -2.321433719315911E-003
  0.299589806763127      -2.712173290936698E-003
  0.292333602148947      -3.041630184105571E-003
  0.283800074222718      -3.509339265884023E-003
  0.280095298859991      -3.908025582568328E-003
  0.282862024178624      -3.832206119757840E-003
  0.288141933161114      -3.108386700112014E-003
  0.290239742244809      -2.015150660539636E-003
  0.286875399615904      -1.068321144590818E-003
  0.280934093062048      -5.683708743549484E-004
  0.277452729139833      -3.396268043377190E-004
  0.278884256502894       8.557748447415753E-005
  0.283077564936087       1.001184148339251E-003
  0.285658952947091       2.208410950406831E-003
  0.284331217674198       3.139330434076573E-003
  0.280943210607741       3.315243441623197E-003
  0.279466107776962       2.731295564531404E-003
  0.281956106170961       1.833005177505274E-003
  0.286434760877385       1.122504897951029E-003
  0.288705007894361       7.565751694711105E-004
  0.286343425483610       4.847996045099455E-004
  0.281061351662759      -4.772112786010666E-005
  0.277195479174655      -9.348350804759775E-004
  0.277736388184699      -1.916054242401208E-003
  0.281588903045847      -2.617693138629678E-003
  0.284580618210988      -2.878955903136237E-003
  0.283252431341967      -2.852352296759963E-003
  0.277940073607374      -2.800256271625445E-003
  0.272385959890512      -2.803403092347015E-003
  0.270346879025100      -2.673057858446516E-003
  0.272358147373432      -2.152407072230605E-003
  0.275537844838879      -1.208500693133438E-003
  0.276432198072989      -1.262275561190382E-004
  0.274152761327659       6.967977354972433E-004
  0.270944766716121       1.071203930192209E-003
  0.269835845822726       1.157145585757503E-003
  0.271718880922792       1.294426874184130E-003
  0.274619622760466       1.675698367793422E-003
  0.275724226933392       2.158949195273503E-003
  0.274124464100766       2.385569491203779E-003
  0.271637957205035       2.092435856548244E-003
  0.270967546424742       1.336883291182160E-003
  0.273010183180115       4.419812313437221E-004
  0.275902844724387      -2.735876858700133E-004
  0.276714125303147      -7.305821883338927E-004
  0.274183062555889      -1.087738965102089E-003
  0.269934472317229      -1.529506011462270E-003
  0.267041444560080      -2.057447650777186E-003
  0.267274832753784      -2.479780556382437E-003
  0.269568378568007      -2.594986718062998E-003
  0.271067293379458      -2.382226927470195E-003
  0.269742942078900      -2.013857471929186E-003
  0.266167656246422      -1.683311570896425E-003
  0.262890942676545      -1.420280296630683E-003
  0.262090522656805      -1.074876541666136E-003
  0.263699109339489      -4.877188046932187E-004
  0.265664759440552       3.170462097153697E-004
  0.265974532354583       1.103127257178649E-003
  0.264482093617685       1.592264116461482E-003
  0.262869617794439       1.682012035423239E-003
  0.262890780530277       1.514933688302321E-003
  0.264636693145947       1.338679587333497E-003
  0.266467956959656       1.285463900837164E-003
  0.266621783239191       1.268119543610468E-003
  0.264916187024694       1.078989618872563E-003
  0.262919274169604       5.936085306058852E-004
  0.262437904777095      -1.072273410542587E-004
  0.263773400219510      -8.001839330705225E-004
  0.265396302386900      -1.298783791222149E-003
  0.265344611130013      -1.581711711962489E-003
  0.263038106641308      -1.760975596773715E-003
  0.259829665135056      -1.935339103223844E-003
  0.257802151882385      -2.077221480995429E-003
  0.257935255448197      -2.059866328243637E-003
  0.259313010835992      -1.791758109801003E-003
  0.260047921585728      -1.322706813659024E-003
  0.259019706216935      -8.163007992783656E-004
  0.256827764215234      -4.139601528377675E-004
  0.255142023284872      -1.203982079967831E-004
  0.255129725695705       1.798913955574451E-004
  0.256440662270801       5.898001657821095E-004
  0.257643009779108       1.075314825411714E-003
  0.257621060147570       1.467565091557399E-003
  0.256582785404357       1.592302465223453E-003
  0.255755395267649       1.410941656036746E-003
  0.256117459602846       1.047699662663812E-003
  0.257410454699936       6.817866542611593E-004
  0.258368632649180       4.041350323589811E-004
  0.257927235980935       1.650570783157733E-004
  0.256245774284423      -1.483159509500778E-004
  0.254574691658051      -5.839177832432205E-004
  0.254095190926618      -1.065289482606348E-003
  0.254823852324097      -1.450122352120011E-003
  0.255601396332404      -1.645551356640735E-003
  0.255166483199704      -1.671145747295504E-003
  0.253314692482594      -1.616114557845741E-003
  0.251083906166861      -1.539339213528463E-003
  0.249821155836296      -1.412037366719667E-003
  0.250006754258752      -1.157354032295409E-003
  0.250900877842048      -7.455157610911497E-004
  0.251290578186552      -2.494997420294271E-004
  0.250606802761501       1.955829907989892E-004
  0.249381792986820       4.939086277424052E-004
  0.248671312906840       6.573940116378410E-004
  0.249032696300462       7.776821944907999E-004
  0.250026744614608       9.277691236073778E-004
  0.250677493707504       1.084217754511318E-003
  0.250411927538010       1.141249319490825E-003
  0.249573764927274       1.003320759574542E-003
  0.249041096475840       6.719725270701268E-004
  0.249339145476639       2.499742074027818E-004
  0.250106808152558      -1.378519956433721E-004
  0.250422563072168      -4.339260141969503E-004
  0.249674218564608      -6.694886705821035E-004
  0.248147884649882      -9.061627193802684E-004
  0.246783774143086      -1.157919702508375E-003
  0.246329846103388      -1.367212735070488E-003
  0.246679706579796      -1.453996996177073E-003
  0.246998507182446      -1.387259868936867E-003
  0.246505504328515      -1.210245315162172E-003
  0.245185436202179      -9.975621880979383E-004
  0.243787129556574      -7.879678385124239E-004
  0.243136903614446      -5.583571007375734E-004
  0.243414463789003      -2.631967965945266E-004
  0.244044731319934       9.998001155263770E-005
  0.244269083572196       4.636591475676682E-004
  0.243838266377711       7.302170778254883E-004
  0.243187635246063       8.437248258756008E-004
  0.242964868616339       8.285516946397349E-004
  0.243385562762781       7.600191270163385E-004
  0.244029435580348       6.944702676148870E-004
  0.244251071200326       6.222527786056114E-004
  0.243794892623773       4.847163748455402E-004
  0.243024745361308       2.373456859877407E-004
  0.242558486502365      -9.966550943397981E-005
  0.242664946369379      -4.483628888473419E-004
  0.242998579351531      -7.288415648101723E-004
  0.242920529147156      -9.121271766556755E-004
  0.242101211722987      -1.024344514608221E-003
  0.240840109040136      -1.103534807111005E-003
  0.239808364392394      -1.153476877337824E-003
  0.239457184202151      -1.138402964214225E-003
  0.239636996586064      -1.021238685426241E-003
  0.239766415328000      -8.063181361392495E-004
  0.239379565260282      -5.445004985310800E-004
  0.238542686197059      -2.956682091831730E-004
  0.237769607266433      -8.449357621814247E-005
  0.237536642310150       1.086566504252592E-004
  0.237856958949574       3.136901032159581E-004
  0.238297806483992       5.267417594963549E-004
  0.238399790740445       6.987536482525099E-004
  0.238090433139014       7.687388126352297E-004
  0.237710241554764       7.121044592006692E-004
  0.237647795785580       5.604486588870763E-004
  0.237945757209649       3.754360318016271E-004
  0.238252892395443       2.008736408011106E-004
  0.238158555188531       3.568015503182699E-005
  0.237583685806690      -1.501119824874176E-004
  0.236856047909024      -3.738054870331984E-004
  0.236401923521338      -6.124112970970590E-004
  0.236348247863326      -8.136055729819937E-004
  0.236408874497692      -9.335380890944232E-004
  0.236158210167146      -9.660461384778559E-004
  0.235434030978723      -9.378490069632860E-004
  0.234496146904001      -8.771134239877953E-004
  0.233799436517068      -7.869202953330091E-004
  0.233596074862606      -6.486025919794976E-004
  0.233731401384962      -4.501380670404247E-004
  0.233809728622336      -2.106571703364247E-004
  0.233563972108261       2.374798184861267E-005
  0.233085263290052       2.099837032807552E-004
  0.232712115488448       3.361068178613181E-004
  0.232698999800679       4.217459817539283E-004
  0.232980162737614       4.908957054389011E-004
  0.233241278413376       5.428899871123975E-004
  0.233216916858038       5.487944200762446E-004
  0.232926110982676       4.766593159174585E-004
  0.232628585013776       3.224602189988584E-004
  0.232554498279162       1.186277155118044E-004
  0.232671749578195      -8.719104107462122E-005
  0.232711739382844      -2.637327683109497E-004
  0.232425096357227      -4.104021332779875E-004
  0.231822276298528      -5.435524688202350E-004
  0.231171873807358      -6.698028002811290E-004
  0.230759679045203      -7.720945374357411E-004
  0.230634579294550      -8.208217141164881E-004
  0.230576040206085      -7.984332415754524E-004
  0.230308960659839      -7.139663825137556E-004
  0.229763620971176      -5.944914483097917E-004
  0.229142111908652      -4.626209976959057E-004
  0.228736177455764      -3.218636034168227E-004
  0.228669669648254      -1.632076865179649E-004
  0.228801035798915       1.449083876206618E-005
  0.228866259591538       1.909840014681432E-004
  0.228720560171742       3.319697221716879E-004
  0.228454116689211       4.113667427333025E-004
  0.228283613006607       4.283665441149126E-004
  0.228332380131969       4.038237667121406E-004
  0.228509358578069       3.595697151872461E-004
  0.228595667174831       2.997056124735702E-004
  0.228449247902889       2.106509306720043E-004
  0.228130859532500       7.917473445162311E-005
  0.227835187931266      -8.872317370616463E-005
  0.227697636243090      -2.654946945239845E-004
  0.227662645290505      -4.181881060909220E-004
  0.227537414577035      -5.283446868624861E-004
  0.227178191286354      -5.983700320932202E-004
  0.226632654686061      -6.402700119419646E-004
  0.226105386849348      -6.587773724722381E-004
  0.225779777257202      -6.450915141972362E-004
  0.225661799992860      -5.864609885751988E-004
  0.225587540418879      -4.815688287845197E-004
  0.225382862941882      -3.465330442035354E-004
  0.225025083996140      -2.056996423498474E-004
  0.224659758200841      -7.596372463476043E-005
  0.224463118689069       4.075221808446264E-005
  0.224481677422508       1.503125310483645E-004
  0.224595661198533       2.520299006820172E-004
  0.224633316241484       3.314554647720592E-004
  0.224523919624189       3.677312764282454E-004
  0.224347377779528       3.491428374105623E-004
  0.224240632546360       2.827450071277825E-004
  0.224255739099351       1.893251398224688E-004
  0.224305402068410       8.830891906248945E-005
  0.224244536336444      -1.391455786918849E-005
  0.224006891031932      -1.223690377765272E-004
  0.223666190278105      -2.410954044399609E-004
  0.223365443910917      -3.621257257873140E-004
  0.223183206793087      -4.661516615648880E-004
  0.223063383760983      -5.340940419905753E-004
  0.222873396751763      -5.589072617386318E-004
  0.222534566133715      -5.472810100073101E-004
  0.222102294403599      -5.106425318615600E-004
  0.221722280138138      -4.546086262978952E-004
  0.221504723658146      -3.767962692089621E-004
  0.221432744533217      -2.743917503051359E-004
  0.221386766072459      -1.534421160421856E-004
  0.221258352138672      -3.035458849119471E-005
  0.221046648559799       7.629893998853405E-005
  0.220850877610539       1.562966059020419E-004
  0.220770947030354       2.110607957447096E-004
  0.220811685455127       2.470385358428144E-004
  0.220878476842247       2.657473908401714E-004
  0.220863969895785       2.600518390942036E-004
  0.220741569303856       2.202576413373881E-004
  0.220578973450202       1.443802769549230E-004
  0.220463133897015       4.306055575530205E-005
  0.220411085466502      -6.546630935941180E-005
  0.220351654756515      -1.659256139343984E-004
  0.220193712186804      -2.529075713434901E-004
  0.219914627883926      -3.286426073673865E-004
  0.219584894850917      -3.946304859917870E-004
  0.219306304683986      -4.454376149266755E-004
  0.219122303561002      -4.704636072487550E-004
  0.218984049959412      -4.617869940152864E-004
  0.218802429750382      -4.206316266884495E-004
  0.218536151416049      -3.565768382646282E-004
  0.218233881354602      -2.805771390914608E-004
  0.217992637645909      -1.984863624663934E-004
  0.217872436874644      -1.109137878471001E-004
  0.217845951144596      -1.894280931003264E-005
  0.217827325024371       7.038353372643976E-005
  0.217750578465696       1.445850514168092E-004
  0.217624213847106       1.922312790316781E-004
  0.217513799728823       2.096255560676636E-004
  0.217472586309084       2.016680197078736E-004
  0.217487063654107       1.762505497041129E-004
  0.217487488046463       1.374373336164095E-004
  0.217410942276213       8.363551450035581E-005
  0.217256093892838       1.218607678674668E-005
  0.217078864985131      -7.416576525151089E-005
  0.216935278347342      -1.651157896825362E-004
  0.216827053361277      -2.471019249511399E-004
  0.216701341021351      -3.103212680746206E-004
  0.216503793988431      -3.524402394696769E-004
  0.216234005721810      -3.762252883968346E-004
  0.215950970158458      -3.839047935008881E-004
  0.215723704494980      -3.737883717618565E-004
  0.215573205536182      -3.421725982216714E-004
  0.215459040065634      -2.884038527025491E-004
  0.215321594937537      -2.180451366411719E-004
  0.215139671680674      -1.410240545543552E-004
  0.214950272549534      -6.642944382696774E-005
  0.214813749481660       1.308751979206951E-006
  0.214758027975963       6.159263340366633E-005
  0.214753490866019       1.134092961281002E-004
  0.214740077827103       1.521004922218283E-004
  0.214679586577121       1.705288270917339E-004
  0.214584388938146       1.637751781882438E-004
  0.214497754753275       1.331043029840449E-004
  0.214446764078219       8.554636993400760E-005
  0.214413220875560       2.943005710548260E-005
  0.214349280047123      -3.017900886423373E-005
  0.214221651093199      -9.225024016565755E-005
  0.214041960890377      -1.564811201957993E-004
  0.213855066009904      -2.193474555542308E-004
  0.213697273585338      -2.733959691080198E-004
  0.213564316133626      -3.105464789072130E-004
  0.213418856549265      -3.264719262279979E-004
  0.213229662678828      -3.222470344166709E-004
  0.213005136909150      -3.020803988803881E-004
  0.212789805014256      -2.695097890186771E-004
  0.212627298453346      -2.256312946469625E-004
  0.212524228481589      -1.707665399201392E-004
  0.212447736121984      -1.076120658431069E-004
  0.212357798557061      -4.254420846767180E-005
  0.212243648286656       1.641967513245142E-005
  0.212131069866917       6.329665172105741E-005
  0.212055270904587       9.621011800620777E-005
  0.212025743214525       1.161559656687860E-004
  0.212015764358025       1.238581607414391E-004
  0.211985189932273       1.178332613420891E-004
  0.211914226437028       9.555234152690442E-005
  0.211816764845729       5.660942909900557E-005
  0.211722142899571       4.884096227867869E-006
  0.211643970450023      -5.241516922473780E-005
  0.211565933989064      -1.081070704925360E-004
  0.211457479213579      -1.579528301388660E-004
  0.211303766245004      -2.008011062842524E-004
  0.211121242835018      -2.362220231594225E-004
  0.210944301133209      -2.621210676950265E-004
  0.210795845861429      -2.746778408667206E-004
  0.210669351320540      -2.706682930018459E-004
  0.210538711615953      -2.499915130100518E-004
  0.210386025219891      -2.160871144880588E-004
  0.210221053487321      -1.739296475567183E-004
  0.210074392446050      -1.274843499865225E-004
  0.209971069556719      -7.886352313487866E-005
  0.209909103469062      -2.968502508773168E-005
  0.209862329020912       1.699087429355187E-005
  0.209804028669292       5.627783379859871E-005
  0.209729117546154       8.322781955680062E-005
  0.209654916940382       9.525637632881197E-005
  0.209601035654985       9.308450600173898E-005
  0.209568032352405       7.941063876198505E-005
  0.209534778215660       5.659464553458804E-005
  0.209476296750311       2.547809520497212E-005
  0.209384804405446      -1.367303450667996E-005
  0.209274380426615      -5.913679471025945E-005
  0.209165659951201      -1.066637123332031E-004
  0.209065685325460      -1.505143447006727E-004
  0.208962037573020      -1.858176899213052E-004
  0.208836368187246      -2.102913856155609E-004
  0.208684063213781      -2.240031336027885E-004
  0.208521271013679      -2.276500319662425E-004
  0.208372694630333      -2.211023255311177E-004
  0.208251604116198      -2.035659744831394E-004
  0.208150530727416      -1.751028560669226E-004
  0.208050840448759      -1.379539882117232E-004
  0.207941799767146      -9.632334090370324E-005
  0.207831289934771      -5.473940704141473E-005
  0.207738540185251      -1.641325298814314E-005
  0.207676070527780       1.705105646543254E-005
  0.207637712583980       4.455806932883971E-005
  0.207603450692346       6.430051671030644E-005
  0.207556073038586       7.374629380736115E-005
  0.207494066537411       7.096077198772238E-005
  0.207429335605483       5.608248157725552E-005
  0.207372786824985       3.158282873833024E-005
  0.207321864506910       1.032717140069194E-006
  0.207261683394694      -3.256524284069648E-005
  0.207178260705473      -6.747900564502435E-005
  0.207071088458947      -1.025263071791084E-004
  0.206953303460284      -1.357979748757942E-004
  0.206839645123471      -1.641727790238045E-004
  0.206733778970137      -1.841944814077193E-004
  0.206626814410329      -1.936026886665403E-004
  0.206508049312552      -1.922171347677544E-004
  0.206377493883162      -1.814858169226273E-004
  0.206248268064879      -1.632139433417878E-004
  0.206136628599154      -1.386638927016557E-004
  0.206048911757412      -1.087647806898829E-004
  0.205977344656565      -7.506378500299094E-005
  0.205908252087150      -4.034578268639581E-005
  0.205834752271816      -8.184628506115081E-006
  0.205762214851373       1.828385563161085E-005
  0.205701820844198       3.734399719171805E-005
  0.205658656278969       4.865298734864126E-005
  0.205625551239377       5.234079771745004E-005
  0.205588177055193       4.820072660425341E-005
  0.205536368441012       3.577564299616992E-005
  0.205471137674243       1.525289829441947E-005
  0.205401268765553      -1.171481167434567E-005
  0.205333255953299      -4.210393419474139E-005
  0.205264339994876      -7.254602753244516E-005
  0.205185094187466      -1.004699037258386E-004
  0.205088821576593      -1.244705779172739E-004
  0.204978696292155      -1.437447828722408E-004
  0.204865917112269      -1.572724733561305E-004
  0.204760701913209      -1.636034347848957E-004
  0.204664583230700      -1.614902327781855E-004
  0.204571046364338      -1.507926468375343E-004
  0.204473618379249      -1.328226449006138E-004
  0.204373612747515      -1.098163846643705E-004
  0.204280239757668      -8.400366351583788E-005
  0.204203042644648      -5.706348096813417E-005
  0.204143724360556      -3.033441487414004E-005
  0.204094832235072      -5.412058841604391E-006
  0.204046292269256       1.558806612252636E-005
  0.203993604587572       3.047770316192094E-005
  0.203940251231142       3.782967267932906E-005
  0.203892478913719       3.748923005810521E-005
  0.203851694283912       3.033716924368398E-005
  0.203811684118989       1.755291200779273E-005
  0.203763122801041       5.512721701626191E-008
  0.203700992306296      -2.141034074193842E-005
  0.203628010141590      -4.570139541288767E-005
  0.203551116494730      -7.085916618497772E-005
  0.203474609815008      -9.433128370100525E-005
  0.203396482017944      -1.137398735648388E-004
  0.203311262742541      -1.275994275844599E-004
  0.203216458372625      -1.354441062707154E-004
  0.203116356125344      -1.373610723740467E-004
  0.203019560991210      -1.334388131029805E-004
  0.202932560745440      -1.236614954783369E-004
  0.202855267119067      -1.083147516764889E-004
  0.202782524530114      -8.846550795808186E-005
  0.202709973901348      -6.600494649902309E-005
  0.202638695548396      -4.315073772627249E-005
  0.202574351291859      -2.179694261396273E-005
  0.202521753685305      -3.218066859427530E-006
  0.202479989364157       1.171762854179198E-005
  0.202442575934995       2.214695043649642E-005
  0.202402389796328       2.709685530782693E-005
  0.202356765497854       2.582660531113605E-005
  0.202308208315927       1.833619819742890E-005
  0.202260380808224       5.568166178023649E-006
  0.202213378541360      -1.090655904180895E-005
  0.202162780707735      -2.947166053711975E-005
  0.202103262757937      -4.884739676814280E-005
  0.202033270023671      -6.801186424986545E-005
  0.201956369980713      -8.583971025024256E-005
  0.201878124549480      -1.008920564917942E-004
  0.201801518486823      -1.116351393967157E-004
  0.201725213852277      -1.169536570801133E-004
  0.201646119164411      -1.165445431500689E-004
  0.201563675355249      -1.108810148516262E-004
  0.201481710996498      -1.008167775134054E-004
  0.201406079069038      -8.719873452752374E-005
  0.201340259030772      -7.080501363007549E-005
  0.201282961781576      -5.258788241635932E-005
  0.201229848943311      -3.390306984275472E-005
  0.201177655522967      -1.642345711029109E-005
  0.201126868839166      -1.738865836686789E-006
  0.201080584705195       9.058674405738606E-006
  0.201040767788817       1.549109893017806E-005
  0.201005496380019       1.747358656691221E-005
  0.200969748705821       1.501753109590408E-005
  0.200928948207229       8.162077629438601E-006
  0.200881986519425      -2.804685202715642E-006
  0.200831055211362      -1.706957197128380E-005
  0.200778659053714      -3.326712996887338E-005
  0.200724755341359      -4.978713807008820E-005
  0.200666706453166      -6.520421672950641E-005
  0.200601990475703      -7.851543562669901E-005
  0.200531021874975      -8.905506913730037E-005
  0.200457396156572      -9.624736147443635E-005
  0.200385342357039      -9.948796170910750E-005
  0.200316769516143      -9.830010567218882E-005
  0.200250602813314      -9.263629047668472E-005
  0.200184899965754      -8.304879784809070E-005
  0.200119639377364      -7.056451633386334E-005
  0.200057503748722      -5.635897537318552E-005
  0.200001917976361      -4.148787244673566E-005
  0.199954176124772      -2.685624702307166E-005
  0.199912306511782      -1.336898250023934E-005
  0.199872672850380      -2.037662815785324E-006
  0.199832787658084       6.127675364646275E-006
  0.199792770964830       1.039582176377476E-005
  0.199754233835384       1.054242384121897E-005
  0.199717781249068       6.844439543008551E-006
  0.199681551896221      -1.391844068398205E-007
  0.199642160639257      -9.800060736267328E-006
  0.199597136108210      -2.153492534668606E-005
  0.199546593799184      -3.461605500107659E-005
  0.199492668873652      -4.805503169184413E-005
  0.199437349462700      -6.064851120191401E-005
  0.199380793183930      -7.122664181690880E-005
  0.199321665049148      -7.893697511391732E-005
  0.199259079393371      -8.336261747167502E-005
  0.199194227638284      -8.442015215317054E-005
  0.199130110530215      -8.217085195400614E-005
  0.199069599940473      -7.673536582237085E-005
  0.199013608516463      -6.838178416835167E-005
  0.198961008105470      -5.767844059090873E-005
  0.198910283356251      -4.553360756433374E-005
  0.198861310955806      -3.304460593676169E-005
  0.198815593902140      -2.125001187381918E-005
  0.198774766649460      -1.096000662994222E-005
  0.198738801755209      -2.759846552725529E-006
  0.198705596523358       2.879620480571617E-006
  0.198672311699642       5.539984406326242E-006
  0.198637225965155       4.934938245594649E-006
  0.198600449719993       1.074119745872371E-006
  0.198562954344562      -5.640596459380693E-006
  0.198524939084386      -1.448817723649712E-005
  0.198485117835770      -2.462743316472755E-005
  0.198441583934627      -3.527429107043249E-005
  0.198393412182972      -4.574155136415945E-005
  0.198341492026518      -5.535992608001626E-005
  0.198287840886675      -6.340916297168110E-005
  0.198234072774343      -6.917267116940716E-005
  0.198180448569545      -7.210627336442572E-005
  0.198126335878984      -7.199815265844441E-005
  0.198071558270008      -6.899739781219973E-005
  0.198017293279878      -6.349941782339028E-005
  0.197965633839210      -5.599320373385680E-005
  0.197918199203863      -4.699178375594456E-005
  0.197875064992858      -3.707331516634403E-005
  0.197834967517113      -2.694791387647879E-005
  0.197796548623425      -1.743956526663653E-005
  0.197759467483377      -9.353970541500835E-006
  0.197724375400132      -3.312271586632593E-006
  0.197691838125495       3.353415898852423E-007
  0.197661264447132       1.472624034593655E-006
  0.197630865262092       1.198616611090844E-007
  0.197598689066113      -3.618147760166365E-006
  0.197563790938039      -9.511052061583720E-006
  0.197526503723762      -1.712232912224142E-005
  0.197487641111941      -2.579036478763123E-005
  0.197447444074685      -3.472279340044818E-005
  0.197405274538814      -4.315628209333009E-005
  0.197360315335215      -5.047773838984419E-005
  0.197312578044130      -5.624061650239130E-005
  0.197263246437841      -6.010441187546041E-005
  0.197214024500825      -6.178837395512815E-005
  0.197166089158016      -6.110560518085648E-005
  0.197119594515158      -5.805746624366050E-005
  0.197074132371173      -5.290265524129406E-005
  0.197029653281514      -4.613069950582715E-005
  0.196986940616539      -3.834951661961141E-005
  0.196947175333151      -3.016595547291996E-005
  0.196910994048232      -2.213418527144570E-005
  0.196877913481769      -1.477666400806187E-005
  0.196846645150899      -8.613949137839648E-006
  0.196816000819446      -4.136218001017450E-006
  0.196785565048669      -1.711535203935819E-006
  0.196755559663277      -1.492999487706103E-006
  0.196726091679166      -3.395576089414739E-006
  0.196696537381581      -7.156624606698439E-006
  0.196665660989062      -1.242595818643046E-005
  0.196632364258699      -1.881485117976845E-005
  0.196596380685839      -2.588201051728891E-005
  0.196558298223618      -3.310067001923465E-005
  0.196518929426850      -3.987227267338702E-005
  0.196478640671381      -4.560969605190484E-005
  0.196437256282988      -4.984748013530873E-005
  0.196394586783175      -5.230921008526200E-005
  0.196351039153949      -5.289747771601083E-005
  0.196307701667710      -5.163586235479758E-005
  0.196265800779742      -4.862604811693678E-005
  0.196226016026611      -4.405739569966115E-005
  0.196188261205473      -3.824759783219566E-005
  0.196152095800147      -3.165729886420052E-005
  0.196117347859111      -2.484130285741668E-005
  0.196084352328944      -1.835430555043051E-005
  0.196053589430338      -1.266784063606936E-005
  0.196025077227448      -8.142314170042562E-006
  0.195998098317171      -5.047449433739270E-006
  0.195971523636435      -3.584300006155848E-006
  0.195944445293798      -3.868815755020247E-006
  0.195916560124904      -5.882301838977848E-006
  0.195887995723372      -9.433852142666327E-006
  0.195858792788868      -1.417635776317827E-005
  0.195828561334198      -1.967473773593256E-005
  0.195796641869733      -2.548306912988800E-005
  0.195762616452208      -3.118486824426340E-005
  0.195726688981326      -3.638883945682113E-005
  0.195689585046747      -4.071448491202213E-005
  0.195652072024840      -4.380900972891575E-005
  0.195614541980303      -4.540355282594015E-005
  0.195577020374872      -4.537515648666040E-005
  0.195539550931813      -4.377002423898107E-005
  0.195502555647565      -4.077302335903192E-005
  0.195466803691834      -3.665027171189240E-005
  0.195432999892055      -3.170771058376185E-005
  0.195401362202685      -2.628559611381123E-005
  0.195371565022512      -2.076995871064519E-005
  0.195343083880124      -1.558406737402894E-005
  0.195315612451014      -1.114178510924674E-005
  0.195289172634433      -7.781590336124113E-006
  0.195263839236365      -5.720003963752177E-006
  0.195239363832187      -5.048058475391125E-006
  0.195215070310325      -5.759197958535832E-006
  0.195190134850364      -7.774650964772648E-006
  0.195164006377467      -1.094278349497741E-005
  0.195136601834910      -1.502094918459297E-005
  0.195108128004957      -1.967093108996157E-005
  0.195078725871551      -2.449094667050958E-005
  0.195048282904022      -2.907632260430033E-005
  0.195016582818664      -3.307633411921226E-005
  0.194983636226428      -3.621890665466786E-005
  0.194949866881213      -3.830330501823210E-005
  0.194915968265315      -3.918685992843948E-005
  0.194882553938398      -3.879167635620700E-005
  0.194849910554353      -3.713240737621114E-005
  0.194818056553091      -3.434066052776539E-005
  0.194787019758526      -3.065936914939748E-005
  0.194757048182073      -2.640319753865380E-005
  0.194728542172378      -2.190736829951987E-005
  0.194701765935097      -1.749322816652880E-005
  0.194676605984402      -1.346001313782840E-005
  0.194652600288984      -1.008714800987764E-005
  0.194629212030984      -7.623495341553168E-006
  0.194606102582710      -6.255808610444562E-006
  0.194583170793444      -6.072426112193248E-006
  0.194560350976553      -7.047240755779988E-006
  0.194537385340630      -9.054910184986188E-006
  0.194513802132924      -1.190453354553733E-005
  0.194489131262665      -1.536759556977094E-005
  0.194463166180845      -1.918676430200791E-005
  0.194436041027114      -2.307413462950904E-005
  0.194408065974721      -2.671969795082797E-005
  0.194379483405200      -2.982194173762115E-005
  0.194350368745314      -3.213125251171800E-005
  0.194320751973904      -3.348324641664564E-005
  0.194290823639187      -3.380576634311950E-005
  0.194261011998994      -3.310366010947818E-005
  0.194231843014025      -3.144076000380872E-005
  0.194203699764944      -2.893519546570414E-005
  0.194176689611663      -2.576633863572646E-005
  0.194150724112660      -2.217658609268797E-005
  0.194125719844836      -1.845292348751830E-005
  0.194101722986327      -1.488981992053090E-005
  0.194078841528054      -1.175076968017023E-005
  0.194057055472689      -9.246308104219913E-006
  0.194036091256300      -7.531676805692667E-006
  0.194015486408608      -6.711520854077741E-006
  0.193994794751227      -6.836542780866479E-006
  0.193973756748200      -7.889435934924852E-006
  0.193952298176465      -9.772292449071332E-006
  0.193930382114313      -1.231072792389362E-005
  0.193907871102495      -1.527833807717792E-005
  0.193884537887036      -1.842972610063836E-005
  0.193860216985532      -2.152536946728044E-005
  0.193834955187793      -2.434119482059183E-005
  0.193809020790296      -2.667050491341864E-005
  0.193782762794793      -2.833200613912896E-005
  0.193756446589254      -2.918977756270526E-005
  0.193730206629547      -2.917695744064010E-005
  0.193704140765468      -2.830808789611584E-005
  0.193678437116324      -2.667182023786760E-005
  0.193653397618283      -2.440970900247037E-005
  0.193629324024991      -2.169530075169605E-005
  0.193606363765940      -1.872336382073159E-005
  0.193584451302038      -1.570664730895587E-005
  0.193563392407435      -1.286896390803642E-005
  0.193543009299028      -1.042654499293654E-005
  0.193523214617304      -8.561186373112345E-006
  0.193503955532582      -7.397623379871188E-006
  0.193485094031505      -6.995558186766902E-006
  0.193466348643809      -7.355885041279413E-006
  0.193447363695904      -8.431088201856412E-006
  0.193427852896535      -1.013009806548415E-005
  0.193407696637398      -1.231718164689240E-005
  0.193386917333154      -1.481350008268478E-005
  0.193365569292063      -1.741010135908243E-005
  0.193343653425479      -1.989224435176211E-005
  0.193321136098458      -2.206542563364868E-005
  0.193298048280629      -2.377210949005700E-005
  0.193274564089411      -2.489602355023118E-005
  0.193250977478738      -2.536054833916666E-005
  0.193227590854872      -2.513037627930033E-005
  0.193204609292854      -2.421921460468493E-005
  0.193182125264623      -2.269727388700352E-005
  0.193160192402926      -2.068927803932886E-005
  0.193138905427202      -1.835957448413576E-005
  0.193118402268079      -1.589017037195868E-005
  0.193098782069926      -1.346174320338321E-005
  0.193080014511730      -1.124331846237528E-005
  0.193061925536284      -9.387790442533769E-006
  0.193044274980520      -8.025807690245962E-006
  0.193026859244409      -7.253840442688801E-006
  0.193009553359024      -7.120016381109805E-006
  0.192992266884713      -7.616005712317546E-006
  0.192974868975595      -8.680388160047144E-006
  0.192957164326190      -1.021120827724152E-005
  0.192938951046615      -1.207992954259321E-005
  0.192920113194373      -1.414055795017487E-005
  0.192900668045586      -1.623447191868568E-005
  0.192880729932767      -1.819687619575667E-005
  0.192860427685610      -1.986973259633196E-005
  0.192839850983934      -2.111963842832913E-005
  0.192819068448663      -2.185351767417626E-005
  0.192798189826628      -2.202542510864966E-005
  0.192777402925423      -2.163381743624258E-005
  0.192756940812904      -2.071475562127380E-005
  0.192737000990864      -1.933724599345430E-005
  0.192717682995884      -1.760200718221691E-005
  0.192698993237114      -1.563928792156945E-005
  0.192680904027782      -1.360037289804165E-005
  0.192663406290891      -1.164198534999405E-005
  0.192646505757608      -9.908610509227401E-006
  0.192630169135964      -8.519463530043531E-006
  0.192614275628447      -7.562986754134678E-006
  0.192598625059000      -7.096073879509304E-006
  0.192583001937586      -7.142897892363783E-006
  0.192567244359252      -7.691135873135688E-006
  0.192551264161438      -8.688459241205636E-006
  0.192535010996728      -1.004440308613996E-005
  0.192518423725476      -1.163994946769685E-005
  0.192501420936236      -1.334192021452032E-005
  0.192483942298196      -1.501637840335507E-005
  0.192466002695438      -1.653720945930753E-005
  0.192447708141257      -1.779086999260000E-005
  0.192429217177230      -1.868139859590594E-005
  0.192410680247545      -1.913838661608069E-005
  0.192392206942349      -1.912621353311845E-005
  0.192373882131863      -1.864973589648084E-005
  0.192355805287459      -1.775277867958619E-005
  0.192338106670921      -1.651018997938899E-005
  0.192320917828121      -1.501789560120202E-005
  0.192304318418109      -1.338513710379625E-005
  0.192288304679146      -1.172940564816026E-005
  0.192272805669452      -1.017110196983518E-005
  0.192257730692181      -8.824923735899877E-006
  0.192243005161656      -7.788322346579361E-006
  0.192228566170188      -7.130846205782896E-006
  0.192214328869878      -6.888511806786699E-006
  0.192200162720740      -7.064228088150039E-006
  0.192185907118911      -7.631620335272347E-006
  0.192171418827436      -8.538637357008210E-006
  0.192156614100552      -9.709720728524782E-006
  0.192141473472283      -1.104857503602132E-005
  0.192126011125602      -1.244450372165083E-005
  0.192110241401859      -1.378296269344498E-005
  0.192094174343917      -1.495760206839551E-005
  0.192077842064967      -1.587975579007129E-005
  0.192061327199557      -1.648327052417487E-005
  0.192044762111123      -1.672591085379600E-005
  0.192028294433926      -1.659028677739162E-005
  0.192012045078127      -1.608590217611025E-005
  0.191996090645985      -1.525098608350962E-005
  0.191980478737451      -1.415114190459820E-005
  0.191965254564980      -1.287313223383224E-005
  0.191950468688845      -1.151516181768064E-005
  0.191936155747468      -1.017707386743466E-005
  0.191922303169660      -8.953159674667504E-006
  0.191908839588333      -7.927600633086204E-006
  0.191895655467243      -7.170463176709341E-006
  0.191882639931874      -6.732531291037280E-006
  0.191869704585762      -6.639591100240462E-006
  0.191856778867308      -6.888752265912618E-006
  0.191843788647602      -7.449071369167258E-006
  0.191830644772179      -8.266381017862811E-006
  0.191817257656191      -9.269957288913191E-006
  0.191803568509703      -1.037846347485740E-005
  0.191789571433423      -1.150450094606746E-005
  0.191775308354416      -1.255917395673453E-005
  0.191760842731693      -1.345834739374337E-005
  0.191746235602843      -1.413052520791570E-005
  0.191731542923851      -1.452420235997003E-005
  0.191716831444103      -1.461212900911772E-005
  0.191702192332354      -1.439158973047887E-005
  0.191687734053649      -1.388204624358816E-005
  0.191673555816240      -1.312234257124661E-005
  0.191659721298162      -1.216850254975617E-005
  0.191646252275509      -1.109121528211273E-005
  0.191633143811761      -9.971310968872433E-006
  0.191620383965994      -8.892648659524891E-006
  0.191607958806481      -7.933825293257293E-006
  0.191595839274320      -7.161134561554192E-006
  0.191583964864193      -6.624344955585911E-006
  0.191572242912317      -6.354955216518615E-006
  0.191560568302633      -6.365363522603411E-006
  0.191548850018802      -6.647873723279916E-006
  0.191537025272834      -7.174044521206897E-006
  0.191525053794091      -7.895951720243341E-006
  0.191512902788285      -8.750402635519854E-006
  0.191500540384955      -9.665464453489110E-006
  0.191487945766765      -1.056736052471634E-005
  0.191475127161768      -1.138599803137184E-005
  0.191462130539039      -1.205884693921585E-005
  0.191449029685950      -1.253420110719966E-005
  0.191435904659786      -1.277482835197085E-005
  0.191422825111972      -1.276176535130603E-005
  0.191409849195902      -1.249679877637754E-005
  0.191397033620759      -1.200220465639853E-005
  0.191384440273799      -1.131762433890757E-005
  0.191372128923877      -1.049539020674559E-005
  0.191360139541824      -9.595941393076654E-006
  0.191348478337501      -8.684001486632788E-006
  0.191337118941905      -7.824921004570894E-006
  0.191326017046286      -7.080232688659147E-006
  0.191315125633493      -6.502332684297680E-006
  0.191304398910334      -6.129429635091852E-006
  0.191293784824845      -5.982311906065089E-006
  0.191283217332439      -6.063665970148860E-006
  0.191272619886306      -6.359363458253897E-006
  0.191261920990064      -6.840472913197220E-006
  0.191251071233728      -7.465247659706615E-006
  0.191240049632600      -8.181409416322571E-006
  0.191228856513690      -8.929601567242797E-006
  0.191217501652226      -9.648366849375426E-006
  0.191205999290950      -1.027988602345529E-005
  0.191194373752324      -1.077503556639052E-005
  0.191182668356172      -1.109670641674259E-005
  0.191170946629564      -1.122141325030461E-005
  0.191159281600196      -1.114003332120360E-005
  0.191147739690583      -1.085836587580797E-005
  0.191136370344784      -1.039733489824397E-005
  0.191125206962762      -9.791971043559026E-006
  0.191114274463769      -9.088509001026491E-006
  0.191103593474241      -8.339882481756266E-006
  0.191093175464081      -7.600753629002040E-006
  0.191083012748639      -6.923235589155975E-006
  0.191073072990287      -6.353688514400610E-006
  0.191063304406824      -5.930138911800604E-006
  0.191053648698507      -5.679739522863164E-006
  0.191044052368271      -5.616311983593343E-006
  0.191034469362509      -5.738739790370106E-006
  0.191024856426073      -6.031066405838064E-006
  0.191015169212566      -6.464474602977105E-006
  0.191005365940013      -7.000463371630352E-006
  0.190995417664965      -7.594235251745196E-006
  0.190985317443642      -8.197765866591442E-006
  0.190975081067006      -8.762753872136214E-006
  0.190964739138386      -9.243932336986639E-006
  0.190954327316378      -9.602802662037559E-006
  0.190943882131008      -9.811149494692035E-006
  0.190933443644972      -9.853397556649029E-006
  0.190923059331409      -9.727286483545727E-006
  0.190912782319867      -9.443117739082468E-006
  0.190902662574815      -9.022300259960502E-006
  0.190892736377069      -8.495725340534706E-006
  0.190883021304286      -7.901899583284438E-006
  0.190873519186284      -7.284379979450779E-006
  0.190864222782925      -6.688278769004944E-006
  0.190855119441676      -6.156241034384032E-006
  0.190846188853397      -5.724759221593430E-006
  0.190837398398232      -5.421553973519759E-006
  0.190828702413193      -5.264146087714611E-006
  0.190820048441962      -5.259210845420195E-006
  0.190811387319914      -5.402287534935901E-006
  0.190802680614819      -5.677857725195115E-006
  0.190793901475566      -6.060223005674769E-006
  0.190785030827880      -6.515563010198995E-006
  0.190776054581276      -7.005047164056053E-006
  0.190766965746430      -7.488351307737898E-006
  0.190757769967549      -7.926847314008605E-006
  0.190748489108474      -8.286136277818821E-006
  0.190739158770201      -8.538093102435257E-006
  0.190729820698297      -8.662730457418935E-006
  0.190720515184310      -8.649879863256824E-006
  0.190711278015016      -8.500265827439169E-006
  0.190702141973564      -8.225456405355900E-006
  0.190693138705278      -7.846538253513721E-006
  0.190684296791754      -7.391888236639386E-006
  0.190675635939602      -6.894657628236704E-006
  0.190667161352146      -6.390374935505056E-006
  0.190658862706364      -5.914649969803156E-006
  0.190650718444253      -5.500742318313988E-006
  0.190642701824389      -5.176943582630684E-006
  0.190634784284330      -4.964121517716070E-006
  0.190626934818671      -4.873990068917568E-006
  0.190619118197872      -4.908478352758312E-006
  0.190611296067161      -5.060124998773066E-006
  0.190603432223007      -5.313098614299400E-006
  0.190595499324022      -5.644489983938509E-006
  0.190587482743213      -6.025836404348777E-006
  0.190579379589411      -6.425081077700496E-006
  0.190571194886659      -6.809085090798204E-006
  0.190562938834611      -7.146463654731541E-006
  0.190554627310366      -7.410231116152627E-006
  0.190546284112690      -7.579778206392368E-006
  0.190537941381968      -7.642038894572122E-006
  0.190529636046184      -7.592039968151629E-006
  0.190521403642825      -7.433086577607253E-006
  0.190513273156960      -7.176613488485313E-006
  0.190505265522786      -6.841482409649807E-006
  0.190497395181637      -6.452504095744204E-006
  0.190489671644180      -6.038242690069821E-006
  0.190482098577846      -5.628485225087201E-006
  0.190474670865411      -5.251853130729605E-006
  0.190467372527113      -4.933829087427378E-006
  0.190460178068630      -4.695171040366191E-006
  0.190453057060013      -4.550557560002838E-006
  0.190445979159665      -4.507446774040522E-006
  0.190438916740159      -4.565369565469159E-006
  0.190431844707118      -4.715958188904618E-006
  0.190424739692317      -4.943827112817386E-006
  0.190417581150919      -5.228115098990765E-006
  0.190410354762471      -5.544319406045724E-006
  0.190403055997076      -5.866133950474717E-006
  0.190395691151800      -6.167235453012336E-006
  0.190388275074246      -6.423109408729243E-006
  0.190380827362604      -6.612931318415189E-006
  0.190373369705488      -6.721300865932596E-006
  0.190365925485949      -6.739488844031476E-006
  0.190358520355087      -6.665947531129691E-006
  0.190351181467745      -6.506093736889414E-006
  0.190343934364456      -6.271589265786588E-006
  0.190336798805827      -5.979352970397011E-006
  0.190329786022675      -5.650373082011764E-006
  0.190322898784640      -5.308236286579527E-006
  0.190316133440536      -4.977315172955301E-006
  0.190309481736765      -4.680745688394930E-006
  0.190302930960821      -4.438508072783148E-006
  0.190296462997613      -4.265929491633790E-006
  0.190290054261714      -4.172745535457917E-006
  0.190283677895981      -4.162645975392888E-006
  0.190277307675123      -4.233159253523739E-006
  0.190270921558796      -4.375831149371197E-006
  0.190264503168843      -4.576794812068655E-006
  0.190258041264364      -4.817847946995013E-006
  0.190251528862524      -5.078006816487580E-006
  0.190244963577062      -5.335313127929041E-006
  0.190238349171263      -5.568592730849829E-006
  0.190231696782626      -5.758962585096325E-006
  0.190225024225106      -5.891057292002602E-006
  0.190218353239867      -5.954040737855388E-006
  0.190211706169083      -5.942411391722542E-006
  0.190205103804347      -5.856479646321171E-006
  0.190198564914810      -5.702340601417042E-006
  0.190192106400917      -5.491262812274869E-006
  0.190185742597950      -5.238597058115020E-006
  0.190179483310478      -4.962433753401207E-006
  0.190173331647627      -4.682213084394672E-006
  0.190167283231872      -4.417363325216639E-006
  0.190161327409109      -4.185943137752065E-006
  0.190155449587936      -4.003287633312203E-006
  0.190149633161239      -3.880775507332285E-006
  0.190143860187620      -3.824923194070791E-006
  0.190138111398749      -3.836974021395636E-006
  0.190132366829512      -3.913003612196421E-006
  0.190126607776477      -4.044421955056572E-006
  0.190120819464293      -4.218721755997226E-006
  0.190114992996068      -4.420401482006726E-006
  0.190109125623649      -4.632080812073973E-006
  0.190103219652288      -4.835824959128773E-006
  0.190097281207848      -5.014594461949189E-006
  0.190091319837605      -5.153628767520267E-006
  0.190085348789942      -5.241557199475380E-006
  0.190079384916815      -5.271128342056206E-006
  0.190073447311320      -5.239578338631555E-006
  0.190067554854188      -5.148717454723677E-006
  0.190061723795015      -5.004771658850869E-006
  0.190055966462070      -4.817937616608924E-006
  0.190050291237142      -4.601592023900787E-006
  0.190044702955513      -4.371175094721865E-006
  0.190039202784385      -4.142885062189830E-006
  0.190033787445459      -3.932379326128908E-006
  0.190028448573033      -3.753633170213605E-006
  0.190023173152035      -3.618004457912157E-006
  0.190017945220617      -3.533483841431002E-006
  0.190012748061912      -3.504126523650082E-006
  0.190007565829824      -3.529729984766386E-006
  0.190002384182430      -3.605858651972114E-006
  0.189997190419585      -3.724267921460154E-006
  0.189991973977348      -3.873673115494062E-006
  0.189986727616904      -4.040724955660841E-006
  0.189981448776455      -4.211051845664458E-006
  0.189976140163059      -4.370295891683697E-006
  0.189970809114471      -4.505131786069109E-006
  0.189965466134093      -4.604255001831189E-006
  0.189960123496048      -4.659265435427636E-006
  0.189954794507546      -4.665320453727927E-006
  0.189949493230952      -4.621448014769655E-006
  0.189944233960460      -4.530494702841972E-006
  0.189939029983336      -4.398773457570858E-006
  0.189933891890511      -4.235507108989563E-006
  0.189928826233575      -4.052127732661648E-006
  0.189923835158318      -3.861440123166693E-006
  0.189918916942177      -3.676651791049347E-006
  0.189914066775311      -3.510324838405495E-006
  0.189909277174271      -3.373370344392074E-006
  0.189904538018024      -3.274222096888926E-006
  0.189899836756065      -3.218274698662273E-006
  0.189895159324426      -3.207591378921823E-006
  0.189890491736708      -3.240840240090789E-006
  0.189885821730948      -3.313430055769454E-006
  0.189881139790969      -3.417857434064215E-006
  0.189876439367820      -3.544290530469130E-006
  0.189871716724366      -3.681373535867422E-006
  0.189866970970929      -3.817167677800980E-006
  0.189862204447562      -3.940103379596439E-006
  0.189857423054961      -4.039836410039012E-006
  0.189852635974613      -4.107958715961845E-006
  0.189847854602560      -4.138560875067908E-006
  0.189843091092015      -4.128642974147507E-006
  0.189838357135984      -4.078337016055980E-006
  0.189833663322838      -3.990882801832197E-006
  0.189829018862457      -3.872325189225153E-006
  0.189824431209674      -3.730963853935658E-006
  0.189819905341008      -3.576642211319387E-006
  0.189815442931233      -3.419971509990487E-006
  0.189811041952140      -3.271551760515741E-006
  0.189806697013575      -3.141212300200294E-006
  0.189802400273434      -3.037289535861146E-006
  0.189798142410074      -2.965989526432023E-006
  0.189793913267198      -2.930913762453109E-006
  0.189789702214271      -2.932820250744802E-006
  0.189785498595518      -2.969644089172227E-006
  0.189781292560914      -3.036744376377192E-006
  0.189777076169411      -3.127316777364486E-006
  0.189772844315260      -3.232924135539834E-006
  0.189768595072486      -3.344125531806046E-006
  0.189764329438348      -3.451190921896327E-006
  0.189760050829599      -3.544861731326737E-006
  0.189755764715389      -3.617080323436922E-006
  0.189751478455357      -3.661598750214241E-006
  0.189747201066568      -3.674404635613289E-006
  0.189742942599316      -3.653950114036575E-006
  0.189738713098017      -3.601203208999494E-006
  0.189734521479243      -3.519541076557677E-006
  0.189730374744787      -3.414484777815490E-006
  0.189726277690817      -3.293267153459191E-006
  0.189722232917925      -3.164247627128309E-006
  0.189718240815385      -3.036228495317492E-006
  0.189714299389237      -2.917755287941483E-006
  0.189710404122715      -2.816477562514325E-006
  0.189706548186545      -2.738613484510738E-006
  0.189702723129821      -2.688530401836130E-006
  0.189698919851918      -2.668447289785399E-006
  0.189695129484136      -2.678280145271251E-006
  0.189691343945273      -2.715663214861245E-006
  0.189687556240637      -2.776165332119373E-006
  0.189683760762368      -2.853683628463182E-006
  0.189679953753739      -2.940960709930451E-006
  0.189676133825609      -3.030160157132417E-006
  0.189672302228234      -3.113451253861220E-006
  0.189668462665545      -3.183576840097032E-006
  0.189664620717214      -3.234384977765857E-006
  0.189660783154539      -3.261291374215534E-006
  0.189656957407603      -3.261622940055986E-006
  0.189653151206514      -3.234795727895655E-006
  0.189649372208409      -3.182308283202089E-006
  0.189645627431848      -3.107567578761099E-006
  0.189641922534451      -3.015585857697888E-006
  0.189638261180298      -2.912583790225639E-006
  0.189634644750103      -2.805520742714598E-006
  0.189631072442425      -2.701567746567680E-006
  0.189627541585192      -2.607552413447356E-006
  0.189624047926045      -2.529426718755275E-006
  0.189620585828182      -2.471817618645068E-006
  0.189617148502406      -2.437705910802405E-006
  0.189613728457079      -2.428249409170854E-006
  0.189610318196952      -2.442742625852109E-006
  0.189606910991573      -2.478699928001046E-006
  0.189603501459824      -2.532057425691238E-006
  0.189600085845398      -2.597493265333112E-006
  0.189596662068068      -2.668854110661181E-006
  0.189593229737092      -2.739651858982550E-006
  0.189589790223771      -2.803576248928642E-006
  0.189586346707970      -2.854969896711965E-006
  0.189582904019117      -2.889230511246230E-006
  0.189579468179361      -2.903125091384273E-006
  0.189576045746631      -2.895008354660143E-006
  0.189572643175634      -2.864932086970591E-006
  0.189569266360676      -2.814626611954688E-006
  0.189565920353246      -2.747343575688854E-006
  0.189562609120708      -2.667571396728810E-006
  0.189559335242656      -2.580658094294994E-006
  0.189556099589846      -2.492386023275664E-006
  0.189552901148931      -2.408535964326235E-006
  0.189549737127741      -2.334464466011996E-006
  0.189546603323226      -2.274712223737816E-006
  0.189543494594302      -2.232666976818271E-006
  0.189540405276384      -2.210313127424440E-006
  0.189537329497789      -2.208098912112493E-006
  0.189534261487586      -2.224935705876501E-006
  0.189531195977479      -2.258321115033196E-006
  0.189528128688357      -2.304561667747658E-006
  0.189525056765006      -2.359069123039345E-006
  0.189521979002493      -2.416711238568592E-006
  0.189518895815915      -2.472201327550848E-006
  0.189515809044613      -2.520504316198162E-006
  0.189512721730322      -2.557225013430913E-006
  0.189509637932019      -2.578938499984313E-006
  0.189506562520608      -2.583430349883729E-006
  0.189503500852028      -2.569832131986459E-006
  0.189500458291241      -2.538653957335784E-006
  0.189497439682386      -2.491722052628619E-006
  0.189494448917733      -2.432026888192973E-006
  0.189491488697834      -2.363485656270569E-006
  0.189488560453958      -2.290629756459019E-006
  0.189485664330845      -2.218242052023268E-006
  0.189482799163082      -2.150980596596191E-006
  0.189479962478756      -2.093026505422506E-006
  0.189477150627448      -2.047783472258497E-006
  0.189474359091745      -2.017643433382059E-006
  0.189471582934693      -2.003826059611765E-006
  0.189468817256525      -2.006300724553212E-006
  0.189466057551765      -2.023801685843516E-006
  0.189463299951823      -2.053942352125699E-006
  0.189460541419377      -2.093421192777955E-006
  0.189457779956882      -2.138296794330698E-006
  0.189455014812575      -2.184301659285817E-006
  0.189452246593944      -2.227166715957416E-006
  0.189449477204558      -2.262936117843912E-006
  0.189446709603726      -2.288256642677123E-006
  0.189443947476184      -2.300624321190853E-006
  0.189441194915357      -2.298566918600631E-006
  0.189438456160495      -2.281742025496163E-006
  0.189435735349509      -2.250940311539520E-006
  0.189433036230448      -2.207998009979058E-006
  0.189430361830639      -2.155633998808932E-006
  0.189427714157746      -2.097230035552663E-006
  0.189425094027981      -2.036569972613206E-006
  0.189422501061594      -1.977551781940705E-006
  0.189419933802837      -1.923889496152243E-006
  0.189417389882947      -1.878828838521962E-006
  0.189414866178861      -1.844903919173423E-006
  0.189412358988018      -1.823758061051989E-006
  0.189409864272504      -1.816040904158227E-006
  0.189407377991004      -1.821382742989569E-006
  0.189404896467051      -1.838441221072624E-006
  0.189402416702089      -1.865015174292978E-006
  0.189399936569097      -1.898220664500943E-006
  0.189397454891897      -1.934720197200031E-006
  0.189394971464867      -1.970987788067807E-006
  0.189392487056787      -2.003584938521283E-006
  0.189390003388020      -2.029421102264935E-006
  0.189387523029227      -2.045977750163328E-006
  0.189385049184732      -2.051483364676063E-006
  0.189382585383275      -2.045032180818255E-006
  0.189380135150161      -2.026640551386228E-006
  0.189377701732811      -1.997234685456115E-006
  0.189375287901117      -1.958566873479724E-006
  0.189372895792766      -1.913065561071776E-006
  0.189370526767429      -1.863634334448372E-006
  0.189368181273967      -1.813420776178404E-006
  0.189365858778827      -1.765575812338292E-006
  0.189363557806422      -1.723019954239729E-006
  0.189361276097725      -1.688229427087524E-006
  0.189359010839735      -1.663055158509473E-006
  0.189356758901749      -1.648589189067627E-006
  0.189354517045217      -1.645092055994412E-006
  0.189352282119991      -1.651988639720213E-006
  0.189350051276446      -1.667930648401460E-006
  0.189347822195777      -1.690915896074477E-006
  0.189345593297384      -1.718451133755733E-006
  0.189343363865684      -1.747745792531846E-006
  0.189341134066524      -1.775924989226886E-006
  0.189338904872430      -1.800248592408129E-006
  0.189336677944224      -1.818319605510037E-006
  0.189334455502848      -1.828263072199145E-006
  0.189332240187497      -1.828859195293778E-006
  0.189330034873281      -1.819621090578458E-006
  0.189327842436923      -1.800815127445813E-006
  0.189325665498508      -1.773426612367460E-006
  0.189323506194143      -1.739075026567947E-006
  0.189321366023540      -1.699883621036880E-006
  0.189319245777484      -1.658310809424665E-006
  0.189317145517395      -1.616955851878136E-006
  0.189315064579488      -1.578356151807650E-006
  0.189313001604331      -1.544794833323876E-006
  0.189310954617876      -1.518134212998938E-006
  0.189308921185395      -1.499685523966637E-006
  0.189306898627157      -1.490121053739308E-006
  0.189304884252717      -1.489433131926559E-006
  0.189302875567276      -1.496943671463869E-006
  0.189300870430165      -1.511365548752311E-006
  0.189298867176939      -1.530911904152800E-006
  0.189296864724681      -1.553443151402323E-006
  0.189294862660379      -1.576637175404303E-006
  0.189292861286481      -1.598167638387513E-006
  0.189290861593297      -1.615877523118905E-006
  0.189288865151676      -1.627937383223083E-006
  0.189286873951866      -1.632978468687250E-006
  0.189284890228440      -1.630190604587342E-006
  0.189282916296854      -1.619375712154245E-006
  0.189280954400498      -1.600951760748181E-006
  0.189279006554168      -1.575907958509513E-006
  0.189277074382084      -1.545717563164292E-006
  0.189275158973151      -1.512217659799567E-006
  0.189273260788140      -1.477465612574556E-006
  0.189271379639963      -1.443581557061621E-006
  0.189269514739693      -1.412587087562550E-006
  0.189267664781278      -1.386252168631051E-006
  0.189265828041800      -1.365963409563293E-006
  0.189264002494411      -1.352625309826996E-006
  0.189262185945862      -1.346601831428523E-006
  0.189260376204507      -1.347700542887353E-006
  0.189258571262909      -1.355197803724996E-006
  0.189256769462027      -1.367901706697215E-006
  0.189254969607673      -1.384248575244423E-006
  0.189253171031708      -1.402427025065719E-006
  0.189251373611399      -1.420520506425732E-006
  0.189249577763671      -1.436656195579372E-006
  0.189247784416750      -1.449147026044785E-006
  0.189245994946561      -1.456615309308416E-006
  0.189244211065876      -1.458089719127586E-006
  0.189242434671965      -1.453070496149328E-006
  0.189240667678251      -1.441559515675251E-006
  0.189238911860171      -1.424052949663743E-006
  0.189237168731785      -1.401496116834348E-006
  0.189235439450664      -1.375203513992214E-006
  0.189233724741065      -1.346751134714879E-006
  0.189232024834373      -1.317851235547544E-006
  0.189230339440391      -1.290220503898766E-006
  0.189228667767113      -1.265451467939931E-006
  0.189227008594265      -1.244895430836731E-006
  0.189225360386561      -1.229564380068184E-006
  0.189223721422139      -1.220059051075345E-006
  0.189222089917626      -1.216529391490287E-006
  0.189220464146258      -1.218671077128957E-006
  0.189218842554579      -1.225757769372890E-006
  0.189217223878252      -1.236704914786967E-006
  0.189215607244023      -1.250158462987385E-006
  0.189213992236941      -1.264601142474741E-006
  0.189212378918453      -1.278468917555965E-006
  0.189210767797525      -1.290269844538976E-006
  0.189209159770178      -1.298696602855950E-006
  0.189207556042927      -1.302723449764250E-006
  0.189205958045029      -1.301679349982696E-006
  0.189204367325114      -1.295291751013761E-006
  0.189202785429715      -1.283698924284688E-006
  0.189201213773047      -1.267431640208423E-006
  0.189199653518110      -1.247366608711656E-006
  0.189198105488602      -1.224655122542824E-006
  0.189196570119119      -1.200631646892849E-006
  0.189195047437879      -1.176709057082416E-006
  0.189193537072133      -1.154269158523518E-006
  0.189192038273006      -1.134557905850642E-006
  0.189190549965228      -1.118593809636639E-006
  0.189189070827900      -1.107095886885561E-006
  0.189187599402983      -1.100435284257291E-006
  0.189186134216254      -1.098613127943842E-006
  0.189184673891333      -1.101266039492408E-006
  0.189183217244130      -1.107699313412738E-006
  0.189181763356314      -1.116945476731945E-006
  0.189180311632281      -1.127843227544994E-006
  0.189178861840399      -1.139129592149108E-006
  0.189177414131353      -1.149537347665036E-006
  0.189175969023443      -1.157890263207567E-006
  0.189174527351133      -1.163189726292928E-006
  0.189173090184685      -1.164687095700810E-006
  0.189171658736104      -1.161936618791541E-006
  0.189170234264589      -1.154824594606974E-006
  0.189168817986403      -1.143572252120462E-006
  0.189167410987891      -1.128712454133879E-006
  0.189166014142020      -1.111043031388884E-006
  0.189164628036012      -1.091561429670074E-006
  0.189163252922685      -1.071386155894333E-006
  0.189161888705118      -1.051670707136904E-006
  0.189160534954761      -1.033515913516584E-006
  0.189159190954415      -1.017887090800659E-006
  0.189157855755902      -1.005542607007213E-006
  0.189156528247506      -9.969797647301284E-007
  0.189155207231813      -9.924021125201278E-007
  0.189153891514315      -9.917099435004033E-007
  0.189152579996925      -9.945136255359581E-007
  0.189151271763994      -1.000167980876846E-006
  0.189149966148068      -1.007824997101353E-006
  0.189148662769130      -1.016501177624839E-006
  0.189147361549334      -1.025154573960702E-006
  0.189146062708823      -1.032765311298103E-006
  0.189144766745470      -1.038412868873707E-006
  0.189143474396552      -1.041343897174910E-006
  0.189142186579495      -1.041025723099267E-006
  0.189140904313893      -1.037182279395405E-006
  0.189139628634137      -1.029810490455367E-006
  0.189138360505261      -1.019176162701437E-006
  0.189137100751381      -1.005789568045790E-006
  0.189135849999499      -9.903624784510570E-007
  0.189134608637134      -9.737502360544907E-007
  0.189133376783384      -9.568839489795031E-007
  0.189132154277142      -9.406985775055148E-007
  0.189130940688211      -9.260624778545183E-007
  0.189129735353675      -9.137133220261585E-007
  0.189128537435119      -9.042046764619140E-007
  0.189127345987268      -8.978669972806553E-007
  0.189126160028842      -8.947860787963544E-007
  0.189124978610901      -8.948007263129635E-007
  0.189123800881876      -8.975196290359043E-007
  0.189122626148312      -9.023555273877684E-007
  0.189121453926653      -9.085733453584411E-007
  0.189120283978364      -9.153482194254166E-007
  0.189119116322109      -9.218290915640257E-007
  0.189117951222136      -9.272033704618926E-007
  0.189116789157689      -9.307579519879071E-007
  0.189115630780032      -9.319318547083777E-007
  0.189114476861305      -9.303562389647657E-007
  0.189113328236152      -9.258787749268005E-007
  0.189112185736782      -9.185709366489019E-007
  0.189111050125378      -9.087183439287742E-007
  0.189109922031644      -8.967954308473460E-007
  0.189108801903919      -8.834265335101667E-007
  0.189107689978768      -8.693362384222703E-007
  0.189106586268820      -8.552926799173348E-007
  0.189105490565813      -8.420482682079392E-007
  0.189104402456631      -8.302827005987330E-007
  0.189103321352654      -8.205528015603789E-007
  0.189102246533444      -8.132528426112519E-007
  0.189101177203129      -8.085878699554886E-007
  0.189100112553620      -8.065615500655968E-007
  0.189099051826475      -8.069791867868062E-007
  0.189097994366645      -8.094656714473303E-007
  0.189096939665188      -8.134970222603001E-007
  0.189095887390969      -8.184429250459087E-007
  0.189094837411366      -8.236166321851672E-007
  0.189093789799984      -8.283280341983645E-007
  0.189092744828171      -8.319357610984221E-007
  0.189091702938943      -8.338945816626522E-007
  0.189090664705918      -8.337948655016694E-007
  0.189089630783220      -8.313913530172181E-007
  0.189088601852692      -8.266190792124153E-007
  0.189087578572464      -8.195952127908396E-007
  0.189086561528422      -8.106068097298162E-007
  0.189085551189784      -8.000857946181678E-007
  0.189084547871800      -7.885735409858427E-007
  0.189083551710324      -7.766780448561651E-007
  0.189082562652368      -7.650269565691083E-007
  0.189081580463607      -7.542198624881549E-007
  0.189080604750172      -7.447833004762100E-007
  0.189079634990474      -7.371319476570344E-007
  0.189078670573746      -7.315390337911336E-007
  0.189077710843769      -7.281182102433059E-007
  0.189076755146668      -7.268179889845957E-007
  0.189075802880009      -7.274287420431927E-007
  0.189074853538193      -7.296013461394598E-007
  0.189073906748582      -7.328758848164432E-007
  0.189072962294713      -7.367182461158120E-007
  0.189072020126081      -7.405618725247126E-007
  0.189071080356086      -7.438514029888918E-007
  0.189070143249703      -7.460846985415019E-007
  0.189069209201230      -7.468499291525763E-007
  0.189068278701988      -7.458549890629910E-007
  0.189067352299309      -7.429473012965211E-007
  0.189066430550591      -7.381228515836058E-007
  0.189065513977844      -7.315239881712307E-007
  0.189064603027530      -7.234262207027631E-007
  0.189063698038320      -7.142150458467201E-007
  0.189062799217397      -7.043546859468674E-007
  0.189061906625481      -6.943513658284740E-007
  0.189061020171717      -6.847141682833124E-007
  0.189060139620138      -6.759165336193246E-007
  0.189059264608488      -6.683612103173344E-007
  0.189058394677795      -6.623510909610310E-007
  0.189057529308924      -6.580679656729551E-007
  0.189056667961728      -6.555607400197459E-007
  0.189055810113591      -6.547439929335204E-007
  0.189054955295653      -6.554068822352992E-007
  0.189054103125467      -6.572314787951072E-007
  0.189053253334028      -6.598188310762207E-007
  0.189052405784203      -6.627205595182245E-007
  0.189051560477867      -6.654735348326574E-007
  0.189050717550953      -6.676350932646111E-007
  0.189049877257871      -6.688162087697262E-007
  0.189049039948055      -6.687101183050676E-007
  0.189048206037137      -6.671141911408573E-007
  0.189047375974304      -6.639434063322704E-007
  0.189046550207046      -6.592345817589489E-007
  0.189045729145333      -6.531413098689368E-007
  0.189044913128513      -6.459202508002273E-007
  0.189044102398645      -6.379099718075444E-007
  0.189043297082935      -6.295039667897217E-007
  0.189042497186013      -6.211198986381739E-007
  0.189041702591277      -6.131674503646672E-007
  0.189040913070244      -6.060173332104078E-007
  0.189040128299331      -5.999738809691160E-007
  0.189039347883765      -5.952532623684925E-007
  0.189038571387528      -5.919687829482352E-007
  0.189037798366806      -5.901241617937317E-007
  0.189037028403355      -5.896151200963563E-007
  0.189036261134367      -5.902390808021159E-007
  0.189035496276700      -5.917122003995504E-007
  0.189034733644627      -5.936923520759434E-007
  0.189033973160775      -5.958061591718346E-007
  0.189033214859601      -5.976778650721481E-007
  0.189032458882469      -5.989577752945977E-007
  0.189031705463951      -5.993481703143544E-007
  0.189030954910407      -5.986248625401574E-007
  0.189030207573288      -5.966528940577137E-007
  0.189029463820182      -5.933952564221180E-007
  0.189028724006054      -5.889140113851603E-007
  0.189027988446272      -5.833638066352280E-007
  0.189027257392538      -5.769784371108177E-007
  0.189026531013201      -5.700516714194629E-007
  0.189025809379859      -5.629139559833238E-007
  0.189025092461997      -5.559068180005994E-007
  0.189024380130295      -5.493568733127575E-007
  0.189023672167800      -5.435513526447788E-007
  0.189022968287166      -5.387169793470888E-007
  0.189022268152129      -5.350038047619292E-007
  0.189021571401840      -5.324752001529584E-007
  0.189020877676902      -5.311046544457872E-007
  0.189020186645593      -5.307794398355741E-007
  0.189019498028043      -5.313106825397058E-007
  0.189018811615868      -5.324489544450080E-007
  0.189018127285360      -5.339041596446250E-007
  0.189017445003499      -5.353681970977145E-007
  0.189016764827111      -5.365386491806803E-007
  0.189016086895876      -5.371416388027065E-007
  0.189015411419751      -5.369520780791005E-007
  0.189014738661271      -5.358098009361715E-007
  0.189014068913594      -5.336304702926281E-007
  0.189013402476078      -5.304105858177033E-007
  0.189012739629775      -5.262263428413084E-007
  0.189012080615280      -5.212265061262690E-007
  0.189011425614602      -5.156198871494393E-007
  0.189010774737895      -5.096584398939729E-007
  0.189010128015417      -5.036173583792896E-007
  0.189009485395130      -4.977737899668791E-007
  0.189008846746419      -4.923858325181430E-007
  0.189008211870097      -4.876733813683373E-007
  0.189007580513970      -4.838021922490187E-007
  0.189006952392343      -4.808722752187014E-007
  0.189006327207397      -4.789114350009805E-007
  0.189005704670579      -4.778744027262851E-007
  0.189005084522685      -4.776475624088007E-007
  0.189004466551631      -4.780588071661119E-007
  0.189003850606854      -4.788916445439120E-007
  0.189003236609071      -4.799023695587094E-007
  0.189002624554266      -4.808389537599420E-007
  0.189002014511434      -4.814602286591641E-007
  0.189001406614544      -4.815539445882421E-007
  0.189000801049892      -4.809523598603248E-007
  0.189000198040163      -4.795441887124138E-007
  0.188999597826341      -4.772820295072658E-007
  0.188999000648465      -4.741847850135043E-007
  0.188998406726381      -4.703350106641463E-007
  0.188997816242039      -4.658715196461841E-007
  0.188997229325033      -4.609778987778337E-007
  0.188996646042740      -4.558678505253150E-007
  0.188996066395696      -4.507684901886543E-007
  0.188995490318107      -4.459028862286141E-007
  0.188994917683041      -4.414732014426799E-007
  0.188994348311814      -4.376457363846007E-007
  0.188993781987101      -4.345389897938820E-007
  0.188993218469043      -4.322155679677462E-007
  0.188992657513128      -4.306784528350685E-007
  0.188992098888176      -4.298718159224885E-007
  0.188991542392737      -4.296862501461296E-007
  0.188990987868616      -4.299679778350998E-007
  0.188990435210786      -4.305312872720115E-007
  0.188989884373329      -4.311731883818221E-007
  0.188989335371133      -4.316891079362762E-007
  0.188988788277089      -4.318883963728370E-007
  0.188988243214753      -4.316084819900386E-007
  0.188987700346999      -4.307266533551641E-007
  0.188987159861738      -4.291686423791275E-007
  0.188986621956168      -4.269134112940841E-007
  0.188986086820892      -4.239938227847085E-007
  0.188985554625004      -4.204931925277593E-007
  0.188985025502948      -4.165380588379318E-007
  0.188984499543953      -4.122878070879313E-007
  0.188983976784899      -4.079220136121690E-007
  0.188983457207356      -4.036265096947342E-007
  0.188982940739140      -3.995792228619053E-007
  0.188982427260110      -3.959368480892526E-007
  0.188981916611446      -3.928233388878829E-007
  0.188981408607443      -3.903210754717772E-007
  0.188980903048945      -3.884653541000033E-007
  0.188980399737569      -3.872425629024323E-007
  0.188979898489860      -3.865921008438189E-007
  0.188979399150274      -3.864118060855236E-007
  0.188978901601816      -3.865664116080273E-007
  0.188978405773383      -3.868983474105349E-007
  0.188977911643296      -3.872400511772422E-007
  0.188977419238997      -3.874268392904000E-007
  0.188976928633225      -3.873093429533956E-007
  0.188976439937038      -3.867645551922785E-007
  0.188975953290106      -3.857046652065400E-007
  0.188975468848865      -3.840830586310538E-007
  0.188974986773405      -3.818970992244318E-007
  0.188974507214256      -3.791875507617831E-007
  0.188974030300264      -3.760347368943125E-007
  0.188973556128529      -3.725517694904918E-007
  0.188973084757015      -3.688753967681476E-007
  0.188972616200142      -3.651552100903213E-007
  0.188972150427569      -3.615420725111381E-007
  0.188971687366296      -3.581766726761221E-007
  0.188971226906048      -3.551790666130497E-007
  0.188970768907570      -3.526399665083579E-007
  0.188970313213081      -3.506143908931934E-007
  0.188969859657881      -3.491181150751328E-007
  0.188969408082115      -3.481271545166873E-007
  0.188968958341843      -3.475802809126416E-007
  0.188968510318760      -3.473843283440553E-007
  0.188968063927971      -3.474218259940651E-007
  0.188967619123212      -3.475603242549861E-007
  0.188967175899040      -3.476626745404350E-007
  0.188966734289749      -3.475974785229217E-007
  0.188966294365169      -3.472489264394976E-007
  0.188965856223869      -3.465252950548537E-007
  0.188965419984441      -3.453654765251188E-007
  0.188964985775551      -3.437430654132778E-007
  0.188964553725413      -3.416677320721926E-007
  0.188964123951370      -3.391838340186405E-007
  0.188963696550358      -3.363664323513050E-007
  0.188963271591068      -3.333150674062036E-007
  0.188962849108489      -3.301457985322005E-007
  0.188962429101240      -3.269821292637882E-007
  0.188962011531727      -3.239455175964916E-007
  0.188961596328961      -3.211462015840218E-007
  0.188961183393730      -3.186750409846746E-007
  0.188960772605776      -3.165969823790013E-007
  0.188960363832518      -3.149466104798066E-007
  0.188959956938675      -3.137260746545318E-007
  0.188959551795983      -3.129054972968617E-007
  0.188959148292142      -3.124257908474772E-007
  0.188958746338293      -3.122036377342900E-007
  0.188958345874525      -3.121382260825242E-007
  0.188957946873146      -3.121191996224655E-007
  0.188957549339566      -3.120351891536837E-007
  0.188957153310736      -3.117822605748873E-007
  0.188956758851185      -3.112716410556814E-007
  0.188956366046943      -3.104361592284023E-007
  0.188955974997878      -3.092349434735371E-007
  0.188955585809145      -3.076560546208533E-007
  0.188955198582489      -3.057168834859936E-007
  0.188954813408035      -3.034623139676903E-007
  0.188954430357094      -3.009608285536248E-007
  0.188954049476438      -2.982988932800338E-007
  0.188953670784460      -2.955740865698901E-007
  0.188953294269557      -2.928875172708151E-007
  0.188952919890891      -2.903361132055363E-007
  0.188952547581438      -2.880053584285613E-007
  0.188952177252969      -2.859630174471775E-007
  0.188951808802483      -2.842543083156362E-007
  0.188951442119571      -2.828988721890150E-007
  0.188951077094195      -2.818897410695751E-007
  0.188950713624368      -2.811943429676658E-007
  0.188950351623169      -2.807574248592923E-007
  0.188949991024512      -2.805056334187753E-007
  0.188949631787194      -2.803533802123719E-007
  0.188949273896904      -2.802095310512319E-007
  0.188948917366152      -2.799844035696488E-007
  0.188948562232194      -2.795965359949204E-007
  0.188948208553217      -2.789787121132500E-007
  0.188947856403026      -2.780827947123670E-007
  0.188947505864622      -2.768830231959537E-007
  0.188947157023122      -2.753775591349075E-007
  0.188946809958617      -2.735881988857721E-007
  0.188946464739563      -2.715583074651879E-007
  0.188946121417240      -2.693491563958190E-007
  0.188945780021655      -2.670349653156910E-007
  0.188945440559107      -2.646970460975545E-007
  0.188945103011537      -2.624175129471628E-007
  0.188944767337691      -2.602730479448589E-007
  0.188944433476028      -2.583291938070578E-007
  0.188944101349181      -2.566355928158731E-007
  0.188943770869580      -2.552225098250618E-007
  0.188943441945744      -2.540988788201833E-007
  0.188943114488710      -2.532519973910238E-007
  0.188942788418118      -2.526488680506218E-007
  0.188942463667528      -2.522390574865745E-007
  0.188942140188648      -2.519588274013671E-007
  0.188941817954157      -2.517361967747243E-007
  0.188941496958905      -2.514965333784952E-007
  0.188941177219364      -2.511682441790982E-007
  0.188940858771418      -2.506881369685443E-007
  0.188940541666709      -2.500060555237804E-007
  0.188940225967892      -2.490884484764404E-007
  0.188939911743194      -2.479206160234469E-007
  0.188939599060661      -2.465074851976184E-007
  0.188939287982496      -2.448728823119352E-007
  0.188938978559893      -2.430573886215879E-007
  0.188938670828784      -2.411149693871864E-007
  0.188938364806842      -2.391086528648449E-007
  0.188938060491968      -2.371055989895617E-007
  0.188937757862325      -2.351719390712193E-007
  0.188937456877846      -2.333677814628367E-007
  0.188937157483060      -2.317427622821077E-007
  0.188936859611010      -2.303324711765527E-007
  0.188936563187987      -2.291560073698644E-007
  0.188936268138742      -2.282148277747484E-007
  0.188935974391735      -2.274929481967384E-007
  0.188935681884018      -2.269584581264939E-007
  0.188935390565335      -2.265662139121963E-007
  0.188935100401168      -2.262614887174914E-007
  0.188934811374548      -2.259842866418312E-007
  0.188934523486538      -2.256739800871524E-007
  0.188934236755372      -2.252739104834484E-007
  0.188933951214315      -2.247356036272903E-007
  0.188933666908387      -2.240222894562771E-007
  0.188933383890234      -2.231114751186801E-007
  0.188933102215492      -2.219963946484031E-007
  0.188932821938044      -2.206862435292424E-007
  0.188932543105513      -2.192051992180949E-007
  0.188932265755329      -2.175903217748161E-007
  0.188931989911605      -2.158885147421279E-007
  0.188931715583056      -2.141527958654762E-007
  0.188931442762112      -2.124381739517138E-007
  0.188931171425306      -2.107974496877781E-007
  0.188930901534891      -2.092772575693218E-007
  0.188930633041510      -2.079146420390361E-007
  0.188930365887698      -2.067344185929039E-007
  0.188930100011901      -2.057475081338492E-007
  0.188929835352723      -2.049503554584797E-007
  0.188929571853107      -2.043254558048526E-007
  0.188929309464141      -2.038429281624752E-007
  0.188929048148192      -2.034629953368402E-007
  0.188928787881121      -2.031391671473977E-007
  0.188928528653423      -2.028218755636739E-007
  0.188928270470214      -2.024622804514382E-007
  0.188928013350128      -2.020159546249021E-007
  0.188927757323239      -2.014461697777723E-007
  0.188927502428162      -2.007265393481796E-007
  0.188927248708567      -1.998428295179059E-007
  0.188926996209340      -1.987938176390654E-007
  0.188926744972718      -1.975911518101912E-007
  0.188926495034684      -1.962582405122509E-007
  0.188926246421939      -1.948282722047939E-007
  0.188925999149631      -1.933415282137695E-007
  0.188925753220016      -1.918422044524016E-007
  0.188925508622093      -1.903749922328616E-007
  0.188925265332236      -1.889816834187116E-007
  0.188925023315776      -1.876980572793614E-007
  0.188924782529398      -1.865512786137975E-007
  0.188924542924183      -1.855579933364713E-007
  0.188924304449017      -1.847232524563648E-007
  0.188924067054097      -1.840403320037771E-007
  0.188923830694254      -1.834914484251739E-007
  0.188923595331875      -1.830493002481645E-007
  0.188923360939202      -1.826793041434374E-007
  0.188923127499874      -1.823423421201924E-007
  0.188922895009578      -1.819978017845351E-007
  0.188922663475776      -1.816066746539999E-007
  0.188922432916524      -1.811344783384742E-007
  0.188922203358508      -1.805537857444753E-007
  0.188921974834472      -1.798461763186882E-007
  0.188921747380246      -1.790034708297644E-007
  0.188921521031612      -1.780281674879401E-007
  0.188921295821213      -1.769330607066248E-007
  0.188921071775752      -1.757400869545768E-007
  0.188920848913679      -1.744785003496069E-007
  0.188920627243548      -1.731825276225193E-007
  0.188920406763168      -1.718886885010460E-007
  0.188920187459603      -1.706329889037696E-007
  0.188919969309972      -1.694482015705517E-007
  0.188919752282984      -1.683614395956273E-007
  0.188919536341073      -1.673922022647563E-007
  0.188919321442973      -1.665510332586874E-007
  0.188919107546538      -1.658388811459888E-007
  0.188918894611596      -1.652471969481051E-007
  0.188918682602604      -1.647587477238912E-007
  0.188918471490890      -1.643490728092671E-007
  0.188918261256334      -1.639884621010839E-007
  0.188918051888368      -1.636442977239461E-007
  0.188917843386248      -1.632835750772745E-007
  0.188917635758589      -1.628754077383503E-007
  0.188917429022202      -1.623933267140772E-007
  0.188917223200328      -1.618172034973075E-007
  0.188917018320404      -1.611346596695471E-007
  0.188916814411554      -1.603418655937844E-007
  0.188916611501998      -1.594436784548367E-007
  0.188916409616597      -1.584531198804530E-007
  0.188916208774694      -1.573902436863289E-007
  0.188916008988409      -1.562804906965010E-007
  0.188915810261503      -1.551526649317154E-007
  0.188915612588896      -1.540366920352812E-007
  0.188915415956857      -1.529613333753555E-007
  0.188915220343875      -1.519520285049637E-007
  0.188915025722092      -1.510290268532509E-007
  0.188914832059202      -1.502059447132936E-007
  0.188914639320642      -1.494888499098492E-007
  0.188914447471905      -1.488759351077712E-007
  0.188914256480822      -1.483577936842898E-007
  0.188914066319631      -1.479182663681140E-007
  0.188913876966678      -1.475357834095774E-007
  0.188913688407640      -1.471850917798562E-007
  0.188913500636147      -1.468392305640280E-007
  0.188913313653801      -1.464716009885378E-007
  0.188913127469585      -1.460579732217513E-007
  0.188912942098736      -1.455782782874778E-007
  0.188912757561168      -1.450180529672776E-007
  0.188912573879578      -1.443694336531370E-007
  0.188912391077361      -1.436316328697367E-007
  0.188912209176513      -1.428108717980657E-007
  0.188912028195668      -1.419197841220878E-007
  0.188911848148444      -1.409763453499168E-007
  0.188911669042191      -1.400024163228406E-007
  0.188911490877255      -1.390220178173410E-007
  0.188911313646764      -1.380594717660180E-007
  0.188911137336978      -1.371375530223608E-007
  0.188910961928137      -1.362757914833651E-007
  0.188910787395765      -1.354890504451684E-007
  0.188910613712308      -1.347864835309465E-007
  0.188910440848988      -1.341709416950332E-007
  0.188910268777706      -1.336388674917601E-007
  0.188910097472865      -1.331806765973709E-007
  0.188909926912960      -1.327815892071022E-007
  0.188909757081843      -1.324228407033194E-007
  0.188909587969557      -1.320831724423446E-007
  0.188909419572702      -1.317404844139339E-007
  0.188909251894290      -1.313735218453696E-007
  0.188909084943113      -1.309634679434983E-007
  0.188908918732691      -1.304953241428059E-007
  0.188908753279870      -1.299589772620669E-007
  0.188908588603211      -1.293498779880703E-007
  0.188908424721277      -1.286692856447484E-007
  0.188908261650952      -1.279240684586720E-007
  0.188908099405914      -1.271260825264447E-007
  0.188907937995375      -1.262911845328536E-007
  0.188907777423183      -1.254379595154603E-007
  0.188907617687352      -1.245862648103721E-007
  0.188907458780045      -1.237557033277011E-007
  0.188907300688006      -1.229641425248899E-007
  0.188907143393390      -1.222263910442842E-007
  0.188906986874921      -1.215531305374063E-007
  0.188906831109292      -1.209501794021658E-007
  0.188906676072699      -1.204181378930300E-007
  0.188906521742391      -1.199524346130049E-007
  0.188906368098111      -1.195437631788046E-007
  0.188906215123324      -1.191788694197174E-007
  0.188906062806144      -1.188416236863403E-007
  0.188905911139879      -1.185142921481304E-007
  0.188905760123191      -1.181789073732744E-007
  0.188905609759846      -1.178186320591337E-007
  0.188905460058082      -1.174190127710215E-007
  0.188905311029655      -1.169690306805243E-007
  0.188905162688631      -1.164618736293118E-007
  0.188905015050023      -1.158953763943294E-007
  0.188904868128381      -1.152721014541758E-007
  0.188904721936454      -1.145990605846078E-007
  0.188904576484008      -1.138871041098777E-007
  0.188904431776892      -1.131500300877909E-007
  0.188904287816420      -1.124034861911971E-007
  0.188904144599101      -1.116637512188582E-007
  0.188904002116743      -1.109464907760087E-007
  0.188903860356909      -1.102655814181970E-007
  0.188903719303701      -1.096320909836272E-007
  0.188903578938781      -1.090534893788194E-007
  0.188903439242565      -1.085331456700602E-007
  0.188903300195486      -1.080701447215583E-007
  0.188903161779232      -1.076594318066160E-007
  0.188903023977878      -1.072922680627402E-007
  0.188902886778812      -1.069569568140638E-007
  0.188902750173402      -1.066397805815872E-007
  0.188902614157341      -1.063260743478535E-007
  0.188902478730670      -1.060013516852115E-007
  0.188902343897458      -1.056523976002557E-007
  0.188902209665191      -1.052682458903248E-007
  0.188902076043922      -1.048409688825512E-007
  0.188901943045236      -1.043662227108837E-007
  0.188901810681121      -1.038435116294289E-007
  0.188901678962823      -1.032761562586230E-007
  0.188901547899784      -1.026709737173266E-007
  0.188901417498732      -1.020376988596959E-007
  0.188901287763003      -1.013881947469982E-007
  0.188901158692121      -1.007355159760408E-007
  0.188901030281690      -1.000928980912589E-007
  0.188900902523572      -9.947275129592994E-008
  0.188900775406352      -9.888573482004227E-008
  0.188900648916037      -9.833998011203051E-008
  0.188900523036949      -9.784051963275490E-008
  0.188900397752729      -9.738895981543888E-008
  0.188900273047372      -9.698341939511002E-008
  0.188900148906220      -9.661873278297262E-008
  0.188900025316837      -9.628689860773257E-008
  0.188899902269690      -9.597773503823028E-008
  0.188899779758619      -9.567968877461796E-008
  0.188899657781030      -9.538073332601134E-008
  0.188899536337820      -9.506928713792343E-008
  0.188899415433047      -9.473508160133551E-008
  0.188899295073351      -9.436991441084908E-008
  0.188899175267204      -9.396823320681799E-008
  0.188899056024028      -9.352750829764709E-008
  0.188898937353264      -9.304836997345246E-008
  0.188898819263457      -9.253450382309519E-008
  0.188898701761422      -9.199231666846361E-008
  0.188898584851559      -9.143040233302006E-008
  0.188898468535359      -9.085885159668419E-008
  0.188898352811146      -9.028846095774412E-008
  0.188898237674061      -8.972990211141601E-008
  0.188898123116293      -8.919291545318344E-008
  0.188898009127528      -8.868558829057989E-008
  0.188897895695575      -8.821377100398393E-008
  0.188897782807131      -8.778067309918674E-008
  0.188897670448612      -8.738666639587581E-008
  0.188897558606993      -8.702930668570409E-008
  0.188897447270600      -8.670356804645486E-008
  0.188897336429775      -8.640226831238158E-008
  0.188897226077382      -8.611665027545894E-008
  0.188897116209117      -8.583707195423672E-008
  0.188897006823589      -8.555375169210401E-008
  0.188896897922192      -8.525751057530423E-008
  0.188896789508763      -8.494045604545341E-008
  0.188896681589066      -8.459655587745059E-008
