   1.00000001323255       0.000000000000000E+000
  0.848846830264823      -1.841980068609589E-003
  0.466579552842696      -1.081203918704860E-002
  2.453479717304664E-002 -2.367815243481075E-002
 -0.287795333460353      -2.919132938870686E-002
 -0.346438739648746      -1.929731486751282E-002
 -0.140696276855439       1.822576327508507E-003
  0.230967583376194       1.991414556564401E-002
  0.608035932449775       2.242389688853318E-002
  0.834476429184041       9.256081991435473E-003
  0.819113755168885      -7.184392868554193E-003
  0.570031510331746      -1.258139355083884E-002
  0.191804155318685      -2.426754170469639E-003
 -0.155089175412522       1.518281426509496E-002
 -0.320162772724889       2.733634770845221E-002
 -0.228882869320797       2.705419118658368E-002
  8.125087231360410E-002  1.752623263628967E-002
  0.474398086441019       7.109959477665459E-003
  0.776665440754385       8.989518698196778E-004
  0.855394794223415      -2.892415211778479E-003
  0.678914703394663      -8.910393297203981E-003
  0.328137232955440      -1.783959762098949E-002
 -4.353552851411144E-002 -2.411207245884530E-002
 -0.280173072198440      -2.072394881436902E-002
 -0.289483287691953      -6.557628752504315E-003
 -7.733291934833954E-002  1.103828888348301E-002
  0.260067996605217       2.132103086651824E-002
  0.578963854328605       1.865329779124755E-002
  0.746941829888223       6.976858252911322E-003
  0.695647265013733      -3.605942474158492E-003
  0.448224304636242      -5.035613779505717E-003
  0.110605579896972       2.793444268425256E-003
 -0.171743409883074       1.306348695328840E-002
 -0.275792330199754       1.836128413915036E-002
 -0.155597435981998       1.634359976449674E-002
  0.135862224438216       1.010997901501855E-002
  0.469516247304371       3.935799679682346E-003
  0.698243015982528      -8.882173510555132E-004
  0.722943513301747      -6.110188497496814E-003
  0.535506351147476      -1.294389847077887E-002
  0.219560484572380      -1.902979550244713E-002
 -8.914238921318794E-002 -1.946640721500294E-002
 -0.262592901800323      -1.127521684536342E-002
 -0.233587169221751       2.929145651858591E-003
 -2.072790135277225E-002  1.582387520860076E-002
  0.282399653973655       2.048658909324794E-002
  0.547367775133405       1.551462742702910E-002
  0.663760814715635       5.849489639687660E-003
  0.584287062469484      -1.275725452344577E-003
  0.344462716900245      -1.738252372867739E-003
  4.818436058292971E-002  3.111828956593684E-003
 -0.176184295709470       8.579167841468375E-003
 -0.231482314345519       1.080916272128921E-002
 -9.478632241756091E-002  9.253274855601661E-003
  0.172225343842138       5.749837820944505E-003
  0.450995501800468       1.864120590055584E-003
  0.619260714406290      -2.522000664247990E-003
  0.604955486969352      -8.060682904320887E-003
  0.416369153755561      -1.376044310107433E-002
  0.136096142322140      -1.645553787146492E-002
 -0.116661946222755      -1.295643660110362E-002
 -0.237479649878573      -3.136717986738693E-003
 -0.179592491156309       8.976068336613506E-003
  2.858657254583521E-002  1.744434555846845E-002
  0.297007846125190       1.840675098710801E-002
  0.512126002434304       1.263038851059097E-002
  0.584119411210117       4.639075376374647E-003
  0.484272863210161      -7.196991052078691E-004
  0.257081497596092      -1.429453741605156E-003
  1.379830946999179E-003  1.121830409699871E-003
 -0.172250291756540       4.074607713243871E-003
 -0.189684714123052       5.470781621552348E-003
 -4.564867229207732E-002  5.072107815178272E-003
  0.194487208372627       3.431886981895392E-003
  0.424311950107445       6.976485462868871E-004
  0.543650416767926      -3.392423592322765E-003
  0.501954922275874      -8.373592215069748E-003
  0.318797624602258      -1.222791601021812E-002
  7.354350953525456E-002 -1.215673390026041E-002
 -0.129917584663512      -6.668063868480357E-003
 -0.207393922168784       2.757174480135036E-003
 -0.128965058654769       1.204430110693145E-002
  6.974172121647511E-002  1.692467825315323E-002
  0.303418863018150       1.560923676982970E-002
  0.473195103099002       9.728670639374083E-003
  0.508173152387055       2.945527866548474E-003
  0.395242949118317      -1.534670539558135E-003
  0.184480044980471      -2.645791391421663E-003
 -3.256716571405185E-002 -1.348786390880510E-003
 -0.162660380887265       7.004470664229005E-004
 -0.151399223280235       2.329139056930085E-003
 -6.509119458147422E-003  3.030576236990619E-003
  0.206410542702083       2.478827280255473E-003
  0.393438495640446       3.090775931737875E-004
  0.473587300922770      -3.387894739030407E-003
  0.413366263181836      -7.396668091846594E-003
  0.239940905229933      -9.492476729539687E-003
  2.810796523847282E-002 -7.667768831490008E-003
 -0.132387754438575      -1.688921087471769E-003
 -0.174862663387855       6.307038648083976E-003
 -8.319653129809548E-002  1.283140747248606E-002
  0.102177838432244       1.506375954905801E-002
  0.301884092030587       1.244856349169571E-002
  0.431343711911133       6.785530529721694E-003
  0.436574753362331       9.034953334554774E-004
  0.316958775672183      -2.996060363449909E-003
  0.125159693098364      -4.201748820036285E-003
 -5.592717922713671E-002 -3.258058071770989E-003
 -0.149239754576312      -1.201504523995168E-003
 -0.116799685074413       9.798410113721085E-004
  2.445600920661604E-002  2.427281974324405E-003
  0.210989251818744       2.387879142081214E-003
  0.361007369797682       4.940451189906160E-004
  0.410008706721893      -2.738094879009334E-003
  0.337991447475862      -5.745518537148139E-003
  0.176982965649466      -6.539605366098016E-003
 -3.640240632982368E-003 -3.906903099650994E-003
 -0.127189182530679       1.627596848643377E-003
 -0.142121871264552       7.860036969277806E-003
 -4.340413718289061E-002  1.206269347755799E-002
  0.125906907940999       1.248854315329086E-002
  0.293309897360909       9.232516099129532E-003
  0.387818583638212       3.964906362801136E-003
  0.370133300181927      -1.132370345340499E-003
  0.249154885914176      -4.435290319375578E-003
  7.772420951630346E-002 -5.354589393248258E-003
 -7.055175623812444E-002 -4.193035474862447E-003
 -0.133228651089320      -1.765794515845327E-003
 -8.571581324899750E-002  8.830502765915552E-004
  4.882919889475273E-002  2.667768757976949E-003
  0.210393666121083       2.751151590955630E-003
  0.328608041488840       9.809933882138670E-004
  0.353054292715459      -1.807116158310686E-003
  0.274340564954629      -4.001792650830797E-003
  0.127271306912281      -4.016078694876714E-003
 -2.473485401784568E-002 -1.256951767923452E-003
 -0.116984012442704       3.390454830270076E-003
 -0.110921658246007       7.948048677435536E-003
 -1.015308123726167E-002  1.039026284787391E-002
  0.141514814838068       9.689650498161940E-003
  0.279045643616864       6.239501867185557E-003
  0.344039868393378       1.495783227638777E-003
  0.309586764300588      -2.815996483600274E-003
  0.191453194401717      -5.412894819159755E-003
  4.084580316392917E-002 -5.782923667655319E-003
 -7.800022719275984E-002 -4.162480839591658E-003
 -0.115548557928863      -1.354309291340494E-003
 -5.792669834970147E-002  1.506916107163502E-003
  6.781496384766489E-002  3.277151182327292E-003
  0.206092327872383       3.238653266923026E-003
  0.297104457082108       1.499191884382106E-003
  0.302408087802602      -9.307923111696600E-004
  0.220859117892747      -2.564046736984366E-003
  8.841434624926646E-002 -2.219849381294652E-003
 -3.776368461284403E-002  2.791237082087877E-004
 -0.103905412425607       3.945430126557060E-003
 -8.244565783928029E-002  7.123728278746764E-003
  1.654369988481879E-002  8.345351697185194E-003
  0.150021239487475       7.032885802567467E-003
  0.260640481842831       3.690178410319779E-003
  0.301365847842165      -4.335777886107813E-004
  0.255464705663064      -3.930043943631206E-003
  0.143317271025026      -5.748612110835980E-003
  1.322361318888944E-002 -5.479010200572155E-003
 -7.965423078765173E-002 -3.405056191347223E-003
 -9.697541602098751E-002 -3.876541100848081E-004
 -3.329033992043674E-002  2.404443577992976E-003
  8.225968873753410E-002  3.906054409717153E-003
  0.199041149202774       3.609069685408231E-003
  0.266911685976642       1.842915219773799E-003
  0.257545184695109      -3.282401295227190E-004
  0.176076937776819      -1.614709729684069E-003
  5.834478340292427E-002 -1.176461451521746E-003
 -4.484065311328659E-002  9.165287855773789E-004
 -8.954242156542239E-002  3.711428448129647E-003
 -5.733708040061147E-002  5.866611973533162E-003
  3.711633503971259E-002  6.318891930577884E-003
  0.152688472077621       4.760408407356071E-003
  0.239630912826388       1.717437735085752E-003
  0.260937128823649      -1.733402935580909E-003
  0.208021896679555      -4.416167786390961E-003
  0.104039730414170      -5.471320353674987E-003
 -6.441381393983992E-003 -4.620275562972786E-003
 -7.678745869218394E-002 -2.240787696299008E-003
 -7.821946573249031E-002  7.573011583245695E-004
 -1.176053261406318E-002  3.248540660118817E-003
  9.274634040906495E-002  4.330560986890806E-003
  0.189871923430765       3.720677999008251E-003
  0.238207208701330       1.904717521978305E-003
  0.217894197946267      -8.072184153167116E-005
  0.138693666067057      -1.156636314502510E-003
  3.534393361009549E-002 -7.435591593424026E-004
 -4.761784253327633E-002  9.551971170140181E-004
 -7.498616260711158E-002  3.075900310130645E-003
 -3.579648967830352E-002  4.538162385497932E-003
  5.228280056751059E-002  4.560800363989290E-003
  0.150838931517597       2.995557468615658E-003
  0.217387068426722       3.556680953927475E-004
  0.223594975516612      -2.422210915115726E-003
  0.167227142182030      -4.348200955939331E-003
  7.275963982134628E-002 -4.738344861374484E-003
 -1.944445137992700E-002 -3.456577939968980E-003
 -7.058715875475226E-002 -9.719762789317149E-004
 -5.993660336952803E-002  1.799393921089403E-003
  6.655810446550452E-003  3.839050883860098E-003
  9.970603442612433E-002  4.442703848682449E-003
  0.179044538824645       3.528631149093625E-003
  0.211072945206670       1.675040631195611E-003
  0.182929933427388      -1.553994152744727E-004
  0.107612786132858      -1.078884765858469E-003
  1.802848478172032E-002 -7.079903718985036E-004
 -4.733589875954337E-002  6.868061620962135E-004
 -6.091877108926322E-002  2.339299650903335E-003
 -1.771124838260528E-002  3.370701417543145E-003
  6.289471725011050E-002  3.193976914884889E-003
  0.145713500092238       1.758279644623647E-003
  0.195023641468100      -4.475818282856646E-004
  0.189860927928436      -2.603446827956397E-003
  0.132792853602815      -3.879911136580725E-003
  4.850419803072025E-002 -3.756496171172054E-003
 -2.705062578040953E-002 -2.228973522371834E-003
 -6.214063057509468E-002  1.712379521679234E-004
 -4.270290115750294E-002  2.568752919827497E-003
  2.195883325299952E-002  4.090486707758722E-003
  0.103512142465927       4.230503991002281E-003
  0.166950072821009       3.066876068663779E-003
  0.185575839094483       1.218028270687087E-003
  0.152212286218146      -4.497330498710308E-004
  8.193691137598813E-002 -1.223546899174170E-003
  5.308385250096284E-003 -8.583349711027504E-004
 -4.489951716053304E-002  3.416498765477037E-004
 -4.772016037928984E-002  1.696468899633507E-003
 -2.783690324554089E-003  2.478937917807130E-003
  6.981224522614293E-002  2.239307679413725E-003
  0.138381902665765       9.908056086048288E-004
  0.173368374065925      -8.043575352510866E-004
  0.159961524730866      -2.427016316216750E-003
  0.104231030663603      -3.190816874750399E-003
  3.024531596259935E-002 -2.721805355741842E-003
 -3.045396360613744E-002 -1.122519971237380E-003
 -5.240552001527646E-002  1.050199612315720E-003
 -2.697968107170668E-002  2.998090943209041E-003
  3.420648921692464E-002  4.007506736453224E-003
  0.104541910492138       3.750249397630232E-003
  0.153966462582819       2.420096335223688E-003
  0.161800651642633       6.370050791144127E-004
  0.125387814903208      -8.374747522220376E-004
  6.093812098732618E-002 -1.437914119494529E-003
 -3.671300458776616E-003 -1.028359818388471E-003
 -4.096123236102157E-002  6.828588334144718E-005
 -3.557079902377627E-002  1.243078844138631E-003
  9.363080131353349E-003  1.884871896104469E-003
  7.381967744618366E-002  1.646837639937470E-003
  0.129702539921563       5.887059015015021E-004
  0.152974428008504      -8.534548521917683E-004
  0.133881307040464      -2.050647609612133E-003
  8.092174233690325E-002 -2.443806447573488E-003
  1.696004374804273E-002 -1.783443672073663E-003
 -3.073512682849280E-002 -2.482759120068519E-004
 -4.218073793929743E-002  1.612782052890046E-003
 -1.308743974365850E-002  3.099959426980417E-003
  4.354310556498068E-002  3.654666971021734E-003
  0.103204053135827       3.096015087497279E-003
  0.140476394764727       1.693373225916525E-003
  0.139850495543095       4.117755245559740E-005
  0.102169540305423      -1.204674805496472E-003
  4.401677270491701E-002 -1.606262658463724E-003
 -9.591527598719108E-003 -1.114500153148981E-003
 -3.599897930683647E-002 -6.358766341878975E-005
 -2.453608052662246E-002  9.965525963007778E-004
  1.911108226473366E-002  1.548309517375337E-003
  7.558137674359292E-002  1.327722412629817E-003
  0.120321492827280       4.311757621252764E-004
  0.134160896426689      -7.307103747820896E-004
  0.111428651978256      -1.610378620232480E-003
  6.218186133468869E-002 -1.759891303761806E-003
  7.684739331203899E-003 -1.030003288199856E-003
 -2.882770390872003E-002  3.535880576101927E-004
 -3.208909709430530E-002  1.874351930761017E-003
 -1.197282535203197E-003  2.938377817735400E-003
  5.020373886980432E-002  3.126274463750958E-003
  9.993874208310624E-002  2.371694038744568E-003
  0.126860135887778       9.862181217158066E-004
  0.119829776783256      -4.791571314329182E-004
  8.230822543690147E-002 -1.471042526215066E-003
  3.066002665353681E-002 -1.662255585881632E-003
 -1.301315465947114E-002 -1.074128991669642E-003
 -3.037806520389935E-002 -4.657294763702451E-005
 -1.462597239666057E-002  9.227861492787632E-004
  2.680516046569681E-002  1.396767199359644E-003
  7.563055126248407E-002  1.182194670640515E-003
  0.110697481134015       4.054988666577688E-004
  0.117066710639838      -5.478630136631762E-004
  9.230184517759558E-002 -1.203883829511698E-003
  4.732473801613967E-002 -1.209506535246161E-003
  1.555827227191814E-003 -4.925563579760283E-004
 -2.549945792459707E-002  6.981798441568049E-004
 -2.257627891402988E-002  1.893158509322388E-003
  8.659252042819282E-003  2.601237991874283E-003
  5.449898086751310E-002  2.520841716568052E-003
  9.519982346750461E-002  1.669503331471709E-003
  0.113475755037658       3.749693197337561E-004
  0.101821572531001      -8.660836920357876E-004
  6.556503891804097E-002 -1.597082629669028E-003
  2.040782744798514E-002 -1.586591881388907E-003
 -1.441758108843266E-002 -9.122834161874034E-004
 -2.439389354907193E-002  8.653499892775846E-005
 -5.830275344510629E-003  9.621989543090327E-004
  3.273681763419595E-002  1.350390728441723E-003
  7.438033847699474E-002  1.120347203231237E-003
  0.101139948297576       4.229052201836054E-004
  0.101706054508695      -3.818482329014075E-004
  7.614653467049805E-002 -8.861162258514012E-004
  3.570517159108146E-002 -8.164435327130553E-004
 -2.166189768936044E-003 -1.577834475887643E-004
 -2.135007070392793E-002  8.352906244648854E-004
 -1.392538105123491E-002  1.746430656687896E-003
  1.656607478377432E-002  2.177723551533425E-003
  5.678788474323368E-002  1.922835719901416E-003
  8.942925743377314E-002  1.056884818785571E-003
  0.100636888294576      -9.534738658471634E-005
  8.586791552646750E-002 -1.096899976861173E-003
  5.169169344108395E-002 -1.580371170834218E-003
  1.283021247260345E-002 -1.395749316629356E-003
 -1.423242420544747E-002 -6.637036297843620E-004
 -1.829646611774785E-002  2.843763285938650E-004
  1.865904208454061E-003  1.050970445705512E-003
  3.714593963670691E-002  1.339516256451377E-003
  7.214667731019075E-002  1.074471622632786E-003
  9.184983727286730E-002  4.254215373931342E-004
  8.801711463711631E-002 -2.735638406456265E-004
  6.259963956268473E-002 -6.742380238898290E-004
  2.674771702448300E-002 -5.693164340924777E-004
 -4.089207001504875E-003  1.495552658308481E-005
 -1.682326248623357E-002  8.294103972831285E-004
 -6.282887641786591E-003  1.511122897033675E-003
  2.269045884832270E-002  1.742869208615827E-003
  5.744692203758935E-002  1.392533965625569E-003
  8.303193384512857E-002  5.717021350028378E-004
  8.859495566545125E-002 -4.108740550628616E-004
  7.195774681327484E-002 -1.179061063514903E-003
  4.042054481516627E-002 -1.445418517791241E-003
  7.516373866522743E-003 -1.127259310357662E-003
 -1.284386351714270E-002 -3.753376375199679E-004
 -1.230065375238243E-002  4.944221958275199E-004
  8.479988116587343E-003  1.135485384858168E-003
  4.023209134993781E-002  1.314357641781838E-003
  6.917432916389156E-002  1.003452314739706E-003
  8.295590363059034E-002  3.851484708051354E-004
  7.589975577941738E-002 -2.334765821697622E-004
  5.131830779332747E-002 -5.578944523451155E-004
  1.995941828374103E-002 -4.357701212313193E-004
 -4.695566628030582E-003  7.724115308016260E-005
 -1.222895006072449E-002  7.438119876240963E-004
  3.094922174822123E-004  1.251110520034548E-003
  2.724936997014674E-002  1.349563422429562E-003
  5.684138382607440E-002  9.632251514816080E-004
  7.635626827617981E-002  2.241430023862295E-004
  7.752941671456375E-002 -5.829908562097813E-004
  6.002404060568406E-002 -1.140734195494366E-003
  3.146425657173920E-002 -1.231319896610545E-003
  4.073436949138825E-003 -8.256513405394320E-004
 -1.059926391581988E-002 -9.249328662158744E-005
 -6.587422867850442E-003  6.744564151692758E-004
  1.403661802131649E-002  1.179793219603536E-003
  4.216855855761600E-002  1.247749493536502E-003
  6.566013442467868E-002  8.909460373985698E-004
  7.454273591482051E-002  2.984152413552618E-004
  6.524093236646887E-002 -2.508863197661826E-004
  4.199520218215917E-002 -5.111253463892517E-004
  1.493010191819832E-002 -3.757806218482302E-004
 -4.357338740645876E-003  7.874957571804043E-005
 -7.770388639973298E-003  6.302080159267519E-004
  5.882457931777065E-003  1.010921742674670E-003
  3.047928798999521E-002  1.026961687283722E-003
  5.530334980458302E-002  6.439620130063912E-004
  6.968315035409871E-002  2.963798761521300E-006
  6.754682321614751E-002 -6.394813396653234E-004
  4.994917821051137E-002 -1.020210738707195E-003
  2.452275916641063E-002 -9.803853067830114E-004
  2.131616392334929E-003 -5.315983032714634E-004
 -7.804330465551940E-003  1.499948972623363E-004
 -1.300985068320941E-003  7.980910013956883E-004
  1.857400532724563E-002  1.167137183788239E-003
  4.311451901871399E-002  1.132759037704603E-003
  6.177037395061492E-002  7.396552563348969E-004
  6.666945495559123E-002  1.774847799940450E-004
  5.592899340352014E-002 -3.039547014348355E-004
  3.436305161013799E-002 -5.031218064862125E-004
  1.132430801423988E-002 -3.518381274370838E-004
 -3.356240562499928E-003  5.912679547365561E-005
 -3.571707443938307E-003  5.239617398676478E-004
  1.051033103494754E-002  8.149330692885185E-004
  3.261266501414682E-002  7.835124084112482E-004
  5.311799480179770E-002  4.256477320622699E-004
  6.322344492899568E-002 -1.163795396059429E-004
  5.868741238394527E-002 -6.153458225770501E-004
  4.157619713149229E-002 -8.565896812073678E-004
  1.929439002175616E-002 -7.296572697806059E-004
  1.352170642468852E-003 -2.752914474003650E-004
 -4.718645799505584E-003  3.316265601988369E-004
  3.454273258259024E-003  8.553453514086680E-004
  2.214853311165584E-002  1.097287664805834E-003
  4.322298067738702E-002  9.772944974184169E-004
  5.765143341467437E-002  5.639905143476172E-004
  5.938005337204275E-002  4.211233658144549E-005
  4.785940847641820E-002 -3.683838957612656E-004
  2.819206457219067E-002 -5.061887163645650E-004
  8.868921735083454E-003 -3.351552296456375E-004
 -1.904224548767247E-003  4.447947241278071E-005
  2.975654416353588E-004  4.438395866901477E-004
  1.428829702449644E-002  6.703540478436173E-004
  3.386221803326089E-002  6.125707477833118E-004
  5.051805703820753E-002  2.883318031679274E-004
  5.712260889282319E-002 -1.637668161105969E-004
  5.093686471319638E-002 -5.450844166395428E-004
  3.472300851685692E-002 -6.831124607847769E-004
  1.548812482982359E-002 -5.060178267233973E-004
  1.435111889484181E-003 -7.391086056580982E-005
 -1.552413400388410E-003  4.460743111965222E-004
  7.614703568485450E-003  8.498569650506689E-004
  2.483600184543207E-002  9.815809448544231E-004
  4.264399101352336E-002  7.976860263091363E-004
  5.343459024376274E-002  3.829864776877448E-004
  5.270745280044955E-002 -8.743906793520495E-005
  4.093492469700919E-002 -4.235713675839881E-004
  2.328365746200483E-002 -5.003536108831760E-004
  7.339881208305681E-003 -3.080857281289886E-004
 -1.618921647858164E-004  4.756086713824143E-005
  3.802943411569195E-003  3.948173045316082E-004
  1.731650353322725E-002  5.722119272679017E-004
  3.441267418988992E-002  4.987703661030040E-004
  4.768498530614686E-002  2.080393030691767E-004
  5.147013458298006E-002 -1.679997126518707E-004
  4.424053119320177E-002 -4.574175898926855E-004
  2.919686317299662E-002 -5.235693083780375E-004
  1.283442589419910E-002 -3.246603691022531E-004
  2.124594999968802E-003  6.767430898977917E-005
  1.534017661561320E-003  4.983731094317551E-004
  1.115520483381736E-002  7.943739317300438E-004
  2.672936855375498E-002  8.373468093999523E-004
  4.152389114486794E-002  6.127607603203624E-004
  4.923661729042862E-002  2.146953534401552E-004
  4.667370500753820E-002 -1.951073147846648E-004
  3.506296648998519E-002 -4.559260116984942E-004
  1.946327541533294E-002 -4.748838853362376E-004
  6.550302039167848E-003 -2.635876206399172E-004
  1.746843379737466E-003  7.036237887087544E-005
  6.930986151985151E-003  3.724010043943994E-004
  1.969056260738650E-002  5.087817604273184E-004
  3.441855554476882E-002  4.237782432189396E-004
  4.475464541287046E-002  1.620706932914660E-004
  4.631136039018233E-002 -1.526036156951783E-004
  3.851771294384231E-002 -3.726464950218877E-004
  2.480699009141201E-002 -3.914756529865234E-004
  1.109313889343433E-002 -1.901347466222337E-004
  3.210982028690733E-003  1.541600344183153E-004
  4.427422694817051E-003  5.008617183030379E-004
  1.408410794543139E-002  7.059407740762166E-004
  2.793378642247159E-002  6.829637060204533E-004
  4.000203617399161E-002  4.393497492845294E-004
  4.515812899172637E-002  7.261626071230831E-005
  4.128854577006960E-002 -2.713334592555139E-004
  3.015247086781420E-002 -4.596680405111244E-004
  1.657416461038772E-002 -4.274691378276221E-004
  6.341266558388231E-003 -2.028347698095383E-004
  3.724289526020691E-003  1.078143130584426E-004
  9.680430738880147E-003  3.671661362439176E-004
  2.149719619151809E-002  4.663408500200425E-004
  3.400612187715147E-002  3.706128807037369E-004
  4.182539804887704E-002  1.323234895886540E-004
  4.165950953327176E-002 -1.338930959961055E-004
  3.367420954886410E-002 -3.022982028594581E-004
  2.137416904168016E-002 -2.912922547528354E-004
  1.005780388782890E-002 -9.894863877119635E-005
  4.529518718878545E-003  1.961896095845027E-004
  7.056205063160379E-003  4.690410226396266E-004
  1.643601235323672E-002  6.017762443331992E-004
  2.856019955772149E-002  5.342580521354965E-004
  3.820652700753974E-002  2.895973943930481E-004
  4.128136759868319E-002 -3.583735891961183E-005
  3.654796036307148E-002 -3.133180848422786E-004
  2.611155945775788E-002 -4.358011577165948E-004
  1.447303167054304E-002 -3.620112158988845E-004
  6.575588613606845E-003 -1.320549535187446E-004
  5.692309441623414E-003  1.515322870220274E-004
  1.205738050230835E-002  3.686120338683169E-004
  2.281342487231984E-002  4.326182934276689E-004
  3.327758897844738E-002  3.262304928901431E-004
  3.896668913757468E-002  1.066884115631139E-004
  3.750641300147728E-002 -1.209196474987363E-004
  2.961211256953148E-002 -2.503912206015794E-004
  1.873681518717444E-002 -2.208158455197961E-004
  9.556525034913430E-003 -4.274989064152319E-005
  5.956227834351390E-003  2.068123167262905E-004
  9.383073216131582E-003  4.181434208564870E-004
  1.826373578909047E-002  4.963845254444674E-004
  2.871877582651195E-002  4.024826820202159E-004
  3.625025876998983E-002  1.699917832740496E-004
  3.766864212247229E-002 -1.092082971924752E-004
  3.243375093089026E-002 -3.238563242634705E-004
  2.284668399715634E-002 -3.900611401533180E-004
  1.302776312949084E-002 -2.859110496290908E-004
  7.134198783658407E-003 -5.945390745160404E-005
  7.588581889147124E-003  1.928950718392814E-004
  1.407324316080161E-002  3.678562248402699E-004
  2.370774072589571E-002  3.987543572517114E-004
  3.231605546929738E-002  2.824923876294992E-004
  3.622683260950185E-002  7.890401285516134E-005
  3.383104762671740E-002 -1.166993248368305E-004
  2.623653034798989E-002 -2.155720516358953E-004
  1.675380576073470E-002 -1.739328729767715E-004
  9.450069182419160E-003 -1.132509830472110E-005
  7.401979325061025E-003  1.986411367852890E-004
  1.139698968035456E-002  3.608146111218837E-004
  1.963048899344655E-002  4.000363283780205E-004
  2.851320791509538E-002  2.937420436209175E-004
  3.422815948997901E-002  8.174323425250646E-005
  3.436207139809250E-002 -1.507663542812534E-004
  2.891447282133431E-002 -3.094373704147575E-004
  2.026327353586782E-002 -3.305713989691245E-004
  1.211685886005871E-002 -2.075392422288004E-004
  7.914429960233735E-003  7.219499574661606E-006
  9.364745814145752E-003  2.251030902009318E-004
  1.574417600437349E-002  3.590640572649406E-004
  2.424199490628103E-002  3.599163101955303E-004
  3.119004432962054E-002  2.358824436078454E-004
  3.363925076283544E-002  4.740829710187441E-005
  3.060562933112194E-002 -1.200795633895650E-004
  2.345947776658904E-002 -1.934561612031504E-004
  1.530469896364394E-002 -1.431241599118616E-004
  9.628117146676506E-003  5.066825524467474E-006
  8.805770228594807E-003  1.819991769092483E-004
  1.310538708555187E-002  3.059726198813681E-004
  2.060312554081474E-002  3.184596424715413E-004
  2.803652337433226E-002  2.095083687976222E-004
  3.221601911085036E-002  2.201017484282657E-005
  3.138477830622777E-002 -1.667631880342370E-004
  2.594763002597192E-002 -2.782074842732335E-004
  1.826751778431471E-002 -2.657499966324864E-004
  1.162996990187454E-002 -1.343142375835316E-004
  8.829384321792845E-003  6.221743738684855E-005
  1.098547224384265E-002  2.441733222822709E-004
  1.709105519848736E-002  3.397764254005974E-004
  2.447313576249436E-002  3.149136180092183E-004
  2.995706063495490E-002  1.864490160930003E-004
  3.122695051539644E-002  1.373178550767374E-005
  2.779945817579160E-002 -1.276967170947449E-004
  2.120150368921397E-002 -1.786861644341870E-004
  1.428817974744847E-002 -1.213533680611983E-004
  1.000461063973406E-002  1.422809225681789E-005
  1.012811220884448E-002  1.640681342956652E-004
  1.452738352966764E-002  2.586715209868038E-004
  2.124696228706443E-002  2.534098570461547E-004
  2.736863996447847E-002  1.477877098645171E-004
  3.027089950350173E-002 -1.452280771434260E-005
  2.874331239539516E-002 -1.646614094046581E-004
  2.348272958320543E-002 -2.382253876136022E-004
  1.676874208798847E-002 -2.027861100105296E-004
  1.146888473297291E-002 -7.155710378383146E-005
  9.807657588951465E-003  1.024470934054045E-004
  1.242773589569103E-002  2.490389205520777E-004
  1.813932712905831E-002  3.104472591584859E-004
  2.445434308657956E-002  2.652246207286953E-004
  2.866598957932025E-002  1.364301005884750E-004
  2.900538829399933E-002 -1.911917379378723E-005
  2.538098484176096E-002 -1.356390912447062E-004
  1.939176553508075E-002 -1.664310512218510E-004
  1.361955655814779E-002 -1.032048761666649E-004
  1.051299156789409E-002  2.139975792044862E-005
  1.134517128010621E-002  1.488643733790930E-004
  1.568840738893562E-002  2.206696591351712E-004
  2.162231665086893E-002  2.037351769219412E-004
  2.657556672810026E-002  1.045182144645981E-004
  2.843282957456232E-002 -3.411474708422739E-005
  2.643086944100231E-002 -1.516740332600513E-004
  2.146468363195321E-002 -1.962445876335225E-004
  1.568182607745123E-002 -1.467927202360006E-004
  1.154841312317862E-002 -2.209015933817569E-005
  1.079290111682171E-002  1.274016518402351E-004
  1.367984336916100E-002  2.410326552109006E-004
  1.891843257302741E-002  2.735448224899057E-004
  2.423544367142834E-002  2.138178654004863E-004
  2.735845835431541E-002  8.892627403305223E-005
  2.698409224758805E-002 -4.798675085947145E-005
  2.331866963130491E-002 -1.406110609549376E-004
  1.796723553175398E-002 -1.532431914380655E-004
  1.322799062904596E-002 -8.531786414572789E-005
  1.110189638730093E-002  2.931436477124399E-005
  1.244401552865874E-002  1.377742881673648E-004
  1.661633871910393E-002  1.913715498093633E-004
  2.178262773247125E-002  1.665875032251981E-004
  2.570992684158871E-002  7.487557386105854E-005
  2.672734164424813E-002 -4.274793099204160E-005
  2.443081640084397E-002 -1.337842263190783E-004
  1.983707744680214E-002 -1.570827753908658E-004
  1.492923142357673E-002 -1.005806960343876E-004
  1.179680150251575E-002  1.358227190379325E-005
  1.174294050356113E-002  1.386158212329430E-004
  1.474004214661732E-002  2.230557619513350E-004
  1.946076109068561E-002  2.325340753981607E-004
  2.386272550062184E-002  1.640615822154775E-004
  2.606945043292652E-002  4.685579530159107E-005
  2.516748315162978E-002 -7.044558177673395E-005
  2.158117391134696E-002 -1.405530401327885E-004
  1.687159336224663E-002 -1.373348616946419E-004
  1.305393190939449E-002 -6.627644515045563E-005
  1.173161533373590E-002  3.868688998330347E-005
  1.341906552148141E-002  1.303668608494307E-004
  1.733904037475070E-002  1.688527085767503E-004
  2.177384968287038E-002  1.385161615831238E-004
  2.481237320092423E-002  5.428270842554574E-005
  2.516838051277427E-002 -4.533800743250089E-005
  2.272008254434967E-002 -1.152717836071934E-004
  1.854494033138098E-002 -1.235098705103745E-004
  1.444237335777819E-002 -6.490112839064150E-005
  1.215551557179926E-002  3.672896351298191E-005
  1.262838389246562E-002  1.389012223441741E-004
  1.561474023645890E-002  1.986929468439194E-004
  1.980026680674946E-002  1.909742179153479E-004
  2.337838745127751E-002  1.189007182236698E-004
  2.482750802648694E-002  1.229588727611321E-005
  2.355530078981627E-002 -8.522889363019270E-005
  2.013731012536351E-002 -1.347872611536131E-004
  1.605418235880919E-002 -1.184220009914689E-004
  1.304702038571697E-002 -4.616213628503850E-005
  1.237140500266581E-002  4.890573804978904E-005
  1.426964635637536E-002  1.252438398465526E-004
  1.788300782083949E-002  1.507568841309157E-004
  2.163472958065495E-002  1.162887062366501E-004
  2.391346471195090E-002  3.904035228487166E-005
  2.376118143920655E-002 -4.537757062563329E-005
  2.127209679680383E-002 -9.867109473803059E-005
  1.753681223473125E-002 -9.651239705631837E-005
  1.416224446850554E-002 -3.896518268186728E-005
  1.257839965760216E-002  4.969791707629982E-005
  1.343081042374058E-002  1.315747002626217E-004
  1.631649197682371E-002  1.714586386519397E-004
  1.997095717229519E-002  1.518665928905474E-004
  2.281988556956607E-002  8.037143520267946E-005
  2.365482048383809E-002 -1.379231626058049E-005
  2.214294413743359E-002 -9.227017762727392E-005
  1.895602844923059E-002 -1.238236875268791E-004
  1.546922822636319E-002 -9.731334765351841E-005
  1.316452851143396E-002 -2.596815902062709E-005
  1.299758142394390E-002  5.872815827977528E-005
  1.499842368791828E-002  1.207604102373209E-004
  1.827280997535236E-002  1.349476312704910E-004
  2.139759055458871E-002  9.738347320481333E-005
  2.303563967674183E-002  2.659109924912012E-005
  2.250482813114657E-002 -4.493634094499213E-005
  2.005909434071730E-002 -8.503067348512534E-005
  1.676605074623118E-002 -7.576844799586328E-005
  1.403934254745065E-002 -2.106086058290522E-005
  1.303034326104991E-002  5.524679970709063E-005
  1.414071772359439E-002  1.198246911606406E-004
  1.686195415634381E-002  1.442745196180212E-004
  2.000547038706800E-002  1.172967953907719E-004
  2.221939474988266E-002  4.943668287652915E-005
  2.256741033247417E-002 -3.152859438949119E-005
  2.092191176680328E-002 -9.248107272361628E-005
  1.800657435351841E-002 -1.089787207956685E-004
  1.507537225257357E-002 -7.541067220598391E-005
  1.337029096917321E-002 -7.033801269538171E-006
  1.359222790972350E-002  6.684896557536597E-005
  1.561046351179003E-002  1.155284519956416E-004
  1.853100670056905E-002  1.198798703151354E-004
  2.108930632157547E-002  8.017625149771093E-005
  2.219502840771216E-002  1.549178011186546E-005
  2.139433067306825E-002 -4.490129576881150E-005
  1.905374856302686E-002 -7.433137155837221E-005
  1.619144339673302E-002 -6.018233413259829E-005
  1.403304900893666E-002 -9.126351885195079E-006
  1.348564672195835E-002  5.601062983542514E-005
  1.475543214087497E-002  1.062881870060355E-004
  1.727000461007432E-002  1.192027105811517E-004
  1.993391046305902E-002  8.834545077372014E-005
  2.160352750658834E-002  2.607164598910883E-005
  2.157552795041011E-002 -4.187559411457657E-005
  1.988041464353152E-002 -8.739547369803025E-005
  1.725883661656105E-002 -9.194342398440973E-005
  1.483547070097759E-002 -5.424691095205220E-005
  1.363399670540378E-002  9.399685908668331E-006
  1.414232093727466E-002  7.227872030091168E-005
  1.611267021072031E-002  1.086836880406262E-004
  1.867828711199138E-002  1.047195411794549E-004
  2.073224646825024E-002  6.389157183128228E-005
  2.140296021018176E-002  5.197282887675657E-006
  2.042217895849811E-002 -4.533469928304421E-005
  1.823018648970687E-002 -6.593792784729948E-005
  1.577726632704684E-002 -4.836584050972942E-005
  1.411064766925504E-002 -1.192746945886240E-006
  1.392628669050580E-002  5.415810374950499E-005
  1.527716221043323E-002  9.284855781527698E-005
  1.756016521696544E-002  9.740361612435602E-005
  1.978303794221814E-002  6.520026866649949E-005
  2.099336683717333E-002  9.504296780425914E-006
  2.068427531297950E-002 -4.630810681539624E-005
  1.900414604710314E-002 -7.879203698058171E-005
  1.668383089481488E-002 -7.440199030745027E-005
  1.471656052569746E-002 -3.513952504258718E-005
  1.393069772421725E-002  2.246686891929899E-005
  1.463909258985051E-002  7.452427934338800E-005
  1.651340771888778E-002  9.994778915028735E-005
  1.873365184257160E-002  8.927618191705812E-005
  2.034506781885809E-002  4.840852899857519E-005
  2.066711837591531E-002 -4.240942458181239E-006
  1.957941355673218E-002 -4.584668556899527E-005
  1.756450829480258E-002 -5.899331596097279E-005
  1.549296200461349E-002 -3.899931406852899E-005
  1.424617308397874E-002  4.339242647293323E-006
  1.434025269126942E-002  5.123697841316885E-005
  1.571132410368551E-002  8.062064191647753E-005
  1.775140499452778E-002  7.925591479580458E-005
  1.957584127670737E-002  4.738633817384397E-005
  2.040479748600332E-002 -1.481953511100538E-006
  1.989441337097174E-002 -4.648128958535057E-005
  1.827714041378779E-002 -6.837446619141945E-005
  1.625422979330133E-002 -5.775839161240563E-005
  1.468988109777902E-002 -1.898898063898388E-005
  1.424040539172875E-002  3.179098120930631E-005
  1.507749086447035E-002  7.360388092437028E-005
  1.682217370305805E-002  8.954407651410269E-005
  1.871454134287554E-002  7.382595804165598E-005
  1.994330873605973E-002  3.400761089813428E-005
  1.999236864014263E-002 -1.247725186015954E-005
  1.885630739474619E-002 -4.591053911748320E-005
  1.703495567423119E-002 -5.270537790943640E-005
  1.531260372975129E-002 -3.104926352943950E-005
  1.441924656324554E-002  8.582429131590724E-006
  1.472007550538649E-002  4.817447496249014E-005
  1.606520622313301E-002  7.006615486108365E-005
  1.786133472696911E-002  6.456650386006274E-005
  1.933145406884896E-002  3.403648381760430E-005
  1.984906993363835E-002 -8.258064857868103E-006
  1.920327131744957E-002 -4.395995709047469E-005
  1.768263307320538E-002 -5.755219966247060E-005
  1.594484900693158E-002 -4.298969879918081E-005
  1.473085971046046E-002 -6.214955643615142E-006
  1.454768192788177E-002  3.746384960819533E-005
  1.545565199638157E-002  6.994921019689776E-005
  1.704925973580713E-002  7.803308319780752E-005
  1.863687748191265E-002  5.889691107253373E-005
  1.953980106900586E-002  2.112684444656526E-005
  1.938132819710667E-002 -1.911867142170097E-005
  1.824277061293207E-002 -4.508311317382992E-005
  1.662186769314961E-002 -4.651139566558484E-005
  1.521428528453523E-002 -2.385268776374664E-005
  1.461401116469719E-002  1.217319983817872E-005
  1.506161192593932E-002  4.538168731044719E-005
  1.634698308999537E-002  6.117719537856760E-005
  1.790575402832204E-002  5.280500239572594E-005
  1.906534445252560E-002  2.414123218049325E-005
  1.933350696635152E-002 -1.211995761230993E-005
  1.860566693290892E-002 -4.003968769099858E-005
  1.720383894798927E-002 -4.733150148047048E-005
  1.573301942954983E-002 -3.061467089346873E-005
  1.481900162443598E-002  3.200718768066792E-006
  1.484117793017185E-002  3.993943638873323E-005
  1.577434842972193E-002  6.425072664302165E-005
  1.720538081844632E-002  6.612707833474815E-005
  1.851503042452143E-002  4.507111896154221E-005
  1.914494678632368E-002  1.017086448190660E-005
  1.883475688042285E-002 -2.388901652957607E-005
  1.772858491930199E-002 -4.312270458840088E-005
  1.630753695307294E-002 -4.013316804109167E-005
  1.517953292833658E-002 -1.709903783504007E-005
  1.481822735343004E-002  1.536347544075916E-005
  1.536310030742764E-002  4.290888145283585E-005
  1.656504526708777E-002  5.367349172310816E-005
  1.789848031268980E-002  4.331403231845810E-005
  1.878968609818031E-002  1.674105181394084E-005
  1.886226072927476E-002 -1.414156493879353E-005
  1.809475857913099E-002 -3.566364625015507E-005
  1.682459059465710E-002 -3.830315462654920E-005
  1.559880570113907E-002 -2.074825416983228E-005
  1.493766153788934E-002  9.605422617825066E-006
  1.511310550720309E-002  3.988860059057103E-005
  1.603641393325959E-002  5.729463774078487E-005
  1.730129049641032E-002  5.452691697206905E-005
  1.836174622206105E-002  3.283694186896678E-005
  1.876691640555832E-002  1.391963759945597E-006
  1.835184636652657E-002 -2.670751972449703E-005
  1.730355220702612E-002 -4.001812283721483E-005
  1.607604440110377E-002 -3.355091264105318E-005
  1.519279478383866E-002 -1.074896506262359E-005
  1.502254796713814E-002  1.814970038465647E-005
  1.562446409136329E-002  4.060686807517314E-005
  1.672758588636199E-002  4.717428499096632E-005
  1.785137690652053E-002  3.546665566484177E-005
  1.851382227921020E-002  1.104599549068605E-005
  1.843704241383939E-002 -1.511005954938499E-005
  1.766277276765348E-002 -3.142020206899386E-005
  1.652980489112451E-002 -3.069948192549745E-005
  1.552506292349040E-002 -1.320601781970555E-005
  1.507370422964005E-002  1.354155898488179E-005
  1.535866468615491E-002  3.805452239594780E-005
  1.624617033479491E-002  4.982560586262993E-005
  1.734741323857005E-002  4.380599215712494E-005
  1.818807610566786E-002  2.250399681513854E-005
  1.841182034364243E-002 -5.157741113116712E-006
  1.793046545577577E-002 -2.769609837582149E-005
  1.695761424145920E-002 -3.595449372163329E-005
  1.591311667742479E-002 -2.692967217656803E-005
  1.524102695866752E-002 -4.927378484458627E-006
  1.521995982630383E-002  2.040226968654727E-005
  1.584681849948126E-002  3.826339345238920E-005
  1.684237474235962E-002  4.132316232561379E-005
  1.777450099238977E-002  2.876117590889077E-005
  1.824474933334241E-002  6.485762670969221E-006
  1.805776980556903E-002 -1.552818471946235E-005
  1.730157854023904E-002 -2.759646849682152E-005
  1.630577550586232E-002 -2.448938447501725E-005
  1.549734870391407E-002 -7.624779606581062E-006
  1.521708316160216E-002  1.561887416223705E-005
  1.557545611020369E-002  3.513539953453860E-005
  1.640888905991638E-002  4.245333316302136E-005
  1.735352699011756E-002  3.434900833716952E-005
  1.800334160049917E-002  1.417742756948062E-005
  1.808388926471494E-002 -9.617043521346215E-006
  1.756739723303701E-002 -2.713805460020659E-005
  1.668097309300961E-002 -3.124451930016874E-005
  1.580602149495454E-002 -2.052930350076018E-005
  1.531337040784792E-002  1.796265927525568E-007
  1.540536121625535E-002  2.197103321963552E-005
  1.603212771415799E-002  3.569840131445585E-005
  1.691665441110609E-002  3.585982239818459E-005
  1.767630594509008E-002  2.285798178083598E-005
  1.798756730165724E-002  2.704713058956444E-006
  1.772310312357473E-002 -1.566140518284783E-005
  1.700310495475433E-002 -2.426074671691216E-005
  1.614031000170323E-002 -1.948314425479404E-005
  1.550372402347978E-002 -3.573432020601180E-006
  1.536037587805727E-002  1.641394105159737E-005
  1.576291671137787E-002  3.170743082871508E-005
  1.653031823485369E-002  3.560707678560911E-005
  1.732852067016180E-002  2.634041907977317E-005
  1.781515619435160E-002  7.777914770768058E-006
  1.778568165604058E-002 -1.226948058711606E-005
  1.725858303124711E-002 -2.541255819428750E-005
  1.646422033250679E-002 -2.625073084158839E-005
  1.574349704444336E-002 -1.462166632574991E-005
  1.540089833845455E-002  4.405155131911080E-006
  1.557523816945066E-002  2.275516523433743E-005
  1.618296283244225E-002  3.281495774551217E-005
  1.695710474829080E-002  3.064437245660178E-005
  1.756385140745215E-002  1.757199119592718E-005
  1.774586794321184E-002 -4.785336089722990E-007
  1.743086192336890E-002 -1.560680138134471E-005
  1.675961693923774E-002 -2.135036313387575E-005
  1.602274377566941E-002 -1.542600267228558E-005
  1.553448320189979E-002 -6.380204949426263E-007
  1.549831543657424E-002  1.640593228107370E-005
  1.592180998046907E-002  2.818951741158282E-005
  1.661629675313003E-002  2.953190712349128E-005
  1.728023882336058E-002  1.978968533027868E-005
  1.762950949833662E-002  3.089615360148295E-006
  1.751832084595571E-002 -1.348084002234203E-005
  1.699937218802540E-002 -2.292577467368621E-005
  1.629846888231359E-002 -2.131740837567140E-005
  1.571570112873634E-002 -9.429283272018522E-006
  1.549640942665777E-002  7.651039577663983E-006
  1.572740497926346E-002  2.273628467032147E-005
  1.630232054926260E-002  2.961187307169755E-005
  1.696983771421099E-002  2.564651757160717E-005
  1.744299351186250E-002  1.283774194148197E-005
  1.752204969208872E-002 -3.127421857144716E-006
  1.717833239546913E-002 -1.536430689237907E-005
  1.656387615093679E-002 -1.874805497718855E-005
  1.594386803656446E-002 -1.206828397639888E-005
  1.558185194134690E-002  1.525152436629791E-006
  1.562735060202823E-002  1.594833213572041E-005
  1.605379232307197E-002  2.484302392371555E-005
  1.667246454970451E-002  2.431476752478302E-005
  1.721541277441720E-002  1.457773074154259E-005
  1.745090725372961E-002 -1.813134678166630E-007
  1.728175217413849E-002 -1.363732207627683E-005
  1.678476701261503E-002 -2.005327525383115E-005
  1.617547479989307E-002 -1.672278026996257E-005
  1.571416318583222E-002 -5.090858626085835E-006
  1.559424455673533E-002  9.906941132092464E-006
  1.586078210811068E-002  2.198098728103525E-005
  1.639347493324166E-002  2.616911838513534E-005
  1.696039993357621E-002  2.091426288502318E-005
  1.731854377087329E-002  8.663402618245240E-006
  1.731756323844522E-002 -5.243868167140492E-006
  1.696248420824034E-002 -1.489689654931195E-005
  1.640921760002084E-002 -1.633762386938215E-005
  1.589580723275324E-002 -9.207980827110799E-006
  1.563968561618261E-002  3.166909665682371E-006
  1.574525732211032E-002  1.526989117244392E-005
  1.616106524503043E-002  2.179570255798298E-005
  1.670406669224160E-002  1.992672040033829E-005
  1.713966727622179E-002  1.051000197117221E-005
  1.728255213111022E-002 -2.351401911718602E-006
  1.707500493080224E-002 -1.309575436411318E-005
  1.660964889039968E-002 -1.710145891995653E-005
  1.608773574141626E-002 -1.265474488449055E-005
  1.573172517857891E-002 -1.652108366515005E-006
  1.569011116107440E-002  1.124511839229257E-005
  1.597519431199124E-002  2.062266072549628E-005
  1.645984667572522E-002  2.261846628244085E-005
  1.693377317236670E-002  1.653557523527143E-005
  1.719439667632206E-002  5.086484389144360E-006
  1.713309969519211E-002 -6.814245256923993E-006
  1.678011964877927E-002 -1.417280564928526E-005
  1.628957120724168E-002 -1.403635803574995E-005
  1.587187507352191E-002 -6.707958794520890E-006
  1.570319040636415E-002  4.446641806401029E-006
  1.585081296788011E-002  1.449506227540335E-005
  1.624611241704669E-002  1.907801774161449E-005
  1.671583993187111E-002  1.626914639136814E-005
  1.705758517858444E-002  7.364944039810663E-006
  1.712654652666993E-002 -3.716601695146150E-006
  1.689644253912468E-002 -1.215137109948384E-005
  1.646897269368583E-002 -1.428963329481990E-005
  1.602855632943837E-002 -9.207811685849501E-006
  1.576246295183101E-002  9.239923874153618E-007
  1.578090682734912E-002  1.179959730126293E-005
  1.607118087023266E-002  1.883309233153649E-005
  1.650488381735493E-002  1.911037233260802E-005
  1.689437177146207E-002  1.260318981983274E-005
  1.707363265059499E-002  2.139357949260433E-006
  1.696873638432471E-002 -7.839922630780026E-006
  1.662797666473115E-002 -1.318845873944629E-005
  1.619945222695833E-002 -1.180673283479052E-005
  1.586642993240696E-002 -4.493745051785646E-006
  1.576867996292312E-002  5.449219393394988E-006
  1.594353510965923E-002  1.367386578935406E-005
  1.631151265974705E-002  1.666167641834171E-005
  1.671196500854842E-002  1.321484642672009E-005
  1.697281026136925E-002  4.931068444164454E-006
  1.698409890292261E-002 -4.524910103850961E-006
  1.674398699022040E-002 -1.102367070037890E-005
  1.635792082818435E-002 -1.174999836319358E-005
  1.599207599509039E-002 -6.395667286394239E-006
  1.580158588337707E-002  2.735245489378381E-006
  1.586454064636176E-002  1.173860677802060E-005
  1.614981674296013E-002  1.679284357100690E-005
  1.653195430101466E-002  1.578512347086632E-005
  1.684604089881237E-002  9.188689655811787E-006
  1.695860534144879E-002 -1.719296678424427E-007
  1.682405447169926E-002 -8.351924925218855E-006
  1.650280331688194E-002 -1.197477035860372E-005
  1.613393762967704E-002 -9.652798711071575E-006
  1.587474199164237E-002 -2.539340875334976E-006
  1.583337176946738E-002  6.208888603579160E-006
  1.602347944702608E-002  1.281276221708265E-005
  1.635981519603616E-002  1.449308600979863E-005
  1.669606624977544E-002  1.063880584940063E-005
  1.688816941537558E-002  3.030002070427922E-006
  1.685571845522578E-002 -4.964639619755558E-006
  1.661530817442636E-002 -9.857392051439452E-006
  1.627201354625299E-002 -9.540320099310616E-006
  1.597326030913694E-002 -4.172602288193763E-006
  1.584531792492202E-002  3.914020247035267E-006
  1.593975564654719E-002  1.123756929269901E-005
  1.621254767256764E-002  1.466665829358630E-005
  1.654425378568124E-002  1.275278595707300E-005
  1.679206091479385E-002  6.328142304485335E-006
  1.685102152893181E-002 -1.875760791132145E-006
  1.669823956028982E-002 -8.412403243163273E-006
  1.640141584714421E-002 -1.059165010655952E-005
  1.608863876650207E-002 -7.607616867854390E-006
  1.589287736938737E-002 -8.481326347606282E-007
  1.589522116502434E-002  6.733273569528868E-006
  1.609108731936871E-002  1.190073658267343E-005
  1.639346196819478E-002  1.251775245087023E-005
  1.667124114783665E-002  8.436909610533247E-006
  1.680579871313160E-002  1.526232564616575E-006
  1.674138763616504E-002 -5.165365361602216E-006
  1.650797400396127E-002 -8.733844761150526E-006
  1.620717718017492E-002 -7.663387741466724E-006
  1.596786115964230E-002 -2.457507665004374E-006
  1.589076660452131E-002  4.602714844301304E-006
  1.600595821709538E-002  1.045750980893456E-005
  1.626104382378604E-002  1.258718222632786E-005
  1.654473260194713E-002  1.008330185796022E-005
  1.673516222830183E-002  4.018588766495739E-006
  1.675201944590064E-002 -3.032631655960450E-006
  1.659017235927814E-002 -8.107201917791810E-006
  1.632074741103940E-002 -9.116100202596521E-006
  1.605967503736920E-002 -5.717572782940362E-006
  1.591759937650214E-002  5.655572173563666E-007
  1.595278735751757E-002  7.022935263095034E-006
  1.614707174206594E-002  1.092761227468963E-005
  1.641474273287060E-002  1.069456860802490E-005
  1.664010564264755E-002  6.533590351505426E-006
  1.672726239209222E-002  3.263858707453962E-007
  1.664070709733442E-002 -5.207280819872122E-006
  1.641956195204006E-002 -7.687481448182376E-006
  1.615977577977505E-002 -6.087970558785988E-006
  1.597235378812273E-002 -1.155638806378175E-006
  1.593578803818953E-002  4.934650455200673E-006
  1.606306086349267E-002  9.531200566782338E-006
  1.629707610612344E-002  1.064764741921961E-005
  1.653604443949208E-002  7.805697279943990E-006
  1.667755286480381E-002  2.222814788757175E-006
  1.666224828222006E-002 -3.726197902958716E-006
  1.649851277643528E-002 -7.534062829412783E-006
  1.625789038787363E-002 -7.628666394241057E-006
  1.604364938577950E-002 -4.027972188864703E-006
  1.594628410351933E-002  1.690773340861344E-006
  1.600512440008230E-002  7.084319384641697E-006
  1.619233150072012E-002  9.894037055536921E-006
  1.642577112479923E-002  9.001105882130480E-006
  1.660484473688128E-002  4.881026387410617E-006
  1.665365833608932E-002 -6.282115393511253E-007
  1.655301199753530E-002 -5.134588601796286E-006
  1.634773615167879E-002 -6.723299225022010E-006
  1.612661388120821E-002 -4.767383063910443E-006
  1.598385959139616E-002 -1.752429203784187E-007
  1.597885573399181E-002  5.022001127445568E-006
  1.611134351938218E-002  8.557205600074698E-006
  1.632241762533200E-002  8.902284429507189E-006
  1.652051725264852E-002  5.913957681102985E-006
  1.662095852594357E-002  8.790692257069557E-007
  1.658194891426095E-002 -4.051505054718480E-006
  1.642177790393268E-002 -6.790332937783561E-006
  1.621013244985919E-002 -6.201699784419663E-006
  1.603762429356721E-002 -2.572561421566855E-006
  1.597684645059939E-002  2.528577818432312E-006
  1.605169043949961E-002  6.935908788132123E-006
  1.622788469850108E-002  8.814303724763609E-006
  1.642847302923741E-002  7.432267158407167E-006
  1.656726195875436E-002  3.453130551479616E-006
  1.658570754943710E-002 -1.371994999553263E-006
  1.647746185468883E-002 -4.969275591180532E-006
  1.629029624637124E-002 -5.831933422529852E-006
  1.610491881302297E-002 -3.653423332175736E-006
  1.600006302546790E-002  5.620329969659348E-007
  1.601893948485020E-002  4.950601476632582E-006
  1.615133663783876E-002  7.600499089628281E-006
  1.633877053296255E-002  7.372177911367506E-006
  1.650014471640684E-002  4.376635392895439E-006
  1.656667286671499E-002 -8.749281471476279E-008
  1.651103397681657E-002 -4.103536544816517E-006
  1.635841264751132E-002 -5.962863205511144E-006
  1.617498523516315E-002 -4.891372513810500E-006
  1.603909626818388E-002 -1.367950629086420E-006
  1.600767296564859E-002  3.095147022091029E-006
  1.609226989439705E-002  6.608747692389769E-006
  1.625481553634103E-002  7.714099866952528E-006
  1.642458170252005E-002  5.995060931466821E-006
  1.652882447059006E-002  2.237400817086765E-006
  1.652382797435457E-002 -1.925666900625931E-006
  1.641310802640539E-002 -4.722768898633504E-006
  1.624520485013986E-002 -5.000736911099658E-006
  1.609231036875704E-002 -2.704977019604289E-006
  1.601912939256540E-002  1.116602431159241E-006
  1.605539853101687E-002  4.780307061952596E-006
  1.618372704083609E-002  6.697565119333214E-006
  1.634771649439220E-002  6.053996172227088E-006
  1.647659487623209E-002  3.147471855868728E-006
  1.651561441254224E-002 -7.541828289170490E-007
  1.644916444016674E-002 -3.968157603617808E-006
  1.630685113381851E-002 -5.121492798339188E-006
  1.615020426231443E-002 -3.734014791288918E-006
  1.604596715145386E-002 -4.126286726002589E-007
  1.603755887162320E-002  3.420462609289966E-006
  1.612690495422207E-002  6.143185691403241E-006
  1.627423042127462E-002  6.625514465061083E-006
  1.641563665292166E-002  4.702018847143639E-006
  1.649070299618008E-002  1.227031612546549E-006
  1.646819471314738E-002 -2.304777789440881E-006
  1.635894360942667E-002 -4.404191610916566E-006
  1.621060006002961E-002 -4.220410589645993E-006
  1.608676428425026E-002 -1.891740821033719E-006
  1.603962827248671E-002  1.531008099589727E-006
  1.608789096311770E-002  4.549031163352897E-006
  1.620928550481691E-002  5.863749307205019E-006
  1.635068746483544E-002  4.929306262354475E-006
  1.645123166189044E-002  2.174970020132329E-006
  1.646838607207276E-002 -1.192572044139207E-006
  1.639581978455661E-002 -3.716431809651721E-006
  1.626556726944495E-002 -4.316380548188990E-006
  1.613379925585483E-002 -2.746313801403831E-006
  1.605651145249931E-002  3.105422834909263E-007
  1.606564793172557E-002  3.544225434565188E-006
  1.615583443234516E-002  5.583796331017763E-006
  1.628722136809984E-002  5.581352318435430E-006
  1.640298511329420E-002  3.565156864360734E-006
  1.645380715816275E-002  4.147992459474461E-007
  1.641878941269702E-002 -2.525450361150672E-006
  1.631394033744500E-002 -4.024987294488350E-006
  1.618479836741984E-002 -3.487683609973397E-006
  1.608657420485453E-002 -1.194220274181877E-006
  1.606046532312040E-002  1.832952115385536E-006
  1.611629942333677E-002  4.278547672139323E-006
  1.622881359579460E-002  5.100945683704031E-006
  1.634895261644465E-002  3.972796890712163E-006
  1.642514470528287E-002  1.409677573306579E-006
  1.642533346044302E-002 -1.463375062676621E-006
  1.635035944112091E-002 -3.402358868910235E-006
  1.623311358227225E-002 -3.578633348132593E-006
  1.612403492887403E-002 -1.928312446493959E-006
  1.606933990708207E-002  8.297896160696480E-007
  1.609137494542133E-002  3.510634270468073E-006
  1.617943926781090E-002  4.974128496604382E-006
  1.629483591808288E-002  4.610240422228199E-006
  1.638778598445616E-002  2.591615433002540E-006
  1.641881740883334E-002 -2.106312056695147E-007
  1.637544150969853E-002 -2.607171342651147E-006
  1.627707627965766E-002 -3.600424269209634E-006
  1.616629192512053E-002 -2.805076269849022E-006
  1.609031508952687E-002 -6.014199798078627E-007
  1.608082343913682E-002  2.039675576103480E-006
  1.614067176722762E-002  3.980471008969637E-006
  1.624310644517490E-002  4.404261270152794E-006
  1.634361708253193E-002  3.158452003429674E-006
  1.639918328678340E-002  8.087303111739914E-007
  1.638659900919809E-002 -1.614335283723587E-006
  1.631207410088256E-002 -3.063443105533037E-006
  1.620814842368201E-002 -2.923234720793423E-006
  1.611942315974794E-002 -1.267940100042014E-006
  1.608336030136263E-002  1.179233760563988E-006
  1.611441147262920E-002  3.363368887048865E-006
  1.619819473578956E-002  4.352437860827553E-006
  1.629805344997924E-002  3.733354808054424E-006
  1.637101652828767E-002  1.781394869168424E-006
  1.638621473208738E-002 -6.660240874864529E-007
  1.633786352102347E-002 -2.573159033049781E-006
  1.624735712898278E-002 -3.148890581874077E-006
  1.615374275941710E-002 -2.178947566618709E-006
  1.609680953242089E-002 -1.075648052021036E-007
  1.610011299129988E-002  2.162388789416072E-006
  1.616117453609852E-002  3.661325968059435E-006
  1.625292793587262E-002  3.766923501057542E-006
  1.633562854137635E-002  2.463379996410295E-006
  1.637399102494709E-002  3.378233914302142E-007
  1.635216984793139E-002 -1.680522955577048E-006
  1.628022650995831E-002 -2.723176549212976E-006
  1.618945248946591E-002 -2.353159585587773E-006
  1.611870818863987E-002 -7.459065840953485E-007
  1.609773711521024E-002  1.394117707671332E-006
  1.613461577659149E-002  3.141659862015777E-006
  1.621262971912624E-002  3.748986290044842E-006
  1.629776791915176E-002  2.963002947181571E-006
  1.635348203856918E-002  1.127046353844414E-006
  1.635630894300689E-002 -9.730139684323043E-007
  1.630568186890423E-002 -2.449105988073362E-006
  1.622383287763146E-002 -2.689988238102474E-006
  1.614597537736543E-002 -1.616922661431670E-006
  1.610509741738603E-002  2.911044634993174E-007
  1.611793010875442E-002  2.209896484748419E-006
  1.617805680475434E-002  3.326152509583985E-006
  1.625899501242021E-002  3.183247343920317E-006
  1.632578835924056E-002  1.869504824770976E-006
  1.635003889669392E-002 -2.883207886164401E-008
  1.632191847123901E-002 -1.686223260822794E-006
  1.625408226296831E-002 -2.394466712458914E-006
  1.617593626371504E-002 -1.863687652574388E-006
  1.612084683845444E-002 -3.400762539642519E-007
  1.611185170229817E-002  1.507141518912288E-006
  1.615198799516288E-002  2.877851809151435E-006
  1.622329332081430E-002  3.185009661945231E-006
  1.629477689821763E-002  2.302855444436086E-006
  1.633582842458308E-002  6.148355197373821E-007
  1.632926593826238E-002 -1.156371975345530E-006
  1.627846406358872E-002 -2.261139920166207E-006
  1.620561087329365E-002 -2.242312902561628E-006
  1.614196840808791E-002 -1.125523723730552E-006
  1.611440867639570E-002  5.988032759733708E-007
  1.613402165360644E-002  2.191011922337878E-006
  1.619162208455763E-002  2.980545892518954E-006
  1.626196836440024E-002  2.649882176915787E-006
  1.631476485399365E-002  1.363626399793631E-006
  1.632765513688567E-002 -3.098458488919811E-007
  1.629563608674677E-002 -1.647581662979023E-006
  1.623293175520180E-002 -2.083178861081704E-006
  1.616664033506512E-002 -1.446195256886148E-006
  1.612498582551534E-002 -2.879742775918062E-008
  1.612526458034997E-002  1.546177448981467E-006
  1.616663129752710E-002  2.596467379217438E-006
  1.623072880404839E-002  2.673106305297655E-006
  1.628977647867809E-002  1.749363437732690E-006
  1.631855728590003E-002  2.267579323760322E-007
  1.630513381873183E-002 -1.241803876946904E-006
  1.625574255384932E-002 -2.033715787339920E-006
  1.619186570430242E-002 -1.821558602443739E-006
  1.614084544042770E-002 -7.084954541640648E-007
  1.612413864143104E-002  8.216613125688571E-007
  1.614825555664769E-002  2.115725624227377E-006
  1.620220632385443E-002  2.631353377888635E-006
  1.626244738993200E-002  2.165788321309521E-006
  1.630310706457053E-002  9.364689863704334E-007
  1.630705138272910E-002 -5.185760018633991E-007
  1.627305918333970E-002 -1.575316253461167E-006
  1.621610481522447E-002 -1.791207355116988E-006
  1.616073058794689E-002 -1.091018711703413E-006
  1.613043802435091E-002  2.069966076289228E-007
  1.613768105165680E-002  1.533314753678429E-006
  1.617871938381634E-002  2.314505910194341E-006
  1.623545447325902E-002  2.218608573726935E-006
  1.628336126833858E-002  1.293812257892215E-006
  1.630204276209906E-002 -5.718849407366322E-008
  1.628386751012012E-002 -1.253853795521781E-006
  1.623703524900233E-002 -1.787930173650750E-006
  1.618184607573989E-002 -1.439302965361953E-006
  1.614186502422848E-002 -3.660052950956066E-007
  1.613382546099961E-002  9.681845367434304E-007
  1.616059540366590E-002  1.995346263692384E-006
  1.621016051255908E-002  2.286420898754746E-006
  1.626096798869279E-002  1.731464699424319E-006
  1.629125810720781E-002  5.812996762486923E-007
  1.628834502897885E-002 -6.650824711153566E-007
  1.625389023865250E-002 -1.477026378782981E-006
  1.620297963442723E-002 -1.518761551613164E-006
  1.615749009391029E-002 -7.892689136917247E-007
  1.613665917981211E-002  3.828325063646206E-007
  1.614892092122082E-002  1.484969268749994E-006
  1.618847025513906E-002  2.042572902859103E-006
  1.623795076712992E-002  1.821452491472012E-006
  1.627602847816084E-002  9.245072616475503E-007
  1.628654927553314E-002 -2.569386610259588E-007
  1.626535137967976E-002 -1.214289060843847E-006
  1.622186260630199E-002 -1.540507229464823E-006
  1.617487876112906E-002 -1.102572342179665E-006
  1.614440980366999E-002 -9.465854361835337E-008
  1.614312918732543E-002  1.048933996591109E-006
  1.617107846366005E-002  1.841956749089494E-006
  1.621583685248669E-002  1.953824378206406E-006
  1.625800227245173E-002  1.347901590602615E-006
  1.627956771229406E-002  2.925697126383345E-007
  1.627157813069048E-002 -7.577353387041192E-007
  1.623781362797214E-002 -1.358858300539970E-006
  1.619298749930150E-002 -1.265790857210737E-006
  1.615630920452672E-002 -5.336930881646528E-007
  1.614322611543211E-002  5.106384188896777E-007
  1.615889262526287E-002  1.412694472563331E-006
  1.619612580902087E-002  1.786416083647848E-006
  1.623865259275314E-002  1.478117582803360E-006
  1.626818497955286E-002  6.287129968590712E-007
  1.627224926461142E-002 -3.907911477519288E-007
  1.624941937212513E-002 -1.141136209172324E-006
  1.620976121897750E-002 -1.303495436414692E-006
  1.617036977415579E-002 -8.140963063572734E-007
  1.614797485834447E-002  1.118790002168444E-007
  1.615181233125477E-002  1.075722112998593E-006
  1.617979664267585E-002  1.667546714252215E-006
  1.621957782827137E-002  1.640966745251551E-006
  1.625395967315451E-002  1.015614046239333E-006
  1.626830385856248E-002  6.486363797912030E-008
  1.625673335901423E-002 -8.043019741739584E-007
  1.622450776013368E-002 -1.226486038860605E-006
  1.618561459312265E-002 -1.032647621725980E-006
  1.615667496349499E-002 -3.188086353899309E-007
  1.614981705238296E-002  5.992640085425753E-007
  1.616757169704721E-002  1.324328709842354E-006
  1.620193655183358E-002  1.548506532876026E-006
  1.623794581723040E-002  1.183326371241688E-006
  1.626015623262084E-002  3.941226925870090E-007
  1.625924010858387E-002 -4.744484982058518E-007
  1.623587232237660E-002 -1.048366270998164E-006
  1.620029397149616E-002 -1.084565092095100E-006
  1.616780302854640E-002 -5.730509916427529E-007
  1.615215546414456E-002  2.619167498491786E-007
  1.615972185801395E-002  1.060627949463341E-006
  1.618688007445759E-002  1.483125948009710E-006
  1.622170777378423E-002  1.353814696998796E-006
  1.624918917130171E-002  7.339675230437965E-007
  1.625766358049122E-002 -1.077216427660592E-007
  1.624374753343571E-002 -8.124981073684658E-007
  1.621365431784506E-002 -1.085504181473271E-006
  1.618040184087035E-002 -8.201852800766168E-007
  1.615816058204155E-002 -1.405808838089712E-007
  1.615619428635553E-002  6.552705391353663E-007
  1.617498321879370E-002  1.225176794406816E-006
  1.620615058231352E-002  1.329410842023936E-006
  1.623616684413697E-002  9.313294911650389E-007
  1.625219611270263E-002  2.097826752299870E-007
  1.624755963128562E-002 -5.206401101657045E-007
  1.622449229382285E-002 -9.461104163763759E-007
  1.619305699024203E-002 -8.877157374528904E-007
  1.616673688164809E-002 -3.760547872190333E-007
  1.615663459756089E-002  3.646873888093029E-007
  1.616677271705707E-002  1.015075363006269E-006
  1.619248319941516E-002  1.298027298609631E-006
  1.622252667625106E-002  1.096426529569778E-006
  1.624398248445242E-002  5.008727739608079E-007
  1.624778306431533E-002 -2.317755249719309E-007
  1.623252317919004E-002 -7.900966608165187E-007
  1.620494528380265E-002 -9.414034815746584E-007
  1.617694348436855E-002 -6.295193102737064E-007
  1.616041540616917E-002  4.100468893588896E-009
  1.616218920002816E-002  6.837437750697792E-007
  1.618118774738244E-002  1.119020514400690E-006
  1.620900597851656E-002  1.128818406089040E-006
  1.623360431031934E-002  7.167266704240111E-007
  1.624449685720686E-002  6.651109476863633E-008
  1.623719979396774E-002 -5.392093326566276E-007
  1.621505398916169E-002 -8.412287666666661E-007
  1.618768376284623E-002 -7.141834359972967E-007
  1.616679904846924E-002 -2.182004594979166E-007
  1.616117056488996E-002  4.294043761494893E-007
  1.617293304945430E-002  9.491321575066237E-007
  1.619677323997338E-002  1.119503322947231E-006
  1.622230601607029E-002  8.708120071095289E-007
  1.623857808431758E-002  3.128237404355998E-007
  1.623874711636172E-002 -3.144414983907688E-007
  1.622293844413714E-002 -7.447420977412490E-007
  1.619808823957131E-002 -7.993174498274061E-007
  1.617488483298090E-002 -4.616573377887082E-007
  1.616315557022806E-002  1.179482763469204E-007
  1.616768942171041E-002  6.889670591881753E-007
  1.618627014510073E-002  1.008853512925561E-006
  1.621072578738422E-002  9.461918107604778E-007
  1.623050210645075E-002  5.348672205903279E-007
  1.623719857570960E-002 -4.307819671147387E-008
  1.622811840484332E-002 -5.375048952460736E-007
  1.620733344969841E-002 -7.380475333758746E-007
  1.618384689879046E-002 -5.633635355263869E-007
  1.616768040910412E-002 -9.396251688526706E-008
  1.616558513539077E-002  4.645496384945331E-007
  1.617821120299559E-002  8.710998266761908E-007
  1.619992097269195E-002  9.526307235905390E-007
  1.622128643567654E-002  6.770837712379651E-007
  1.623316589035553E-002  1.651889101362176E-007
  1.623059802710380E-002 -3.630831436843349E-007
  1.621485559523327E-002 -6.836255643791889E-007
  1.619281026309995E-002 -6.637045788496572E-007
  1.617391945722140E-002 -3.171530184115847E-007
  1.616615538148849E-002  2.036834446797251E-007
  1.617262786357447E-002  6.748770023010170E-007
  1.619033076930112E-002  8.973218124993692E-007
  1.621151493756016E-002  7.810836478914632E-007
  1.622706311547765E-002  3.819291335751354E-007
  1.623039797803347E-002 -1.248067233782264E-007
  1.622024885567136E-002 -5.209168885782775E-007
  1.620111437700840E-002 -6.391077117699766E-007
  1.618125804623328E-002 -4.336159686756666E-007
  1.616912821252528E-002  2.113746665392167E-009
  1.616975250366227E-002  4.774370027119637E-007
  1.618264462679674E-002  7.873897341414540E-007
  1.620209365179289E-002  8.004727592692850E-007
  1.621967699722065E-002  5.138129101644727E-007
  1.622789245153407E-002  5.264182555199868E-008
  1.622334379663782E-002 -3.848773866556578E-007
  1.620812822545700E-002 -6.131513747597955E-007
  1.618886063707369E-002 -5.380843661474576E-007
  1.617378597971479E-002 -1.958758005150331E-007
  1.616923940323364E-002  2.642649887527797E-007
  1.617697336288845E-002  6.452941553918481E-007
  1.619347854648271E-002  7.869113471430240E-007
  1.621155853956938E-002  6.332056541044225E-007
  1.622345324610204E-002  2.547956953840311E-007
  1.622415615325411E-002 -1.832824636825373E-007
  1.621350802772229E-002 -4.934257788647763E-007
  1.619619247176217E-002 -5.458156976262996E-007
  1.617966646819010E-002 -3.228795013606510E-007
  1.617093911476086E-002  7.497133167725474E-008
  1.617358931917424E-002  4.740366001942569E-007
  1.618629063629497E-002  7.026316556416063E-007
  1.620344988033459E-002  6.644156911003783E-007
  1.621765575220337E-002  3.784864062971752E-007
  1.622286639948338E-002 -3.037799292035419E-008
  1.621696565038584E-002 -3.864389601941622E-007
  1.620260724777325E-002 -5.386838195259678E-007
  1.618601251426373E-002 -4.248922133819508E-007
  1.617426455986133E-002 -9.693043815989095E-008
  1.617227518001624E-002  3.029468296200861E-007
  1.618072268120817E-002  6.039681557238858E-007
  1.619582554901931E-002  6.799558741392435E-007
  1.621102117694218E-002  5.023489044577471E-007
  1.621980549338095E-002  1.508407458954447E-007
  1.621850536495633E-002 -2.222629688850309E-007
  1.620780258754289E-002 -4.580751440378589E-007
  1.619237819350344E-002 -4.589376671218969E-007
  1.617885672746345E-002 -2.290751695238548E-007
  1.617295239667468E-002  1.288291849702127E-007
  1.617704592000368E-002  4.590064498308829E-007
  1.618921895699716E-002  6.199361349493764E-007
  1.620413617413302E-002  5.445876615588492E-007
  1.621537132364106E-002  2.679735743572239E-007
  1.621816394822147E-002 -8.925759684539221E-008
  1.621142476411675E-002 -3.735428992862052E-007
  1.619814573239184E-002 -4.644182976206406E-007
  1.618406365871619E-002 -3.254706915878640E-007
  1.617517314931168E-002 -1.871553837779435E-008
  1.617516655700449E-002  3.231997268437343E-007
  1.618389366637230E-002  5.545001612361500E-007
  1.619748278480147E-002  5.785460926176421E-007
  1.621004691034678E-002  3.882444204593213E-007
  1.621622387553930E-002  6.770881500265398E-008
  1.621345491293583E-002 -2.449595485803721E-007
  1.620303392319936E-002 -4.173228118177116E-007
  1.618949831464198E-002 -3.789246252124453E-007
  1.617864585046383E-002 -1.503194081885173E-007
  1.617504360398582E-002  1.671483664206921E-007
  1.618009881102586E-002  4.358600820392158E-007
  1.619150588673992E-002  5.412294463382056E-007
  1.620428493190399E-002  4.402800748107636E-007
  1.621294520089193E-002  1.789326113193059E-007
  1.621383423106294E-002 -1.289074108977216E-007
  1.620666813243610E-002 -3.509737308230154E-007
  1.619460264916990E-002 -3.933819784410933E-007
  1.618283637988094E-002 -2.401796546213330E-007
  1.617636359800588E-002  4.091679256741566E-008
  1.617784756720110E-002  3.285529693230700E-007
  1.618651943281036E-002  5.002086258510827E-007
  1.619855698758834E-002  4.844105635756533E-007
  1.620875980633791E-002  2.904310746356735E-007
  1.621278717428403E-002  3.144520984003711E-009
  1.620899615493434E-002 -2.542485663403714E-007
  1.619910196577408E-002 -3.732623421812573E-007
  1.618739658703979E-002 -3.060876176984884E-007
  1.617888025157094E-002 -8.499113669400047E-008
  1.617711875502091E-002  1.927145388822344E-007
  1.618274434659340E-002  4.071996505860807E-007
  1.619322987034044E-002  4.675926222412840E-007
  1.620401351763488E-002  3.503141711033797E-007
  1.621047446933844E-002  1.081177833269390E-007
  1.620990430049597E-002 -1.535806172087718E-007
  1.620263354713295E-002 -3.224983630015894E-007
  1.619184559757047E-002 -3.275418798399210E-007
  1.618217678722794E-002 -1.685876602019845E-007
  1.617771770064678E-002  8.444870626411345E-008
  1.618027688211711E-002  3.224103999187411E-007
  1.618864345628965E-002  4.439937933241825E-007
  1.619914825264852E-002  3.988189447260758E-007
  1.620726486241757E-002  2.081705959314857E-007
  1.620955245061192E-002 -4.510507419942240E-008
  1.620510679419492E-002 -2.527862375201872E-007
  1.619590811230118E-002 -3.277328251000859E-007
  1.618593377478679E-002 -2.406609135437410E-007
  1.617943261523348E-002 -3.170537238792163E-008
  1.617910918038573E-002  2.077771173071796E-007
  1.618499352064417E-002  3.749566453176895E-007
  1.619446825975915E-002  3.995567731276386E-007
  1.620342417641569E-002  2.733213793322315E-007
  1.620803473691469E-002  5.257536677765790E-008
  1.620638366428568E-002 -1.668075403385298E-007
  1.619925369176879E-002 -2.909383789877614E-007
  1.618975263147755E-002 -2.679837950393968E-007
  1.618195350457637E-002 -1.097009439892369E-007
  1.617914328094374E-002  1.144777552763740E-007
  1.618243283525604E-002  3.078845009884601E-007
  1.619031550526346E-002  3.882383871829062E-007
  1.619934839814562E-002  3.225351737914943E-007
  1.620564923524101E-002  1.404243343423092E-007
  1.620655832796751E-002 -7.931577851586291E-008
  1.620175453110549E-002 -2.430437205502753E-007
  1.619335742751300E-002 -2.823487804135593E-007
  1.618498724356741E-002 -1.827963890923251E-007
  1.618019886142942E-002  1.075766184465601E-008
  1.618096699840773E-002  2.141974122767974E-007
  1.618686773433244E-002  3.406009018413776E-007
  1.619529503471550E-002  3.373294345786879E-007
  1.620260453743764E-002  2.079294064712866E-007
  1.620568306961670E-002  9.737720616547447E-009
  1.620326828242100E-002 -1.714208027230199E-007
  1.619645939796023E-002 -2.583071516755142E-007
  1.618821330709219E-002 -2.151224566026583E-007
  1.618205598905254E-002 -6.219042435393966E-008
  1.618057041035773E-002  1.335266194381640E-007
  1.618430903065199E-002  2.876762858463257E-007
  1.619158834276580E-002  3.347626519976257E-007
  1.619923995149133E-002  2.558277818383400E-007
  1.620398369599945E-002  8.588724432412696E-008
  1.620382803899477E-002 -1.017555027238823E-007
  1.619890016029941E-002 -2.272893647163932E-007
  1.619136026241363E-002 -2.384851253433596E-007
  1.618445024290705E-002 -1.325281767312426E-007
  1.618109526563299E-002  4.352993370586226E-008
  1.618266119136167E-002  2.135743393257032E-007
  1.618839539975471E-002  3.052978529853269E-007
  1.619577927752304E-002  2.809463006592431E-007
  1.620162850043839E-002  1.528634330809045E-007
  1.620346080094521E-002 -2.256208437408118E-008
  1.620054399741544E-002 -1.696397627815597E-007
  1.619418214055222E-002 -2.259763147857043E-007
  1.618712909407675E-002 -1.689085862123627E-007
  1.618239259597486E-002 -2.458769875068883E-008
  1.618194784808186E-002  1.439023223003527E-007
  1.618591054164907E-002  2.640123649180133E-007
  1.619251513367552E-002  2.848352970883569E-007
  1.619889566717759E-002  1.985295337904137E-007
  1.620232424367261E-002  4.306287589381728E-008
  1.620137222927547E-002 -1.146206368527723E-007
  1.619650017615899E-002 -2.075463587366273E-007
  1.618983339400403E-002 -1.972477143467015E-007
  1.618423097609164E-002 -8.973683481483491E-008
  1.618205576739458E-002  6.771540891370727E-008
  1.618417422736667E-002  2.073324370912543E-007
  1.618960924289441E-002  2.700102169698310E-007
  1.619598422502965E-002  2.303568517623192E-007
  1.620055734747975E-002  1.069820036026276E-007
  1.620139612926649E-002 -4.612756582205066E-008
  1.619818940975015E-002 -1.631832206639527E-007
  1.619235586978950E-002 -1.948418156619967E-007
  1.618641329130193E-002 -1.290084024359015E-007
  1.618288851797308E-002  4.566264668540024E-009
  1.618323977118529E-002  1.476118998007465E-007
  1.618725069127925E-002  2.386370299689922E-007
  1.619314748676429E-002  2.392302643276835E-007
  1.619837848415976E-002  1.501300893056196E-007
  1.620071380927394E-002  1.035868677982994E-008
  1.619919150741812E-002 -1.199627396354291E-007
  1.619450893460312E-002 -1.855494057701787E-007
  1.618870076530862E-002 -1.594512619076296E-007
  1.618425152395398E-002 -5.413053925318058E-008
  1.618302947965656E-002  8.442153679790907E-008
  1.618549916682656E-002  1.967701638115752E-007
  1.619054418353369E-002  2.355516484945639E-007
  1.619596675360858E-002  1.854603112436705E-007
  1.619944096487328E-002  6.927071351701001E-008
  1.619950645800617E-002 -6.246179243259953E-008
  1.619617823834112E-002 -1.533850371227946E-007
  1.619091828789692E-002 -1.654689104945953E-007
  1.618599057980868E-002 -9.494242932100737E-008
  1.618348370642326E-002  2.662413611916076E-008
  1.618442284140608E-002  1.463304034387514E-007
  1.618834838895035E-002  2.128481697713020E-007
  1.619353405374174E-002  1.983131737736577E-007
  1.619774183139410E-002  1.098828255522765E-007
  1.619918398685614E-002 -1.381785508582966E-008
  1.619727872925134E-002 -1.196240133223916E-007
  1.619288040947090E-002 -1.627163336443927E-007
  1.618789388839975E-002 -1.256165818674681E-007
  1.618444667110755E-002 -2.524990853695478E-008
  1.618397840020103E-002  9.476224663385957E-008
  1.618663719528557E-002  1.830753239179076E-007
  1.619123568906445E-002  2.026058917808125E-007
  1.619577718512935E-002  1.461106965298468E-007
  1.619831909656274E-002  3.881515687463624E-008
  1.619780046436242E-002 -7.283505677498609E-008
  1.619448122256368E-002 -1.412954809365448E-007
  1.618981167649108E-002 -1.382052901819622E-007
  1.618579632941271E-002 -6.618057369934282E-008
  1.618413085903525E-002  4.278220860101143E-008
  1.618548363156623E-002  1.414100655863397E-007
  1.618922598233247E-002  1.875615578972950E-007
  1.619371960200174E-002  1.621401434259190E-007
  1.619703019272842E-002  7.690889822013867E-008
  1.619775673230486E-002 -3.097720966204738E-008
  1.619562100604926E-002 -1.151931464327020E-007
  1.619156957774507E-002 -1.401422414453746E-007
  1.618735196384671E-002 -9.599027205352057E-008
  1.618476267357132E-002 -2.494779247201278E-009
  1.618487532304152E-002  9.983906859787235E-008
  1.618759553201001E-002  1.673188697049222E-007
  1.619171851859295E-002  1.717263708288850E-007
  1.619545932947825E-002  1.121079091289823E-007
  1.619722257857732E-002  1.476979310962047E-008
  1.619627990277299E-002 -7.834342052412745E-008
  1.619306762903983E-002 -1.277595332033321E-007
  1.618898337255266E-002 -1.132600584487670E-007
  1.618577575494945E-002 -4.219794663305287E-008
  1.618479353249170E-002  5.406708356689742E-008
  1.618641641309718E-002  1.339164609854368E-007
  1.618990757097822E-002  1.633878283515358E-007
  1.619374447603689E-002  1.305540795389494E-007
  1.619627984842623E-002  5.028621573379337E-008
  1.619644597946937E-002 -4.248839528449357E-008
  1.619420143239757E-002 -1.079860742698427E-007
  1.619053346797781E-002 -1.186166685830566E-007
  1.618702176558128E-002 -7.058354360117383E-008
  1.618515600188497E-002  1.483378002718732E-008
  1.618570194751826E-002  1.007100245094196E-007
  1.618838567200505E-002  1.504389509331568E-007
  1.619202579072676E-002  1.433292438060475E-007
  1.619505070097013E-002  8.318755805109532E-008
  1.619617452422490E-002 -3.666667469471023E-009
  1.619494116104747E-002 -7.995135086406510E-008
  1.619190642552970E-002 -1.134704575219127E-007
  1.618838597732803E-002 -9.075241508717662E-008
  1.618588299659247E-002 -2.250027792979164E-008
  1.618544441616118E-002  6.134668485355079E-008
  1.618722128883874E-002  1.246778352411482E-007
  1.619041772074394E-002  1.407090428383582E-007
  1.619364436522388E-002  1.032679143531967E-007
  1.619551972020008E-002  2.911654270573397E-008
  1.619525913434462E-002 -4.954496066687539E-008
  1.619300053723769E-002 -9.905042362271177E-008
  1.618973190870463E-002 -9.865931694303968E-008
  1.618685733816412E-002 -4.922326935860539E-008
  1.618559209104355E-002  2.748484868494202E-008
  1.618644718366603E-002  9.835592765481155E-008
  1.618902192635058E-002  1.332251209951560E-007
  1.619218832167730E-002  1.176892133781437E-007
  1.619458286178532E-002  5.901712732301033E-008
  1.619519144260903E-002 -1.726456284418251E-008
  1.619377659200382E-002 -7.851742373643979E-008
  1.619096717859676E-002 -9.900187010276559E-008
  1.618797736734510E-002 -7.073731615151502E-008
  1.618608017847633E-002 -6.629238627895563E-009
  1.618606378392569E-002  6.535385842849645E-008
  1.618790264313709E-002  1.143363276014809E-007
  1.619078051573806E-002  1.197457997770709E-007
  1.619345030247889E-002  7.992919693344705E-008
  1.619477225882659E-002  1.256909553546982E-008
  1.619419842053521E-002 -5.315420380112469E-008
  1.619199747020793E-002 -8.918857715720171E-008
  1.618912801652562E-002 -8.056730335774733E-008
  1.618681955188363E-002 -3.160726585097573E-008
  1.618604412596886E-002  3.621055350366295E-008
  1.618710565249942E-002  9.365172445502352E-008
  1.618952023071404E-002  1.163093096475523E-007
  1.619223418968894E-002  9.494314561399076E-008
  1.619408185622824E-002  3.920140082895634E-008
  1.619428428054939E-002 -2.676504641794688E-008
  1.619277564394076E-002 -7.480593184234808E-008
  1.619022072373558E-002 -8.482415599939856E-008
  1.618772056196623E-002 -5.321637471609397E-008
  1.618633648265726E-002  5.842774105028912E-009
  1.618663812691129E-002  6.671319358731017E-008
  1.618846787434145E-002  1.033934336643457E-007
  1.619101888666236E-002  1.006101497981795E-007
  1.619318882803276E-002  6.016484624993080E-008
  1.619405432685266E-002 -9.708334657802993E-011
  1.619326206163720E-002 -5.414454938862321E-008
  1.619117094316247E-002 -7.899251678124697E-008
  1.618868846547679E-002 -6.446648046966240E-008
  1.618687555873227E-002 -1.735669153412058E-008
  1.618649188773851E-002  4.172658622873996E-008
  1.618767637857012E-002  8.734756620466567E-008
  1.618989719461713E-002  1.001666258733147E-007
  1.619218848795307E-002  7.510278006336753E-008
  1.619356870645458E-002  2.329648735854431E-008
  1.619345938190486E-002 -3.287304197552444E-008
  1.619192581140814E-002 -6.948914773744901E-008
  1.618963964829699E-002 -7.131168516197593E-008
  1.618758348901773E-002 -3.814145948765127E-008
  1.618662726199610E-002  1.532095816134385E-008
  1.618715896036509E-002  6.596484030383470E-008
  1.618892637238216E-002  9.224575396897809E-008
  1.619115415985839E-002  8.334331400898155E-008
  1.619288226388169E-002  4.360812788397164E-008
  1.619337804217720E-002 -9.527319018230285E-009
  1.619244529720778E-002 -5.318476088516055E-008
  1.619049995264224E-002 -6.888357233201000E-008
  1.618838357949017E-002 -5.036044893991820E-008
  1.618699818851005E-002 -6.060447347083022E-009
  1.618692068112686E-002  4.468378542981852E-008
  1.618816166957606E-002  8.006130081343611E-008
  1.619016936502540E-002  8.512602667386867E-008
  1.619207323208383E-002  5.807507145897342E-008
  1.619305994475778E-002  1.082963181186125E-008
  1.619271936027086E-002 -3.624541827125288E-008
  1.619121342508954E-002 -6.314527352631150E-008
  1.618919862007323E-002 -5.874646047945081E-008
  1.618753867972564E-002 -2.541659712336553E-008
  1.618693320586900E-002  2.219475580620374E-008
  1.618762179245168E-002  6.358219436782404E-008
  1.618928870508966E-002  8.121017820908326E-008
  1.619120577876652E-002  6.793987498522646E-008
  1.619254905598390E-002  2.991179968576866E-008
  1.619275156025933E-002 -1.627654027471340E-008
  1.619174123781095E-002 -5.080886170728638E-008
  1.618996431257032E-002 -5.915137207499626E-008
  1.618818728790911E-002 -3.817280929640075E-008
  1.618716531911178E-002  2.691137336766910E-009
  1.618732035842594E-002  4.565166176525242E-008
  1.618856617444672E-002  7.228162093185927E-008
  1.619035267786760E-002  7.138879376508515E-008
  1.619190739094634E-002  4.368717167480321E-008
  1.619256816073644E-002  1.321183054532802E-009
  1.619206388224935E-002 -3.747841623051722E-008
  1.619062429719524E-002 -5.625627063363581E-008
  1.618887458842557E-002 -4.732222050865705E-008
  1.618756291651905E-002 -1.490157605075681E-008
  1.618723956620001E-002  2.684058890858739E-008
  1.618802524038117E-002  5.998284591938695E-008
  1.618956598005068E-002  7.053981366079223E-008
  1.619119115759067E-002  5.436159903001350E-008
  1.619220415192382E-002  1.875199056162019E-008
  1.619217978261826E-002 -2.082034233626913E-008
  1.619114157085924E-002 -4.744179079885365E-008
  1.618954502751548E-002 -4.998807897212728E-008
  1.618807698041141E-002 -2.778034952380415E-008
  1.618735924887153E-002  9.283836206928053E-009
  1.618768444854828E-002  4.511273014365133E-008
  1.618889610784696E-002  6.437949636876865E-008
  1.619046207093967E-002  5.905170147734745E-008
  1.619170701198435E-002  3.171263220214637E-008
  1.619210254453618E-002 -5.694683071237546E-009
  1.619149035971553E-002 -3.709750194843632E-008
  1.619014423705755E-002 -4.920835128481413E-008
  1.618864688043837E-002 -3.715119579831112E-008
  1.618763685188129E-002 -6.418614558594497E-009
  1.618753544740667E-002  2.962043529015948E-008
  1.618837027899384E-002  5.553388068464276E-008
  1.618976935298209E-002  6.043311488584480E-008
  1.619112563475270E-002  4.254448172819025E-008
  1.619185939086202E-002  9.827033555033782E-009
  1.619166498683638E-002 -2.356771804310584E-008
  1.619063713266875E-002 -4.342241692245903E-008
  1.618922453585006E-002 -4.151588780557573E-008
  1.618803329281674E-002 -1.903677346680566E-008
  1.618756609226049E-002  1.406710041723130E-008
  1.618800939467506E-002  4.346525628184713E-008
  1.618915862602981E-002  5.662479631959110E-008
  1.619051123188533E-002  4.813160779240759E-008
  1.619148541474153E-002  2.189580432309326E-008
  1.619166941034629E-002 -1.065300849310063E-008
  1.619099455104380E-002 -3.555155802934326E-008
  1.618975945069793E-002 -4.229639683948900E-008
  1.618849721152863E-002 -2.827409837623016E-008
  1.618774461277358E-002  2.380893470084488E-010
  1.618781316163733E-002  3.087728456457789E-008
  1.618865960778255E-002  5.055346872670545E-008
  1.618990965796463E-002  5.103894868100442E-008
  1.619102250057516E-002  3.240226173268231E-008
  1.619152388982730E-002  2.854542917764764E-009
  1.619120737851481E-002 -2.487268055586164E-008
  1.619021836367106E-002 -3.902216038390014E-008
  1.618898684958269E-002 -3.380738543825097E-008
  1.618803984974322E-002 -1.178797685689206E-008
  1.618777521386274E-002  1.734950197534532E-008
  1.618829389872162E-002  4.103152819933126E-008
  1.618936133684930E-002  4.920503201703824E-008
  1.619051245590782E-002  3.858869996847671E-008
  1.619125342925879E-002  1.397229408439856E-008
  1.619127268757957E-002 -1.394624579790731E-008
  1.619057107311320E-002 -3.321204595045900E-008
  1.618945683780653E-002 -3.573227793059891E-008
  1.618840962782117E-002 -2.067275039386627E-008
  1.618787340262303E-002  5.291041771539883E-009
  1.618806764943955E-002  3.092909080016235E-008
  1.618889712362090E-002  4.531081338133257E-008
  1.618999713885453E-002  4.245998492323696E-008
  1.619089307924966E-002  2.382884815337646E-008
  1.619120441580270E-002 -2.431133997002493E-009
  1.619080556887219E-002 -2.504335888350372E-008
  1.618987566361024E-002 -3.445883055674371E-008
  1.618881761419351E-002 -2.689953945252955E-008
  1.618808298453131E-002 -5.880682884933846E-009
  1.618797870987590E-002  1.939952000204809E-008
  1.618853836698582E-002  3.806888237178098E-008
  1.618951192571494E-002  4.224368878298083E-008
  1.619047658963654E-002  3.034648008757896E-008
  1.619101965945739E-002  7.684370641961730E-009
  1.619091437059155E-002 -1.591787989475816E-008
  1.619021382791027E-002 -3.037673027576571E-008
  1.618922419954499E-002 -2.965616506715954E-008
  1.618837039599576E-002 -1.428410647356842E-008
  1.618801311094126E-002  8.967839101456413E-009
  1.618829596519221E-002  3.006285004497339E-008
  1.618908748772509E-002  4.002618473771000E-008
  1.619004126450380E-002  3.475611901228729E-008
  1.619074684950186E-002  1.670115462399825E-008
  1.619090573684912E-002 -6.280062200846559E-009
  1.619045698338055E-002 -2.434825055691706E-008
  1.618959966236907E-002 -2.990623089504303E-008
  1.618870410801541E-002 -2.080272512594193E-008
  1.618815145174334E-002 -1.166505523988719E-009
  1.618817094170936E-002  2.044930051961749E-008
  1.618874444865872E-002  3.478124058541670E-008
  1.618961787931652E-002  3.581641464067627E-008
  1.619041304003906E-002  2.330751885157484E-008
  1.619079075531278E-002  2.791183625065880E-009
  1.619059492119303E-002 -1.686090081648130E-008
  1.618991634943467E-002 -2.727687997315535E-008
  1.618905037055196E-002 -2.414947818080200E-008
  1.618836785487739E-002 -9.014247758467925E-009
  1.618815593895168E-002  1.149062967959664E-008
  1.618849682592691E-002  2.853007140927061E-008
  1.618923577638164E-002  3.487216688430536E-008
  1.619005061301522E-002  2.794885388506596E-008
  1.619059159161173E-002  1.088295569852689E-008
  1.619063094804920E-002 -8.926303565785544E-009
  1.619015820747543E-002 -2.302005797287841E-008
  1.618938142033092E-002 -2.550058718362385E-008
  1.618863519703581E-002 -1.550638718853712E-008
  1.618823614317499E-002  2.496651752941388E-009
  1.618834812270275E-002  2.069949857354471E-008
  1.618891465736431E-002  3.132962793380497E-008
  1.618968628990643E-002  2.996416824540982E-008
  1.619032983020089E-002  1.736483836523381E-008
  1.619057168134154E-002 -9.256353219242277E-010
  1.619031362133999E-002 -1.702002218512260E-008
  1.618967207816511E-002 -2.408656753338279E-008
  1.618892528827313E-002 -1.924807206600907E-008
  1.618839224154546E-002 -4.751101975487170E-009
  1.618829604794549E-002  1.306764942326446E-008
  1.618867022140497E-002  2.654437743969733E-008
  1.618934720567686E-002  2.997660641401886E-008
  1.619003281223443E-002  2.202688029349960E-008
  1.619043355083643E-002  6.229716904902241E-009
  1.619038176971256E-002 -1.058634036034547E-008
  1.618990527539373E-002 -2.125790749570145E-008
  1.618921257029469E-002 -2.134497890642018E-008
  1.618860125773118E-002 -1.098277996621708E-008
  1.618832981481203E-002  5.244367930069533E-009
  1.618850795652291E-002  2.032392561920667E-008
  1.618905206537941E-002  2.784086224762127E-008
  1.618972372453609E-002  2.470314440411415E-008
  1.619023368691769E-002  1.240939292241026E-008
  1.619036597241552E-002 -3.659987285990922E-009
  1.619006887604797E-002 -1.659633963076170E-008
  1.618947457140309E-002 -2.093271392405176E-008
  1.618884001213139E-002 -1.495448221500154E-008
  1.618843550308900E-002 -1.375027063570130E-009
  1.618842923539022E-002  1.388734319281518E-008
  1.618881708248830E-002  2.428143041129629E-008
  1.618942692093197E-002  2.542720689791945E-008
  1.618999452520681E-002  1.695259640419957E-008
  1.619027760908317E-002  2.593948577842638E-009
  1.619015881639426E-002 -1.145699176610251E-008
  1.618969390791219E-002 -1.922881564016457E-008
  1.618908541118289E-002 -1.751280862428090E-008
  1.618859407783187E-002 -7.189881498211188E-009
  1.618842682952154E-002  7.205663222610348E-009
  1.618864932426821E-002  1.947332577863260E-008
  1.618916006041875E-002  2.441420629908696E-008
  1.618973614562544E-002  2.003180641842261E-008
  1.619013014809761E-002  8.334464860765025E-009
  1.619017597098473E-002 -5.581794165180202E-009
  1.618985846865019E-002 -1.575318905982853E-008
  1.618931765832219E-002 -1.790477325168582E-008
  1.618878670408086E-002 -1.124843167492179E-008
  1.618849110333425E-002  1.233156037864087E-009
  1.618855264210878E-002  1.411511796671914E-008
  1.618893900401097E-002  2.188094414809565E-008
  1.618947984189737E-002  2.127734360586896E-008
  1.618994147057954E-002  1.266903455004261E-008
  1.619012745811872E-002 -1.695168178596891E-010
  1.618996183608743E-002 -1.171348553873329E-008
  1.618951970440290E-002 -1.706912199014119E-008
  1.618899296225576E-002 -1.405105172222648E-008
  1.618860674276573E-002 -4.074163949570667E-009
  1.618852291837196E-002  8.502645110076609E-009
  1.618877201650422E-002  1.827809224790268E-008
  1.618924215559221E-002  2.112619208780401E-008
  1.618972887133875E-002  1.593563815438731E-008
  1.619002368075349E-002  5.037900665071590E-009
  1.619000304231499E-002 -6.838893881948808E-009
  1.618967977196149E-002 -1.462220389301072E-008
  1.618919554853387E-002 -1.506330588620824E-008
  1.618875858080979E-002 -8.095211366208939E-009
  1.618855383199915E-002  3.186685158910165E-009
  1.618866449221694E-002  1.389241280258906E-008
  1.618903801761905E-002  1.945026222536529E-008
  1.618951055511030E-002  1.755249427379075E-008
  1.618987846905778E-002  9.106593394617717E-009
  1.618998576884881E-002 -2.198882610486618E-009
  1.618978991962117E-002 -1.150819578462958E-008
  1.618937829430403E-002 -1.488635664683182E-008
  1.618892898530357E-002 -1.098369580916103E-008
  1.618863351388313E-002 -1.573521380127331E-009
  1.618861496217691E-002  9.249724378526950E-009
  1.618887650615670E-002  1.685006438654908E-008
  1.618930184411690E-002  1.803405083530362E-008
  1.618970656625344E-002  1.239031121959729E-008
  1.618991780275274E-002  2.423039660693154E-009
  1.618984776629094E-002 -7.559490823577176E-009
  1.618952991976577E-002 -1.330888814426696E-008
  1.618910290252869E-002 -1.244705676835991E-008
  1.618874984638471E-002 -5.451907256766599E-009
  1.618861962188937E-002  4.589631632878872E-009
  1.618876386604471E-002  1.333755289377405E-008
  1.618911640948561E-002  1.706886831532586E-008
  1.618952324526061E-002  1.425666956386452E-008
  1.618980950812481E-002  6.189054867189121E-009
  1.618985435235379E-002 -3.621778795255567E-009
  1.618964168090467E-002 -1.097033269798327E-008
  1.618926545286047E-002 -1.276173847700885E-008
  1.618888798130114E-002 -8.315484342401772E-009
  1.618866970331637E-002  3.796320528275430E-010
  1.618870079398249E-002  9.552530289708231E-009
  1.618896375819767E-002  1.528371427331348E-008
  1.618934249141364E-002  1.517824252310314E-008
  1.618967325460595E-002  9.363899272422815E-009
  1.618981520343159E-002  3.990060982314517E-010
  1.618971010572577E-002 -7.854582025275548E-009
  1.618940594340124E-002 -1.189734105655814E-008
  1.618903487158861E-002 -1.007846937134716E-008
  1.618875561258522E-002 -3.271709890007840E-009
  1.618868537805120E-002  5.535449315576966E-009
  1.618885050505364E-002  1.254777880973913E-008
  1.618917657748252E-002  1.479321662981622E-008
  1.618952165798529E-002  1.137833246512518E-008
  1.618973781835154E-002  3.838533254132645E-009
  1.618973430946156E-002 -4.552875387496500E-009
  1.618951540922805E-002 -1.020664178506413E-008
  1.618917718580349E-002 -1.075327079922440E-008
  1.618886516721194E-002 -6.035866486145572E-009
  1.618871154935928E-002  1.855255148445320E-009
  1.618877902262244E-002  9.506768393389792E-009
  1.618903507222941E-002  1.365706539157219E-008
  1.618936725821479E-002  1.258452010829689E-008
  1.618963234992507E-002  6.818621568978602E-009
  1.618971785968659E-002 -1.119187909654851E-009
  1.618958955203877E-002 -7.820044267390375E-009
  1.618930487820155E-002 -1.045403397992698E-008
  1.618898711382575E-002 -7.967789422294428E-009
  1.618877181268418E-002 -1.506690529908591E-009
  1.618874882131883E-002  6.106763288744415E-009
  1.618892464684079E-002  1.160187892846198E-008
  1.618922092231988E-002  1.266138558151029E-008
  1.618950908722828E-002  8.895464595538597E-009
  1.618966595575098E-002  1.979199006447757E-009
  1.618962616667245E-002 -5.092709861789786E-009
  1.618940919534304E-002 -9.302987740404863E-009
  1.618910978747298E-002 -8.899247002484694E-009
  1.618885643795010E-002 -4.122940042346954E-009
  1.618875609546878E-002  2.922792013596731E-009
  1.618884887703377E-002  9.197272605939114E-009
  1.618909195429345E-002  1.203262917162344E-008
  1.618937904919278E-002  1.026584115973002E-008
  1.618958669610474E-002  4.712420149702825E-009
  1.618962714527810E-002 -2.210493188181937E-009
  1.618948524970742E-002 -7.538282685337393E-009
  1.618922384428189E-002 -9.030724476177587E-009
  1.618895579200296E-002 -6.116035546403509E-009
  1.618879511306924E-002 -1.094714524088812E-010
  1.618880834748446E-002  6.375903745480600E-009
  1.618898688770047E-002  1.056296472423822E-008
  1.618925176732528E-002  1.069721750364906E-008
  1.618948838112588E-002  6.779618174839932E-009
  1.618959588574601E-002  5.397962415391022E-010
  1.618952999719444E-002 -5.327567949952357E-009
  1.618932103347179E-002 -8.326581778539914E-009
  1.618905987669532E-002 -7.221904620338375E-009
  1.618885831788922E-002 -2.547145001721888E-009
  1.618880107531546E-002  3.648715639634752E-009
  1.618891007068563E-002  8.697441871385710E-009
  1.618913601445467E-002  1.045854092274492E-008
  1.618938048236808E-002  8.224299318354851E-009
  1.618953861595767E-002  3.000511185151249E-009
  1.618954393189617E-002 -2.947559443455196E-009
  1.618939610118043E-002 -7.079486725095845E-009
  1.618916010575187E-002 -7.666692433952917E-009
  1.618893755782568E-002 -4.517150601471736E-009
  1.618882282593468E-002  9.658157724876868E-010
  1.618886290239418E-002  6.405788033046577E-009
  1.618903806987372E-002  9.481071992664149E-009
  1.618927130188992E-002  8.913772070237436E-009
  1.618946196126254E-002  4.998951455155330E-009
  1.618952906537335E-002 -5.448960740431352E-010
  1.618944552666744E-002 -5.330167424613591E-009
  1.618924890170200E-002 -7.328567681858148E-009
  1.618902441448730E-002 -5.730966208805651E-009
  1.618886790571006E-002 -1.274502019343337E-009
  1.618884480570163E-002  4.094647078532930E-009
  1.618896268518452E-002  8.069158809854388E-009
  1.618916888691084E-002  8.969963994860203E-009
  1.618937387518172E-002  6.453123277007820E-009
  1.618948996407491E-002  1.636926796357384E-009
  1.618946868112441E-002 -3.396396232354616E-009
  1.618932085404342E-002 -6.502615172984546E-009
  1.618911111197690E-002 -6.390511115705748E-009
  1.618892952652167E-002 -3.159619608578319E-009
  1.618885282531886E-002  1.762971918934793E-009
  1.618891187260961E-002  6.250876871427594E-009
  1.618907919050505E-002  8.395414468417657E-009
  1.618928154409115E-002  7.316059961510773E-009
  1.618943185103009E-002  3.520358983081949E-009
  1.618946652129896E-002 -1.333435027827462E-009
  1.618937222382640E-002 -5.160865179283972E-009
  1.618919082340381E-002 -6.346694617318565E-009
  1.618900070734427E-002 -4.426852301569467E-009
  1.618888281578586E-002 -2.692620416438994E-010
  1.618888608860487E-002  4.316107492809079E-009
  1.618900707186878E-002  7.363193391864652E-009
  1.618919216955997E-002  7.590735963099384E-009
  1.618936124364731E-002  4.938702213583781E-009
  1.618944218144465E-002  5.759888654773257E-010
  1.618940152686434E-002 -3.616049799443071E-009
  1.618925817223342E-002 -5.856248766449420E-009
  1.618907452405481E-002 -5.221542179476766E-009
  1.618892924477581E-002 -2.027774996018593E-009
  1.618888346801623E-002  2.323358553950121E-009
  1.618895499084076E-002  5.958048916325665E-009
  1.618911132939094E-002  7.336234260058031E-009
  1.618928431855698E-002  5.903122391768309E-009
  1.618939970966551E-002  2.310872544242944E-009
  1.618940892204030E-002 -1.877670784374335E-009
  1.618930937686117E-002 -4.869128145339716E-009
  1.618914491234874E-002 -5.407858985101926E-009
  1.618898639949569E-002 -3.303427642443460E-009
  1.618890111871918E-002  5.040825521433843E-010
  1.618892412309207E-002  4.361877653511146E-009
  1.618904376999547E-002  6.620019811339916E-009
  1.618920738013280E-002  6.335167558620290E-009
  1.618934431146007E-002  3.662548346212552E-009
  1.618939634980389E-002 -2.263729639122276E-010
  1.618934234810306E-002 -3.658391913980701E-009
  1.618920669305331E-002 -5.179426328798138E-009
  1.618904822925974E-002 -4.171291753291887E-009
  1.618893465446632E-002 -1.102932479159008E-009
  1.618891352032987E-002  2.685594268602661E-009
  1.618899225509942E-002  5.567334459653511E-009
  1.618913559278476E-002  6.326276948334231E-009
  1.618928124620846E-002  4.669577313214004E-009
  1.618936686930212E-002  1.338527077542182E-009
  1.618935664346241E-002 -2.223062981993338E-009
  1.618925615658016E-002 -4.495059207999379E-009
  1.618910940413849E-002 -4.530368293685202E-009
  1.618897945708813E-002 -2.350220127850402E-009
  1.618892128307907E-002  1.079400099711907E-009
  1.618895842739394E-002  4.273876534435964E-009
  1.618907343996496E-002  5.870928295470758E-009
  1.618921592618415E-002  5.209876632473299E-009
  1.618932452636131E-002  2.603096828292325E-009
  1.618935324414204E-002 -8.115394499273796E-010
  1.618929083216058E-002 -3.568091730691526E-009
  1.618916507167095E-002 -4.502537554472796E-009
  1.618903034584057E-002 -3.244705815881184E-009
  1.618894405414548E-002 -3.644300635781620E-010
  1.618894209121616E-002  2.885273493977394E-009
