   1.00000002164679       0.000000000000000E+000
  0.804179921440322      -2.702810124825651E-003
  0.346813628123630      -1.629872450995272E-002
 -8.253892649344163E-002 -3.719545656547248E-002
 -0.224882042923391      -4.960183095444914E-002
 -1.349893570556209E-002 -4.083939953737097E-002
  0.395836729924637      -1.564711996639712E-002
  0.737081553357532       4.369523372582397E-003
  0.806270187038935      -2.653443354579343E-003
  0.579922555167837      -3.931441396584981E-002
  0.210920716958431      -8.335518749751571E-002
 -8.173577235473263E-002 -0.102325319811839     
 -0.148569951615960      -7.830956555710901E-002
  1.447644697631905E-002 -2.348221238514659E-002
  0.285309803840108       2.660256276793862E-002
  0.502304971199823       3.813611148970306E-002
  0.556378291660592       4.176763239882080E-003
  0.437150691849092      -4.931371696706072E-002
  0.220049939494850      -8.156547014141327E-002
  1.615155173191582E-002 -6.618549456143931E-002
 -8.204498230508925E-002 -1.004241865757328E-002
 -3.612470968164241E-002  5.185184500901832E-002
  0.127926867596682       8.139164271710431E-002
  0.332076630132271       6.387344685379831E-002
  0.477295751695475       1.700197160125563E-002
  0.486940975291944      -2.316570887429213E-002
  0.347876731263958      -2.812689035292153E-002
  0.126967001566973       4.279202357589162E-003
 -5.466646806129099E-002  5.078090152238027E-002
 -8.525391045475735E-002  8.090720346906549E-002
  6.839487886352062E-002  7.815568952607312E-002
  0.330655922491644       4.909833583696833E-002
  0.552707933857300       1.562150345637725E-002
  0.599715842903793      -2.001956655154128E-003
  0.437505093766871       1.931760538409973E-003
  0.160796414355434       1.793441582374746E-002
 -6.055161643316161E-002  3.119707831544682E-002
 -8.689847581847489E-002  3.281647461643828E-002
  0.101339984414090       2.394250747519491E-002
  0.389066211659298       1.144137150694717E-002
  0.598364061004906       6.042333399065669E-004
  0.600893248427642      -8.277733912250519E-003
  0.397886636054284      -1.731265118565695E-002
  0.116578119191336      -2.615287887341643E-002
 -7.271700923133949E-002 -3.051669794127684E-002
 -6.341741697160422E-002 -2.609027364124955E-002
  0.125179080764924      -1.421846459930949E-002
  0.366976576726635      -3.452675086948168E-003
  0.512275356860530      -4.256097157069707E-003
  0.478999720056022      -2.033536344532957E-002
  0.295614638999526      -4.379350896385214E-002
  7.448278435355528E-002 -5.904821772614544E-002
 -6.104492422451631E-002 -5.365508249119133E-002
 -4.758732695847093E-002 -2.820992174737711E-002
  8.990887950566147E-002  2.595101423754597E-003
  0.262434968671343       1.941998933509104E-002
  0.372433893356091       1.187477281996162E-002
  0.365736857089529      -1.363378495764556E-002
  0.253649554020557      -3.784872703090653E-002
  9.952764021236622E-002 -4.190247504729804E-002
 -1.744710626236918E-002 -2.048375144040511E-002
 -4.114168972027869E-002  1.446575754173491E-002
  3.690007759265792E-002  4.208788900178056E-002
  0.175467006648826       4.692081092569743E-002
  0.303770196215320       2.904725582221915E-002
  0.355387441405566       3.223304725051594E-003
  0.301938456529761      -1.185099315819023E-002
  0.170277133005840      -6.174553674077213E-003
  3.199335937530694E-002  1.572643377275260E-002
 -3.309756386323706E-002  3.913667337559212E-002
  1.781830241508571E-002  4.974499214376878E-002
  0.162457128383975       4.272030573321358E-002
  0.321838002749172       2.443031454434994E-002
  0.404061839103868       6.703850501217004E-003
  0.359423694824094      -1.409848120282736E-003
  0.212933152603433       1.457112192026834E-003
  5.198445901312068E-002  9.963624559156371E-003
 -2.556009770718738E-002  1.695278047244176E-002
  2.839439592298862E-002  1.807565651538890E-002
  0.181671875564031       1.319290411253917E-002
  0.341104380806626       4.712065648806021E-003
  0.409984726653137      -4.771799072547440E-003
  0.347497015819292      -1.343463611231681E-002
  0.192743237098298      -1.969973629326839E-002
  3.894475704771724E-002 -2.178288176731026E-002
 -2.479839899862762E-002 -1.858177884071617E-002
  3.299903232306578E-002 -1.139928575995082E-002
  0.170123763076784      -4.555403319134741E-003
  0.299804854409235      -3.430663303204305E-003
  0.344646852932295      -1.068814948642254E-002
  0.281279497179865      -2.345405307205336E-002
  0.149967907976744      -3.413564678425918E-002
  2.659995134867057E-002 -3.504941840991370E-002
 -2.315663372410961E-002 -2.393459056034096E-002
  2.045327851450314E-002 -6.265875097601487E-003
  0.124640056017050       7.768327324837169E-003
  0.226775410007684       9.935097076761296E-003
  0.270635432792845      -2.754514318905427E-004
  0.235391068190667      -1.497530660573714E-002
  0.143338433978278      -2.300731364273998E-002
  4.507305196502879E-002 -1.745390936348551E-002
 -8.090822183493628E-003 -3.393665302315577E-004
  1.000011779293014E-002  1.873237496269419E-002
  8.820816802742960E-002  2.902192135129487E-002
  0.184657949583170       2.569858786215382E-002
  0.248398057593961       1.271341276227666E-002
  0.245779293017404      -2.409955738858566E-004
  0.178574147147845      -4.334868498454399E-003
  8.406865329499534E-002  2.830007074308653E-003
  1.585916554541703E-002  1.625576378124013E-002
  1.446981610875119E-002  2.739469583062984E-002
  8.364037060596959E-002  2.982218127292449E-002
  0.186489684860433       2.289212800472491E-002
  0.265313026536415       1.132918396736572E-002
  0.274784309054823       1.623067183099648E-003
  0.209288032707294      -2.004589962250598E-003
  0.107389936276104       4.799136495385608E-004
  2.967284884873253E-002  5.813502287173392E-003
  2.261128315642143E-002  9.931299509018464E-003
  9.037831615881976E-002  1.019491815110613E-002
  0.192136214391737       6.217794347234826E-003
  0.266755648685459      -6.033300426395012E-004
  0.269806322289598      -8.032629853923817E-003
  0.200021376951314      -1.377950068863839E-002
  9.916980441576977E-002 -1.608016896113670E-002
  2.598262626423778E-002 -1.430543640363986E-002
  2.071661681873509E-002 -9.517584960809466E-003
  8.209799760688222E-002 -4.445185430554791E-003
  0.169946131923316      -2.392127668164461E-003
  0.230612560615818      -5.332131470569269E-003
  0.228875147967751      -1.231879871032397E-002
  0.167165808228181      -1.951728904129656E-002
  8.184660309325043E-002 -2.225535036811931E-002
  2.041563722723435E-002 -1.802045000435416E-002
  1.414606414540094E-002 -8.407421286775749E-003
  6.191028232642454E-002  1.515273076270916E-003
  0.133152468065663       6.268053969397678E-003
  0.186633045745507       3.538468218232854E-003
  0.193403059154344      -4.160941893449930E-003
  0.151448075646402      -1.099705116530823E-002
  8.509045234082926E-002 -1.158253594308493E-002
  3.071209812985887E-002 -4.514588481911464E-003
  1.707699316707459E-002  6.692842873364302E-003
  5.053619520570635E-002  1.590389165400011E-002
  0.112336757839354       1.832325905834936E-002
  0.168997647992975       1.348098058726864E-002
  0.190249067033505       5.325713418841604E-003
  0.165266918192943      -4.985641841217342E-004
  0.108656419724216      -2.773836591170259E-004
  5.272757715984883E-002  5.623080707222694E-003
  2.981191339653803E-002  1.331997051357457E-002
  5.405058758556895E-002  1.808774087319567E-002
  0.112924207303915       1.726308638446611E-002
  0.173808761780218       1.157468549797301E-002
  0.202386553016762       4.302746337903707E-003
  0.182573617320420      -9.133343817595158E-004
  0.126220632105719      -2.121210101567480E-003
  6.649219552547009E-002  1.821646818684813E-004
  3.847632835591316E-002  3.736522043992082E-003
  5.842759146646923E-002  5.968140010858440E-003
  0.114125205004375       5.285407696602449E-003
  0.172237031353755       1.648963114431527E-003
  0.198263587833303      -3.626943876056643E-003
  0.176981532397968      -8.556413362190573E-003
  0.121091149153540      -1.132066294951379E-002
  6.309549363060403E-002 -1.101770970921027E-002
  3.566907266046389E-002 -8.105920053174294E-003
  5.254757687768759E-002 -4.315157882834198E-003
  0.101241568794034      -1.912001960743857E-003
  0.151377048831877      -2.526376181688043E-003
  0.173045372262715      -6.120866201861042E-003
  0.153965862251259      -1.078818056951559E-002
  0.105613907214114      -1.368497164507576E-002
  5.547190815501666E-002 -1.269540777467462E-002
  3.069848055151619E-002 -7.835688283517358E-003
  4.298820696499735E-002 -1.432814827782137E-003
  8.298165703202452E-002  3.174428324977868E-003
  0.126634472724229       3.682628759438639E-003
  0.149212214841146       3.181967837007347E-004
  0.138799286971211      -4.237810758541622E-003
  0.102107895038671      -6.510785887221603E-003
  5.998685729441441E-002 -4.437582150938267E-003
  3.560416349368421E-002  1.312760573054603E-003
  4.189701286324199E-002  7.763408810371064E-003
  7.491050168729842E-002  1.151465331043910E-002
  0.116325500889940       1.085603317835704E-002
  0.143620263248862       6.753980261205331E-003
  0.142362998511592       2.133022123868568E-003
  0.114045989969993      -1.532411974212699E-005
  7.521425297867304E-002  1.551322374764529E-003
  4.828211937544745E-002  5.702139953090962E-003
  4.899321158823631E-002  9.789104928977310E-003
  7.747640301482825E-002  1.133287894117080E-002
  0.118030825255239       9.447464872609567E-003
  0.147953146746304       5.191881277701035E-003
  0.150516533530275       7.744068275708052E-004
  0.124653393745090      -1.785883001813418E-003
  8.563175799693348E-002 -1.716637464719571E-003
  5.619924340097740E-002  2.627340964377231E-004
  5.330853486546924E-002  2.505626589638927E-003
  7.823534021178088E-002  3.388085788955152E-003
  0.115944065582081       2.114413283957840E-003
  0.144056385206497      -9.715228235368327E-004
  0.146044482648887      -4.630166999721391E-003
  0.120791104961626      -7.351417390275768E-003
  8.292577063916698E-002 -8.071444374375925E-003
  5.393342267107205E-002 -6.681513334289526E-003
  4.950218929207056E-002 -4.102587723899089E-003
  7.063993680000591E-002 -1.856614168509404E-003
  0.103615422640967      -1.290831243377082E-003
  0.128416005110602      -2.822679977791024E-003
  0.130467173679793      -5.632933190394367E-003
  0.108721896831415      -8.047403545410182E-003
  7.567258995240347E-002 -8.464858303937299E-003
  4.969831301932372E-002 -6.324449798546965E-003
  4.448197467143503E-002 -2.514762637171352E-003
  6.159423551794301E-002  1.081938406664587E-003
  9.019450024136240E-002  2.687940120354875E-003
  0.113610959590536       1.715583154139275E-003
  0.118799359441965      -8.490307792962593E-004
  0.103358232046132      -3.034571391966419E-003
  7.641581721987420E-002 -3.098949493471118E-003
  5.320432276844476E-002 -6.120224340663011E-004
  4.652401288460418E-002  3.277514828540347E-003
  5.981275478676939E-002  6.556705249029761E-003
  8.549854208900598E-002  7.585300940392050E-003
  0.109380624334370       6.073737042319183E-003
  0.118544536731764       3.204516318063965E-003
  0.108459175612692       8.561386576375756E-004
  8.538652050442712E-002  4.470762490929441E-004
  6.279934917847822E-002  2.122389159520227E-003
  5.379207786046944E-002  4.749727088500774E-003
  6.370668418182165E-002  6.667737703077816E-003
  8.711981111684425E-002  6.684678338895168E-003
  0.110927378211120       4.723550786407734E-003
  0.121816332974715       1.777391242851383E-003
  0.113874863897856      -7.284939837745138E-004
  9.195891550694800E-002 -1.747541422239955E-003
  6.884680494114682E-002 -1.133919997980592E-003
  5.781643568731380E-002  3.686984295860994E-004
  6.496532478706597E-002  1.601150652600496E-003
  8.575458561442866E-002  1.628611755289699E-003
  0.107771704071997       2.088886461992766E-004
  0.118041012883017      -2.121088275747244E-003
  0.110551818262610      -4.348670639594245E-003
  8.960282676469492E-002 -5.509466338248626E-003
  6.709295963385704E-002 -5.174584212782603E-003
  5.547558909517387E-002 -3.667508434406896E-003
  6.058500134765905E-002 -1.900066379826939E-003
  7.849574732834984E-002 -8.965349204860034E-004
  9.809607662544026E-002 -1.238447596269200E-003
  0.107689052185549      -2.725776748734256E-003
  0.101681366176946      -4.459480440861007E-003
  8.353763705823250E-002 -5.329838131528679E-003
  6.348154227344822E-002 -4.655247286048371E-003
  5.247810053659323E-002 -2.602942784233474E-003
  5.605442904675150E-002 -1.252469232525997E-004
  7.142775441028355E-002  1.577107899501386E-003
  8.938769796165355E-002  1.759988048819134E-003
  9.966872575313207E-002  5.840578403514089E-004
  9.668599656547151E-002 -9.770426238940673E-004
  8.246026787384683E-002 -1.724150843846261E-003
  6.524203517483620E-002 -9.611193796571664E-004
  5.475406029975548E-002  1.082824761166181E-003
  5.677386914662201E-002  3.395773682374910E-003
  7.003936079795120E-002  4.798253942909712E-003
  8.710620227159314E-002  4.647432603243554E-003
  9.859373133720624E-002  3.200429892834502E-003
  9.842059424345072E-002  1.428079282243223E-003
  8.712940714227535E-002  4.127274650289291E-004
  7.148496960888186E-002  7.090882185308324E-004
  6.060394043448743E-002  2.049221626991712E-003
  6.079994257678328E-002  3.544745982247496E-003
  7.204213343945262E-002  4.235612674958388E-003
  8.801895126672807E-002  3.643568385281252E-003
  9.976342999308169E-002  2.013496674412571E-003
  0.100771659406835       1.315969875255830E-004
  9.068839550079545E-002 -1.142164161726886E-003
  7.545140949524591E-002 -1.344872291871638E-003
  6.382494050735406E-002 -6.290265719370296E-004
  6.233890988788388E-002  3.656386726547428E-004
  7.156728018045680E-002  8.888370875118829E-004
  8.588529904133373E-002  4.881797307930874E-004
  9.680648262345047E-002 -7.631464439122060E-004
  9.791786647194929E-002 -2.323563966830170E-003
  8.853032999691474E-002 -3.480727195440225E-003
  7.395621845582515E-002 -3.729047679135220E-003
  6.232609564269506E-002 -3.032806176194125E-003
  5.986473508512515E-002 -1.840629360556319E-003
  6.738829341130964E-002 -8.427184458417392E-004
  8.000055753968874E-002 -5.953684340211148E-004
  9.006267655892956E-002 -1.212154929132869E-003
  9.162977481952814E-002 -2.294001087155642E-003
  8.377414742760288E-002 -3.146469016959328E-003
  7.094748500778973E-002 -3.172368688225090E-003
  6.028880301232410E-002 -2.220496479087141E-003
  5.751542163512632E-002 -6.854490923723709E-004
  6.376343688058037E-002  7.092179767025940E-004
  7.511103756292203E-002  1.326102643498050E-003
  8.494554861393286E-002  9.853205001233774E-004
  8.774557999617694E-002  6.900749286943851E-005
  8.212355958794694E-002 -7.078219424194781E-004
  7.146871154513289E-002 -7.253833531180910E-004
  6.191742405501693E-002  1.707692666143372E-004
  5.885971610846089E-002  1.580161075625819E-003
  6.395619092349913E-002  2.789768291955568E-003
  7.429994377594501E-002  3.198195506625518E-003
  8.413369749563282E-002  2.664371120803072E-003
  8.811483655922125E-002  1.575123358656710E-003
  8.428691375984239E-002  6.007099854780357E-004
  7.511042318483604E-002  2.944728940598535E-004
  6.600693336368260E-002  7.783627646863523E-004
  6.226277157723564E-002  1.693607464875309E-003
  6.604789505892308E-002  2.430982381457932E-003
  7.522703303730142E-002  2.492136729021478E-003
  8.461863420061799E-002  1.767737005819210E-003
  8.896801514905353E-002  5.803878527877277E-004
  8.593141476074283E-002 -5.160370365834292E-004
  7.737083285247648E-002 -1.052554170647005E-003
  6.823528121922828E-002 -8.948849429043029E-004
  6.369218798224016E-002 -2.954891354752637E-004
  6.617226636757924E-002  2.668627431295283E-004
  7.402506874789368E-002  3.603426969036520E-004
  8.253559848620620E-002 -1.659370890161591E-004
  8.668140169464751E-002 -1.108859707788735E-003
  8.401522365610965E-002 -2.030243312566921E-003
  7.601375924931902E-002 -2.497850073769538E-003
  6.714937503889838E-002 -2.317756883246091E-003
  6.226905014813772E-002 -1.635101714835623E-003
  6.382454075735933E-002 -8.508762208326885E-004
  7.054323675462411E-002 -4.000558443428280E-004
  7.825901270820319E-002 -5.111285265657694E-004
  8.236547847619707E-002 -1.079081397955150E-003
  8.044519648578430E-002 -1.724174838843223E-003
  7.357604395096309E-002 -2.006797356826574E-003
  6.561818408974854E-002 -1.679451978298261E-003
  6.095271232397954E-002 -8.322134769572483E-004
  6.199988826168901E-002  1.544314641849783E-004
  6.792038999491783E-002  8.253748435448879E-004
  7.518765512512865E-002  9.117747927282463E-004
  7.964698719229532E-002  4.845070677286759E-004
  7.886074073835977E-002 -9.097117654636532E-005
  7.342160393069105E-002 -3.724112327072841E-004
  6.653462130329732E-002 -1.023499953875887E-004
  6.215292726311148E-002  6.414987302523881E-004
  6.274607571277921E-002  1.494963238837898E-003
  6.795266899515831E-002  2.023711376652580E-003
  7.484502742543231E-002  1.976485987926070E-003
  7.962094196424724E-002  1.425464607701644E-003
  7.974861930767992E-002  7.145489051020063E-004
  7.535833251573409E-002  2.519542056490748E-004
  6.911621692718518E-002  2.734510153620482E-004
  6.467635232194430E-002  7.146039637985703E-004
  6.460234683981685E-002  1.260884164318949E-003
  6.893580506041104E-002  1.538552265679667E-003
  7.521043041836972E-002  1.330474388100418E-003
  7.988507855444896E-002  6.932786388701127E-004
  8.036599051429150E-002 -8.481916103918587E-005
  7.646290847768041E-002 -6.532272215342164E-004
  7.045830331109683E-002 -7.942537619605696E-004
  6.576866029029931E-002 -5.353090401242239E-004
  6.498092249018637E-002 -1.210404996209921E-004
  6.839447385131812E-002  1.320594909645488E-004
  7.389397755915178E-002  1.381624430809397E-005
  7.820343602219994E-002 -4.666029158554887E-004
  7.877927010059947E-002 -1.091180947113465E-003
  7.524716123729688E-002 -1.557031324801641E-003
  6.957024043233162E-002 -1.643588665898531E-003
  6.488019278522482E-002 -1.331575767667723E-003
  6.366994181294454E-002 -8.100756253565838E-004
  6.639486976306620E-002 -3.692758557730963E-004
  7.126930095222918E-002 -2.385831928571364E-004
  7.534186604706025E-002 -4.596523338242840E-004
  7.620265764680692E-002 -8.649225317668329E-004
  7.333500643499156E-002 -1.174001115633156E-003
  6.835645734903140E-002 -1.154132058989058E-003
  6.404620565537336E-002 -7.540435495834016E-004
  6.274534977291110E-002 -1.345396766001170E-004
  6.505109517164119E-002  4.223898863643235E-004
  6.953065820136799E-002  6.741644405295649E-004
  7.358420128824324E-002  5.552035571355538E-004
  7.493756581576008E-002  2.116338326662768E-004
  7.290934428021416E-002 -8.687787660873016E-005
  6.874947713992560E-002 -1.061501844386960E-004
  6.488631254890023E-002  2.160370777860552E-004
  6.353309612245059E-002  7.354964120880018E-004
  6.544984959433763E-002  1.187891587776793E-003
  6.954905046343815E-002  1.343269757394099E-003
  7.354560168738966E-002  1.137429709309261E-003
  7.526381445359305E-002  7.043344873041659E-004
  7.385538050180473E-002  2.935236524379448E-004
  7.024728692339888E-002  1.238337757625025E-004
  6.658300989808610E-002  2.598812361282547E-004
  6.498945977724786E-002  5.813809690067470E-004
  6.637559457092898E-002  8.591911714031354E-004
  6.993959556962923E-002  8.903399123117479E-004
  7.365147952728217E-002  6.129048806038577E-004
  7.542277435015685E-002  1.367735542818108E-004
  7.429001414784488E-002 -3.232172866879813E-004
  7.094062735756489E-002 -5.699514558963163E-004
  6.729304888846481E-002 -5.317243587213511E-004
  6.538509961735116E-002 -2.959727795364862E-004
  6.621468041054650E-002 -5.367908752972996E-005
  6.919369328098397E-002  1.118804357927628E-005
  7.251519535552599E-002 -1.756907103317400E-004
  7.420728582385576E-002 -5.402535457892262E-004
  7.325943250618021E-002 -9.043354132950716E-004
  7.017773595713241E-002 -1.086272317968053E-003
  6.666501342133278E-002 -1.001251785920740E-003
  6.462760733785752E-002 -7.063160388594513E-004
  6.509005806354792E-002 -3.662423199225814E-004
  6.763720712918622E-002 -1.602996035856863E-004
  7.068744115536747E-002 -1.822649122812828E-004
  7.242026116044976E-002 -3.894461752399841E-004
  7.181457695481808E-002 -6.289171402101827E-004
  6.920647565224534E-002 -7.258399466452916E-004
  6.606420523968688E-002 -5.837487871360173E-004
  6.412957176683340E-002 -2.398347163886800E-004
  6.442837347764062E-002  1.561783785206690E-004
  6.671150585889749E-002  4.272947233530589E-004
  6.962923255040999E-002  4.695280086602262E-004
  7.151985058248650E-002  3.094818220929944E-004
  7.135227744932970E-002  8.634937496379705E-005
  6.928892310567006E-002 -3.061016738614018E-005
  6.656316023285713E-002  5.928580685827685E-005
  6.475821741778592E-002  3.306643114563461E-004
  6.490735364949034E-002  6.484246662764688E-004
  6.692451060632432E-002  8.471409044840256E-004
  6.967696196534777E-002  8.263915989192938E-004
  7.164439812999963E-002  6.066371877367160E-004
  7.178140029107133E-002  3.144334420644843E-004
  7.009444626847446E-002  1.074202157428855E-004
  6.761496376523062E-002  8.390826115875994E-005
  6.579566674092235E-002  2.292887667651570E-004
  6.568137268764221E-002  4.285961187870494E-004
  6.732610882467538E-002  5.357212371338755E-004
  6.978103101388163E-002  4.579186526800891E-004
  7.164969457402466E-002  2.072314845034020E-004
  7.188645991309729E-002 -1.088935639635236E-004
  7.038164074831449E-002 -3.501923426296962E-004
  6.800557954621669E-002 -4.222892032105584E-004
  6.609639975538169E-002 -3.269940451109318E-004
  6.569236486861622E-002 -1.572844679576147E-004
  6.694958058264695E-002 -4.180154456112384E-005
  6.907234392502289E-002 -7.141312693388826E-005
  7.078562344499639E-002 -2.491070388275152E-004
  7.107005242774665E-002 -4.902173955621068E-004
  6.973604981797120E-002 -6.714249498608732E-004
  6.751412185570528E-002 -7.001545161312042E-004
  6.562073752686427E-002 -5.654636902033003E-004
  6.505840336955479E-002 -3.425899769048056E-004
  6.605365178991345E-002 -1.494852419323333E-004
  6.794856415418413E-002 -8.032234719841824E-005
  6.959610349086714E-002 -1.534317944904918E-004
  7.002242836366039E-002 -3.026444921222005E-004
  6.897420417007519E-002 -4.164146191873677E-004
  6.704419650402881E-002 -4.021772071975818E-004
  6.531526952215480E-002 -2.392953792950237E-004
  6.473671147490201E-002  9.353855808204459E-006
  6.559206006018103E-002  2.334025770183119E-004
  6.735611184721894E-002  3.376723443523710E-004
  6.901131880433062E-002  2.954569304372828E-004
  6.963321486238429E-002  1.620243714372195E-004
  6.890831517020146E-002  4.108372263234102E-005
  6.729489058578181E-002  2.409560467300108E-005
  6.574532021399226E-002  1.376948286086130E-004
  6.515711291104315E-002  3.293123098673550E-004
  6.586789277865648E-002  4.985757944072008E-004
  6.747724535647408E-002  5.555503360049098E-004
  6.908800456949764E-002  4.718100698179908E-004
  6.982176660550972E-002  2.952224567971894E-004
  6.931252653221859E-002  1.208881143015400E-004
  6.790104854732087E-002  3.602398189018037E-005
  6.642681201093105E-002  7.098198319389311E-005
  6.574309840531918E-002  1.841126816693064E-004
  6.623431573443117E-002  2.880131352713948E-004
  6.760795951665145E-002  3.009259889029858E-004
  6.907335160318667E-002  1.933584417100259E-004
  6.979862873986706E-002  3.746935488700108E-006
  6.938211588172415E-002 -1.846198225586635E-004
  6.807099219946879E-002 -2.911469557607835E-004
  6.660828811575523E-002 -2.824721364539260E-004
  6.580216170318949E-002 -1.891846662530406E-004
  6.606712721173626E-002 -8.630796782035909E-005
  6.719799106357795E-002 -4.959882203872584E-005
  6.849999991751303E-002 -1.127691550580632E-004
  6.919393967957679E-002 -2.494356591030324E-004
  6.886044584152988E-002 -3.891680275354298E-004
  6.767050610638674E-002 -4.578170951740697E-004
  6.627605948415252E-002 -4.190706402431821E-004
  6.543041050453374E-002 -2.940409925078289E-004
  6.555995685285024E-002 -1.484054452500091E-004
  6.653117426941957E-002 -5.490457881614932E-005
  6.774022604897849E-002 -5.262587687529845E-005
  6.846657697731466E-002 -1.259596275526280E-004
  6.828388991573910E-002 -2.147487637083271E-004
  6.729427140370696E-002 -2.494570626514412E-004
  6.605785020406055E-002 -1.911461231619964E-004
  6.526521748616768E-002 -5.356525775044437E-005
  6.534429230985947E-002  1.049504612689831E-004
  6.622520567256822E-002  2.147913765255182E-004
  6.739181947384607E-002  2.343177816018299E-004
  6.818354346764868E-002  1.726067909302626E-004
  6.817101068187836E-002  8.297529454436811E-005
  6.739209917313846E-002  3.143655951597052E-005
  6.631883205284134E-002  5.853423361753552E-005
  6.558040311889930E-002  1.564954014308375E-004
  6.560419366826040E-002  2.744851525714561E-004
  6.637887988568758E-002  3.484010621079515E-004
  6.747019195853514E-002  3.376584279896176E-004
  6.827466925945298E-002  2.477949771249627E-004
  6.836312079489487E-002  1.263272232365222E-004
  6.771828652806623E-002  3.488560344318117E-005
  6.673504857073831E-002  1.411280132680157E-005
  6.598816900039196E-002  6.147932990776587E-005
  6.590350843684450E-002  1.342425539213624E-004
  6.652032937827100E-002  1.751319964238876E-004
  6.747705136117668E-002  1.455350922087250E-004
  6.822393819745637E-002  4.719058220748030E-005
  6.833785989932072E-002 -7.951049573583643E-005
  6.775902357827564E-002 -1.789520380322709E-004
  6.681729925695866E-002 -2.116158199829645E-004
  6.603752489205854E-002 -1.754763999060713E-004
  6.583857653140264E-002 -1.057725012587567E-004
  6.629886366645510E-002 -5.392609483124297E-005
  6.711972390025518E-002 -5.801561319778368E-005
  6.780325994092817E-002 -1.215641393645794E-004
  6.793921046662499E-002 -2.122886592725588E-004
  6.743586981496688E-002 -2.810006401895796E-004
  6.656539794016285E-002 -2.895929025984733E-004
  6.580199101859106E-002 -2.322379520390325E-004
  6.554931105532727E-002 -1.380735452309306E-004
  6.591413034311121E-002 -5.425332351845427E-005
  6.665329342371358E-002 -1.925750831855248E-005
  6.731990906252899E-002 -4.163599953316823E-005
  6.752125381686569E-002 -9.603857265903210E-005
  6.713977446758414E-002 -1.384632508785504E-004
  6.639310699345935E-002 -1.317905311206460E-004
  6.570313082621669E-002 -6.699864026161331E-005
  6.545274831885246E-002  3.188555247165098E-005
  6.577053107609683E-002  1.216550263279078E-004
  6.646413002502480E-002  1.644484259343485E-004
  6.713636647410202E-002  1.488361987040960E-004
  6.741402469375135E-002  9.554220182571504E-005
  6.715755464615905E-002  4.481515943273387E-005
  6.653390810265605E-002  3.297280711857142E-005
  6.591474930220248E-002  7.168518165889431E-005
  6.566159598768172E-002  1.417509460172192E-004
  6.592168354179098E-002  2.046215065676023E-004
  6.654938391685697E-002  2.247323954080257E-004
  6.719459725053178E-002  1.896834568477398E-004
  6.750449309853027E-002  1.168266772118298E-004
  6.732230178312780E-002  4.283475569444320E-005
  6.677110490865254E-002  2.597008674065517E-006
  6.617788193104636E-002  9.696482764620358E-006
  6.588415163353459E-002  4.949848231663599E-005
  6.605255399055206E-002  8.842274352952448E-005
  6.657869460318072E-002  9.369968465227204E-005
  6.715582566044678E-002  5.214018545010077E-005
  6.745258408607226E-002 -2.266213492803766E-005
  6.730092227430243E-002 -9.843946612200738E-005
  6.678773306212708E-002 -1.426729293418235E-004
  6.620036042936134E-002 -1.406738214210683E-004
  6.585991155076962E-002 -1.031682123763911E-004
  6.593909151818310E-002 -5.941690795565564E-005
  6.636801040785086E-002 -4.013121848585832E-005
  6.687939288214725E-002 -6.004873200993829E-005
  6.716455419577172E-002 -1.099578072199726E-004
  6.704937769283137E-002 -1.624091826260039E-004
  6.659018711205046E-002 -1.875767457324809E-004
  6.603700801838260E-002 -1.701265820456008E-004
  6.568801046958897E-002 -1.175990567664214E-004
  6.572001671926157E-002 -5.577878822038835E-005
  6.609155839580301E-002 -1.392648792654734E-005
  6.657164953748283E-002 -8.383202690100651E-006
  6.687503899007963E-002 -3.380611228345273E-005
  6.682491577844082E-002 -6.682381189625561E-005
  6.645040520174539E-002 -7.981089574315895E-005
  6.596529878683652E-002 -5.681114701950424E-005
  6.564289076984192E-002 -2.562915540076970E-006
  6.566013770364769E-002  6.036206174232751E-005
  6.599990383980016E-002  1.044773387981763E-004
  6.646509487090903E-002  1.128575324191060E-004
  6.679401446411203E-002  8.834927104940902E-005
  6.680941359500686E-002  5.140897935918490E-005
  6.651632485810628E-002  2.801502557673936E-005
  6.609470399628695E-002  3.471841852612443E-005
  6.579351901580516E-002  6.938742113967399E-005
  6.578835016044961E-002  1.127905233339149E-004
  6.608368661792362E-002  1.398879426650447E-004
  6.651401467447145E-002  1.342012863587677E-004
  6.684083326860352E-002  9.702611866874099E-005
  6.688869192382259E-002  4.637245912982389E-005
  6.664261336269997E-002  6.476214208565478E-006
  6.625277979609596E-002 -5.941499778829568E-006
  6.594589067673098E-002  9.200286486992039E-006
  6.589529432948864E-002  3.588069156536564E-005
  6.612414162368566E-002  5.162029554678696E-005
  6.649555637023806E-002  4.053231130722898E-005
  6.679349551363332E-002  2.311091818196011E-006
  6.684664027157214E-002 -4.781439864864066E-005
  6.662434954645860E-002 -8.789964289483858E-005
  6.625101676965073E-002 -1.016744088505618E-004
  6.593246709412744E-002 -8.743147888798196E-005
  6.583792915843797E-002 -5.850411667854124E-005
  6.600531808334587E-002 -3.528460780217799E-005
  6.632291071770742E-002 -3.349267661329074E-005
  6.659610155160404E-002 -5.538754440835996E-005
  6.665957630020988E-002 -8.879325044935468E-005
  6.647040426835271E-002 -1.142965310264388E-004
  6.612978672527287E-002 -1.163760846974817E-004
  6.582275690125657E-002 -9.211176664511480E-005
  6.571181168104774E-002 -5.262622378618221E-005
  6.584570771313940E-002 -1.660440907493402E-005
  6.613466519252346E-002  2.929389697314485E-007
  6.640446269381012E-002 -5.926069131702200E-006
  6.649698919511328E-002 -2.571270982821764E-005
  6.635930841357668E-002 -4.179502605861715E-005
  6.607115526189976E-002 -3.924362886077398E-005
  6.579677591490636E-002 -1.401148102730298E-005
  6.569011540813924E-002  2.485486754355241E-005
  6.580802463571955E-002  6.046436800277057E-005
  6.608032473866880E-002  7.767732138786170E-005
  6.635229254188404E-002  7.153010596818240E-005
  6.647386943219048E-002  4.973952463508617E-005
  6.638413046288597E-002  2.798694950865583E-005
  6.614344473271223E-002  2.080480595888376E-005
  6.589640141680141E-002  3.332735804947033E-005
  6.578804362611441E-002  5.856881192899027E-005
  6.588177523482293E-002  8.165479958695909E-005
  6.612524193340498E-002  8.845366097582553E-005
  6.638235122397221E-002  7.361148665355270E-005
  6.651185696317223E-002  4.344553473105107E-005
  6.644709716820539E-002  1.217290514111853E-005
  6.623184403905139E-002 -6.232529161727949E-006
  6.599300675794695E-002 -5.838861132667790E-006
  6.586700866775196E-002  8.194427656416066E-006
  6.592244948674710E-002  2.292179795858221E-005
  6.612282489274504E-002  2.524018873195975E-005
  6.634948724772798E-002  9.416202531912435E-006
  6.647055023087929E-002 -1.974122325258894E-005
  6.641578398937700E-002 -4.974620907332471E-005
  6.621502900535753E-002 -6.757116912814054E-005
  6.597920628540122E-002 -6.692088256738795E-005
  6.583591808126285E-002 -5.154254721975096E-005
  6.585705424443246E-002 -3.280739426373126E-005
  6.601952250402281E-002 -2.307017565277614E-005
  6.622057885389930E-002 -2.865169425455188E-005
  6.633786962023940E-002 -4.640609280783378E-005
  6.629921870802034E-002 -6.572020276482380E-005
  6.612245969647912E-002 -7.469061629979698E-005
  6.590345186434506E-002 -6.690189147692547E-005
  6.576022915628461E-002 -4.497275329147829E-005
  6.576586818528728E-002 -1.894289384412027E-005
  6.590829886769496E-002 -5.211913707771583E-007
  6.609916421506239E-002  3.474134546526755E-006
  6.622558601399835E-002 -5.231781624010469E-006
  6.621457431715899E-002 -1.762271453551616E-005
  6.607337575528441E-002 -2.273705090679559E-005
  6.588351570877497E-002 -1.400035328458483E-005
  6.575298292149641E-002  7.056784098082629E-006
  6.575455437243728E-002  3.174668181923585E-005
  6.588543108193821E-002  4.920894972385501E-005
  6.607049024783739E-002  5.252976565904142E-005
  6.620629993057796E-002  4.250986981555999E-005
  6.622008945447837E-002  2.699719519078714E-005
  6.611002820150991E-002  1.625568074716740E-005
  6.594450515631024E-002  1.707856012024067E-005
  6.582176822876913E-002  2.900915162839127E-005
  6.581362988648028E-002  4.476528311125484E-005
  6.592539363186167E-002  5.453416797666826E-005
  6.609425986618633E-002  5.161692896126049E-005
  6.622623712095219E-002  3.619289736423188E-005
  6.624984442279735E-002  1.511287401571955E-005
  6.615590089840762E-002 -2.070915814193665E-006
  6.600124571286271E-002 -8.503507007815615E-006
  6.587509716490197E-002 -3.766560645628749E-006
  6.584788947645059E-002  6.115644212394856E-006
  6.593188221683539E-002  1.231457924057888E-005
  6.607553670746241E-002  8.332279686238027E-006
  6.619408768670404E-002 -6.307942000138066E-006
  6.621823002185857E-002 -2.586614812026040E-005
  6.613299976982974E-002 -4.171168615381525E-005
  6.598508649774633E-002 -4.720768877720436E-005
  6.585514031244549E-002 -4.136078472827726E-005
  6.581150496241904E-002 -2.920828789549418E-005
  6.587194800009444E-002 -1.880457837289973E-005
  6.599484781224872E-002 -1.658858311997861E-005
  6.610416113463105E-002 -2.378312469897950E-005
  6.613329282674384E-002 -3.583148565976498E-005
  6.606263170428779E-002 -4.511726450631400E-005
  6.592966574284459E-002 -4.535748023218393E-005
  6.580657457641677E-002 -3.515287909671975E-005
  6.575870678100332E-002 -1.871144733393397E-005
  6.580785501995419E-002 -3.398998924711969E-006
  6.592098299055578E-002  4.432643533905989E-006
  6.603019310965583E-002  2.949594934757731E-006
  6.607192766751084E-002 -4.289850894184556E-006
  6.602280040081557E-002 -1.052627408101003E-005
  6.591188372292237E-002 -9.750929827698081E-006
  6.580305252544376E-002 -1.464841274447101E-007
  6.575805652208030E-002  1.491879647977611E-005
  6.580163480052913E-002  2.885525491998053E-005
  6.590833662932463E-002  3.560225256907345E-005
  6.601799248520263E-002  3.300618527117167E-005
  6.607043396188830E-002  2.392319338720530E-005
  6.603940733835567E-002  1.447154797674875E-005
  6.594654611551008E-002  1.048466264596261E-005
  6.584797239885228E-002  1.421209503503657E-005
  6.580172580438493E-002  2.313104185961424E-005
  6.583485688488651E-002  3.149448105189783E-005
  6.592877942234228E-002  3.367788180832969E-005
  6.603073975263819E-002  2.738838687839674E-005
  6.608433309319850E-002  1.492184352382341E-005
  6.606140024195972E-002  1.799883209744540E-006
  6.597725768253014E-002 -6.382075577493430E-006
  6.588103426918338E-002 -7.071840239380662E-006
  6.582713367312859E-002 -2.081291961944976E-006
  6.584436896609627E-002  3.592080890699015E-006
  6.592026076147349E-002  4.715841280105873E-006
  6.600903208407734E-002 -1.165991256802576E-006
  6.605825220987188E-002 -1.236506508788204E-005
  6.603865449506441E-002 -2.405863336282869E-005
  6.596020316367925E-002 -3.105068701726032E-005
  6.586563290061963E-002 -3.068401349504562E-005
  6.580561470433151E-002 -2.425635889735533E-005
  6.580999625312611E-002 -1.617763295078094E-005
  6.587146218306895E-002 -1.139774175927373E-005
  6.595057222667128E-002 -1.259732265567283E-005
  6.599884697853095E-002 -1.873179619556180E-005
  6.598644093098045E-002 -2.571829515426739E-005
  6.591865153313142E-002 -2.882792269156425E-005
  6.583218126340655E-002 -2.539395608072984E-005
  6.577372388045190E-002 -1.630004540805997E-005
  6.577338213266579E-002 -5.435318248965143E-006
  6.582806193981687E-002  2.531512474822977E-006
  6.590400213100781E-002  4.766235624760594E-006
  6.595657145377705E-002  1.788005724448163E-006
  6.595574662439466E-002 -2.939698808673317E-006
  6.590274062108810E-002 -5.071921817956968E-006
  6.582858722679022E-002 -1.896510937644658E-006
  6.577589759412227E-002  6.131749619272246E-006
  6.577448633098829E-002  1.568402709159139E-005
  6.582478175128210E-002  2.247308357105175E-005
  6.589821543020283E-002  2.367396828277565E-005
  6.595398107613039E-002  1.947017049492643E-005
  6.596231928543148E-002  1.286991216627474E-005
  6.592102529603865E-002  7.934427165695044E-006
  6.585601138430369E-002  7.455579528064411E-006
  6.580597313250446E-002  1.140906266327184E-005
  6.580018640653755E-002  1.704110970478804E-005
  6.584213514575854E-002  2.050283730369949E-005
  6.590808644292359E-002  1.907209813014539E-005
  6.596107873202448E-002  1.269169131327897E-005
  6.597207205564126E-002  3.968482695523692E-006
  6.593615065515793E-002 -3.331521851274090E-006
  6.587473677104283E-002 -6.406953594809604E-006
  6.582288097401630E-002 -4.949023641292403E-006
  6.580914630168201E-002 -1.224372937480982E-006
  6.583961873941779E-002  1.299297850289979E-006
  6.589498605686235E-002 -2.714161010799053E-008
  6.594204186695596E-002 -5.526719565475659E-006
  6.595278939502344E-002 -1.304132030139711E-005
  6.592017709850216E-002 -1.918534090902436E-005
  6.586164721283032E-002 -2.126715600675295E-005
  6.580876397393802E-002 -1.877791406261451E-005
  6.578909553746214E-002 -1.361750616217614E-005
  6.581076408272453E-002 -8.959974855776687E-006
  6.585833660701050E-002 -7.430764431788487E-006
  6.590212292664668E-002 -9.640682551382719E-006
  6.591532132164785E-002 -1.389561328671200E-005
  6.588914099284661E-002 -1.721839629048251E-005
  6.583739731383657E-002 -1.707555949702235E-005
  6.578821991969222E-002 -1.281764196486632E-005
  6.576785290066478E-002 -6.025963441371754E-006
  6.578588387102802E-002  4.058909179226256E-007
  6.583021848868136E-002  3.909535113573476E-006
  6.587441851115966E-002  3.658156975726776E-006
  6.589297325279192E-002  9.674499250795129E-007
  6.587569170435191E-002 -1.522242935904804E-006
  6.583310170823699E-002 -1.392996771251229E-006
  6.579001135041705E-002  2.165248193784846E-006
  6.577114304198832E-002  7.910867397205056E-006
  6.578714069577768E-002  1.327907115635790E-005
  6.582884889705531E-002  1.584560635923513E-005
  6.587290755752225E-002  1.468222226868027E-005
  6.589524237699773E-002  1.083999895899268E-005
  6.588464903470397E-002  6.706528893365933E-006
  6.584879510629094E-002  4.625441176556565E-006
  6.580942316347198E-002  5.575406941607776E-006
  6.578971266702675E-002  8.654373609129640E-006
  6.580112026175490E-002  1.164251805294346E-005
  6.583714562141711E-002  1.230089660577624E-005
  6.587738785714749E-002  9.654189470598271E-006
  6.589936747266309E-002  4.531891813724564E-006
  6.589125903914539E-002 -9.217261311237349E-007
  6.585832050990922E-002 -4.468660505803092E-006
  6.581952942342856E-002 -5.022479903456055E-006
  6.579654797892767E-002 -3.213788155326286E-006
  6.580142525930048E-002 -9.724764989856438E-007
  6.583001389845200E-002 -3.862833158998918E-007
  6.586469224578616E-002 -2.498131202991469E-006
  6.588464370010211E-002 -6.723737268960107E-006
  6.587771337241161E-002 -1.120445646354922E-005
  6.584710514362210E-002 -1.387448885194515E-005
  6.580924962990621E-002 -1.362317315518158E-005
  6.578424622279687E-002 -1.089383883461379E-005
  6.578444808230619E-002 -7.394225338793022E-006
  6.580768330425484E-002 -5.102660946528178E-006
  6.583883861623868E-002 -5.147452543061389E-006
  6.585872090356519E-002 -7.195040720475323E-006
  6.585502242416666E-002 -9.680479120777765E-006
  6.582914341440767E-002 -1.073051504004850E-005
  6.579510896954309E-002 -9.241905471111845E-006
  6.577137136480307E-002 -5.502164461548736E-006
  6.577029273162262E-002 -1.012154227560917E-006
  6.579130528653016E-002  2.371718137698466E-006
  6.582153118676748E-002  3.476371191695091E-006
  6.584334162753097E-002  2.441574250405680E-006
  6.584442468822903E-002  5.940817022015066E-007
  6.582461484393201E-002 -3.452686461508646E-007
  6.579569872899835E-002  7.417457581504123E-007
  6.577446780889046E-002  3.738357043609410E-006
  6.577309875090410E-002  7.374391544802985E-006
  6.579235898750789E-002  9.960136258036820E-006
  6.582141268564820E-002  1.034337653480129E-005
  6.584418637668933E-002  8.543729413102405E-006
  6.584854805644560E-002  5.712861697600013E-006
  6.583304964178589E-002  3.458094756034762E-006
  6.580747941308576E-002  2.926018084568001E-006
  6.578705409158127E-002  4.169568558974945E-006
  6.578367753927145E-002  6.149961381014111E-006
  6.579927216967832E-002  7.357869918175209E-006
  6.582490404769543E-002  6.688326910166724E-006
  6.584606462960227E-002  4.068551004966156E-006
  6.585098536767278E-002  4.889720889191843E-007
  6.583721866888403E-002 -2.566826068391152E-006
  6.581280617905839E-002 -3.957549593693053E-006
  6.579149684507900E-002 -3.506984232897088E-006
  6.578485136637156E-002 -2.067320273725242E-006
  6.579576481841748E-002 -1.000461495065872E-006
  6.581703546065981E-002 -1.384240125624405E-006
  6.583567425644560E-002 -3.398782167534314E-006
  6.584038977845839E-002 -6.235850227116499E-006
  6.582794646776914E-002 -8.570474839535368E-006
  6.580482789106724E-002 -9.315543659456778E-006
  6.578337052011476E-002 -8.226612501072870E-006
  6.577467751797450E-002 -6.018805766608923E-006
  6.578238983721485E-002 -3.941047145488434E-006
  6.580081535415369E-002 -3.060570260233140E-006
  6.581837447974079E-002 -3.668389664927961E-006
  6.582429405524164E-002 -5.138597065138844E-006
  6.581469214867885E-002 -6.310375336516375E-006
  6.579462804474666E-002 -6.164818252662572E-006
  6.577505001013903E-002 -4.407327497829043E-006
  6.576648159382874E-002 -1.628511194821295E-006
  6.577308891230520E-002  1.038043120068292E-006
  6.579047328743187E-002  2.556742034822351E-006
  6.580835200528570E-002  2.561182094328523E-006
  6.581650085612939E-002  1.534727168993163E-006
  6.581052578857800E-002  5.074753568187508E-007
  6.579420594530222E-002  4.519202732609612E-007
  6.577716239574995E-002  1.725773200788959E-006
  6.576927692234201E-002  3.875968173115924E-006
  6.577508928746724E-002  5.906719986440264E-006
  6.579133985174677E-002  6.849887566345504E-006
  6.580897473323048E-002  6.308571335068189E-006
  6.581837901369823E-002  4.667290457254619E-006
  6.581480768290666E-002  2.857378771450375E-006
  6.580094144086400E-002  1.820154358710209E-006
  6.578518910557911E-002  1.978070020167570E-006
  6.577679304045553E-002  3.012547616964380E-006
  6.578057627073131E-002  4.067042508335535E-006
  6.579430774666271E-002  4.250742869167478E-006
  6.581011515974249E-002  3.151112381482372E-006
  6.581905522948429E-002  1.065080489326995E-006
  6.581618748681670E-002 -1.175654161489548E-006
  6.580327325315240E-002 -2.677430353811336E-006
  6.578762857986878E-002 -2.981692479058957E-006
  6.577786640299389E-002 -2.305023953286868E-006
  6.577900426349327E-002 -1.392589140739222E-006
  6.578971637186892E-002 -1.076900629506815E-006
  6.580323416725918E-002 -1.798233399861637E-006
  6.581130370694181E-002 -3.358744982712904E-006
  6.580889409629159E-002 -5.043988582643101E-006
  6.579697881014070E-002 -6.034795638011288E-006
  6.578186134357267E-002 -5.870190795865721E-006
  6.577150415044682E-002 -4.698660544218783E-006
  6.577100309282338E-002 -3.180685041495116E-006
  6.577978413643557E-002 -2.105568038789933E-006
  6.579206738091517E-002 -1.945504162140722E-006
  6.580026191294022E-002 -2.600126779533953E-006
  6.579930613787656E-002 -3.471358175603034E-006
  6.578947887659063E-002 -3.818595483502248E-006
  6.577612696790881E-002 -3.187041160889631E-006
  6.576653318516247E-002 -1.665372250059065E-006
  6.576575949896062E-002  1.691302114616429E-007
  6.577383819007884E-002  1.580110987668095E-006
  6.578586765034203E-002  2.084145931219935E-006
  6.579489269867628E-002  1.710773955003144E-006
  6.579587832180132E-002  9.672356538792340E-007
  6.578850635123061E-002  5.346496260652405E-007
  6.577724155459866E-002  8.734912106172015E-007
  6.576869218124969E-002  1.963482657963928E-006
  6.576781839897106E-002  3.321978403638997E-006
  6.577515771758190E-002  4.284281883377931E-006
  6.578661235462376E-002  4.381630380377752E-006
  6.579586056830709E-002  3.601030152403284E-006
  6.579796983502784E-002  2.382718221442285E-006
  6.579214303730817E-002  1.362551660452872E-006
  6.578206585709040E-002  1.010630623352852E-006
  6.577371388906249E-002  1.372697051158511E-006
  6.577191657138236E-002  2.058075074080029E-006
  6.577764794590207E-002  2.475277056358435E-006
  6.578755873435894E-002  2.176343845769536E-006
  6.579596331081998E-002  1.112652811669262E-006
  6.579810312511591E-002 -3.405529590957773E-007
  6.579281358664481E-002 -1.599673947457074E-006
  6.578310096081232E-002 -2.201170511440675E-006
  6.577435064504486E-002 -2.054829994776119E-006
  6.577123292023715E-002 -1.480597065332768E-006
  6.577508412446227E-002 -1.013234894849923E-006
  6.578323224718714E-002 -1.090647436091097E-006
  6.579060386758444E-002 -1.804766311051880E-006
  6.579265250360240E-002 -2.854422521355350E-006
  6.578792339160131E-002 -3.722261930692481E-006
  6.577881329917164E-002 -3.970638827736560E-006
  6.577013664154005E-002 -3.486587875355962E-006
  6.576635772824446E-002 -2.538624324773929E-006
  6.576908335045495E-002 -1.617562352551286E-006
  6.577622670190576E-002 -1.156178583918700E-006
  6.578327710811642E-002 -1.288802715832356E-006
  6.578591007935836E-002 -1.785660262065885E-006
  6.578243206408077E-002 -2.194977168664697E-006
  6.577468186694228E-002 -2.107722066619233E-006
  6.576691423118380E-002 -1.392509683009396E-006
  6.576334229886469E-002 -2.685056403033036E-007
  6.576575827849584E-002  8.213102480329038E-007
  6.577257523103298E-002  1.460521424291508E-006
  6.577979923507148E-002  1.489152143085021E-006
  6.578333868533955E-002  1.083735616543916E-006
  6.578131532818512E-002  6.458170836138798E-007
  6.577507106738711E-002  5.663097421668437E-007
  6.576833137588192E-002  1.001742940349278E-006
  6.576504017705714E-002  1.788645339523582E-006
  6.576712011341811E-002  2.541384932575648E-006
  6.577342573530720E-002  2.874068417437847E-006
  6.578045416478072E-002  2.618303438425290E-006
  6.578437180275447E-002  1.913830956354458E-006
  6.578318202077599E-002  1.123642500239523E-006
  6.577780585419010E-002  6.254788403943143E-007
  6.577148988464308E-002  6.002978205037666E-007
  6.576791406947313E-002  9.372778553624581E-007
  6.576909839770366E-002  1.306336719861466E-006
  6.577429592359840E-002  1.353290987398285E-006
  6.578047534702779E-002  9.044659732854343E-007
  6.578408438166754E-002  6.478725971069909E-008
  6.578306840532540E-002 -8.437723898207960E-007
  6.577799788962682E-002 -1.465069526179556E-006
  6.577168770869080E-002 -1.606962698846518E-006
  6.576755761187519E-002 -1.342520546428019E-006
  6.576768882756477E-002 -9.593627860160498E-007
  6.577168181492205E-002 -7.893069511396551E-007
  6.577694239339910E-002 -1.017391512698687E-006
  6.578020206835151E-002 -1.578721391123541E-006
  6.577938529898504E-002 -2.199457146528427E-006
  6.577476048346113E-002 -2.555512451351980E-006
  6.576874030905359E-002 -2.456602729678285E-006
  6.576447477478536E-002 -1.951062911007149E-006
  6.576405925864334E-002 -1.293998563550757E-006
  6.576737892980952E-002 -7.998529043785094E-007
  6.577222804221028E-002 -6.652830475767403E-007
  6.577560768439092E-002 -8.630417948721266E-007
  6.577544175443593E-002 -1.165138120767272E-006
  6.577173182646251E-002 -1.279174263864214E-006
  6.576651092458694E-002 -1.018175774006876E-006
  6.576264956430224E-002 -4.071161858224614E-007
  6.576221487040218E-002  3.326979533284677E-007
  6.576532026034766E-002  9.098714004245513E-007
  6.577010465990007E-002  1.126034320934272E-006
  6.577382736808690E-002  9.828988401810209E-007
  6.577443452562270E-002  6.741005552624734E-007
  6.577170128197890E-002  4.690997296367042E-007
  6.576731392866561E-002  5.572382352515959E-007
  6.576386978465042E-002  9.410171669778107E-007
  6.576338472680554E-002  1.437824262726086E-006
  6.576616307516103E-002  1.786703842780611E-006
  6.577066032816010E-002  1.797461725094185E-006
  6.577439383741718E-002  1.456873638821460E-006
  6.577536306974978E-002  9.329216053725517E-007
  6.577316538301616E-002  4.769397713095044E-007
  6.576918381290693E-002  2.812465281399093E-007
  6.576576192991840E-002  3.736899078936272E-007
  6.576485513424918E-002  6.078202453120738E-007
  6.576693247423539E-002  7.520184000824865E-007
  6.577074390212678E-002  6.248960923111991E-007
  6.577406485329651E-002  1.993231192252545E-007
  6.577497521019690E-002 -3.830693970118331E-007
  6.577293778223174E-002 -8.931385757897612E-007
  6.576907139043482E-002 -1.143197358912792E-006
  6.576548248074078E-002 -1.089785085954097E-006
  6.576405428422571E-002 -8.528105179311891E-007
  6.576539001994523E-002 -6.422025391481520E-007
  6.576850378135224E-002 -6.356700165054485E-007
  6.577141675776361E-002 -8.777983668215773E-007
  6.577230124699680E-002 -1.257040171817137E-006
  6.577051345156540E-002 -1.571838245382642E-006
  6.576693383936767E-002 -1.646485923173227E-006
  6.576343833913187E-002 -1.430114498215425E-006
  6.576181884089195E-002 -1.023243622511969E-006
  6.576277547205735E-002 -6.185205067134201E-007
  6.576554844919126E-002 -3.910575980530084E-007
  6.576838298882066E-002 -4.014424327989379E-007
  6.576954558677732E-002 -5.658900698886221E-007
  6.576830477583433E-002 -7.088264433523472E-007
  6.576532287506627E-002 -6.662645822105570E-007
  6.576225069162875E-002 -3.803539696986830E-007
  6.576077231468794E-002  6.817534249710103E-008
  6.576165231576024E-002  5.066505728299836E-007
  6.576432377666720E-002  7.680811200134761E-007
  6.576723770491835E-002  7.834989447168184E-007
  6.576875911050967E-002  6.169989702486968E-007
  6.576809097343199E-002  4.250145511773694E-007
  6.576570336939587E-002  3.645880280239850E-007
  6.576303655681053E-002  5.036522428436322E-007
  6.576166238593512E-002  7.839966052107890E-007
  6.576239031074986E-002  1.056665106760308E-006
  6.576482453249237E-002  1.168145787328812E-006
  6.576761234741624E-002  1.047487884269052E-006
  6.576922770868654E-002  7.450782405801013E-007
  6.576883510619712E-002  4.022360927372298E-007
  6.576674381790369E-002  1.703501914394450E-007
  6.576420519651938E-002  1.263708777568808E-007
  6.576268251552933E-002  2.324655934616965E-007
  6.576301799836558E-002  3.615990907095686E-007
  6.576497009750734E-002  3.730437534804218E-007
  6.576737410837068E-002  1.939666536312185E-007
  6.576882120327052E-002 -1.391996920188810E-007
  6.576846038815604E-002 -5.021142607926254E-007
  6.576646739204982E-002 -7.531578791800202E-007
  6.576392305635309E-002 -8.123379814042668E-007
  6.576218331655616E-002 -7.037215522042645E-007
  6.576210830068700E-002 -5.382763767712820E-007
  6.576358933786498E-002 -4.481999712584378E-007
  6.576563435991917E-002 -5.109733333273947E-007
  6.576695071303952E-002 -7.063058683930121E-007
  6.576668468428989E-002 -9.295604568785142E-007
  6.576489621224667E-002 -1.052786660849871E-006
  6.576250646518979E-002 -9.977833184866378E-007
  6.576075981669997E-002 -7.796193698596305E-007
  6.576051523644685E-002 -4.966769498794163E-007
  6.576177137509007E-002 -2.740395223342186E-007
  6.576368838899695E-002 -1.932507590997262E-007
  6.576508286563471E-002 -2.484154398546152E-007
  6.576510538943232E-002 -3.528164647214532E-007
  6.576371367114033E-002 -3.911260599541503E-007
  6.576167849133585E-002 -2.866370737276582E-007
  6.576012970368629E-002 -4.514765087220046E-008
  6.575990931397667E-002  2.488033552029775E-007
  6.576110162218030E-002  4.801751359460923E-007
  6.576300195486348E-002  5.679016976987790E-007
  6.576453172120934E-002  5.088320355031853E-007
  6.576485512717932E-002  3.767936472711799E-007
  6.576384448499209E-002  2.783457638222639E-007
  6.576213464420298E-002  2.912230910758055E-007
  6.576074516510454E-002  4.206590238815525E-007
  6.576049361785452E-002  5.978717858887993E-007
  6.576153635101863E-002  7.206149899986538E-007
  6.576329339308115E-002  7.119193615373928E-007
  6.576479123839472E-002  5.634073142679477E-007
  6.576522035058568E-002  3.390371784607434E-007
  6.576438749296883E-002  1.380397891069679E-007
  6.576280969447740E-002  3.889747258234537E-008
  6.576140491978419E-002  5.643172481998205E-008
  6.576096342937769E-002  1.359283372325836E-007
  6.576170356073291E-002  1.867522805878889E-007
  6.576316104931038E-002  1.355298280386400E-007
  6.576446686053612E-002 -3.163140177708614E-008
  6.576484770212652E-002 -2.615247194275039E-007
  6.576406130902633E-002 -4.643750669785670E-007
  6.576252198424314E-002 -5.644219162880339E-007
  6.576105246154960E-002 -5.415345156258605E-007
  6.576041076967379E-002 -4.405646656714315E-007
  6.576086454739770E-002 -3.439015237364145E-007
  6.576205225825654E-002 -3.235880707332856E-007
  6.576320318798512E-002 -4.005326677271163E-007
  6.576358372295515E-002 -5.337086059670867E-007
  6.576291253920859E-002 -6.447627029695982E-007
  6.576151074094885E-002 -6.633168485485234E-007
  6.576010808234707E-002 -5.668841996707006E-007
  6.575942255288728E-002 -3.929551130356938E-007
  6.575975602593283E-002 -2.170420187921871E-007
  6.576083408905091E-002 -1.098468119024714E-007
  6.576197500887929E-002 -9.820977768741328E-008
  6.576248485737821E-002 -1.517994884391540E-007
  6.576205035857945E-002 -2.024570858598505E-007
  6.576090749383996E-002 -1.844986020739094E-007
  6.575969567284935E-002 -7.270196101012281E-008
  6.575908702588039E-002  1.034572141451270E-007
  6.575940542904041E-002  2.768479089194240E-007
  6.576045080717237E-002  3.806840934839570E-007
  6.576162336026306E-002  3.855521910516988E-007
  6.576227071936556E-002  3.145793799893490E-007
  6.576205680797824E-002  2.286796796094033E-007
  6.576114349264078E-002  1.909034772980051E-007
  6.576008665097755E-002  2.305171277511699E-007
  6.575951190867987E-002  3.271211086389979E-007
  6.575975832645974E-002  4.233276424577361E-007
  6.576069215086347E-002  4.581827662658854E-007
  6.576179204398029E-002  4.019684646066761E-007
  6.576245148563670E-002  2.726763878394714E-007
  6.576232254745300E-002  1.252467598029427E-007
  6.576150585012390E-002  2.025725720750606E-008
  6.576048286913617E-002 -9.792933120697724E-009
  6.575983470915768E-002  2.248760889331254E-008
  6.575991112816286E-002  6.826700547320887E-008
  6.576063798182036E-002  7.166037283158542E-008
  6.576156875881496E-002  2.221154498990379E-009
  6.576214553723345E-002 -1.277026077748003E-007
  6.576201713091480E-002 -2.702296062707228E-007
  6.576123332930851E-002 -3.691774905997146E-007
  6.576020826290607E-002 -3.914367676190952E-007
  6.575947882040542E-002 -3.446743140758034E-007
  6.575939927064986E-002 -2.716827132654127E-007
  6.575994608779295E-002 -2.251074693988489E-007
  6.576074075056897E-002 -2.372855646343329E-007
  6.576127266007870E-002 -3.023536364078689E-007
  6.576119163594205E-002 -3.804572759965373E-007
  6.576050309396411E-002 -4.211771254904074E-007
  6.575955779351146E-002 -3.924911158615705E-007
  6.575884659038360E-002 -2.987726702156956E-007
  6.575872059143606E-002 -1.778937004838370E-007
  6.575919653426199E-002 -7.953300822576176E-008
  6.575995542810874E-002 -3.736203641098174E-008
  6.576053082687587E-002 -5.095047121584245E-008
  6.576057602528733E-002 -8.738076841775323E-008
  6.576005738462447E-002 -1.011961243997341E-007
  6.575926621258485E-002 -6.097779003431281E-008
  6.575864660693008E-002  3.263222956735835E-008
  6.575854073768582E-002  1.474673832321548E-007
  6.575899739862417E-002  2.382203681883961E-007
  6.575975059475010E-002  2.718924601848997E-007
  6.576037641908870E-002  2.457766569281420E-007
  6.576053553173675E-002  1.879898376747756E-007
  6.576016228557681E-002  1.406551526570768E-007
  6.575949485148708E-002  1.356358723845835E-007
  6.575893295011108E-002  1.767044797665989E-007
  6.575880752356882E-002  2.380771865075071E-007
  6.575919452799153E-002  2.797684042136433E-007
  6.575987709064149E-002  2.707020426377999E-007
  6.576047406332081E-002  2.063365241988615E-007
  6.576065856025524E-002  1.109594521479789E-007
  6.576034095150586E-002  2.369333566952633E-008
  6.575971371875866E-002 -2.352018403874001E-008
  6.575913597087475E-002 -2.334529595546355E-008
  6.575892652754448E-002  3.845010861302979E-009
  6.575918458018064E-002  2.260415765677930E-008
  6.575973864936535E-002  3.275179380101523E-009
  6.576024976686232E-002 -6.090740582376579E-008
  6.576040706553350E-002 -1.500678557609445E-007
  6.576010314149094E-002 -2.291178855484501E-007
  6.575949053905512E-002 -2.675695739903334E-007
  6.575889012551310E-002 -2.563531142684667E-007
  6.575860648323945E-002 -2.122097527873664E-007
  6.575875673948998E-002 -1.674645250161108E-007
  6.575920924378570E-002 -1.512937809993124E-007
  6.575966423771737E-002 -1.732681566219240E-007
  6.575982769056390E-002 -2.184188758852841E-007
  6.575957793349457E-002 -2.563513090015229E-007
  6.575903107372215E-002 -2.589324839291989E-007
  6.575847050628440E-002 -2.163570329561332E-007
  6.575818343059230E-002 -1.425428975359655E-007
  6.575829885992397E-002 -6.704244587860529E-008
  6.575871862541227E-002 -1.833780238422546E-008
  6.575917824801318E-002 -8.146554392208379E-009
  6.575940032604750E-002 -2.557381584431231E-008
  6.575925165370301E-002 -4.418154527928140E-008
  6.575881519541196E-002 -3.767686988335700E-008
  6.575833817779235E-002  4.851420993186199E-009
  6.575808845100592E-002  7.275717448197123E-008
  6.575820238201134E-002  1.400144930403265E-007
  6.575861043861356E-002  1.799847032217565E-007
  6.575908076346786E-002  1.802392129615061E-007
  6.575935344487387E-002  1.490656392726367E-007
  6.575928755764536E-002  1.101730436571039E-007
  6.575893760132788E-002  8.885851304538677E-008
  6.575851775572297E-002  9.764715718827949E-008
  6.575827671422560E-002  1.295320041482728E-007
  6.575835587184416E-002  1.624597460992127E-007
  6.575871139744850E-002  1.722690479537220E-007
  6.575914278784137E-002  1.465735638144090E-007
  6.575940935836951E-002  9.171715693243791E-008
  6.575936685080022E-002  2.902156378257430E-008
  6.575904650966370E-002 -1.731710275296734E-008
  6.575863325190941E-002 -3.366112748074410E-008
  6.575835756141882E-002 -2.407981410021744E-008
  6.575836416061029E-002 -7.324811023680406E-009
  6.575863220100581E-002 -5.580464629905345E-009
  6.575899090163607E-002 -3.154123315727753E-008
  6.575921962649686E-002 -8.116442229870980E-008
  6.575917392347079E-002 -1.360717226200809E-007
  6.575886570255789E-002 -1.740291891772388E-007
  6.575845327720342E-002 -1.814047147586783E-007
  6.575814893413016E-002 -1.605221056818812E-007
  6.575809812785707E-002 -1.278747156650144E-007
  6.575829920266858E-002 -1.044176500592540E-007
  6.575860807775652E-002 -1.036052392887660E-007
  6.575882330873196E-002 -1.239847245668368E-007
  6.575880162134554E-002 -1.504264024589830E-007
  6.575853792640582E-002 -1.630961240216396E-007
  6.575816539595131E-002 -1.489201326351905E-007
  6.575787736474921E-002 -1.090022640080867E-007
  6.575781696008899E-002 -5.788878762303922E-008
  6.575799755932141E-002 -1.527579244150463E-008
  6.575829832216075E-002  4.989201428725870E-009
  6.575853561556719E-002  2.341202505097512E-009
  6.575856824364099E-002 -1.074610538999498E-008
  6.575837624815883E-002 -1.636331044890210E-008
  6.575806935016126E-002 -1.657447027063258E-009
  6.575782186296322E-002  3.378727375329186E-008
  6.575777253251952E-002  7.778578978796440E-008
  6.575794670910937E-002  1.125389639612270E-007
  6.575824433184135E-002  1.246642440060789E-007
  6.575849902882262E-002  1.125359272416645E-007
  6.575857332731391E-002  8.685037575068647E-008
  6.575843535723401E-002  6.425193520025370E-008
  6.575817413037002E-002  5.777955981887853E-008
  6.575794616413899E-002  6.960455049644937E-008
  6.575788518090001E-002  9.011004833792982E-008
  6.575802675916263E-002  1.036863451456889E-007
  6.575829018461495E-002  9.781158257601138E-008
  6.575852646418834E-002  7.020792509773988E-008
  6.575860387235019E-002  3.006851882608617E-008
  6.575848183817694E-002 -7.208304162090051E-009
  6.575823168665636E-002 -2.865944830938234E-008
  6.575799372198016E-002 -3.081785427523721E-008
  6.575789635194533E-002 -2.124462517987598E-008
  6.575798381870623E-002 -1.379740436983490E-008
  6.575819317893335E-002 -2.045623756182931E-008
  6.575839242103396E-002 -4.440924528235934E-008
  6.575845678696426E-002 -7.828128455702091E-008
  6.575833929621440E-002 -1.083936406345713E-007
  6.575809574437941E-002 -1.225137334107237E-007
  6.575785107710973E-002 -1.166385789932710E-007
  6.575772746666367E-002 -9.700230031274468E-008
  6.575777559879337E-002 -7.628276545749605E-008
  6.575794792097740E-002 -6.628313747688163E-008
  6.575812801036902E-002 -7.130374597145133E-008
  6.575819818459820E-002 -8.593307242127900E-008
  6.575810627323857E-002 -9.840393421999979E-008
  6.575789382988810E-002 -9.748933364677032E-008
  6.575767071232251E-002 -7.895761964264112E-008
  6.575755160937240E-002 -4.794562962382723E-008
  6.575759124484697E-002 -1.599762775725391E-008
  6.575775490344112E-002  5.439568919428688E-009
  6.575794013147862E-002  1.131309370555782E-008
  6.575803618660996E-002  5.503020142782074E-009
  6.575798678379688E-002 -1.741358312145915E-009
  6.575782060532323E-002  1.007926689113766E-010
  6.575763306735127E-002  1.572012283038113E-008
  6.575753075693487E-002  4.132301053848816E-008
  6.575757079048257E-002  6.684971679302411E-008
  6.575772948287374E-002  8.170321407043134E-008
  6.575791737203747E-002  8.067358610001375E-008
  6.575803106085339E-002  6.670704905931487E-008
  6.575801174900858E-002  4.902723389063962E-008
  6.575787723112674E-002  3.777611163365324E-008
  6.575770988656686E-002  3.828162938522799E-008
  6.575760845270734E-002  4.819897271375382E-008
  6.575763166270972E-002  5.907420477776301E-008
  6.575776578805370E-002  6.134422994724321E-008
  6.575793388901624E-002  4.986704426620980E-008
  6.575804060161967E-002  2.684214639704699E-008
  6.575802634695159E-002  5.268336201737634E-010
  6.575790011640723E-002 -1.943408040082715E-008
  6.575773279318531E-002 -2.735243528329689E-008
  6.575761568069594E-002 -2.448286751062258E-008
  6.575760846366532E-002 -1.802035895808895E-008
  6.575770624851708E-002 -1.676954610653298E-008
  6.575784387374485E-002 -2.601180069405638E-008
  6.575793420556994E-002 -4.449180670046326E-008
  6.575791800273101E-002 -6.518088766102194E-008
  6.575779690494224E-002 -7.930197553287054E-008
  6.575763128210577E-002 -8.126914293645796E-008
  6.575750495339032E-002 -7.173061511160694E-008
  6.575747746175396E-002 -5.703929531091492E-008
  6.575755115233294E-002 -4.553128523061743E-008
  6.575767131863465E-002 -4.278760307747176E-008
  6.575775857889390E-002 -4.857902677519069E-008
  6.575775445052476E-002 -5.718105518523561E-008
  6.575765406464347E-002 -6.080275880625226E-008
  6.575750782204717E-002 -5.411906869466438E-008
  6.575739175737882E-002 -3.731786998057536E-008
  6.575736406754747E-002 -1.597114431666852E-008
  6.575743268353013E-002  2.127589181614577E-009
  6.575755195963484E-002  1.130623900236059E-008
  6.575764968981647E-002  1.105927897463825E-008
  6.575766849549113E-002  6.106477092614094E-009
  6.575759787061827E-002  3.502507221034634E-009
  6.575747898858003E-002  8.500272668355725E-009
  6.575738017500121E-002  2.153614633136980E-008
  6.575735757584708E-002  3.801726278799415E-008
  6.575742358697068E-002  5.096905626626014E-008
  6.575754071302466E-002  5.498320651590212E-008
  6.575764375211982E-002  4.920631096087655E-008
  6.575767712964817E-002  3.770259797739460E-008
  6.575762594293386E-002  2.704538686184629E-008
  6.575752331928417E-002  2.256096967172794E-008
  6.575743047060882E-002  2.537742668252070E-008
  6.575740133924990E-002  3.192679344970182E-008
  6.575745216695830E-002  3.612483470786710E-008
  6.575755307470951E-002  3.293415260927159E-008
  6.575764591395113E-002  2.126375769174602E-008
  6.575767770633088E-002  4.579489085097429E-009
  6.575763042182903E-002 -1.106991288534231E-008
  6.575753035109816E-002 -2.043918206773331E-008
  6.575743223912450E-002 -2.194186222169039E-008
  6.575738771925972E-002 -1.837529244980895E-008
  6.575741624161213E-002 -1.515604511198514E-008
  6.575749486657397E-002 -1.712151792462989E-008
  6.575757226117475E-002 -2.573951052015639E-008
  6.575759843707019E-002 -3.829499737238587E-008
  6.575755306501838E-002 -4.947005256155483E-008
  6.575745639468081E-002 -5.437072430818477E-008
  6.575735700102553E-002 -5.125813341964512E-008
  6.575730380531360E-002 -4.244747422543067E-008
  6.575731853614666E-002 -3.290851395401250E-008
  6.575738418036246E-002 -2.741038103731839E-008
  6.575745558453325E-002 -2.785662833683041E-008
  6.575748571051182E-002 -3.231135777154708E-008
  6.575745234990107E-002 -3.622720396522682E-008
  6.575737018828681E-002 -3.512984994765321E-008
  6.575728173253681E-002 -2.720739014600276E-008
  6.575723270691762E-002 -1.434173165258343E-008
  6.575724617379843E-002 -1.032774515806282E-009
  6.575731003218947E-002  8.130652492996287E-009
  6.575738465504051E-002  1.099274166623438E-008
  6.575742589239500E-002  8.922331376699159E-009
  6.575741009277826E-002  5.891524836809961E-009
  6.575734695810821E-002  6.109296645706207E-009
  6.575727324530545E-002  1.158160926352904E-008
  6.575723131054699E-002  2.097975179604525E-008
  6.575724496726647E-002  3.042772925974626E-008
  6.575730636404062E-002  3.572094584221165E-008
  6.575738104988463E-002  3.469040703030970E-008
  6.575742795380907E-002  2.837336198601861E-008
  6.575742265156152E-002  2.035594009898156E-008
  6.575737069883530E-002  1.470050950439573E-008
  6.575730372394138E-002  1.366066037369477E-008
  6.575726088159727E-002  1.647919491397974E-008
  6.575726648284182E-002  1.992287028361377E-008
  6.575731653116190E-002  2.021115661547698E-008
  6.575738157252364E-002  1.521612631072325E-008
  6.575742387926586E-002  5.682748945317119E-009
  6.575741893220204E-002 -5.199231225952225E-009
  6.575736896387473E-002 -1.359396379658603E-008
  6.575730108981227E-002 -1.714262528584253E-008
  6.575725143353420E-002 -1.620528815205605E-008
  6.575724453392466E-002 -1.354111970112670E-008
  6.575727977836075E-002 -1.264437805534618E-008
  6.575733236769947E-002 -1.570823542723867E-008
  6.575736793640970E-002 -2.237655007998689E-008
  6.575736225415582E-002 -2.997190116724587E-008
  6.575731475808824E-002 -3.503811142491443E-008
  6.575724840681621E-002 -3.529610949449594E-008
  6.575719624728898E-002 -3.089865027374364E-008
  6.575718258563085E-002 -2.429073639711957E-008
  6.575720952321359E-002 -1.878605828646751E-008
  6.575725634301489E-002 -1.669266411488033E-008
  6.575729179960681E-002 -1.805669968589159E-008
  6.575729207305241E-002 -2.071933712569635E-008
  6.575725411081973E-002 -2.162398036253766E-008
  6.575719692167206E-002 -1.860559999732547E-008
  6.575715036309691E-002 -1.163895103400913E-008
  6.575713804209120E-002 -2.851400379229545E-009
  6.575716412570694E-002  4.680036611093711E-009
  6.575721142612816E-002  8.641237776677481E-009
  6.575725158668029E-002  8.724921407517752E-009
  6.575726133824393E-002  6.714789563142366E-009
  6.575723550223810E-002  5.389686781120244E-009
  6.575718946683068E-002  6.894763548410959E-009
  6.575714997721420E-002  1.151301249340891E-008
  6.575713971115520E-002  1.752294858454427E-008
  6.575716449893974E-002  2.219868105636758E-008
  6.575721035135509E-002  2.336160135190058E-008
  6.575725175404991E-002  2.059442864384390E-008
  6.575726628670443E-002  1.543917869259627E-008
  6.575724716338092E-002  1.049005482397438E-008
  6.575720665595879E-002  7.918614470804698E-009
  6.575716867437942E-002  8.277045489398167E-009
  6.575715494413104E-002  1.024888729945088E-008
  6.575717273869196E-002  1.146580746462164E-008
  6.575721106502601E-002  9.903814890259243E-009
  6.575724726643775E-002  5.055820460011053E-009
  6.575726007528433E-002 -1.777967735171980E-009
  6.575724159301992E-002 -8.226871964044939E-009
  6.575720145183635E-002 -1.217505565532307E-008
  6.575716098341965E-002 -1.291395019135871E-008
  6.575714091662825E-002 -1.147536674400645E-008
  6.575714970262379E-002 -9.976477314482031E-009
  6.575717905003875E-002 -1.037000173233618E-008
  6.575720902865272E-002 -1.332002771858197E-008
  6.575721963908315E-002 -1.783641513488082E-008
  6.575720216232581E-002 -2.185754392116728E-008
  6.575716387915485E-002 -2.343079482777001E-008
  6.575712364169736E-002 -2.181018581340253E-008
  6.575710100622548E-002 -1.785271979181772E-008
  6.575710521336886E-002 -1.350521775990772E-008
  6.575713024549444E-002 -1.069199221776755E-008
  6.575715861533939E-002 -1.024514263731031E-008
  6.575717154567710E-002 -1.148048723332737E-008
  6.575715964140692E-002 -1.264350124832671E-008
  6.575712801126973E-002 -1.195281042176250E-008
  6.575709307036441E-002 -8.637234766087307E-009
  6.575707301898094E-002 -3.379704670666040E-009
  6.575707752173757E-002  2.070136300907990E-009
  6.575710243767344E-002  5.877628962746754E-009
  6.575713246490331E-002  7.131596291833427E-009
  6.575715002594576E-002  6.309842446253827E-009
  6.575714523130168E-002  4.951589823442195E-009
  6.575712126688536E-002  4.740563966504737E-009
  6.575709226547238E-002  6.530772506142788E-009
  6.575707503657437E-002  9.867228998713392E-009
  6.575707946870621E-002  1.326152724226436E-008
  6.575710305899547E-002  1.504958402407632E-008
  6.575713256881389E-002  1.433368601204290E-008
  6.575715170899554E-002  1.147452688789827E-008
  6.575715037567063E-002  7.865249898960331E-009
  6.575713018312793E-002  5.131240158203365E-009
  6.575710325194932E-002  4.220568545800649E-009
  6.575708509118230E-002  4.901143020986851E-009
  6.575708573170201E-002  5.938997839596165E-009
  6.575710416166526E-002  5.840941116563899E-009
  6.575712913406848E-002  3.728462131835056E-009
  6.575714574560207E-002 -1.545713792068496E-010
  6.575714393805583E-002 -4.579660887119649E-009
  6.575712407432616E-002 -8.025009244858607E-009
  6.575709650420858E-002 -9.517802598059384E-009
  6.575707550153044E-002 -9.148610240116750E-009
  6.575707112622309E-002 -7.975185535432599E-009
  6.575708365677198E-002 -7.384368769042617E-009
  6.575710368034494E-002 -8.285396860100548E-009
  6.575711766048747E-002 -1.059464331785798E-008
  6.575711571085990E-002 -1.329658760864738E-008
  6.575709713107965E-002 -1.503361984063671E-008
  6.575707062629049E-002 -1.487941781402553E-008
  6.575704920628521E-002 -1.285464355953539E-008
  6.575704276678193E-002 -9.899257626516005E-009
  6.575705259716384E-002 -7.329227977509171E-009
  6.575707087400412E-002 -6.096078943495634E-009
  6.575708531276925E-002 -6.271844222480913E-009
  6.575708623131038E-002 -7.044954485165870E-009
  6.575707197827972E-002 -7.217323515000989E-009
  6.575704969561375E-002 -5.909849605336937E-009
  6.575703108994516E-002 -3.072398795455826E-009
  6.575702571583115E-002  4.860082826014060E-010
  6.575703562307578E-002  3.553484365049754E-009
  6.575705436219369E-002  5.189634611969610E-009
  6.575707081133444E-002  5.232414192529116E-009
  6.575707555288661E-002  4.355285053216652E-009
  6.575706613879340E-002  3.652961929410273E-009
  6.575704829482297E-002  4.000872706831691E-009
  6.575703247603415E-002  5.555703197717503E-009
  6.575702782617700E-002  7.676255999340622E-009
  6.575703701425700E-002  9.299914574006835E-009
  6.575705484693667E-002  9.551659861132501E-009
  6.575707135584075E-002  8.236159684136512E-009
  6.575707751410416E-002  5.937392586048099E-009
  6.575707029255524E-002  3.678244597086211E-009
  6.575705421375946E-002  2.342201190376109E-009
  6.575703860572717E-002  2.189056356746072E-009
  6.575703220532141E-002  2.735847810244039E-009
  6.575703822157221E-002  3.061638282696894E-009
  6.575705263848801E-002  2.353883565550243E-009
  6.575706664305765E-002  3.817257427818791E-010
  6.575707171272778E-002 -2.370015314635027E-009
  6.575706442692458E-002 -4.974585013526253E-009
  6.575704828970337E-002 -6.581218663028709E-009
  6.575703160118117E-002 -6.879393084847200E-009
  6.575702267006883E-002 -6.248611820398600E-009
  6.575702513278281E-002 -5.516521118057807E-009
  6.575703602152980E-002 -5.471197413032020E-009
  6.575704761022327E-002 -6.409004032203821E-009
  6.575705190878947E-002 -7.972867241625678E-009
  6.575704520540351E-002 -9.365855190751020E-009
  6.575703008815328E-002 -9.810866186735871E-009
  6.575701386036660E-002 -8.991026827358522E-009
  6.575700432650088E-002 -7.222271342935807E-009
  6.575700538927198E-002 -5.266511532078699E-009
  6.575701494999055E-002 -3.898945002110798E-009
  6.575702624596430E-002 -3.479367308436881E-009
  6.575703179080460E-002 -3.769380177995562E-009
  6.575702763154555E-002 -4.092906319527142E-009
  6.575701550943217E-002 -3.741180824809296E-009
  6.575700175077025E-002 -2.387464286714438E-009
  6.575699358884558E-002 -2.765559019428897E-010
  6.575699505381628E-002  1.913212119385553E-009
  6.575700476317707E-002  3.450395955094530E-009
  6.575701681845593E-002  3.953094587189904E-009
  6.575702423111229E-002  3.586062650241329E-009
  6.575702288447818E-002  2.945800139752268E-009
  6.575701378096377E-002  2.705844663090373E-009
  6.575700234391973E-002  3.228321238032758E-009
  6.575699523597488E-002  4.362147435045091E-009
  6.575699654867487E-002  5.537757645327359E-009
  6.575700553142028E-002  6.098100044319009E-009
  6.575701710858793E-002  5.673459026021790E-009
  6.575702482970211E-002  4.387213178122199E-009
  6.575702453061115E-002  2.779970167545278E-009
  6.575701662089541E-002  1.501185232235822E-009
  6.575700573636840E-002  9.476183927748189E-010
  6.575699801314458E-002  1.053926032926023E-009
  6.575699757795520E-002  1.350024685840489E-009
  6.575700425603152E-002  1.246488698306186E-009
  6.575701376430398E-002  3.812483616016345E-010
  6.575702022432825E-002 -1.170003592790184E-009
  6.575701952213964E-002 -2.935777755021303E-009
  6.575701159701118E-002 -4.313940998520168E-009
  6.575700038988143E-002 -4.905390634288448E-009
  6.575699153354199E-002 -4.726350702824211E-009
  6.575698914092803E-002 -4.182268185736467E-009
  6.575699352669213E-002 -3.823635542018782E-009
  6.575700112812669E-002 -4.026806085615582E-009
  6.575700661984729E-002 -4.781970085814659E-009
  6.575700597703850E-002 -5.705725747239837E-009
  6.575699873428970E-002 -6.266051288630200E-009
  6.575698818144174E-002 -6.087691331671410E-009
  6.575697943228141E-002 -5.163487518362550E-009
  6.575697650548100E-002 -3.854262557742718E-009
  6.575698008953004E-002 -2.681992430947755E-009
  6.575698723894544E-002 -2.037682284409974E-009
  6.575699312937165E-002 -1.970783053431567E-009
  6.575699383282187E-002 -2.177099269882448E-009
  6.575698852144926E-002 -2.187299666374340E-009
  6.575697986737464E-002 -1.644723578540613E-009
  6.575697245356647E-002 -5.132399553002217E-010
  6.575697013900222E-002  9.009360798031956E-010
  6.575697389091963E-002  2.121783178633080E-009
  6.575698129870035E-002  2.768648168356148E-009
  6.575698800607491E-002  2.762274879540002E-009
  6.575699020892940E-002  2.356755415687309E-009
  6.575698678320020E-002  1.983429343288535E-009
  6.575697984900690E-002  1.999315399044693E-009
  6.575697348800408E-002  2.484477512781721E-009
  6.575697138101175E-002  3.201762673198313E-009
  6.575697472573479E-002  3.737982074162298E-009
  6.575698160521691E-002  3.742606364408642E-009
  6.575698813125017E-002  3.126815245028430E-009
  6.575699067652904E-002  2.111232417944510E-009
  6.575698790963201E-002  1.098696942562501E-009
  6.575698148751126E-002  4.478114260099287E-010
  6.575697504480699E-002  2.773413891193127E-010
  6.575697208994566E-002  4.111378463701928E-010
  6.575697402188373E-002  4.913431176127194E-010
  6.575697938557473E-002  1.919048382042643E-010
  6.575698475878901E-002 -5.907200130638545E-010
  6.575698673205845E-002 -1.677099800400798E-009
  6.575698383796312E-002 -2.705983512178134E-009
  6.575697734054091E-002 -3.336399872568996E-009
  6.575697046446308E-002 -3.434341183450415E-009
  6.575696653484502E-002 -3.139007512638741E-009
  6.575696710346056E-002 -2.774012767456471E-009
  6.575697112036342E-002 -2.657330716722973E-009
  6.575697559508543E-002 -2.919736555649854E-009
  6.575697733970619E-002 -3.434180876607024E-009
  6.575697478396504E-002 -3.893491290436980E-009
  6.575696883480901E-002 -3.989100473662210E-009
  6.575696231611608E-002 -3.587457854714218E-009
  6.575695833725333E-002 -2.804415135741674E-009
  6.575695853656083E-002 -1.937776484028407E-009
  6.575696219507367E-002 -1.299243344879246E-009
  6.575696670143610E-002 -1.042886691658013E-009
  6.575696907449267E-002 -1.087024621853906E-009
  6.575696765902929E-002 -1.171390775988976E-009
  6.575696303240582E-002 -1.014069132289613E-009
  6.575695762764136E-002 -4.770973698344883E-010
  6.575695431512335E-002  3.531856761666262E-010
  6.575695476814052E-002  1.214654305220916E-009
  6.575695854089361E-002  1.816556296498454E-009
  6.575696336394636E-002  2.000030753470324E-009
  6.575696646264177E-002  1.821067978833990E-009
  6.575696613035280E-002  1.510871953538555E-009
  6.575696266188273E-002  1.338871390185387E-009
  6.575695813424583E-002  1.458046206524211E-009
  6.575695518507030E-002  1.820400463011821E-009
  6.575695550191284E-002  2.208756615017537E-009
  6.575695888294114E-002  2.364242353311668E-009
  6.575696338700596E-002  2.135212906139254E-009
  6.575696646371944E-002  1.562906483194873E-009
  6.575696640280927E-002  8.567903749013134E-010
  6.575696327657587E-002  2.759466754343742E-010
  6.575695885447287E-002 -1.443805007544728E-011
  6.575695556150567E-002 -2.992286559823250E-011
  6.575695509084056E-002  5.067632908388126E-011
  6.575695746254046E-002 -5.255918616207111E-012
  6.575696105022177E-002 -3.467712285476622E-010
  6.575696353856585E-002 -9.524629468566745E-010
  6.575696324939673E-002 -1.642109825792703E-009
  6.575696007850003E-002 -2.178142020710892E-009
  6.575695552252118E-002 -2.397641097307565E-009
  6.575695180129444E-002 -2.299664339937676E-009
  6.575695059200266E-002 -2.039624107205015E-009
  6.575695209918871E-002 -1.836058191593747E-009
  6.575695497839634E-002 -1.844498572464735E-009
  6.575695713705849E-002 -2.070480201650948E-009
  6.575695693996916E-002 -2.369959843651019E-009
  6.575695412877558E-002 -2.534905982515261E-009
  6.575694994222678E-002 -2.413724306269433E-009
  6.575694638724229E-002 -1.997625883014835E-009
  6.575694509189617E-002 -1.424842424902351E-009
  6.575694639790258E-002 -9.021001771612812E-010
  6.575694919992957E-002 -5.895258252075490E-010
  6.575695160552367E-002 -5.147676804835948E-010
  6.575695202403493E-002 -5.641067364505619E-010
  6.575695005941147E-002 -5.537369100952303E-010
  6.575694670678539E-002 -3.390169452391223E-010
  6.575694375758610E-002  1.010011760935565E-010
  6.575694276737219E-002  6.510625459208095E-010
  6.575694417966302E-002  1.124734008494472E-009
  6.575694709743844E-002  1.368529360261546E-009
  6.575694981681841E-002  1.345467376765475E-009
  6.575695080412773E-002  1.151361171639908E-009
  6.575694955423617E-002  9.561997685397599E-010
  6.575694684792785E-002  9.054742598894558E-010
  6.575694427662487E-002  1.038131789128142E-009
  6.575694331980877E-002  1.267143131462819E-009
  6.575694450677795E-002  1.432228311360183E-009
  6.575694713464181E-002  1.393277943851571E-009
  6.575694968939108E-002  1.110712703549386E-009
  6.575695071622024E-002  6.676154498764164E-010
  6.575694963715059E-002  2.223917256471299E-010
  6.575694705516698E-002 -7.977802578205667E-011
  6.575694438470760E-002 -1.857912467643722E-010
  6.575694303265320E-002 -1.595161866568029E-010
  6.575694360287419E-002 -1.399603116253975E-010
  6.575694557332180E-002 -2.579462956897702E-010
  6.575694761739530E-002 -5.594004901297111E-010
  6.575694837331240E-002 -9.785255976758226E-010
  6.575694721647907E-002 -1.374951142643648E-009
  6.575694459825127E-002 -1.612473009422555E-009
  6.575694176942229E-002 -1.633991181488857E-009
  6.575694005858466E-002 -1.490424124854666E-009
  6.575694012319153E-002 -1.308335468360302E-009
  6.575694159707714E-002 -1.215978969569615E-009
  6.575694332452635E-002 -1.270507443661650E-009
  6.575694403520008E-002 -1.427452195498721E-009
  6.575694306839970E-002 -1.568747392563266E-009
  6.575694073616752E-002 -1.572109621542344E-009
  6.575693812814680E-002 -1.381593364164552E-009
  6.575693648107887E-002 -1.039382615465902E-009
  6.575693647906423E-002 -6.616846503516195E-010
  6.575693788153922E-002 -3.735637256671610E-010
  6.575693968172185E-002 -2.404149612855384E-010
  6.575694069391472E-002 -2.348182916680603E-010
  6.575694022802130E-002 -2.566375280924715E-010
  6.575693846811788E-002 -1.937347899340653E-010
  6.575693634788073E-002  1.199318178027590E-011
  6.575693500471963E-002  3.307531002938573E-010
  6.575693513070179E-002  6.616254588947719E-010
  6.575693658946276E-002  8.893871043063584E-010
  6.575693850961413E-002  9.484052684921478E-010
  6.575693979111000E-002  8.573674208512496E-010
  6.575693972911383E-002  7.059067167333411E-010
  6.575693840021961E-002  6.017887971165917E-010
  6.575693659824428E-002  6.094070541593534E-010
  6.575693536618357E-002  7.145383423642870E-010
  6.575693539807746E-002  8.346683239446599E-010
  6.575693665182658E-002  8.679971295854914E-010
  6.575693838704019E-002  7.525261752567873E-010
  6.575693959693590E-002  5.015724661013878E-010
  6.575693958132242E-002  1.961365598593902E-010
  6.575693833370332E-002 -6.062740447983350E-011
  6.575693652799620E-002 -2.002970279253370E-010
  6.575693512148521E-002 -2.250677992759546E-010
  6.575693480710733E-002 -2.028878075702549E-010
  6.575693562801237E-002 -2.255664500441172E-010
  6.575693696851613E-002 -3.544200733088066E-010
  6.575693791798803E-002 -5.845001488289389E-010
  6.575693779353356E-002 -8.472394503467142E-010
  6.575693652244832E-002 -1.049185963688577E-009
  6.575693467144827E-002 -1.124147918957195E-009
  6.575693311412306E-002 -1.069003092180939E-009
  6.575693253269434E-002 -9.433256766016398E-010
  6.575693303934167E-002 -8.338750174451619E-010
  6.575693412831046E-002 -8.048163695990138E-010
  6.575693497829066E-002 -8.621259183747846E-010
  6.575693492617184E-002 -9.519633798557112E-010
  6.575693384049815E-002 -9.931441251932919E-010
  6.575693218580177E-002 -9.245637540475495E-010
  6.575693074843071E-002 -7.404073060208625E-010
  6.575693018645414E-002 -4.934909821130441E-010
  6.575693066196196E-002 -2.655355073155407E-010
  6.575693176165529E-002 -1.218821723648787E-010
  6.575693274404067E-002 -7.655496270268332E-011
  6.575693296611274E-002 -8.713653582864659E-011
  6.575693224432694E-002 -8.163595293556245E-011
  6.575693094737582E-002 -1.398863380275219E-012
  6.575692977444934E-002  1.645903605832143E-010
  6.575692935145722E-002  3.732376919743096E-010
  6.575692987756183E-002  5.517544648212958E-010
  6.575693102066919E-002  6.384852005911728E-010
  6.575693211532942E-002  6.167234567029712E-010
  6.575693254439234E-002  5.225797685458509E-010
  6.575693208461804E-002  4.230537479874623E-010
  6.575693102180337E-002  3.773817485077344E-010
  6.575692997565095E-002  4.038800605704255E-010
  6.575692953999074E-002  4.708879500817488E-010
  6.575692994591069E-002  5.163677953072248E-010
  6.575693093768933E-002  4.844167251716018E-010
  6.575693192684914E-002  3.576497183783698E-010
  6.575693233099027E-002  1.672212700812993E-010
  6.575693190175551E-002 -2.469939626410941E-011
  6.575693085685534E-002 -1.595020861260019E-010
  6.575692974600529E-002 -2.138659232710891E-010
  6.575692913258357E-002 -2.108129077516608E-010
  6.575692927509037E-002 -2.043405652259201E-010
  6.575692998841545E-002 -2.469498838184300E-010
  6.575693075921393E-002 -3.588371834505216E-010
  6.575693104439663E-002 -5.161493840507376E-010
  6.575693057986727E-002 -6.645310770193886E-010
  6.575692952476921E-002 -7.497535908880992E-010
  6.575692836342382E-002 -7.477452814873271E-010
  6.575692762583916E-002 -6.770777275292153E-010
  6.575692758881170E-002 -5.872569758108096E-010
  6.575692812693081E-002 -5.299880907617646E-010
  6.575692879423987E-002 -5.300359395750868E-010
  6.575692908512761E-002 -5.721512152111712E-010
  6.575692872290818E-002 -6.110737936260159E-010
  6.575692781234584E-002 -5.984210636959065E-010
  6.575692677298857E-002 -5.108640181574655E-010
  6.575692609593613E-002 -3.636176295176382E-010
  6.575692606548453E-002 -2.019313059601825E-010
  6.575692660373184E-002 -7.586229468718719E-011
  6.575692732315905E-002 -1.294090189010429E-011
  6.575692775274604E-002 -4.195635008459856E-012
  6.575692760590311E-002 -1.110577059642850E-011
  6.575692693786535E-002  1.094862595075311E-011
  6.575692610612785E-002  8.638974585789131E-011
  6.575692556077195E-002  2.052453940218548E-010
  6.575692558705809E-002  3.288198866566296E-010
  6.575692614686081E-002  4.115926596767723E-010
  6.575692690633876E-002  4.266136902851483E-010
  6.575692743000661E-002  3.799739896940544E-010
  6.575692742779091E-002  3.064271230082956E-010
  6.575692691428664E-002  2.490654389117471E-010
  6.575692619224369E-002  2.348960198397060E-010
  6.575692567363954E-002  2.602057179147442E-010
  6.575692564317126E-002  2.937539409937266E-010
  6.575692609915645E-002  2.955714211758260E-010
  6.575692676001914E-002  2.403718027796188E-010
  6.575692722895637E-002  1.322233767060968E-010
  6.575692722015475E-002  2.368697127114964E-012
  6.575692671733298E-002 -1.082139803148737E-010
  6.575692597656020E-002 -1.713276740818910E-010
  6.575692537529525E-002 -1.863340219932714E-010
  6.575692519644709E-002 -1.790373190674605E-010
  6.575692547095460E-002 -1.856874543526406E-010
  6.575692596650595E-002 -2.314991999583941E-010
  6.575692632543828E-002 -3.159688272428851E-010
  6.575692627048160E-002 -4.131469738870149E-010
  6.575692576051596E-002 -4.863866972642572E-010
  6.575692500943116E-002 -5.089137574239555E-010
  6.575692436051397E-002 -4.784694227360394E-010
  6.575692409060152E-002 -4.178896188678412E-010
  6.575692425624340E-002 -3.616132660234052E-010
  6.575692466782750E-002 -3.360615766127339E-010
  6.575692500335899E-002 -3.451102216108707E-010
  6.575692499439836E-002 -3.687407155121509E-010
  6.575692457742151E-002 -3.753234583728564E-010
  6.575692392583121E-002 -3.402689505093702E-010
  6.575692334722349E-002 -2.603480732724898E-010
  6.575692310701173E-002 -1.556712329632605E-010
  6.575692327974358E-002 -5.847128142827376E-011
  6.575692371149966E-002  4.688740291379420E-012
  6.575692411209842E-002  2.709677472462214E-011
  6.575692422205628E-002  2.454715633288839E-011
  6.575692395825988E-002  2.524802674539187E-011
  6.575692345652188E-002  5.298933867586565E-011
  6.575692298932631E-002  1.132503835803763E-010
  6.575692280809621E-002  1.900432996192200E-010
  6.575692300085267E-002  2.550427296448350E-010
  6.575692344537448E-002  2.835712427829618E-010
  6.575692388218148E-002  2.682568640199697E-010
  6.575692406339871E-002  2.227004996744221E-010
  6.575692389167595E-002  1.733081237366675E-010
  6.575692347090464E-002  1.441702926096832E-010
  6.575692304209607E-002  1.436872315824433E-010
  6.575692284328417E-002  1.604517173173507E-010
  6.575692297436739E-002  1.704975744134425E-010
  6.575692334317296E-002  1.515490982235851E-010
  6.575692372139232E-002  9.604807374526777E-011
  6.575692387629332E-002  1.561146678918062E-011
  6.575692370206343E-002 -6.541851392851602E-011
  6.575692327657255E-002 -1.234534967117118E-010
  6.575692281317280E-002 -1.484047507113797E-010
  6.575692253715498E-002 -1.485234065346219E-010
  6.575692255838352E-002 -1.447928157246547E-010
  6.575692281216478E-002 -1.582917732258347E-010
  6.575692310020431E-002 -1.978406815018035E-010
  6.575692320622224E-002 -2.549152917087572E-010
  6.575692301918053E-002 -3.085455509519076E-010
  6.575692259429554E-002 -3.372105796122846E-010
  6.575692211875242E-002 -3.308532862768816E-010
  6.575692180364218E-002 -2.962245300693068E-010
  6.575692176484702E-002 -2.526884892705226E-010
  6.575692196041980E-002 -2.210745677914071E-010
  6.575692221854590E-002 -2.120299497660947E-010
  6.575692233821256E-002 -2.204608922344713E-010
  6.575692220403059E-002 -2.290586615625815E-010
  6.575692184998719E-002 -2.187028316995815E-010
  6.575692143725113E-002 -1.796970450730482E-010
  6.575692116051678E-002 -1.174583206528683E-010
  6.575692113742949E-002 -4.955956882095477E-011
  6.575692134396151E-002  4.018577052616012E-012
  6.575692163121352E-002  3.177507063592413E-011
  6.575692181230053E-002  3.654786461746596E-011
  6.575692176863437E-002  3.315908847194312E-011
  6.575692151510744E-002  3.937339578657292E-011
  6.575692118828326E-002  6.543977973878599E-011
  6.575692096602692E-002  1.081670975584670E-010
  6.575692096556164E-002  1.527846415246045E-010
  6.575692117806500E-002  1.813646051061268E-010
  6.575692147594929E-002  1.829011336388435E-010
  6.575692168707621E-002  1.593142091903318E-010
  6.575692169246060E-002  1.240780776238861E-010
  6.575692149173087E-002  9.441540437590124E-011
  6.575692120009920E-002  8.161112368009406E-011
  6.575692098012190E-002  8.495814231663199E-011
  6.575692094830567E-002  9.266783763680934E-011
  6.575692110991892E-002  8.906574781350167E-011
  6.575692135821543E-002  6.385554002165450E-011
  6.575692153705252E-002  1.816037059284079E-011
  6.575692153008264E-002 -3.600820564191470E-011
  6.575692132551385E-002 -8.241383152041254E-011
  6.575692102039699E-002 -1.094957164920864E-010
  6.575692076338871E-002 -1.164345857900326E-010
  6.575692066972882E-002 -1.130291363311875E-010
  6.575692075710479E-002 -1.136015720190202E-010
  6.575692093816607E-002 -1.285190427962662E-010
  6.575692107262308E-002 -1.581827332525632E-010
  6.575692104812626E-002 -1.928305514722128E-010
  6.575692084355486E-002 -2.181368322051435E-010
  6.575692053933815E-002 -2.233155157859236E-010
  6.575692027016718E-002 -2.070921233076445E-010
  6.575692014811678E-002 -1.782178613398727E-010
  6.575692020028287E-002 -1.503580481634311E-010
  6.575692035583620E-002 -1.343685665295014E-010
  6.575692048867643E-002 -1.323806234503683E-010
  6.575692049030997E-002 -1.369906567508618E-010
  6.575692033107318E-002 -1.358916680758550E-010
  6.575692007536055E-002 -1.191987082270822E-010
  6.575691984329166E-002 -8.526062053609898E-011
  6.575691974169215E-002 -4.170073818366430E-011
  6.575691980408738E-002 -1.199203654032431E-012
  6.575691997341432E-002  2.548776343772901E-011
  6.575692013625296E-002  3.527136793600401E-011
  6.575692018806599E-002  3.402592780967772E-011
  6.575692009187906E-002  3.281196774346340E-011
  6.575691989739582E-002  4.128205062751304E-011
  6.575691971065091E-002  6.206487930295575E-011
  6.575691963248177E-002  8.928308713682911E-011
  6.575691970130647E-002  1.119514729899321E-010
  6.575691987245627E-002  1.202266654794550E-010
  6.575692004492184E-002  1.109125018515132E-010
  6.575692011933137E-002  8.912678807172598E-011
  6.575692005369661E-002  6.527347480707535E-011
  6.575691988548371E-002  4.913580441211624E-011
  6.575691970830894E-002  4.449067277936622E-011
  6.575691961746721E-002  4.727195104770286E-011
  6.575691965578989E-002  4.823545212912424E-011
  6.575691979042622E-002  3.851203996023356E-011
  6.575691993297143E-002  1.483949338292734E-011
  6.575691999058546E-002 -1.848213983153347E-011
  6.575691991851147E-002 -5.194850005202689E-011
  6.575691974428415E-002 -7.609778213805642E-011
  6.575691955058814E-002 -8.662175583057997E-011
  6.575691942739044E-002 -8.646144041090646E-011
  6.575691942109094E-002 -8.377674292206995E-011
  6.575691950948973E-002 -8.703581842242995E-011
  6.575691961612565E-002 -1.000685585101505E-010
  6.575691965498218E-002 -1.198837211961442E-010
  6.575691957960028E-002 -1.384227810970595E-010
  6.575691940873614E-002 -1.471716840160041E-010
  6.575691921458894E-002 -1.419600638365411E-010
  6.575691908109374E-002 -1.252314093997110E-010
  6.575691905652066E-002 -1.045576854280497E-010
  6.575691912728952E-002 -8.832128905998941E-011
  6.575691922730902E-002 -8.106621724510156E-011
  6.575691927675027E-002 -8.114986631852793E-011
  6.575691922766952E-002 -8.196641801377704E-011
  6.575691909053839E-002 -7.596502997005563E-011
  6.575691892711927E-002 -5.912409015188226E-011
  6.575691881447425E-002 -3.333774866105437E-011
  6.575691880110128E-002 -5.408616970124272E-012
  6.575691888016405E-002  1.671213182103556E-011
  6.575691899455738E-002  2.825465703487188E-011
  6.575691907022443E-002  3.007512513238395E-011
  6.575691905825952E-002  2.788060872057829E-011
  6.575691896180831E-002  2.874907775610262E-011
  6.575691883291342E-002  3.697565109839626E-011
  6.575691874177610E-002  5.161036022234919E-011
  6.575691873643687E-002  6.704232951183257E-011
  6.575691881588364E-002  7.623232511543146E-011
  6.575691893148584E-002  7.470724173323046E-011
  6.575691901530727E-002  6.304166535159313E-011
  6.575691901869321E-002  4.645769167013167E-011
  6.575691893909837E-002  3.183301097657597E-011
  6.575691882026713E-002  2.386474003741900E-011
  6.575691872627422E-002  2.257339240047523E-011
  6.575691870469330E-002  2.352395728348463E-011
  6.575691875995783E-002  2.057404868581432E-011
  6.575691885173944E-002  9.534781030891766E-012
  6.575691891869341E-002 -9.348909617943374E-012
  6.575691891357771E-002 -3.147754644453340E-011
  6.575691882964022E-002 -5.043692656024892E-011
  6.575691870356015E-002 -6.151128815718829E-011
  6.575691859381159E-002 -6.416595855103284E-011
  6.575691854723199E-002 -6.212334432829255E-011
  6.575691857295246E-002 -6.104686921049770E-011
  6.575691863825144E-002 -6.519861438079469E-011
  6.575691868817245E-002 -7.498472243874280E-011
  6.575691867727539E-002 -8.675719360005056E-011
  6.575691859529770E-002 -9.493357404735584E-011
  6.575691847235719E-002 -9.518458548765186E-011
  6.575691836121569E-002 -8.686372562340934E-011
  6.575691830714260E-002 -7.332242630297932E-011
  6.575691832268592E-002 -5.997928228597967E-011
  6.575691838149195E-002 -5.128373129468299E-011
  6.575691843423009E-002 -4.831296487273241E-011
  6.575691843711809E-002 -4.834323006165029E-011
  6.575691837663893E-002 -4.658994804735017E-011
  6.575691827656599E-002 -3.908112936658163E-011
  6.575691818372698E-002 -2.501125938652289E-011
  6.575691814103382E-002 -7.253969660543775E-012
  6.575691816330916E-002  9.217560080454755E-012
  6.575691822950740E-002  2.006553182402218E-011
  6.575691829535590E-002  2.390886970518391E-011
  6.575691831881077E-002  2.293122265908626E-011
  6.575691828365367E-002  2.147344951198996E-011
  6.575691820794037E-002  2.345362686981094E-011
  6.575691813287388E-002  3.010090176072485E-011
  6.575691809883864E-002  3.927782506848326E-011
  6.575691812243493E-002  4.673884455584720E-011
  6.575691818747276E-002  4.856992539402154E-011
  6.575691825470215E-002  4.340376134728302E-011
  6.575691828435946E-002  3.316306572275123E-011
  6.575691825850127E-002  2.194430281430056E-011
  6.575691819051295E-002  1.371340263560603E-011
  6.575691811671271E-002  1.014091139948282E-011
  6.575691807520515E-002  9.794591123995920E-012
  6.575691808422598E-002  9.112679399788071E-012
  6.575691813222868E-002  4.564858653598354E-012
  6.575691818504976E-002 -5.249843647645109E-012
  6.575691820571603E-002 -1.875495299763000E-011
  6.575691817541286E-002 -3.225176275274412E-011
  6.575691810373750E-002 -4.195840604402669E-011
  6.575691802268455E-002 -4.605596391596309E-011
  6.575691796813038E-002 -4.558732278393253E-011
  6.575691795956166E-002 -4.372879232982286E-011
  6.575691798954061E-002 -4.388463950653998E-011
  6.575691802863652E-002 -4.770934919256142E-011
  6.575691804268237E-002 -5.417788058190972E-011
  6.575691801232117E-002 -6.020601570112724E-011
  6.575691794374101E-002 -6.243523767189045E-011
  6.575691786472905E-002 -5.914684833733032E-011
  6.575691780860426E-002 -5.122014684154436E-011
  6.575691779538145E-002 -4.161396377011505E-011
  6.575691782087061E-002 -3.369690558882213E-011
  6.575691785968957E-002 -2.939456437679869E-011
  6.575691788016892E-002 -2.820323528118177E-011
  6.575691786245501E-002 -2.760575960637845E-011
  6.575691780950639E-002 -2.462089489979595E-011
  6.575691774493064E-002 -1.758255257332148E-011
  6.575691769918207E-002 -7.136237727497002E-012
  6.575691769218490E-002  4.094827347084344E-012
  6.575691772228381E-002  1.295701498843015E-011
  6.575691776762294E-002  1.748574676851571E-011
  6.575691779889385E-002  1.792096796710985E-011
  6.575691779599185E-002  1.646230962518602E-011
  6.575691775908118E-002  1.593219982922225E-011
  6.575691770794573E-002  1.812816420331672E-011
  6.575691767026032E-002  2.280332578981938E-011
  6.575691766566517E-002  2.783734658458379E-011
  6.575691769474128E-002  3.047429501042635E-011
  6.575691773900801E-002  2.890351944354688E-011
  6.575691777169697E-002  2.328186099049479E-011
  6.575691777297105E-002  1.563149005953699E-011
  6.575691774088965E-002  8.695659215808473E-012
  6.575691769202215E-002  4.421418191974232E-012
  6.575691765159915E-002  2.933867785150446E-012
  6.575691763900687E-002  2.568786586348416E-012
  6.575691765692790E-002  9.197089516149208E-013
  6.575691769018338E-002 -3.717203131563617E-012
  6.575691771471058E-002 -1.132770027263316E-011
  6.575691771137213E-002 -2.015912397341950E-011
  6.575691767668296E-002 -2.768584697028254E-011
  6.575691762446199E-002 -3.199398962872924E-011
  6.575691757768025E-002 -3.279478842949927E-011
  6.575691755533268E-002 -3.150358607885765E-011
  6.575691756186476E-002 -3.036199125133577E-011
  6.575691758506816E-002 -3.112192723311786E-011
