   1.00000003114010       0.000000000000000E+000
  0.809467095065616      -2.562052325735366E-003
  0.353848022079642      -1.542650494594157E-002
 -0.102063762126677      -3.512857297538888E-002
 -0.304439868883169      -4.662917842224659E-002
 -0.156191173121125      -3.779880500260693E-002
  0.236481042292446      -1.290573255640674E-002
  0.637234297898855       7.869785017866582E-003
  0.820809760850850       3.916311234338058E-003
  0.696059832935409      -2.765832039703373E-002
  0.344020687504155      -6.679007211413297E-002
 -4.038686027727156E-002 -8.381170722368572E-002
 -0.260417415791901      -6.191897028510421E-002
 -0.218265491629397      -1.127528829893803E-002
  4.485186971093297E-002  3.684244660836160E-002
  0.380891689119885       5.215178489758016E-002
  0.615062196251040       2.733083613726751E-002
  0.631632244826758      -1.664580062580989E-002
  0.426714698434038      -4.574064390207532E-002
  0.107074418931876      -3.719502903541093E-002
 -0.162755865097015       4.939364035726606E-003
 -0.241436407360573       5.389252923102526E-002
 -8.301562732770112E-002  7.990670802338609E-002
  0.235603461038079       7.055757920308665E-002
  0.549729042750269       3.729638650586433E-002
  0.691512182191573       4.952901256148469E-003
  0.582101573183187      -6.559466774964141E-003
  0.279857351062088       5.430110555617053E-003
 -4.679675655806375E-002  2.774344567319953E-002
 -0.211490861602375       4.327319074471937E-002
 -0.116637684300815       4.312132863533037E-002
  0.187900281658457       3.024575470589745E-002
  0.531089992928063       1.383282746552518E-002
  0.718673766775762       8.488805612406610E-004
  0.645592014689433      -7.861697609318798E-003
  0.356075975960428      -1.483560680737213E-002
  1.601760349654977E-002 -2.076010157729308E-002
 -0.184789029250184      -2.263703556891238E-002
 -0.141486499827023      -1.730971636329125E-002
  0.109647484178632      -6.667743863925440E-003
  0.417767249664658       1.243674623569992E-003
  0.607257932251522      -2.494303997327944E-003
  0.576157183685562      -1.973277789465180E-002
  0.347655295351616      -4.156741584206575E-002
  4.985269154372947E-002 -5.306125940253330E-002
 -0.159398695313905      -4.379722793017246E-002
 -0.177725802756091      -1.645015375321722E-002
 -7.936741305743625E-003  1.364803376839366E-002
  0.250202753986907       2.844195111960745E-002
  0.456838416486607       1.974850199507588E-002
  0.505202137521000      -4.687276599566161E-003
  0.374018938915886      -2.629762204345511E-002
  0.135069874381120      -2.844375157477123E-002
 -8.555468661704778E-002 -7.738821112950748E-003
 -0.172341672467784       2.398503082588279E-002
 -7.941403902197039E-002  4.812191957651848E-002
  0.145484234163777       5.183257422712902E-002
  0.384871595941738       3.586783569611191E-002
  0.512500703345923       1.276646343869183E-002
  0.460793897607914      -2.433230040367883E-003
  0.258763734628813      -1.935092209831505E-003
  1.825613972686780E-002  1.111267162159007E-002
 -0.126210966815897       2.645948674817204E-002
 -9.211405397914665E-002  3.431294652558171E-002
  0.103822301253623       3.097265924739439E-002
  0.353733918940715       1.934645695312572E-002
  0.518817550620395       5.378260205759687E-003
  0.507796798604830      -6.033975158687270E-003
  0.328478284957592      -1.276280820282526E-002
  8.252996269789113E-002 -1.468275504835615E-002
 -9.321598477423790E-002 -1.236329470771079E-002
 -0.104486465129787      -6.943873067339500E-003
  4.859877599361494E-002 -9.684731492204536E-004
  0.274418858324151       1.557191462228194E-003
  0.443954617919210      -2.892428559077245E-003
  0.463584684582868      -1.433202550791831E-002
  0.325084661021650      -2.775458717058209E-002
  0.106365590504823      -3.519477452428019E-002
 -7.466580543859584E-002 -3.073679718428930E-002
 -0.125296864452439      -1.513077821625998E-002
 -2.611190667486949E-002  3.662015991514289E-003
  0.162382461704883       1.504066088959568E-002
  0.335412050464834       1.270133105860705E-002
  0.400731666728673      -8.580750522428927E-004
  0.326139360818621      -1.563577168538894E-002
  0.153993810222278      -2.058743456461778E-002
 -2.307469220391608E-002 -1.091966245548480E-002
 -0.111486809729351       8.764502486191369E-003
 -6.539301091258577E-002  2.756229200192705E-002
  9.000235174296801E-002  3.538783512728733E-002
  0.272167728982208       2.923854527906918E-002
  0.384931066292345       1.455919923593277E-002
  0.369550642813517       1.179573135588384E-003
  0.236290019391959      -3.085389236428685E-003
  5.925628454514145E-002  3.128014746037187E-003
 -6.347173106903653E-002  1.478477143027676E-002
 -6.338181970065393E-002  2.430715333048002E-002
  6.051941183102780E-002  2.626038323143371E-002
  0.240746618675299       1.992284445089698E-002
  0.378512567180986       8.714795950818897E-003
  0.398624539110466      -2.395142406082663E-003
  0.291284168277004      -9.509465155724163E-003
  0.117124505315575      -1.110860496609462E-002
 -2.730034793246768E-002 -7.986211221225325E-003
 -6.378673296860793E-002 -2.518726119702724E-003
  2.436399103281555E-002  2.173898348352596E-003
  0.184410356145097       3.164131897766577E-003
  0.325104843977949      -1.104618649379173E-003
  0.368131782818612      -9.709573086141940E-003
  0.290780865164363      -1.905473355365588E-002
  0.136576405436137      -2.427921498962032E-002
 -1.069341661368044E-002 -2.193308939189875E-002
 -7.378729963258153E-002 -1.240351165319709E-002
 -2.333642416026480E-002 -2.928600163821958E-004
  0.108292059255841       7.939831481114289E-003
  0.246675402337668       7.881436222250116E-003
  0.316506960345794       1.272448050107088E-004
  0.281551287326924      -9.806509289808776E-003
  0.162496417616225      -1.479176897759884E-002
  2.430347959526426E-002 -1.058474965056021E-002
 -5.923499109406575E-002  1.423061596625240E-003
 -4.459470671957060E-002  1.503058891813814E-002
  5.912081078220420E-002  2.309419424092246E-002
  0.195841817800293       2.190346557223352E-002
  0.292838037278794       1.326786188606153E-002
  0.299537506306707       3.109754924998720E-003
  0.214336573965090      -2.343081584284471E-003
  8.516500699950739E-002 -2.396241972370719E-004
 -1.656890664998185E-002  7.558619088997558E-003
 -3.474818863220437E-002  1.603125877611852E-002
  4.092200848975277E-002  2.016971724098593E-002
  0.169347566424139       1.771302079427011E-002
  0.280654518678165       9.984233379781368E-003
  0.314642144235344       7.116292430265654E-004
  0.253836619072041      -6.150353887866007E-003
  0.132790702929141      -8.299664430858512E-003
  1.851777730226235E-002 -5.860615816934524E-003
 -2.687323565223039E-002 -9.931049143485637E-004
  1.963859176776006E-002  3.236667719221552E-003
  0.129973648320582       4.198871611581574E-003
  0.241421771778803       8.247134823996591E-004
  0.291883682916686      -5.842203910397560E-003
  0.253940644239736      -1.295453977470908E-002
  0.148990684158562      -1.708460147779295E-002
  3.427212806204875E-002 -1.595913790189821E-002
 -2.925381971724986E-002 -9.848354997588163E-003
 -1.000891082131830E-002 -1.705455209725690E-003
  7.809367263596442E-002  4.265687945688267E-003
  0.184599633346856       4.970836295169552E-003
  0.250770643802689       3.463772142897838E-004
  0.241311970969081      -6.427320587988864E-003
  0.162545877986710      -1.070723304155118E-002
  5.786767684306373E-002 -9.170153048035415E-003
 -1.635070076463459E-002 -1.885586115714405E-003
 -2.108117295991203E-002  7.652387693551129E-003
  4.498097784129609E-002  1.459325717026681E-002
  0.145479226620153       1.561948922109686E-002
  0.226433533723565       1.086372789039860E-002
  0.245307591137572       3.702568389215989E-003
  0.193569878755617      -1.368401305477908E-003
  0.100822862612524      -1.404445349539424E-003
  1.845070985459074E-002  3.394679775786173E-003
 -8.321597829363647E-003  1.002151223357505E-002
  3.513993228456368E-002  1.456471552220409E-002
  0.125159292297433       1.444159441009055E-002
  0.212893904002201       9.677313453764365E-003
  0.251122562901200       2.649044548750032E-003
  0.219984693561639      -3.366487488922263E-003
  0.137558399804112      -5.925115655586612E-003
  4.954686740713098E-002 -4.523582748830224E-003
  3.904676224868153E-003 -6.456533667556024E-004
  2.453039548296511E-002  3.123273820111866E-003
  9.854338462745614E-002  4.402359818203129E-003
  0.183971418382154       2.140741525934181E-003
  0.233280506128666      -2.899801899739908E-003
  0.219500482799453      -8.496937485475033E-003
  0.150535858723719      -1.202033299236635E-002
  6.408735231551704E-002 -1.173998347839325E-002
  6.448951322412215E-003 -7.768357739212903E-003
  7.180757092358620E-003 -2.106371348167325E-003
  6.355048858046961E-002  2.332971963122524E-003
  0.142890957975828       3.286351109746304E-003
  0.201053867503017       4.461520961408014E-004
  0.206517628992234      -4.279431511902632E-003
  0.157019093293885      -7.789204936984867E-003
  8.002217896875821E-002 -7.566166553693295E-003
  1.725108903363940E-002 -3.178680911884361E-003
  1.995492633516963E-003  3.411784176546768E-003
  4.147718508026316E-002  8.956056862813422E-003
  0.113540727824065       1.079342443186892E-002
  0.179099008984208       8.376706299527668E-003
  0.203376137341369       3.538615893315592E-003
  0.174460246639114      -6.352739474383886E-004
  0.109308539773323      -1.621988770460442E-003
  4.417732081736538E-002  1.123563454607289E-003
  1.480668400661733E-002  5.953640443683212E-003
  3.712373624162904E-002  1.006598192977581E-002
  9.885706180116195E-002  1.112295058577664E-002
  0.166494585151875       8.503058693923121E-003
  0.203685658061679       3.526900821206558E-003
  0.190999189701560      -1.372764611632119E-003
  0.136272560999239      -3.996062967487811E-003
  6.999211403008791E-002 -3.485781221909514E-003
  2.837490206092273E-002 -6.599947605247137E-004
  3.353811709545745E-002  2.522553524505800E-003
  8.164760053458862E-002  4.023359614643473E-003
  0.145429987806198       2.758268118876152E-003
  0.189458442790359      -8.851169760537853E-004
  0.189630677698561      -5.267029643008517E-003
  0.146103214191886      -8.328315591523999E-003
  8.273733813435613E-002 -8.632562590401972E-003
  3.364220032930319E-002 -6.108870602309168E-003
  2.444035617880572E-002 -2.111580207129416E-003
  5.857661140923669E-002  1.264479473797588E-003
  0.115983265769347       2.289260222387436E-003
  0.164510369366831       5.471991229122809E-004
  0.177603164302799      -2.802872680975049E-003
  0.148515205268784      -5.640570826980535E-003
  9.348742217211140E-002 -6.062921062229300E-003
  4.247180230113000E-002 -3.475559119877878E-003
  2.270418339452554E-002  1.038601986533362E-003
  4.411941505827542E-002  5.307457701644225E-003
  9.438213534294033E-002  7.290538891622077E-003
  0.145973127874760       6.228348352184627E-003
  0.171272870597941       3.051703838990835E-003
  0.157399761581988      -1.811854011859040E-004
  0.112857392241861      -1.479480357009735E-003
  6.257271554625761E-002 -4.394217664455068E-005
  3.418109461294118E-002  3.320477515681323E-003
  4.306534382450064E-002  6.710952699040055E-003
  8.422155667488322E-002  8.225232865623915E-003
  0.135247195555438       7.008282349058218E-003
  0.168696410909935       3.671359101688317E-003
  0.167002839165208      -1.067577801949300E-004
  0.131851606012729      -2.527027477838146E-003
  8.298057446371591E-002 -2.622781358784019E-003
  4.719215173366339E-002 -7.156325889325933E-004
  4.367922848833163E-002  1.827523452173945E-003
  7.370689388502231E-002  3.363856523523086E-003
  0.120213183987436       2.845294487522162E-003
  0.157399405744070       3.453976654376120E-004
  0.164921731110288      -3.005419632552338E-003
  0.138867076698420      -5.621529243974454E-003
  9.358620068971087E-002 -6.284723103804285E-003
  5.355667348370279E-002 -4.769847294007680E-003
  3.990287555531979E-002 -1.955963037035753E-003
  5.901571625536260E-002  6.372724134670256E-004
  9.941008744782751E-002  1.654289061009995E-003
  0.138341922016828       6.304481306482836E-004
  0.154375118840297      -1.750985235504509E-003
  0.138956870692486      -4.024027980987929E-003
  0.100766427552655      -4.743223147155804E-003
  6.065938076468859E-002 -3.289931577036305E-003
  4.015512451019398E-002 -2.301438114080477E-004
  4.982033766042882E-002  2.986629502259125E-003
  8.380412198131537E-002  4.826966305402085E-003
  0.123327242665074       4.522915396242345E-003
  0.147055359787275       2.488916589559559E-003
  0.142636155887398       7.035888063422874E-005
  0.113175388553702      -1.227966826401299E-003
  7.526760916512704E-002 -5.889307484129859E-004
  4.979639319657812E-002  1.674566423823237E-003
  5.058286573321657E-002  4.320796667983341E-003
  7.703343658007807E-002  5.891775411095887E-003
  0.114686870400367       5.522319342097115E-003
  0.143243799453072       3.394046255995856E-003
  0.147629008493841       6.003435357284644E-004
  0.126059476842033      -1.476450375501319E-003
  9.079340919528306E-002 -1.914687108917058E-003
  6.125956869082964E-002 -7.213357110085118E-004
  5.340410659739944E-002  1.215983745374080E-003
  7.109398180604114E-002  2.640716653216752E-003
  0.104216479392210       2.611179265551976E-003
  0.134404739037216       9.918506601911126E-004
  0.145154655811933      -1.494473109322228E-003
  0.130758534810641      -3.664083953686227E-003
  9.921693162468724E-002 -4.499939510090618E-003
  6.765210518179954E-002 -3.679548431461316E-003
  5.285437162441680E-002 -1.731822799900568E-003
  6.219075506174619E-002  2.540162881107366E-004
  8.980559283803882E-002  1.212276197501695E-003
  0.120067449171852       6.692989443215701E-004
  0.136242460347560      -1.005518218099930E-003
  0.129583638276645      -2.802796114309289E-003
  0.103906033942303      -3.624621776371235E-003
  7.327040894367255E-002 -2.887580949235271E-003
  5.417712976448642E-002 -8.472711963175111E-004
  5.660549872900615E-002  1.537258947639946E-003
  7.875965802860202E-002  3.127531691216058E-003
  0.108275832751945       3.228748868705490E-003
  0.129103897167068       1.964921433885730E-003
  0.130237114311536       1.971692315196734E-004
  0.111548782145202      -9.663517982404308E-004
  8.364808433115739E-002 -7.908823367097724E-004
  6.194769689604006E-002  6.824968535164395E-004
  5.824866242554565E-002  2.672976049521662E-003
  7.442491126843304E-002  4.105210515092236E-003
  0.101577537822794       4.206543157170517E-003
  0.125022052903720       2.922130734073173E-003
  0.132318169295533       9.255157964668000E-004
  0.119953235905571      -7.672144857355633E-004
  9.508692420647744E-002 -1.355123978221362E-003
  7.149186620725501E-002 -6.734677081299502E-004
  6.198056202461414E-002  7.431476144021812E-004
  7.147781642958850E-002  1.974814756617108E-003
  9.448417610054342E-002  2.224958171439999E-003
  0.118235344819777       1.245863836415698E-003
  0.129749915515448      -5.409559975034447E-004
  0.122875284917025      -2.282581907518349E-003
  0.101506880628503      -3.154404525449318E-003
  7.729971316989610E-002 -2.794051635845046E-003
  6.321273672694576E-002 -1.482201243544599E-003
  6.646585259035316E-002  1.966618709121028E-005
  8.474193422223489E-002  8.833714287211473E-004
  0.107631700298737       6.576892314343516E-004
  0.122435550273348      -4.944567920947827E-004
  0.121091424679599      -1.890604771648430E-003
  0.104453190104275      -2.703152691989338E-003
  8.165696986173042E-002 -2.411078650321656E-003
  6.501875275298323E-002 -1.084091383864647E-003
  6.331447572756288E-002  6.554787440817481E-004
  7.710814122237504E-002  1.972142345820267E-003
  9.861005200013014E-002  2.271607307742463E-003
  0.116049294980741       1.519964436959033E-003
  0.120108549165666       2.525203911797902E-004
  0.108906819740161      -7.303939983871371E-004
  8.886976232094752E-002 -8.095918137095644E-004
  7.109780546327781E-002  1.131962397800542E-004
  6.527793654604007E-002  1.568257745572106E-003
  7.447112845293588E-002  2.784636271766205E-003
  9.357334615594727E-002  3.117542043211779E-003
  0.112215135660365       2.397772392535729E-003
  0.120455232187517       1.013285692993301E-003
  0.114143195268077      -3.146100919954717E-004
  9.705809334526931E-002 -9.297003901173831E-004
  7.872164242147849E-002 -5.921163984263463E-004
  6.914212239997974E-002  4.063594108361546E-004
  7.338571080846198E-002  1.417523955249100E-003
  8.891775277833311E-002  1.798694404950739E-003
  0.107107567138178       1.261067287002432E-003
  0.118010902818788       1.849245630677231E-005
  0.115781935148685      -1.336700679148743E-003
  0.101769945668807      -2.156840550692028E-003
  8.366207116184479E-002 -2.083852272931941E-003
  7.120689552611935E-002 -1.232272330529821E-003
  7.089898758656928E-002 -1.168981308553162E-004
  8.252511783096401E-002  6.311913766952992E-004
  9.940977543551552E-002  6.052713846288215E-004
  0.112157199006297      -1.622465225505495E-004
  0.113795505127064      -1.223972225734622E-003
  0.103509161842324      -1.964935885477653E-003
  8.696590911189714E-002 -1.938044188591010E-003
  7.312784499499327E-002 -1.105945677718927E-003
  6.934165596251916E-002  1.408501397859667E-004
  7.739802828105105E-002  1.197925502112560E-003
  9.267200580529683E-002  1.575087011960849E-003
  0.106747984836121       1.159050709993588E-003
  0.112041784742572       2.677969427039537E-004
  0.105883025858994      -5.311764452205591E-004
  9.186284133775031E-002 -7.366048141982502E-004
  7.777184080247429E-002 -1.884036792351944E-004
  7.130751252314697E-002  8.485552787924844E-004
  7.591207618811341E-002  1.834982462933087E-003
  8.898680523615100E-002  2.255583712452518E-003
  0.103403733157360       1.899134297801027E-003
  0.111437850395324       9.673262548809820E-004
  0.108951140674823      -4.335375274743567E-005
  9.756238466408020E-002 -6.170215687616696E-004
  8.366532907766226E-002 -4.973292933298139E-004
  7.488175427143469E-002  1.816045511725380E-004
  7.591324449398527E-002  9.792267025022674E-004
  8.604698861664696E-002  1.396197619206838E-003
  9.963694770650940E-002  1.147479599283456E-003
  0.109248079012635       3.130578083055998E-004
  0.109714387813397      -7.114632559938573E-004
  0.100896746238459      -1.432659387164453E-003
  8.766941377407102E-002 -1.524551723643155E-003
  7.719177022869986E-002 -9.982618798482672E-004
  7.499205140828734E-002 -1.875866869326758E-004
  8.200636985616426E-002  4.377315596126384E-004
  9.415969559767343E-002  5.276215156211503E-004
  0.104668784656161       3.805082991258498E-005
  0.107768767063809      -7.505237929613316E-004
  0.101818170689872      -1.389861317666566E-003
  9.011262821625567E-002 -1.509023481442554E-003
  7.901031926564410E-002 -1.014685665430594E-003
  7.443530386921259E-002 -1.391402524544865E-004
  7.868221991805423E-002  6.882130118856102E-004
  8.924529505584688E-002  1.074369195734344E-003
  0.100265912802855       8.734489969854449E-004
  0.105765195527077       2.604886106587432E-004
  0.102879196377153      -3.702062826538423E-004
  9.334759005636868E-002 -6.245741532803648E-004
  8.248463703771261E-002 -3.249002407744959E-004
  7.623671092601218E-002  3.954235052150206E-004
  7.795311793598275E-002  1.168470802699264E-003
  8.662101958807340E-002  1.595209777967831E-003
  9.749122566879721E-002  1.462622516433063E-003
  0.104712382105400       8.558193121311831E-004
  0.104512735481212       1.060394392573395E-004
  9.719939187123169E-002 -3.938160295620704E-004
  8.691558034229969E-002 -4.029489993566860E-004
  7.932768801985764E-002  4.105637906094732E-005
  7.853032725473068E-002  6.499212518471195E-004
  8.485777828330068E-002  1.047651321978063E-003
  9.476989031517878E-002  9.773257570714366E-004
  0.102837300964012       4.388477338493171E-004
  0.104714097402197      -3.150546456334409E-004
  9.947108190236315E-002 -9.190642055768896E-004
  9.003777113636588E-002 -1.093075898132717E-003
  8.154765304494478E-002 -7.898955533299685E-004
  7.852045460891964E-002 -2.146340957008544E-004
  8.242831050603502E-002  2.917850373690381E-004
  9.095681411218044E-002  4.395647591537764E-004
  9.933001849035673E-002  1.455823217558442E-004
  0.102943771207773      -4.254416826594067E-004
  9.985713785864452E-002 -9.542215303006416E-004
  9.179552526585207E-002 -1.142137039471400E-003
  8.315025047528699E-002 -8.727019134744835E-004
  7.855376490114967E-002 -2.724092175732800E-004
  8.036979665907529E-002  3.604253080377120E-004
  8.745823005778386E-002  7.185145115506145E-004
  9.585877184744558E-002  6.507947075110292E-004
  0.100986998301852       2.404957559008385E-004
  0.100126057065732      -2.449962679603516E-004
  9.386070698904733E-002 -5.034293525138073E-004
  8.569824760587197E-002 -3.635624151012838E-004
  8.011570915311669E-002  1.228381494568208E-004
  8.011901700931114E-002  7.118386849739928E-004
  8.564315142093175E-002  1.102324069499365E-003
  9.364264657979114E-002  1.099975574236956E-003
  9.979205153235127E-002  7.205229042132530E-004
  0.100847087345575       1.771916823829977E-004
  9.637759244568593E-002 -2.386639693427769E-004
  8.894672019754690E-002 -3.167981557971340E-004
  8.266795074960233E-002 -3.990148469502946E-005
  8.094999961480193E-002  4.116703120822683E-004
  8.466426910529766E-002  7.625323818101611E-004
  9.171863138925537E-002  7.943108079140452E-004
  9.824276905831696E-002  4.636720791083396E-004
  0.100714595478464      -7.677089743326530E-005
  9.786001061122930E-002 -5.638571883542724E-004
  9.130186830159377E-002 -7.671684675734326E-004
  8.462946685063925E-002 -6.116847315771595E-004
  8.142083293279906E-002 -2.141643324860848E-004
  8.330740282831887E-002  1.844891329238816E-004
  8.912800370819884E-002  3.522555257245857E-004
  9.561019525899193E-002  1.914373662654645E-004
  9.918203740459938E-002 -2.109070310030290E-004
  9.791257684688476E-002 -6.332770106678216E-004
  9.252813550723796E-002 -8.418234003570247E-004
  8.597135982881150E-002 -7.171244669037516E-004
  8.176880310299545E-002 -3.171766874261427E-004
  8.211279890618810E-002  1.563449545152685E-004
  8.670103334356508E-002  4.687822004186423E-004
  9.294752689926153E-002  4.791169620598633E-004
  9.742504674977574E-002  2.138149632219940E-004
  9.773532851086202E-002 -1.512281598006926E-004
  9.378724411119932E-002 -3.894003518614421E-004
  8.780263101603997E-002 -3.479503509958513E-004
  8.307058695677226E-002 -3.042332521512868E-005
  8.214756300702977E-002  4.071360107723378E-004
  8.548718898325441E-002  7.427768645689429E-004
  9.123288463191891E-002  8.096578850675532E-004
  9.626376507892034E-002  5.851930085116176E-004
  9.790490468401264E-002  2.004801266047990E-004
  9.536470027623853E-002 -1.336723060806207E-004
  9.012701821438644E-002 -2.424235291454794E-004
  8.510533101719552E-002 -8.071884947538646E-005
  8.303916735770572E-002  2.452146821355829E-004
  8.501421760918743E-002  5.389053257146075E-004
  8.990444636283609E-002  6.224456597733304E-004
  9.502123183560091E-002  4.331387895312335E-004
  9.759633466211905E-002  5.589022005121267E-005
  9.628110395371187E-002 -3.248707181050985E-004
  9.185036345808202E-002 -5.260956433614735E-004
  8.674452894261833E-002 -4.642486537388019E-004
  8.371890467116215E-002 -1.977467711996989E-004
  8.434744664130357E-002  1.080332850093135E-004
  8.819345204501884E-002  2.726998678695198E-004
  9.308381496112125E-002  1.989738911560483E-004
  9.631813530845409E-002 -7.607232512576549E-005
  9.614100844044740E-002 -4.034045037474411E-004
  9.267570625871989E-002 -6.045699314044723E-004
  8.782379732757814E-002 -5.687367637697116E-004
  8.420414429032648E-002 -3.115865667890266E-004
  8.372330886841736E-002  3.506499172130713E-005
  8.655788067508433E-002  2.961160947995647E-004
  9.109176007672608E-002  3.480769404668888E-004
  9.482449218943172E-002  1.843640307213090E-004
  9.574098952785028E-002 -8.380550758639810E-005
  9.339288682767076E-002 -2.903086295027469E-004
  8.911186297590706E-002 -3.056692240083425E-004
  8.525576563845128E-002 -1.071842754620631E-004
  8.391347640615915E-002  2.100380246931829E-004
  8.577927260846958E-002  4.861389092766393E-004
  8.980245636338488E-002  5.838301272961356E-004
  9.378735490203824E-002  4.620477725654057E-004
  9.560148117280473E-002  1.962409901314643E-004
  9.432706839517629E-002 -6.475668926308973E-005
  9.073416658547781E-002 -1.807373410374151E-004
  8.683197106286816E-002 -9.582576852597478E-005
  8.475813837048823E-002  1.330407017132672E-004
  8.561915259676182E-002  3.693937472340459E-004
  8.891000494712926E-002  4.730427588959405E-004
  9.281652147781620E-002  3.765016628407286E-004
  9.522059836722775E-002  1.206182090700012E-004
  9.485159281736044E-002 -1.690908415352057E-004
  9.195820843774742E-002 -3.514315146927972E-004
  8.814609276802397E-002 -3.456479815640957E-004
  8.548428942742074E-002 -1.733829331278952E-004
  8.537745801552037E-002  5.549777048331859E-005
  8.781845099690236E-002  2.044250569906892E-004
  9.141874537645836E-002  1.848082980609033E-004
  9.418596144881401E-002  3.272500052596345E-006
  9.461392274343546E-002 -2.435363612102902E-004
  9.248953674505297E-002 -4.227733926910522E-004
  8.898500497633231E-002 -4.378600569708084E-004
  8.599862687839152E-002 -2.801053669879075E-004
  8.511481566988961E-002 -3.197751801637100E-005
  8.675316866827043E-002  1.788718224293812E-004
  8.996355418923281E-002  2.491132166442248E-004
  9.296608815036876E-002  1.548001846382767E-004
  9.412994515287862E-002 -3.751824948451059E-005
  9.285319213693770E-002 -2.088621883364998E-004
  8.986942068943149E-002 -2.535997618522523E-004
  8.682594777425420E-002 -1.368452945933374E-004
  8.537537105169341E-002  8.746766532058165E-005
  8.628104446864651E-002  3.069598234298002E-004
  8.902017589897128E-002  4.123468123329221E-004
  9.209002852524367E-002  3.562747138014801E-004
  9.383852314128487E-002  1.776282651208553E-004
  9.336018273190182E-002 -2.124130584212478E-005
  9.097154213380203E-002 -1.311809987605332E-004
  8.801664957265447E-002 -9.547177221771261E-005
  8.612029753055012E-002  6.050810526295303E-005
  8.630320306864918E-002  2.447121988262696E-004
  8.844039037260674E-002  3.497384721018918E-004
  9.134948590209932E-002  3.115453170964351E-004
  9.344957047725598E-002  1.436226196025907E-004
  9.362363725556203E-002 -7.142373262211527E-005
  9.181428237515758E-002 -2.275098366551331E-004
  8.903522198018592E-002 -2.525296985775474E-004
  8.680313313689476E-002 -1.463289749401474E-004
  8.630789244296355E-002  2.095050835024334E-005
  8.777500674763390E-002  1.484777581183797E-004
  9.036170074574036E-002  1.601307862133442E-004
  9.263306885073261E-002  4.542571128570226E-005
  9.334993694507722E-002 -1.358740046174114E-004
  9.213632407661607E-002 -2.872704854484646E-004
  8.966750278142346E-002 -3.283355209737826E-004
  8.728571105750967E-002 -2.379073769458860E-004
  8.626202394695304E-002 -6.451271040834093E-005
  8.711034514319467E-002  1.010172397674267E-004
  8.932376728122299E-002  1.752473646498188E-004
  9.166813030760033E-002  1.268896709916607E-004
  9.286358847085838E-002 -7.493708047337975E-006
  9.227817718336517E-002 -1.447965281684705E-004
  9.025786353102280E-002 -2.014879621507708E-004
  8.792124231411269E-002 -1.391423477879211E-004
  8.653990634392549E-002  1.525865897894039E-005
  8.684744863399532E-002  1.848037124773154E-004
  8.865229282445046E-002  2.849070895571450E-004
  9.095819283257615E-002  2.689980190396978E-004
  9.251779518464244E-002  1.528504053033714E-004
  9.251175220572334E-002  4.765070778560627E-006
  9.098366024913442E-002 -9.246070305899338E-005
  8.880005497670403E-002 -8.666669396873407E-005
  8.716591656060763E-002  1.600785122203714E-005
  8.696604290826526E-002  1.555928733525412E-004
  8.829185392080888E-002  2.518706627214238E-004
  9.040622516391089E-002  2.483413640217654E-004
  9.215730374018258E-002  1.425643220494174E-004
  9.260914386555917E-002 -1.330288792169732E-005
  9.154396768409531E-002 -1.415047254864730E-004
  8.956666768534173E-002 -1.809796723831857E-004
  8.776233394439073E-002 -1.198139566260786E-004
  8.710033907898980E-002 -4.946100292364832E-007
  8.791208615110423E-002  1.043513837423210E-004
  8.972364762224469E-002  1.320372026900314E-004
  9.152731363477408E-002  6.373006688787385E-005
  9.233701789624786E-002 -6.602922819980457E-005
  9.172184742239330E-002 -1.888901240551696E-004
  9.002933219166553E-002 -2.402149338436037E-004
  8.818339460559133E-002 -1.939369122617203E-004
  8.717412994468587E-002 -7.595758204105524E-005
  8.752118952840152E-002  5.076189129346663E-005
  8.900161943832753E-002  1.208332107155478E-004
  9.078452675734341E-002  1.017121462312940E-004
  9.189216735713622E-002  1.052910895799677E-005
  9.173190619873772E-002 -9.628029978454835E-005
  9.040988718924647E-002 -1.544351534041304E-004
  8.866072908423007E-002 -1.269524085975849E-004
  8.743840402073706E-002 -2.388638826173677E-005
  8.739594788314152E-002  1.037464890721089E-004
  8.853757998731988E-002  1.921131990064481E-004
  9.022826538293943E-002  1.991570190096099E-004
  9.154892601584126E-002  1.268036720883794E-004
  9.179871542092648E-002  1.898835413827331E-005
  9.086988849177143E-002 -6.298746271976792E-005
  8.929481709134572E-002 -7.401428812386007E-005
  8.794579575131525E-002 -9.315709395562671E-006
  8.755649056105386E-002  9.372588951002469E-005
  8.832725511676015E-002  1.766364822427393E-004
  8.982631236423755E-002  1.919800030759278E-004
  9.123480877734801E-002  1.289476445524916E-004
  9.179681170278527E-002  1.867120925214795E-005
  9.122700087452672E-002 -8.324260254532336E-005
  8.985625469356925E-002 -1.270830067054016E-004
  8.844119721061805E-002 -9.563837248867781E-005
  8.774695174943452E-002 -1.271317852929468E-005
  8.813304369530278E-002  7.070219808938489E-005
  8.936645248922725E-002  1.046982927331980E-004
  9.075877643538749E-002  6.757998879862827E-005
  9.154730987792990E-002 -2.279429367815572E-005
  9.130932737480796E-002 -1.193072261567168E-004
  9.018478351645269E-002 -1.715390585747073E-004
  8.879044949278789E-002 -1.530558586119800E-004
  8.787763308342333E-002 -7.524760960729389E-005
  8.792341795843167E-002  1.951675826204184E-005
  8.887782593269557E-002  8.133220781062221E-005
  9.020082595907994E-002  7.981471462132507E-005
  9.116379925319790E-002  2.007569000608905E-005
  9.124744029087471E-002 -6.081827660958278E-005
  9.041900072231802E-002 -1.146228359151675E-004
  8.914109013953288E-002 -1.083709211513951E-004
  8.811223875887496E-002 -4.208499818997711E-005
  8.788456567816190E-002  5.168234459011628E-005
  8.856770156461535E-002  1.259058168779176E-004
  8.977757080251493E-002  1.446572219783075E-004
  9.085321448728516E-002  1.022187387364420E-004
  9.121937995401945E-002  2.551713933952098E-005
  9.069600061993115E-002 -4.113192942979627E-005
  8.958810992713905E-002 -6.038785917424989E-005
  8.851161270974395E-002 -2.200194562492266E-005
  8.805407668380348E-002  5.212479781516638E-005
  8.845713321317773E-002  1.204043519885774E-004
  8.949193256644500E-002  1.444757383152213E-004
  9.059147634445731E-002  1.099726557786813E-004
  9.116348636235126E-002  3.394063644942861E-005
  9.091119963860617E-002 -4.486678346460565E-005
  8.998837784089146E-002 -8.724660199639559E-005
  8.890772530831346E-002 -7.464349878187763E-005
  8.825682136701393E-002 -1.867598235174256E-005
  8.837882068577974E-002  4.584251791320608E-005
  8.919133599008001E-002  8.029796791515187E-005
  9.023894994499657E-002  6.335517125490027E-005
  9.094662863367288E-002  2.282400509093549E-006
  9.093320636672694E-002 -7.142589213202299E-005
  9.021420440982902E-002 -1.194689806881564E-004
  8.918627639916847E-002 -1.175372091076258E-004
  8.840572177162814E-002 -6.817511541054155E-005
  8.828470879990435E-002  1.099049764982567E-006
  8.887109387847950E-002  5.312613471970740E-005
  8.982942639297060E-002  6.134885491087465E-005
  9.062969464445805E-002  2.392579205463729E-005
  9.083783869673123E-002 -3.580222885996006E-005
  9.034894961886025E-002 -8.249103425004595E-005
  8.943802927329231E-002 -8.823365469820188E-005
  8.860421712967111E-002 -4.762706661988686E-005
  8.829659050045210E-002  1.960951622513451E-005
  8.867209431681833E-002  7.965714698545331E-005
  8.951598631936068E-002  1.030507495654200E-004
  9.036483738696083E-002  8.044644074976632E-005
  9.076178900619394E-002  2.722289620048067E-005
  9.050351161117211E-002 -2.536641823605151E-005
  8.974540048697870E-002 -4.745395325419538E-005
  8.891071935694245E-002 -2.673498056215315E-005
  8.845648317481124E-002  2.517532505710317E-005
  8.862540749477749E-002  7.946532690025273E-005
  8.931839793221776E-002  1.060514243281623E-004
  9.015434668096532E-002  8.991472918927546E-005
  9.068142417672734E-002  3.899917713302778E-005
  9.062274778800711E-002 -2.044957496589152E-005
  9.002287322644852E-002 -5.835192147457589E-005
  8.921768223838335E-002 -5.706004658319682E-005
  8.864722343858659E-002 -2.058882298803668E-005
  8.861567392461024E-002  2.804945748057630E-005
  8.912927634350992E-002  5.973972553469566E-005
  8.989849894485306E-002  5.521725529131192E-005
  9.050021599254403E-002  1.538753874526346E-005
  9.060919893876981E-002 -3.946823660572309E-005
  9.017237958988830E-002 -8.096721844298618E-005
  8.943264699087264E-002 -8.808545166743602E-005
  8.879207611695086E-002 -5.836413558699398E-005
  8.859155466693687E-002 -8.879127675259895E-006
  8.892758937122897E-002  3.336018644996523E-005
  8.960472517117633E-002  4.619271132512775E-005
  9.024681335833981E-002  2.417640226539135E-005
  9.050398358677036E-002 -1.881851705795167E-005
  9.024155720923389E-002 -5.752343414820276E-005
  8.960901398689981E-002 -6.921495019194991E-005
  8.895391046155271E-002 -4.603128478835705E-005
  8.863019300418450E-002  9.743110564805025E-007
  8.880657660489476E-002  4.808670262848651E-005
  8.937867114518706E-002  7.191855347452054E-005
  9.003048378490330E-002  6.198718135790230E-005
  9.040925832274241E-002  2.608350247516604E-005
  9.031695578374362E-002 -1.433763331598178E-005
  8.981446590641241E-002 -3.606644460185217E-005
  8.918378095550934E-002 -2.676686286557444E-005
  8.877122911524199E-002  8.523290089620248E-006
  8.879879246148406E-002  5.042616303739140E-005
  8.924619321913643E-002  7.597480803336620E-005
  8.986624256114815E-002  7.112082878968598E-005
  9.032268669733992E-002  3.819693096021689E-005
  9.037370478576746E-002 -5.612156159228687E-006
  9.000093276799651E-002 -3.779830767743496E-005
  8.941521142333288E-002 -4.275553693335100E-005
  8.893822827489969E-002 -2.003865286238743E-005
  8.882638763765519E-002  1.573841556745205E-005
  8.913327563248126E-002  4.315237324163126E-005
  8.968442364248601E-002  4.575093985340220E-005
  9.017595001400742E-002  2.092185322084510E-005
  9.034141780879922E-002 -1.889622678719652E-005
  9.009536361888137E-002 -5.317551016770342E-005
  8.957626541719159E-002 -6.451643392299865E-005
  8.906755508405685E-002 -4.797361259776385E-005
  8.884166418581650E-002 -1.348073154787898E-005
  8.901290614551378E-002  1.980891082270843E-005
  8.947863184437022E-002  3.405423213865057E-005
  8.997886472899838E-002  2.234266701768582E-005
  9.023995577459552E-002 -7.793943912606275E-006
  9.012297344296877E-002 -3.875209392848855E-005
  8.969644716575625E-002 -5.260513052016938E-005
  8.919550022725994E-002 -4.085265841787365E-005
  8.889158329769213E-002 -8.894537378396727E-006
  8.894494548702231E-002  2.709553227317578E-005
  8.931998705299735E-002  4.906704578758374E-005
  8.980813232963118E-002  4.684213139592444E-005
  9.014385932093931E-002  2.342840644716958E-005
  9.014938334885128E-002 -6.896114347579783E-006
  8.982918141682419E-002 -2.655540014143134E-005
  8.936414191568405E-002 -2.427860155377110E-005
  8.901036345912500E-002 -1.106766309154216E-006
  8.895912571134347E-002  3.038172178190008E-005
  8.923451862111889E-002  5.308336245005312E-005
  8.968342622599822E-002  5.471006444948809E-005
  9.006157945457781E-002  3.436034597055474E-005
  9.016734352186094E-002  2.815821122783916E-006
  8.994997114526469E-002 -2.348249292353448E-005
  8.953422269673102E-002 -3.140275936612851E-005
  8.914957926452820E-002 -1.812944215356166E-005
  8.900411377687426E-002  7.545101365813271E-006
  8.917228847713353E-002  3.023619852775780E-005
  8.955713152378343E-002  3.645729905543451E-005
  8.994588354229222E-002  2.192517711532094E-005
  9.012727759645996E-002 -6.252376251865032E-006
  9.000585542165304E-002 -3.359653548898180E-005
  8.965151933650835E-002 -4.619603162857550E-005
  8.925870319115103E-002 -3.819735644220952E-005
  8.903892204027002E-002 -1.480303781897342E-005
  8.910606869353359E-002  1.076039341788220E-005
  8.941665301306073E-002  2.455220037836677E-005
  8.979630218974941E-002  1.947082001849802E-005
  9.003658724482655E-002 -1.040084408276660E-006
  9.000848313012506E-002 -2.506626686404056E-005
  8.973076194136141E-002 -3.884810248453216E-005
  8.935714419594425E-002 -3.428683691897130E-005
  8.909066070385330E-002 -1.325339965148550E-005
  8.907290682267666E-002  1.357355019471438E-005
  8.930857517330004E-002  3.261190476096895E-005
  8.966544841418797E-002  3.474195683573864E-005
  8.994846115663664E-002  2.012277196797965E-005
  9.000638880841307E-002 -2.098670606344386E-006
  8.981283392915891E-002 -1.893294124998034E-005
  8.947816651623766E-002 -2.067368020671943E-005
  8.918723555118173E-002 -6.110353690403601E-006
  8.909792854311051E-002  1.695771409655874E-005
  8.925619153522425E-002  3.609799458876568E-005
  8.957318751956567E-002  4.105391745810099E-005
  8.987580522253853E-002  2.925718076990507E-005
  9.000183497728256E-002  7.084131179856074E-006
  8.988749042569348E-002 -1.374551802846520E-005
  8.960006330701092E-002 -2.258985022716693E-005
  8.929905807817685E-002 -1.559988535041753E-005
  8.914815828311756E-002  2.349903974269211E-006
  8.922656681265684E-002  2.048937390314375E-005
  8.948770356879503E-002  2.811961455177538E-005
  8.978673315599461E-002  2.043113652730048E-005
  8.996075594273198E-002  1.026850680257201E-006
  8.991729941017496E-002 -2.015529923577513E-005
  8.968307505251251E-002 -3.231173221712207E-005
  8.938735278784359E-002 -2.961325113806807E-005
  8.919015556480889E-002 -1.424961232054763E-005
  8.919514483093431E-002  4.916380211328434E-006
  8.939461423430842E-002  1.727537482526187E-005
  8.967575963173428E-002  1.624657570261324E-005
  8.988369908527249E-002  2.761120672623181E-006
  8.990609383925113E-002 -1.538832322296642E-005
  8.973318296165644E-002 -2.790297440898198E-005
  8.946120120476103E-002 -2.761281031512896E-005
  8.923837607222704E-002 -1.431785299938843E-005
  8.918378450232638E-002  5.210049503537664E-006
  8.932347532083489E-002  2.099577910820783E-005
  8.957810090261349E-002  2.529206401500687E-005
  8.980779811854300E-002  1.670478544324669E-005
  8.988897632515090E-002  8.054006885685440E-007
  8.978087461268873E-002 -1.303522049646885E-005
  8.954606536488503E-002 -1.680794718100431E-005
  8.931466228362593E-002 -8.191483841810221E-006
  8.921264078679805E-002  8.282492899296522E-006
  8.929371948631822E-002  2.379769073340265E-005
  8.951159541632457E-002  3.009672486842060E-005
  8.974681109508660E-002  2.393714441927789E-005
  8.987270761374035E-002  8.755935718051784E-006
  8.982405682051135E-002 -7.306816501548900E-006
  8.963118900450624E-002 -1.588881430422888E-005
  8.940178920655162E-002 -1.292055570858610E-005
  8.926117981592377E-002 -7.313064181107280E-007
  8.928416899918831E-002  1.334836447336482E-005
  8.945549643219229E-002  2.106587252040300E-005
  8.967974991095526E-002  1.775013047247439E-005
  8.983447297460868E-002  4.793880149011113E-006
  8.983692991412304E-002 -1.119165544364131E-005
  8.968815043020410E-002 -2.203150468007460E-005
  8.947084170815188E-002 -2.242218065408017E-005
  8.930314944359510E-002 -1.273369497367105E-005
  8.927410176314773E-002  1.307079099768194E-006
  8.939600350620711E-002  1.182231617688092E-005
  8.959922509995265E-002  1.309011678157979E-005
  8.977142121683283E-002  4.601590086889449E-006
  8.981913674344222E-002 -8.762762849683897E-006
  8.971805162615933E-002 -1.947933470262618E-005
  8.952488716963000E-002 -2.151011756874679E-005
  8.934523925318386E-002 -1.355400955903105E-005
  8.927555712336167E-002  3.226645986713935E-007
  8.935113918619719E-002  1.296964864027846E-005
  8.952817265407977E-002  1.806147753303426E-005
  8.970890560520846E-002  1.348714150441876E-005
  8.979553411940527E-002  2.396867316011142E-006
  8.974311667391037E-002 -8.616489474394490E-006
  8.958290323767522E-002 -1.316396815358705E-005
  8.940400352805909E-002 -8.527645078482443E-006
  8.930408401619436E-002  2.924722828834817E-006
  8.933634362873709E-002  1.510545481566625E-005
  8.948152795561209E-002  2.156305444611467E-005
  8.965966242375915E-002  1.897615115750302E-005
  8.977442254083076E-002  8.892263232869678E-006
  8.976553107317897E-002 -3.197082282770666E-006
  8.964068372478876E-002 -1.089538856555661E-005
  8.947010823815156E-002 -1.037118105451037E-005
  8.934739218994978E-002 -2.373726350726675E-006
  8.933839863958412E-002  8.268954454518355E-006
  8.944613074777311E-002  1.535118728050916E-005
  8.961026179667188E-002  1.468718827725333E-005
  8.974094436688534E-002  6.353289027864611E-006
  8.976797178815656E-002 -5.417550426706618E-006
  8.967840787804643E-002 -1.458894767560637E-005
  8.952253722629419E-002 -1.660763663763526E-005
  8.938550152362437E-002 -1.082820919994720E-005
  8.934060251810533E-002 -7.803851982967368E-007
  8.940987655453368E-002  7.825599157643444E-006
  8.955313791826199E-002  1.023419252609794E-005
  8.969089258798982E-002  5.202718468098921E-006
  8.974809760723154E-002 -4.390974291712349E-006
  8.969470286415919E-002 -1.318405545251822E-005
  8.956109776669932E-002 -1.628089136551155E-005
  8.942056810511044E-002 -1.189997711238375E-005
  8.934886448052957E-002 -2.288828229554102E-006
  8.938318154726589E-002  7.556491949023139E-006
  8.950275409181611E-002  1.263418136315899E-005
  8.964116924620132E-002  1.063118113117169E-005
  8.972314664680157E-002  3.112751125546785E-006
  8.970543334142046E-002 -5.408269452657359E-006
  8.959961015476921E-002 -9.979334278693253E-006
  8.946480405616331E-002 -7.906734297687637E-006
  8.937480629656379E-002 -1.808332280429561E-007
  8.937786147530787E-002  9.119945303415947E-006
  8.947102074664634E-002  1.508679674257303E-005
  8.960266741468498E-002  1.464777895855009E-005
  8.970132821486212E-002  8.193959883401778E-006
  8.971469588305990E-002 -6.961565659833113E-007
  8.963756063731307E-002 -7.249737885668519E-006
  8.951374305409354E-002 -8.100210774247231E-006
  8.941146355987570E-002 -3.077141428560232E-006
  8.938596695658446E-002  4.767862266049731E-006
  8.944986091149380E-002  1.088036937481556E-005
  8.956707526614575E-002  1.170465332835538E-005
  8.967327425240507E-002  6.599184628647257E-006
  8.971118821304756E-002 -1.859880403253225E-006
  8.966147188911462E-002 -9.321984001013986E-006
  8.955247512459974E-002 -1.203933544515235E-005
  8.944402880670421E-002 -8.874771488854751E-006
  8.939449904654619E-002 -1.861007876453053E-006
  8.942924470643693E-002  4.964286654941027E-006
  8.952751885043794E-002  7.785199867217436E-006
  8.963456013088231E-002  5.071475644663453E-006
  8.969186570400962E-002 -1.634187621037933E-006
  8.966892914914112E-002 -8.607834774637679E-006
  8.957924312789771E-002 -1.200138257594411E-005
  8.947219843561165E-002 -9.930474646758600E-006
  8.940570774460434E-002 -3.462664686002629E-006
  8.941472262164163E-002  4.008615435814007E-006
  8.949275419127883E-002  8.635970026696620E-006
  8.959615566187695E-002  8.200235155876862E-006
  8.966842869573340E-002  3.272740669828907E-006
  8.967103181491105E-002 -3.153929417165173E-006
  8.960390092307825E-002 -7.338295438166779E-006
  8.950476898476353E-002 -6.836228030959312E-006
  8.942804500428060E-002 -1.806739285375506E-006
  8.941505848460921E-002  5.115766458880992E-006
  8.947192933591820E-002  1.028737478837634E-005
  8.956689674497528E-002  1.104095659243281E-005
  8.964819301259890E-002  7.108630473644604E-006
  8.967241189088700E-002  7.212024420385578E-007
  8.962782839038745E-002 -4.644771660447550E-006
  8.954014595543738E-002 -6.169415746561818E-006
  8.945788652293248E-002 -3.200171916354220E-006
  8.942570517999328E-002  2.439363846529438E-006
  8.946029173798914E-002  7.487140200520092E-006
  8.954185075926496E-002  9.040319373643764E-006
  8.962548224831221E-002  6.125958511639642E-006
  8.966593747560721E-002  1.987882582266412E-007
  8.964210796438304E-002 -5.683668371741990E-006
  8.956800211451928E-002 -8.538105569185172E-006
  8.948451990512413E-002 -7.061656934163613E-006
  8.943683093064114E-002 -2.299760387139649E-006
  8.944986187020972E-002  2.968161376559071E-006
  8.951519125316627E-002  5.768941072380282E-006
  8.959623134883637E-002  4.551190772992217E-006
  8.964855507607340E-002  5.067226825963061E-010
  8.964408924675037E-002 -5.371981518059260E-006
  8.958601191058396E-002 -8.622415253566297E-006
  8.950646464128638E-002 -7.976571149716253E-006
  8.944863488926619E-002 -3.770837052877889E-006
  8.944319183449739E-002  1.765222713298565E-006
  8.949192990156807E-002  5.745792585521092E-006
  8.956733666670540E-002  6.197277755277899E-006
  8.962802449049376E-002  3.103725221179657E-006
  8.964138286649719E-002 -1.626586307252588E-006
  8.960106130285411E-002 -5.235164569782470E-006
  8.952991870023014E-002 -5.627370779564813E-006
  8.946711208182738E-002 -2.498985077796469E-006
  8.944660396443549E-002  2.527305345357427E-006
  8.947887634930934E-002  6.811209887156207E-006
  8.954568644156834E-002  8.138736294238286E-006
  8.961046086246111E-002  5.909653132735742E-006
  8.963841550227729E-002  1.430811045110830E-006
  8.961533513476240E-002 -2.826831351346533E-006
  8.955487662199796E-002 -4.586321653362686E-006
  8.949065650667001E-002 -2.991787868774059E-006
  8.945768570786787E-002  9.569853910630099E-007
  8.947339371841535E-002  4.982879635893426E-006
  8.952851746955619E-002  6.790905497043685E-006
  8.959260252756071E-002  5.314603703818044E-006
  8.963087009266503E-002  1.275062146431337E-006
  8.962311345108795E-002 -3.237389468387395E-006
  8.957436195031462E-002 -5.914579205573218E-006
  8.951169459024948E-002 -5.478606250996974E-006
  8.946918323683604E-002 -2.349712332245511E-006
  8.946933162026756E-002  1.616586402501013E-006
  8.951111767066443E-002  4.163538590948950E-006
  8.957098698760084E-002  3.864506542468267E-006
  8.961602032676869E-002  8.816378075553922E-007
  8.962192524229128E-002 -3.149958013602098E-006
  8.958602760838237E-002 -6.033717617866794E-006
  8.952832576773784E-002 -6.210909076993103E-006
  8.948025732426887E-002 -3.593437811702457E-006
  8.946748350033942E-002  4.137208126000947E-007
  8.949611643976459E-002  3.697701926572223E-006
  8.954977776444327E-002  4.590877609751758E-006
  8.959887961968498E-002  2.761320921935705E-006
  8.961688044459061E-002 -6.362117671826691E-007
  8.959459086136995E-002 -3.616663841083529E-006
  8.954482510340434E-002 -4.458208684076749E-006
  8.949505965989268E-002 -2.633024537553614E-006
  8.947229310486515E-002  9.254317168566098E-007
  8.948844336692810E-002  4.351128090014844E-006
  8.953417385354333E-002  5.869467100302024E-006
  8.958433334689096E-002  4.753469281145235E-006
  8.961185178692446E-002  1.696082023170816E-006
  8.960241714457332E-002 -1.592000973433613E-006
  8.956197781706837E-002 -3.327067188130618E-006
  8.951314396948695E-002 -2.618466858990388E-006
  8.948264034625356E-002  6.704419085272856E-008
  8.948676512712227E-002  3.184624632433404E-006
  8.952275972723538E-002  4.969383084550224E-006
  8.957065003337637E-002  4.398080643293429E-006
  8.960436939200615E-002  1.732124731830089E-006
  8.960597347554798E-002 -1.644322728130948E-006
  8.957519857951352E-002 -3.990616885270751E-006
  8.952927764428156E-002 -4.154616417225763E-006
  8.949329358354181E-002 -2.181885862160371E-006
  8.948646435258026E-002  7.341957155184602E-007
  8.951185570332568E-002  2.922140770557904E-006
  8.955502436164212E-002  3.147965157615352E-006
  8.959216058717209E-002  1.276669994283585E-006
  8.960314864009319E-002 -1.673676662854066E-006
  8.958238737298950E-002 -4.103327593733106E-006
  8.954155739732959E-002 -4.707001078896555E-006
  8.950298625069614E-002 -3.175081276064618E-006
  8.948737513569861E-002 -3.436794802724316E-007
  8.950263208419450E-002  2.277494359652168E-006
  8.953983309591663E-002  3.332551680909321E-006
  8.957836473995683E-002  2.347946871429429E-006
  8.959729589025195E-002 -3.017126578139474E-008
  8.958671040988367E-002 -2.409030791351219E-006
  8.955286960646559E-002 -3.419489682216241E-006
  8.951452520306429E-002 -2.459264556646668E-006
  8.949254137793915E-002 -7.393798231405336E-009
  8.949856487352088E-002  2.652381080881447E-006
  8.952889119695294E-002  4.138803510561262E-006
  8.956674983369671E-002  3.720331348942202E-006
  8.959161650286133E-002  1.697417994199811E-006
  8.959038404653764E-002 -7.802104035773831E-007
  8.956431341449406E-002 -2.351945642630283E-006
  8.952808185410462E-002 -2.186505685309362E-006
  8.950158951073255E-002 -4.215746405941702E-007
  8.949909167996692E-002  1.929427975908423E-006
  8.952158655812455E-002  3.543118002090339E-006
  8.955651724663928E-002  3.509546422071485E-006
  8.958481415304953E-002  1.818835397820614E-006
  8.959133170402668E-002 -6.479548139478794E-007
  8.957296961158860E-002 -2.609702638160569E-006
  8.954012727754473E-002 -3.083421300862094E-006
  8.951082761190998E-002 -1.908246209357496E-006
  8.950082520087145E-002  1.850043313845561E-007
  8.951512524866534E-002  1.987857697482060E-006
  8.954547606676604E-002  2.478775602713040E-006
  8.957508138316149E-002  1.374017527034003E-006
  8.958784921286410E-002 -7.312273221603986E-007
  8.957708898037020E-002 -2.700264688969075E-006
  8.954896115940178E-002 -3.479479338567504E-006
  8.951890977595077E-002 -2.666829462842705E-006
  8.950313764588441E-002 -7.176819992693361E-007
  8.950982841927596E-002  1.316700696158486E-006
  8.953486956836239E-002  2.367918229905159E-006
  8.956430724007430E-002  1.927461442852566E-006
  8.958208021300407E-002  3.098818722442083E-007
  8.957875065861333E-002 -1.534431303891996E-006
  8.955648922256063E-002 -2.547174040454618E-006
  8.952768631822376E-002 -2.138737293191370E-006
  8.950805883393451E-002 -5.005448117466154E-007
  8.950808382020072E-002  1.511062663825141E-006
  8.952742515904434E-002  2.848713512348687E-006
  8.955531355826890E-002  2.842697292187268E-006
  8.957656430049615E-002  1.555052988028505E-006
  8.957987255641216E-002 -2.685304559326578E-007
  8.956385584556899E-002 -1.615514597047337E-006
  8.953761593579206E-002 -1.759660752248008E-006
  8.951561754089550E-002 -6.487063667620874E-007
  8.950975997460586E-002  1.080129910989197E-006
  8.952298358413698E-002  2.458307935599725E-006
  8.954784209608267E-002  2.717064089827879E-006
  8.957072163648382E-002  1.700848293054331E-006
  8.957931930289101E-002 -5.847266777904201E-008
  8.956927460133571E-002 -1.640577068806627E-006
  8.954638131342166E-002 -2.240212159859362E-006
  8.952326470050458E-002 -1.599110762136601E-006
  8.951242422762325E-002 -1.339807256063582E-007
  8.951947338997521E-002  1.303012052712338E-006
  8.954023074517348E-002  1.894824957323676E-006
  8.956316490307920E-002  1.302245440316456E-006
  8.957577153196715E-002 -1.603404471364774E-007
  8.957135918464051E-002 -1.706320160667150E-006
  8.955256465443487E-002 -2.510652468572418E-006
  8.952975614698948E-002 -2.156719915721486E-006
  8.951528268053381E-002 -8.542159548347123E-007
  8.951675792877502E-002  6.856014945528230E-007
  8.953303024094228E-002  1.643475269595697E-006
  8.955496965689788E-002  1.536639395861596E-006
  8.957055699217564E-002  4.728217458903577E-007
  8.957144184035667E-002 -9.201169943598014E-007
  8.955739391649527E-002 -1.844798903158067E-006
  8.953627812972778E-002 -1.770262551938737E-006
  8.951964959394201E-002 -7.157162213444474E-007
  8.951643297567301E-002  7.686570114451488E-007
  8.952814156656080E-002  1.907903453962243E-006
  8.954819450536299E-002  2.124570668077832E-006
  8.956562588164803E-002  1.346458630649769E-006
  8.957109768390960E-002  3.548218731424228E-008
  8.956192059535696E-002 -1.072791908929143E-006
  8.954338439606614E-002 -1.372637337647216E-006
  8.952574639393666E-002 -7.137157007399863E-007
  8.951858769496361E-002  5.260287468206093E-007
  8.952563972409405E-002  1.654893301974745E-006
  8.954287162185565E-002  2.047959823169899E-006
  8.956081317120534E-002  1.484663802762282E-006
  8.956977813645481E-002  2.615052602845581E-007
  8.956510821517744E-002 -9.769605653633023E-007
  8.954959986656619E-002 -1.592235044496135E-006
  8.953185299997619E-002 -1.296106080238311E-006
  8.952151039327805E-002 -2.989634729829831E-007
  8.952402114899828E-002  8.143896728444445E-007
  8.953777034788295E-002  1.409158832812358E-006
  8.955508422266419E-002  1.145939173150079E-006
  8.956649531212089E-002  1.597586436572737E-007
  8.956589952157050E-002 -1.021045555914862E-006
  8.955379818648711E-002 -1.767435236437440E-006
  8.953690627174431E-002 -1.691545964108617E-006
  8.952440580826616E-002 -8.519446148019488E-007
  8.952293369731901E-002  2.862645056893155E-007
  8.953303920765673E-002  1.110373888188517E-006
  8.954900072061812E-002  1.193907484061345E-006
  8.956203874520061E-002  5.233589822223153E-007
  8.956512390073003E-002 -5.028466836623299E-007
  8.955674886281154E-002 -1.298369367321242E-006
  8.954164248027612E-002 -1.410585501685779E-006
  8.952809617098231E-002 -7.639712065596247E-007
  8.952341183193584E-002  3.050395822299584E-007
  8.952996902148623E-002  1.236762038254984E-006
  8.954402794160024E-002  1.554327194661309E-006
  8.955786535732954E-002  1.119363057313418E-006
  8.956402618307983E-002  1.999040683225367E-007
  8.955935122933174E-002 -6.827231360943256E-007
  8.954660596291825E-002 -1.041089100928964E-006
  8.953287337797476E-002 -6.850447683181435E-007
  8.952564041266121E-002  1.807782260143458E-007
  8.952873814009159E-002  1.075039858575720E-006
  8.954033515385286E-002  1.505460815652452E-006
  8.955403197702835E-002  1.235746262446274E-006
  8.956240705812657E-002  4.092009134737975E-007
  8.956105041598725E-002 -5.352210353947016E-007
  8.955089343177380E-002 -1.105194447893981E-006
  8.953760570026870E-002 -1.021638051023682E-006
  8.952843951052222E-002 -3.649835267583217E-007
  8.952827651508798E-002  4.757919558103965E-007
  8.953703038869908E-002  1.020119387657932E-006
  8.954978576654236E-002  9.582946577623902E-007
  8.955954769422211E-002  3.165634790181911E-007
  8.956106564998445E-002 -5.627110540089456E-007
  8.955364315517601E-002 -1.211667438809834E-006
  8.954143146978648E-002 -1.292068647590970E-006
  8.953109492399143E-002 -7.757045591764304E-007
  8.952815966275561E-002  4.615226854322823E-008
  8.953404571163551E-002  7.261944509533200E-007
  8.954537558019221E-002  9.058023808354374E-007
  8.955589139151655E-002  5.071347114017846E-007
  8.955989497838071E-002 -2.303631166479921E-007
  8.955532141126399E-002 -8.858939747663717E-007
  8.954478969375271E-002 -1.088929627971714E-006
  8.953409948835192E-002 -7.194020410154538E-007
  8.952903445517754E-002  3.129552310503807E-008
  8.953223314127194E-002  7.689546302101560E-007
  8.954181926841032E-002  1.112946514657473E-006
  8.955250003263181E-002  9.013096650455997E-007
  8.955849255118389E-002  2.737909073019684E-007
  8.955666125384554E-002 -4.098184077885352E-007
  8.954816477234963E-002 -7.688059970847709E-007
  8.953774880932930E-002 -6.081987044912151E-007
  8.953111113869491E-002 -2.099327601007002E-008
  8.953180014112366E-002  6.674302648251562E-007
  8.953933366189205E-002  1.079718597220539E-006
  8.954953351194785E-002  9.918511855983191E-007
  8.955685369969599E-002  4.517876999662469E-007
  8.955740581600576E-002 -2.511504324552923E-007
  8.955103174087985E-002 -7.468527950526267E-007
  8.954131980167210E-002 -7.856792816703832E-007
  8.953359366255205E-002 -3.707750590553655E-007
  8.953199958843348E-002  2.488581971568753E-007
  8.953728476599662E-002  7.181928333428822E-007
  8.954645600674541E-002  7.707728648618764E-007
  8.955446873735476E-002  3.717558831196690E-007
  8.955699486386864E-002 -2.670612789368262E-007
  8.955275192183894E-002 -8.060115548172400E-007
  8.954414134804534E-002 -9.633970346184958E-007
  8.953588174643295E-002 -6.666144586712816E-007
  8.953241368898048E-002 -8.744354570055605E-008
  8.953550293418265E-002  4.554520902287438E-007
  8.954333521437466E-002  6.716033631515137E-007
  8.955156478883929E-002  4.552325481188675E-007
  8.955571327968484E-002 -6.115800108801373E-008
  8.955359585582291E-002 -5.831891997813482E-007
  8.954646148713867E-002 -8.172458958975843E-007
  8.953825405533315E-002 -6.297458761465441E-007
  8.953342883892265E-002 -1.169074518205524E-007
  8.953453251848714E-002  4.510958069945445E-007
  8.954086047741416E-002  7.790711176127597E-007
  8.954889799552605E-002  7.065426695700947E-007
  8.955427365279328E-002  2.916736649264083E-007
  8.955414006227067E-002 -2.246192549054907E-007
  8.954868588766650E-002 -5.527161488565256E-007
  8.954097710044694E-002 -5.121529691036164E-007
  8.953524426871562E-002 -1.274284574231000E-007
  8.953457133068767E-002  3.889379409939365E-007
  8.953924749057936E-002  7.548481442755110E-007
  8.954666175567945E-002  7.726042566414849E-007
  8.955276868795088E-002  4.344492536894726E-007
  8.955430326451644E-002 -7.654701173102460E-008
  8.955053260746912E-002 -4.888099181177888E-007
  8.954360533550755E-002 -5.905287303022200E-007
  8.953733544190989E-002 -3.428093864705370E-007
  8.953510765721294E-002  1.028512989286184E-007
  8.953805389965849E-002  4.904432151141891E-007
  8.954448248563690E-002  6.002821795658300E-007
  8.955084578433886E-002  3.675768090176841E-007
  8.955369429915774E-002 -8.503165635191129E-008
  8.955154162414138E-002 -5.169844183072892E-007
  8.954563282324682E-002 -7.018854982302978E-007
  8.953922073149030E-002 -5.495331679140911E-007
  8.953576931543226E-002 -1.520654673339476E-007
  8.953707602700200E-002  2.693423480968244E-007
  8.954233058179147E-002  4.865482385036954E-007
  8.954860211008668E-002  3.879620572949117E-007
  8.955246467655405E-002  3.665567890994166E-008
  8.955186057982685E-002 -3.671633663329207E-007
  8.954718883272267E-002 -5.972353930622117E-007
  8.954104417897500E-002 -5.244162494800389E-007
  8.953677279062004E-002 -1.850527226791692E-007
  8.953664799028303E-002  2.414287346954112E-007
  8.954066009415357E-002  5.319269131808147E-007
  8.954656381430441E-002  5.408668256257684E-007
  8.955113433239130E-002  2.772257125109277E-007
  8.955193007801165E-002 -1.034662428426846E-007
  8.954859905504646E-002 -3.862415169781531E-007
  8.954303033913366E-002 -4.143206397023576E-007
  8.953829013128388E-002 -1.730325964937910E-007
  8.953694052408966E-002  2.047589508485619E-007
  8.953966208303614E-002  5.132117013922558E-007
  8.954491993398274E-002  5.862250518267624E-007
  8.954983475840143E-002  3.866279059282991E-007
  8.955176516531636E-002  2.400852154903727E-008
  8.954973211919592E-002 -3.071466063715121E-007
  8.954491762857725E-002 -4.340663061468523E-007
  8.953998498586828E-002 -2.985546626219964E-007
  8.953761014964276E-002  1.388465396179477E-008
  8.953903349092490E-002  3.232312513623564E-007
  8.954341514746617E-002  4.543696870927570E-007
  8.954832793669279E-002  3.320171832210892E-007
  8.955110009546942E-002  1.986806847711828E-008
  8.955026560794256E-002 -3.162027372478556E-007
  8.954633538534269E-002 -4.995714780898936E-007
  8.954148457239390E-002 -4.384575878592896E-007
  8.953834519353628E-002 -1.738815776866297E-007
  8.953857393466713E-002  1.450760148551090E-007
  8.954197414515874E-002  3.439819233651181E-007
  8.954663686903258E-002  3.179006459590407E-007
  8.955000574954515E-002  8.684317797052776E-008
  8.955027252338039E-002 -2.174573548985636E-007
  8.954734191226935E-002 -4.250146039325041E-007
  8.954285177937761E-002 -4.204314480941604E-007
  8.953925509715370E-002 -2.045167630401463E-007
  8.953847778726852E-002  1.080927946987206E-007
  8.954088648052456E-002  3.528439170702211E-007
  8.954511898904866E-002  4.050003111559507E-007
  8.954885327390782E-002  2.461765505536419E-007
  8.955008149373822E-002 -2.789154455363088E-008
  8.954819044439731E-002 -2.614512606288882E-007
  8.954426737244946E-002 -3.242875400513688E-007
  8.954048001847825E-002 -1.818494497990281E-007
  8.953888345468380E-002  8.771439029229059E-008
  8.954030991480497E-002  3.378506752772149E-007
  8.954394078154530E-002  4.341277943400963E-007
  8.954777972256460E-002  3.267534232690731E-007
  8.954975432693045E-002  7.599275297551062E-008
  8.954883856490849E-002 -1.823975785161352E-007
  8.954558835736447E-002 -3.119116249246219E-007
  8.954181132523333E-002 -2.490328525605266E-007
  8.953956541930583E-002 -3.609481621982105E-008
  8.954004065838307E-002  2.037550097360124E-007
  8.954293120608452E-002  3.348653639697548E-007
  8.954662848032865E-002  2.828978828352335E-007
  8.954911563309506E-002  7.410149711926455E-008
  8.954906645205275E-002 -1.805737978301091E-007
  8.954655031063144E-002 -3.469144200847432E-007
  8.954296900941970E-002 -3.403527433513739E-007
  8.954027387235290E-002 -1.706913037687580E-007
  8.953990000440400E-002  6.503323509094473E-008
  8.954199957930370E-002  2.367242961402535E-007
  8.954538347255814E-002  2.522546146704508E-007
  8.954818971988268E-002  1.066064061690359E-007
  8.954890367071133E-002 -1.170607289745962E-007
  8.954717134583784E-002 -2.941015610588572E-007
  8.954396972390423E-002 -3.266871759447045E-007
  8.954105369739387E-002 -1.963573168623760E-007
  8.953999230146061E-002  2.732509669901456E-008
  8.954132327799860E-002  2.258936323619854E-007
  8.954428123193688E-002  2.968277023650007E-007
  8.954723586602219E-002  2.085729560592956E-007
  8.954859005158775E-002  1.614946232986679E-008
  8.954764331231724E-002 -1.703639386346543E-007
  8.954495415177166E-002 -2.465409384385256E-007
  8.954201444451321E-002 -1.701213242141480E-007
  8.954042479097697E-002  1.717741935175681E-008
  8.954102626319194E-002  2.137136563979256E-007
  8.954345914760839E-002  3.139796836924115E-007
  8.954637955503882E-002  2.657420627071738E-007
  8.954820454346758E-002  9.732691965674525E-008
  8.954797282349107E-002 -9.916228996924340E-008
  8.954585320846062E-002 -2.188012742221427E-007
  8.954303221502688E-002 -2.007750823782994E-007
  8.954105311112526E-002 -6.037106367468781E-008
  8.954097418080441E-002  1.208114531039749E-007
  8.954280499463753E-002  2.403610361151662E-007
  8.954552057105152E-002  2.309801942384898E-007
  8.954763508608378E-002  9.638001065533015E-008
  8.954801436758035E-002 -9.191269065093271E-008
  8.954648313614540E-002 -2.343899451797907E-007
  8.954390221886165E-002 -2.578121310363103E-007
  8.954168374934866E-002 -1.542562170800226E-007
  8.954101705116319E-002  1.588148919271298E-008
  8.954222940359774E-002  1.578843481859150E-007
  8.954462506637768E-002  1.946346256264739E-007
  8.954688081781069E-002  1.080286322646435E-007
  8.954777369749795E-002 -5.232690486807514E-008
  8.954684104214151E-002 -1.972371728393013E-007
  8.954461692938080E-002 -2.469619642467399E-007
  8.954232491897397E-002 -1.742540372268760E-007
  8.954120338674149E-002 -1.821433391509156E-008
  8.954183528509918E-002  1.379964603608034E-007
  8.954384489747715E-002  2.128656981260385E-007
  8.954611888160795E-002  1.704952789181170E-007
  8.954742230948091E-002  3.907355211801736E-008
  8.954706907852146E-002 -1.056671840693568E-007
  8.954528294608131E-002 -1.824060941065441E-007
  8.954305956005829E-002 -1.484280240650115E-007
  8.954161336398371E-002 -2.209976661350974E-008
  8.954171632056063E-002  1.281340217979162E-007
  8.954328825976261E-002  2.216642180891350E-007
  8.954545585944101E-002  2.095297187095264E-007
  8.954703968911264E-002  1.003146043488222E-007
  8.954719788194797E-002 -4.555134225221400E-008
  8.954587526854151E-002 -1.494216124592454E-007
  8.954381855642005E-002 -1.572806289523369E-007
  8.954215736675636E-002 -6.845760190428169E-008
  8.954178584764741E-002  6.506634229467226E-008
  8.954288314800107E-002  1.678367057039946E-007
  8.954482964856761E-002  1.822725649467550E-007
  8.954655696231446E-002  9.958200711694282E-008
  8.954713430993114E-002 -3.629195813140742E-008
  8.954626962634925E-002 -1.533347014705107E-007
  8.954445583522232E-002 -1.908619112841618E-007
  8.954268970143892E-002 -1.320709451441776E-007
  8.954192328122534E-002 -1.225775609741378E-008
  8.954254971678348E-002  1.012948972714748E-007
  8.954420096189504E-002  1.463508537095768E-007
  8.954596111524163E-002  9.932389357544213E-008
  8.954687224573785E-002 -1.266803763611292E-008
  8.954645360871179E-002 -1.274216170427584E-007
  8.954495306488200E-002 -1.819768754129216E-007
  8.954319961051718E-002 -1.467344382997506E-007
  8.954214418035206E-002 -4.090354989064588E-008
  8.954234294310061E-002  7.873458338306818E-008
  8.954366372741709E-002  1.491772629224652E-007
  8.954537029905407E-002  1.353322443757689E-007
  8.954653190419128E-002  4.841430350812232E-008
  8.954653047224533E-002 -6.105409249262555E-008
  8.954538923754257E-002 -1.313788685723108E-007
  8.954374827181280E-002 -1.233502680296782E-007
  8.954250669414870E-002 -4.110390107405186E-008
  8.954233131373138E-002  7.086599182166693E-008
  8.954330003940436E-002  1.524858290432502E-007
  8.954487051173279E-002  1.608654207912841E-007
  8.954618492268192E-002  9.317016999969086E-008
  8.954653988184175E-002 -1.258977928588318E-008
  8.954576404818511E-002 -9.887241750656763E-008
  8.954430090740047E-002 -1.200789088337462E-007
  8.954295735867317E-002 -6.697349378781246E-008
  8.954246032454659E-002  2.903308783930295E-008
  8.954306484304683E-002  1.136805110371378E-007
  8.954442474511566E-002  1.396966193900519E-007
  8.954579103904931E-002  9.230686624737822E-008
  8.954642460444019E-002 -3.309317890362459E-009
  8.954599593524022E-002 -9.631823626599267E-008
  8.954475587870010E-002 -1.381504993109483E-007
  8.954338921858578E-002 -1.086826544766832E-007
  8.954263618571394E-002 -2.654951215921582E-008
  8.954289097522267E-002  6.169771088977241E-008
  8.954399492646677E-002  1.073288684264399E-007
  8.954533267071287E-002  8.586573629879004E-008
  8.954617362073015E-002  9.891673852988469E-009
  8.954606949229912E-002 -7.843940644740018E-008
  8.954509172895385E-002 -1.307661834519794E-007
  8.954378332077695E-002 -1.188200510436601E-007
  8.954285636303161E-002 -4.937668986952165E-008
  8.954280369590784E-002  4.002226227832183E-008
  8.954363634449318E-002  1.019085051469815E-007
  8.954488649773711E-002  1.047071582494831E-007
  8.954586950570134E-002  4.947663127775495E-008
  8.954605834637167E-002 -3.131965440899243E-008
  8.954536586761130E-002 -9.201117709398655E-008
  8.954418379440916E-002 -9.872595258095268E-008
  8.954316189197874E-002 -4.754640583198250E-008
  8.954285157858696E-002  3.388317581909893E-008
  8.954340932836717E-002  1.018628143073281E-007
  8.954451924329758E-002  1.205513456595737E-007
  8.954557264048180E-002  8.119501826729181E-008
  8.954600273625653E-002  6.353096559201949E-009
  8.954559047296026E-002 -6.288845686070497E-008
  8.954457654814868E-002 -8.948255469853602E-008
  8.954352261397536E-002 -6.037578479902939E-008
  8.954300138681487E-002  6.895687627043995E-009
  8.954328650602597E-002  7.429014006120328E-008
  8.954420995865441E-002  1.042585359317920E-007
  8.954526111863721E-002  8.009224903783457E-008
  8.954586934782667E-002  1.462113834990163E-008
  8.954571385745226E-002 -5.723056230516984E-008
  8.954489266701152E-002 -9.770587315587757E-008
  8.954386184446646E-002 -8.665523859840030E-008
  8.954318214844319E-002 -3.207511925538630E-008
  8.954321371719295E-002  3.477294104932755E-008
  8.954392496005185E-002  7.673575077904916E-008
  8.954491694349154E-002  7.100227939522778E-008
  8.954564609220411E-002  2.119628601356256E-008
  8.954572103920348E-002 -4.506518629821480E-008
  8.954511163337765E-002 -9.155789099712499E-008
  8.954415863659845E-002 -9.321657270304595E-008
  8.954338254524255E-002 -4.950487745947947E-008
  8.954319868939165E-002  1.572758687829828E-008
  8.954369449382303E-002  6.757477357987533E-008
  8.954458826969941E-002  7.913526904575928E-008
  8.954538847772710E-002  4.588658460996210E-008
  8.954566358315952E-002 -1.231710177681048E-008
  8.954527444577758E-002 -6.247467481408310E-008
  8.954444419627407E-002 -7.657338198004047E-008
  8.954363079451551E-002 -4.668823773856879E-008
  8.954327487321138E-002  1.106945553820568E-008
  8.954356160922983E-002  6.568585857385194E-008
  8.954432521072041E-002  8.827763184149443E-008
  8.954514506554764E-002  6.766275937119064E-008
  8.954557798653318E-002  1.607165680066059E-008
  8.954539837709913E-002 -3.790907119187301E-008
  8.954471622438966E-002 -6.510620526017947E-008
  8.954391133618621E-002 -5.154935095854717E-008
  8.954342280246161E-002 -5.736908537151024E-009
  8.954351027655119E-002  4.639481166738682E-008
  8.954411676355470E-002  7.584925083491422E-008
  8.954490528310502E-002  6.634101514771912E-008
  8.954544635629814E-002  2.290077148853999E-008
  8.954545208471097E-002 -3.121085872186072E-008
  8.954492930564718E-002 -6.739556255262645E-008
  8.954417045030762E-002 -6.725985233361580E-008
  8.954359005060651E-002 -3.235016023655495E-008
  8.954349820931855E-002  1.707865082008223E-008
  8.954393476802502E-002  5.339149500344044E-008
  8.954465277797660E-002  5.668122018056121E-008
  8.954525745669413E-002  2.541159661236430E-008
  8.954542256885170E-002 -2.308141994221272E-008
  8.954506572011554E-002 -6.231415267895565E-008
  8.954438847424985E-002 -7.115475026823003E-008
  8.954376208396161E-002 -4.516404202143227E-008
  8.954352351605070E-002  1.300508731980252E-009
  8.954379379386283E-002  4.318589657154484E-008
  8.954441653435652E-002  5.847837421097817E-008
  8.954504771364723E-002  4.003695195424548E-008
  8.954534529516177E-002 -8.413093846433848E-010
  8.954515427069869E-002 -4.089964191996822E-008
  8.954458707739238E-002 -5.775175023913606E-008
  8.954395781252848E-002 -4.200342661917148E-008
  8.954360854359709E-002 -2.119116474704885E-009
  8.954372368824151E-002  4.046644824389980E-008
  8.954423312023604E-002  6.316696213745203E-008
  8.954485478974830E-002  5.447125929084622E-008
  8.954525121950825E-002  1.995534172928537E-008
  8.954521309673712E-002 -2.105807002580395E-008
  8.954477012373599E-002 -4.621199376796474E-008
  8.954417049400007E-002 -4.226710385838335E-008
  8.954374252818890E-002 -1.209150013958076E-008
  8.954371551475322E-002  2.719800468555886E-008
  8.954409744939675E-002  5.377343417850055E-008
  8.954467477509456E-002  5.300904615948673E-008
  8.954513200919544E-002  2.527999246798666E-008
  8.954522431477152E-002 -1.449806160417056E-008
  8.954490866348364E-002 -4.518732573641802E-008
  8.954436338609827E-002 -5.095888703358435E-008
  8.954388759508353E-002 -2.973851069471103E-008
  8.954373711945024E-002  5.944874286936718E-009
  8.954398689678746E-002  3.602603829073797E-008
  8.954449378947700E-002  4.391507395954638E-008
  8.954497808755058E-002  2.542224620563146E-008
  8.954517740429983E-002 -9.194772605201920E-009
  8.954498835618108E-002 -4.104213578389494E-008
  8.954451959192621E-002 -5.297008253809208E-008
  8.954402911544204E-002 -3.882125574843301E-008
  8.954378195321866E-002 -6.563821496627348E-009
  8.954390665054211E-002  2.627308157016866E-008
  8.954432826402862E-002  4.224985435176620E-008
  8.954481269217296E-002  3.343766415804371E-008
  8.954509629925748E-002  5.517514485087676E-009
  8.954502911914992E-002 -2.556182817544451E-008
  8.954465390334454E-002 -4.242059916787171E-008
  8.954417942777210E-002 -3.569594572796273E-008
  8.954386445590815E-002 -8.977024775360092E-009
  8.954387679470406E-002  2.336015613387624E-008
  8.954420416579877E-002  4.411593932157425E-008
  8.954466416049453E-002  4.261285621219528E-008
  8.954500606143535E-002  2.034211639857521E-008
  8.954504774037196E-002 -1.007576923202100E-008
  8.954477291219445E-002 -3.193007401903857E-008
  8.954433685679170E-002 -3.353896843208476E-008
  8.954397920534952E-002 -1.447607231858024E-008
  8.954389269898229E-002  1.441103386835338E-008
  8.954411974599789E-002  3.708541170843489E-008
  8.954453223527320E-002  4.110314655334796E-008
  8.954490399009726E-002  2.429132856850656E-008
  8.954503494757499E-002 -4.253207923428543E-009
  8.954485891720450E-002 -2.928029013448228E-008
  8.954447691655322E-002 -3.773706342435867E-008
  8.954409942240908E-002 -2.577527943605293E-008
  8.954393046740008E-002 -6.490616254364317E-010
  8.954405736943991E-002  2.342877370090604E-008
  8.954440565448903E-002  3.311768721837148E-008
  8.954478235753320E-002  2.316197720084161E-008
  8.954498263858252E-002 -9.065155102350633E-010
  8.954490085529705E-002 -2.595482264558765E-008
  8.954458591025613E-002 -3.849160129773737E-008
  8.954421195492333E-002 -3.197243527534050E-008
  8.954398186544324E-002 -1.021377994508100E-008
  8.954401695922601E-002  1.485983519156276E-008
  8.954429287789159E-002  2.981184978859760E-008
  8.954465547505328E-002  2.698396485866414E-008
  8.954490663324619E-002  8.523548450077553E-009
  8.954491228352153E-002 -1.497031810786552E-008
  8.954467377006790E-002 -3.034970081959707E-008
  8.954432462336109E-002 -2.909117930213022E-008
  8.954405586641047E-002 -1.183445999573533E-008
  8.954401159019633E-002  1.212122967185621E-008
  8.954421184980424E-002  2.999768231465805E-008
  8.954454409579692E-002  3.250603374032725E-008
  8.954482651081856E-002  1.879973774572234E-008
  8.954490765289237E-002 -3.230242746952384E-009
  8.954474782013157E-002 -2.139146595286991E-008
  8.954443845062794E-002 -2.586945350349124E-008
  8.954415020651729E-002 -1.449492813453166E-008
  8.954403915145721E-002  6.225020372984836E-009
  8.954416256190370E-002  2.479140140509384E-008
  8.954444974730812E-002  3.103252903876431E-008
  8.954474265155293E-002  2.158987571226768E-008
  8.954488297776513E-002  1.617438887685738E-009
  8.954479783565569E-002 -1.815519014276958E-008
  8.954453759703923E-002 -2.732159088334469E-008
  8.954424636018078E-002 -2.141303083682721E-008
  8.954408224962754E-002 -4.196454200112192E-009
  8.954413160259810E-002  1.452580233665915E-008
  8.954436358658774E-002  2.434057317247841E-008
  8.954464905607036E-002  1.987770359783835E-008
  8.954483225772672E-002  3.629500829520335E-009
  8.954481560892617E-002 -1.553757248659067E-008
  8.954461143563530E-002 -2.729421380229919E-008
  8.954433328571045E-002 -2.546203673736093E-008
  8.954413263405611E-002 -1.127934615538107E-008
  8.954411623588160E-002  7.404729902386370E-009
  8.954428920357203E-002  2.049653918409289E-008
  8.954455413114507E-002  2.115645558686426E-008
  8.954476570375025E-002  9.433792702660327E-009
  8.954481021840104E-002 -7.894022454216752E-009
  8.954466652836306E-002 -2.112058497298278E-008
  8.954441577870163E-002 -2.292480412797001E-008
  8.954419561166783E-002 -1.229660914606684E-008
  8.954412464669244E-002  5.024676039279406E-009
  8.954423864665589E-002  1.977231947134118E-008
  8.954447269361017E-002  2.422380458150352E-008
  8.954469816813196E-002  1.634400885776117E-008
  8.954479351098425E-002  7.755292334320253E-010
  8.954470985548085E-002 -1.380124351005028E-008
  8.954449611351552E-002 -1.944267254638123E-008
  8.954427069155635E-002 -1.322811122246291E-008
  8.954415612726949E-002  1.252363308709474E-009
  8.954421269916785E-002  1.596195384038636E-008
  8.954440695100170E-002  2.285038315790009E-008
  8.954463151669725E-002  1.821373818585261E-008
  8.954476457117097E-002  4.623104472328220E-009
  8.954473600738913E-002 -1.057680496207936E-008
  8.954456440862432E-002 -1.932348951138310E-008
  8.954434535095632E-002 -1.720546696338741E-008
  8.954419826487939E-002 -5.774642784434960E-009
  8.954420137394867E-002  8.410673772651316E-009
  8.954435013401697E-002  1.743363804519127E-008
  8.954456122618931E-002  1.633388227092333E-008
  8.954471910086324E-002  5.742380526319795E-009
  8.954473910221974E-002 -8.558622712577739E-009
  8.954461271117325E-002 -1.885581613424000E-008
  8.954441075700266E-002 -1.971149607842408E-008
  8.954424363642471E-002 -1.086240352361933E-008
  8.954420085894800E-002  2.733581109515045E-009
  8.954430301093452E-002  1.367545818945937E-008
  8.954449189969810E-002  1.616657390777102E-008
  8.954466350449303E-002  9.118173599448716E-009
  8.954472511390965E-002 -3.352642181664997E-009
  8.954464528666023E-002 -1.425167388522175E-008
  8.954446973555655E-002 -1.755062673225328E-008
  8.954429516992102E-002 -1.143681395120175E-008
  8.954421602669579E-002  7.780223756678749E-010
  8.954427341395060E-002  1.253845644246931E-008
  8.954443385149513E-002  1.764670234379282E-008
  8.954460876097189E-002  1.360430624939382E-008
  8.954470340678974E-002  2.891058126049914E-009
  8.954466826292902E-002 -8.472599250351694E-009
  8.954452496758486E-002 -1.425149337611443E-008
  8.954435329210929E-002 -1.137541045572429E-008
  8.954424689589877E-002 -1.542832824509647E-009
  8.954426238447069E-002  9.786210884931358E-009
  8.954438935832923E-002  1.641495935818900E-008
  8.954455727082192E-002  1.477839040952395E-008
  8.954467470428094E-002  5.826308310587493E-009
  8.954467921404843E-002 -5.570509591378620E-009
  8.954457057574819E-002 -1.332414181358691E-008
  8.954440975332573E-002 -1.344150140775299E-008
  8.954428477987789E-002 -6.141351283933864E-009
  8.954426262396886E-002  4.346856561555750E-009
  8.954435334451379E-002  1.215045740687714E-008
  8.954450570204901E-002  1.296617240378509E-008
  8.954463601954406E-002  6.363789380523443E-009
  8.954467406213922E-002 -4.048883933236204E-009
  8.954460079657629E-002 -1.264963541790951E-008
  8.954445774941305E-002 -1.487874249466092E-008
  8.954432342519841E-002 -9.684904700631091E-009
  8.954427015278632E-002 -2.847413750510137E-011
  8.954432507078566E-002  8.794388753856683E-009
  8.954445628531786E-002  1.205961841958966E-008
  8.954459122434535E-002  8.159081318781611E-009
  8.954465666217969E-002 -5.892641905128700E-010
  8.954461835710291E-002 -9.271106226974619E-009
  8.954449886207111E-002 -1.308625896230194E-008
  8.954436427482813E-002 -9.947654762194261E-009
  8.954428767065266E-002 -1.564513982381807E-009
  8.954430943439795E-002  7.548513781545127E-009
  8.954441601259662E-002  1.256191508666305E-008
  8.954454824199787E-002  1.094641429327598E-008
  8.954463420159472E-002  3.795464049998397E-009
  8.954462835950551E-002 -4.836441454718079E-009
  8.954453571700560E-002 -1.018483816490418E-008
  8.954440816336860E-002 -9.368292347031536E-009
  8.954431552762936E-002 -2.913942102677163E-009
  8.954430745837452E-002  5.590156473816678E-009
  8.954438692727928E-002  1.149315408210600E-008
  8.954450947839812E-002  1.161833882691534E-008
  8.954460815374291E-002  5.956194918737172E-009
  8.954463013407941E-002 -2.386953469534163E-009
  8.954456505304002E-002 -8.924766529743521E-009
  8.954444981842988E-002 -1.024092903139285E-008
  8.954434776631594E-002 -5.814652164714137E-009
  8.954431390160519E-002  1.754442503056061E-009
  8.954436528984015E-002  8.214034034865940E-009
  8.954447252533490E-002  9.993860285301439E-009
  8.954457650246796E-002  6.128098235376484E-009
  8.954462094781970E-002 -1.267274573402407E-009
  8.954458281933676E-002 -8.193813184458764E-009
  8.954448416350683E-002 -1.096678977392007E-008
  8.954437935744664E-002 -8.201560063815224E-009
  8.954432509371431E-002 -1.519252867949562E-009
  8.954434966718973E-002  5.386357698174103E-009
  8.954443819494320E-002  8.785611711910870E-009
  8.954454147165239E-002  6.930929549587455E-009
  8.954460323210428E-002  9.644924647608945E-010
  8.954459072930289E-002 -5.754913061253736E-009
  8.954451202164851E-002 -9.512370525304206E-009
  8.954441086103124E-002 -8.255939950918592E-009
  8.954434236169585E-002 -2.678879015491087E-009
  8.954434297008891E-002  4.203368309291672E-009
  8.954441108965298E-002  8.724813094193485E-009
  8.954450864714605E-002  8.561725690781798E-009
  8.954458236597593E-002  3.962499571472564E-009
  8.954459287185260E-002 -2.436689345118059E-009
  8.954453573766416E-002 -7.084470341474920E-009
  8.954444322974929E-002 -7.454453999336943E-009
  8.954436616750271E-002 -3.394518720081295E-009
  8.954434607936285E-002  2.833973997747064E-009
  8.954439290044236E-002  7.824057734793302E-009
  8.954448017683350E-002  8.887953776334055E-009
  8.954456004800185E-002  5.498731159006442E-009
  8.954458953520715E-002 -4.634278735840724E-010
  8.954455370302161E-002 -5.771558782874643E-009
  8.954447321965195E-002 -7.621030477422050E-009
  8.954439251376865E-002 -5.137185684505600E-009
  8.954435529459870E-002  1.893355002327260E-010
  8.954438091440765E-002  5.355232511203184E-009
  8.954445434754811E-002  7.499910905469524E-009
  8.954453495650956E-002  5.452978134131584E-009
  8.954457895459099E-002  3.384681719034286E-010
  8.954456315793985E-002 -5.073775463551719E-009
  8.954449715135189E-002 -7.895513794824130E-009
  8.954441749923844E-002 -6.683683910792973E-009
  8.954436746582485E-002 -2.193485894783759E-009
  8.954437348524381E-002  3.071486882774779E-009
  8.954443117298909E-002  6.246413292063780E-009
  8.954450827115883E-002  5.661819384068500E-009
  8.954456262079495E-002  1.724218484500440E-009
  8.954456515904356E-002 -3.343157034989956E-009
  8.954451540491926E-002 -6.738140100234632E-009
  8.954444119341909E-002 -6.608056099932269E-009
  8.954438309291529E-002 -3.036365004544958E-009
  8.954437222027382E-002  2.036382704237330E-009
  8.954441357944479E-002  5.894878957330033E-009
  8.954448383654960E-002  6.530579648451176E-009
  8.954454446850786E-002  3.713486834105063E-009
  8.954456288666489E-002 -9.180881687440724E-010
  8.954452995854546E-002 -4.780140202366889E-009
  8.954446451373636E-002 -5.759994435135797E-009
  8.954440263650515E-002 -3.351838219110918E-009
  8.954437781994486E-002  1.098480136878646E-009
  8.954440288878944E-002  5.155399352386850E-009
  8.954446343947015E-002  6.631469211347583E-009
  8.954452613408198E-002  4.766537839438259E-009
  8.954455708613640E-002  6.131884757092322E-010
  8.954454020354310E-002 -3.565479636206962E-009
  8.954448556470794E-002 -5.541658790282805E-009
  8.954442347990400E-002 -4.326297459972352E-009
  8.954438771579731E-002 -6.798857416894390E-010
  8.954439716029208E-002  3.332956549998120E-009
  8.954444587728733E-002  5.486357030161623E-009
  8.954450677743421E-002  4.602198911115202E-009
  8.954454666706047E-002  1.169813717508754E-009
  8.954454432230004E-002 -2.948105171796536E-009
  8.954450175296270E-002 -5.547404696754190E-009
  8.954444268733025E-002 -5.280256596811272E-009
  8.954439933384510E-002 -2.367698588073831E-009
  8.954439479924731E-002  1.549613174514238E-009
  8.954443075651676E-002  4.325741259023896E-009
  8.954448693811483E-002  4.480018477388698E-009
  8.954453251008150E-002  1.985721603333272E-009
  8.954454295305310E-002 -1.742796072601050E-009
  8.954451321440472E-002 -4.642715508321227E-009
  8.954446008404005E-002 -5.131801156694734E-009
  8.954441270746072E-002 -2.956731040721420E-009
  8.954439658849239E-002  6.931581138326890E-010
  8.954441985773465E-002  3.854723974441926E-009
  8.954446919467980E-002  4.866151865963695E-009
  8.954451743152662E-002  3.259176529801526E-009
  8.954453850853988E-002 -1.094115761493789E-011
  8.954452155309238E-002 -3.109833491744843E-009
  8.954447648076466E-002 -4.333914989642951E-009
  8.954442824461022E-002 -3.030674670360001E-009
  8.954440305404442E-002  6.695053944711462E-011
  8.954441416849164E-002  3.262235483230853E-009
  8.954445496045733E-002  4.830248486566367E-009
  8.954450286715318E-002  3.951639377841239E-009
  8.954453189135855E-002  1.139411772954602E-009
  8.954452672963281E-002 -2.062877505996686E-009
  8.954449085339831E-002 -3.934746891034579E-009
  8.954444428221638E-002 -3.512192872340526E-009
  8.954441244464402E-002 -1.094379728361121E-009
  8.954441231857156E-002  1.942620902728803E-009
  8.954444340050130E-002  3.911413590591613E-009
  8.954448830085236E-002  3.733198680677617E-009
  8.954452246527406E-002  1.511386957838690E-009
  8.954452759330017E-002 -1.545099281095118E-009
  8.954450142545127E-002 -3.795356161903304E-009
  8.954445867029071E-002 -4.061429452011867E-009
  8.954442273354041E-002 -2.256356373245934E-009
  8.954441289440229E-002  5.895457169107731E-010
  8.954443395178856E-002  2.907228976864960E-009
  8.954447389695190E-002  3.448073493366045E-009
  8.954451072340062E-002  1.953593193206027E-009
  8.954452452047097E-002 -7.231692530090834E-010
  8.954450820928578E-002 -3.100098442602722E-009
  8.954447113715396E-002 -3.880090698285219E-009
  8.954443371751108E-002 -2.650133232427189E-009
  8.954441618107478E-002 -8.922151815454106E-011
  8.954442763352576E-002  2.418336074320365E-009
  8.954446133467669E-002  3.544036243021130E-009
  8.954449863846900E-002  2.732010316303688E-009
  8.954451930187966E-002  4.845568715006363E-010
  8.954451246711477E-002 -1.930114076829832E-009
  8.954448236244303E-002 -3.179082762224743E-009
  8.954444573471276E-002 -2.587876888535807E-009
  8.954442255561239E-002 -4.938707887315380E-010
  8.954442515466611E-002  1.954474741732336E-009
  8.954445168798043E-002  3.433676616602906E-009
  8.954448739656823E-002  3.164399995539310E-009
  8.954451282947552E-002  1.323074521904793E-009
  8.954451445367970E-002 -1.071079190317758E-009
  8.954449186590857E-002 -2.722798224769684E-009
  8.954445776707055E-002 -2.766273013646686E-009
  8.954443084692994E-002 -1.225115665903171E-009
  8.954442556003665E-002  1.017517961987732E-009
  8.954444438240712E-002  2.713407730970784E-009
  8.954447669285900E-002  2.932184758663934E-009
  8.954450476185198E-002  1.559662022164392E-009
  8.954451347604167E-002 -6.546719733601667E-010
  8.954449846775216E-002 -2.518388548441290E-009
  8.954446828015555E-002 -3.048803972095344E-009
  8.954443950683970E-002 -2.000196451963853E-009
  8.954442766545757E-002  1.737226076695667E-011
  8.954443882233655E-002  1.884358831629226E-009
  8.954446648586921E-002  2.587180089030098E-009
  8.954449535218578E-002  1.764812016642830E-009
  8.954450974972228E-002 -1.079358006747095E-010
  8.954450212663147E-002 -1.992917779579452E-009
  8.954447698785843E-002 -2.861048152869146E-009
  8.954444823568518E-002 -2.249329681345763E-009
  8.954443147460660E-002 -5.013881030257028E-010
  8.954443553724661E-002  1.432804718174853E-009
  8.954445783083176E-002  2.521526868518127E-009
  8.954448595151752E-002  2.210402918397268E-009
  8.954450457724134E-002  7.128715372260549E-010
  8.954450381197397E-002 -1.120153153037024E-009
  8.954448443966276E-002 -2.273103253427266E-009
  8.954445730220469E-002 -2.118877831756373E-009
  8.954443724663552E-002 -7.514786083247039E-010
  8.954443501697427E-002  1.077761842094156E-009
  8.954445151588111E-002  2.378539699368716E-009
  8.954447749724889E-002  2.461617490223815E-009
  8.954449875571530E-002  1.306093190905772E-009
  8.954450390360193E-002 -4.416260982685757E-010
  8.954449047956101E-002 -1.829786729497629E-009
  8.954446611454081E-002 -2.121673060606546E-009
  8.954444421557145E-002 -1.189927658062602E-009
  8.954443660412596E-002  4.262077412986609E-010
  8.954444714858291E-002  1.825456531548048E-009
  8.954446981776393E-002  2.239379359546979E-009
  8.954449212703165E-002  1.446253617900944E-009
  8.954450201267712E-002 -1.185032686369995E-010
  8.954449435165361E-002 -1.609524893888856E-009
  8.954447360552131E-002 -2.235960850980805E-009
  8.954445122964506E-002 -1.687905232191086E-009
  8.954443934620489E-002 -2.947760905225505E-010
  8.954444417344634E-002  1.165082729986795E-009
  8.954446277093933E-002  1.894100844284202E-009
  8.954448480060069E-002  1.507551090616631E-009
  8.954449825790010E-002  2.341587581175990E-010
  8.954449599881600E-002 -1.219017373999450E-009
  8.954447951621654E-002 -2.058114401657557E-009
  8.954445797316199E-002 -1.833812375362400E-009
  8.954444310382878E-002 -6.783620261357937E-010
  8.954444281740762E-002  7.763769351048910E-010
  8.954445698972197E-002  1.749656843842960E-009
  8.954447767918182E-002  1.736602445103481E-009
  8.954449356844592E-002  7.758296164981733E-010
  8.954449615040357E-002 -5.819597433926320E-010
  8.954448427914115E-002 -1.581871047291286E-009
  8.954446465369184E-002 -1.677479044984381E-009
  8.954444804800447E-002 -8.230255225269892E-010
  8.954444340564563E-002  5.107350709090249E-010
  8.954445303394275E-002  1.600518636679435E-009
  8.954447147760977E-002  1.866324096553865E-009
  8.954448861332751E-002  1.182479252811521E-009
  8.954449521287851E-002 -6.281052499262656E-011
  8.954448791914568E-002 -1.186982912216913E-009
  8.954447095344564E-002 -1.587775510730068E-009
  8.954445369082988E-002 -1.067438344563736E-009
  8.954444549169283E-002  6.798242428212325E-011
  8.954445063691498E-002  1.183843049857665E-009
  8.954446610512190E-002  1.666702715004188E-009
  8.954448334221532E-002  1.256217297944627E-009
  8.954449299194112E-002  1.798638482041716E-010
  8.954448997316421E-002 -9.787700967873518E-010
  8.954447615023899E-002 -1.601955585019120E-009
  8.954445919607769E-002 -1.372335662758932E-009
  8.954444833344372E-002 -4.387653363092032E-010
  8.954444931644756E-002  6.731265338603329E-010
  8.954446138167507E-002  1.352533565528022E-009
  8.954447778220442E-002  1.235707203494999E-009
  8.954448954932950E-002  3.983103005560051E-010
  8.954449038692963E-002 -6.936061389526100E-010
  8.954448002929881E-002 -1.443016325310716E-009
  8.954446427396787E-002 -1.447469451140847E-009
  8.954445173319756E-002 -7.134013017556328E-010
  8.954444912246906E-002  3.547020589350350E-010
  8.954445766229155E-002  1.180271970893621E-009
  8.954447251964213E-002  1.329523413112138E-009
  8.954448553507498E-002  7.432200480180507E-010
  8.954448969919013E-002 -2.385178885996346E-010
  8.954448292401045E-002 -1.067949655979012E-009
  8.954446908169204E-002 -1.290236324794497E-009
  8.954445579905615E-002 -7.881223863751154E-010
  8.954445026124011E-002  1.605928456207905E-010
  8.954445533182524E-002  1.040438885614479E-009
  8.954446808291734E-002  1.381392071284024E-009
  8.954448148599287E-002  1.012220377458762E-009
  8.954448829022760E-002  1.475298034518176E-010
  8.954448494941654E-002 -7.355115138170908E-010
  8.954447347183267E-002 -1.160182486643584E-009
  8.954446023051162E-002 -9.080627324163492E-010
  8.954445243388319E-002 -1.323109776782353E-010
  8.954445420966783E-002  7.322466455601421E-010
  8.954446442811298E-002  1.209806856170011E-009
  8.954447741022932E-002  1.042031319600787E-009
  8.954448608450026E-002  3.240662979790778E-010
  8.954448583878932E-002 -5.532038301898944E-010
  8.954447697041526E-002 -1.119852022331364E-009
  8.954446443462166E-002 -1.082375333872872E-009
  8.954445507746570E-002 -4.789977619432827E-010
  8.954445389683635E-002  3.473624387387120E-010
  8.954446137263539E-002  9.404572362492732E-010
  8.954447329093046E-002  9.798190895568530E-010
  8.954448311112038E-002  4.517573059808465E-010
  8.954448554827880E-002 -3.488408830189610E-010
  8.954447940987745E-002 -9.837531504903235E-010
  8.954446816576822E-002 -1.111211799714663E-009
  8.954445798490245E-002 -6.691157711896234E-010
  8.954445434788369E-002  9.642472127725845E-011
  8.954445909453827E-002  7.698018447370606E-010
  8.954446949594874E-002  9.937416543610333E-010
  8.954447981562849E-002  6.613385652997005E-010
  8.954448446911056E-002 -3.094395541374036E-011
  8.954448104282188E-002 -6.954065068346903E-010
  8.954447154139768E-002 -9.666480556775853E-010
  8.954446122128597E-002 -6.990809776692671E-010
  8.954445568636808E-002 -4.184462675203287E-011
  8.954445784921813E-002  6.471572154270146E-010
  8.954446640468705E-002  9.986150720142207E-010
  8.954447661377876E-002  8.317278470056262E-010
  8.954448293099018E-002  2.484595913795238E-010
  8.954448201945886E-002 -4.269062973287388E-010
  8.954447451533198E-002 -8.273494648710810E-010
  8.954446460982403E-002 -7.424620054360488E-010
  8.954445771544688E-002 -2.293377178189483E-010
  8.954445751458245E-002  4.233605903256506E-010
  8.954446399877369E-002  8.559957370899774E-010
  8.954447354132657E-002  8.340095378822830E-010
  8.954448092636479E-002  3.726939882074837E-010
  8.954448220030474E-002 -2.755196618457505E-010
  8.954447678768267E-002 -7.618416112931322E-010
  8.954446774010381E-002 -8.314401294046653E-010
  8.954446001811510E-002 -4.594090419120036E-010
  8.954445777199520E-002  1.401727327935564E-010
  8.954446211126336E-002  6.346401485027603E-010
  8.954447056073754E-002  7.550571688776110E-010
  8.954447846627733E-002  4.406531471113955E-010
  8.954448155355318E-002 -1.320736658864225E-010
  8.954447823402818E-002 -6.492026787060102E-010
  8.954447041510072E-002 -8.317803718625051E-010
  8.954446240369504E-002 -5.861350742705515E-010
  8.954445853177193E-002 -5.119165462310324E-011
  8.954446081215654E-002  4.809137480299912E-010
  8.954446789249611E-002  7.256268710717241E-010
  8.954447584933901E-002  5.596745125310925E-010
  8.954448035866235E-002  8.464222302795564E-011
  8.954447904298080E-002 -4.322990374883111E-010
  8.954447272180277E-002 -7.061698046713389E-010
  8.954446490910868E-002 -5.888626587544118E-010
  8.954445986215533E-002 -1.468992891095024E-010
  8.954446026413290E-002  3.783918595543694E-010
  8.954446580130900E-002  7.045615676788281E-010
  8.954447338800837E-002  6.615241035097673E-010
  8.954447888724744E-002  2.814298480118420E-010
  8.954447936838969E-002 -2.225236998854104E-010
  8.954447467033719E-002 -5.748236416302467E-010
  8.954446743729244E-002 -5.878698285403941E-010
  8.954446163597901E-002 -2.618325471356891E-010
  8.954446038469289E-002  2.189585620456296E-010
  8.954446428156275E-002  5.892260601187018E-010
  8.954447112733913E-002  6.478673644140533E-010
  8.954447716693596E-002  3.656878715855916E-010
  8.954447914988729E-002 -1.018605949650163E-010
  8.954447607971884E-002 -5.020769163702762E-010
  8.954446971143881E-002 -6.234086738177703E-010
  8.954446355110487E-002 -4.090287047044780E-010
  8.954446092646259E-002  1.540027624708901E-011
  8.954446318975691E-002  4.132057383515117E-010
  8.954446902268864E-002  5.669159099310346E-010
  8.954447519921403E-002  3.956580209518174E-010
  8.954447836650345E-002 -3.542908613584899E-012
  8.954447686159865E-002 -4.115060543216143E-010
  8.954447158014918E-002 -6.077242291149824E-010
  8.954446544468789E-002 -4.896999927715748E-010
  8.954446178602736E-002 -1.262454499919284E-010
  8.954446253364992E-002  2.828743231259668E-010
  8.954446719775591E-002  5.173890293248996E-010
  8.954447317912496E-002  4.560083538620596E-010
  8.954447721458587E-002  1.401297171633696E-010
  8.954447715499200E-002 -2.516680098669217E-010
  8.954447310753154E-002 -5.028913824934196E-010
  8.954446733604175E-002 -4.770817143107027E-010
  8.954446299622003E-002 -1.902780630508849E-010
  8.954446241161626E-002  2.003772424993281E-010
  8.954446583171830E-002  4.841786851040537E-010
  8.954447133519589E-002  5.117729747744630E-010
  8.954447590949405E-002  2.747682656985062E-010
  8.954447710089479E-002 -9.238310750489826E-011
  8.954447433169649E-002 -3.878089175382607E-010
  8.954446917797215E-002 -4.527084641863635E-010
  8.954446447683391E-002 -2.564781916040752E-010
  8.954446276788189E-002  8.911860982161520E-011
  8.954446492444536E-002  3.930926090605450E-010
  8.954446971171819E-002  4.900850606198508E-010
  8.954447449374409E-002  3.294315154481227E-010
  8.954447668548741E-002  5.316501184962593E-013
  8.954447515053775E-002 -3.180274373139021E-010
  8.954447078918755E-002 -4.566601591806380E-010
  8.954446601365181E-002 -3.462842880282470E-010
  8.954446341494446E-002 -5.375301227746710E-011
  8.954446435767449E-002  2.569151875479942E-010
  8.954446826441632E-002  4.151566939195231E-010
  8.954447296411842E-002  3.363398232150656E-010
  8.954447589636466E-002  6.602491161175845E-011
  8.954447550406733E-002 -2.470511431930697E-010
  8.954447205754971E-002 -4.333322815262392E-010
  8.954446747463081E-002 -3.945586234119170E-010
  8.954446425261144E-002 -1.556179183100544E-010
  8.954446410645120E-002  1.511787259978152E-010
  8.954446705541398E-002  3.596408751794406E-010
  8.954447144408589E-002  3.602022000164723E-010
  8.954447486912043E-002  1.581022844162395E-010
  8.954447549352708E-002 -1.316345999756577E-010
  8.954447303020648E-002 -3.485363517091301E-010
  8.954446886867463E-002 -3.744253299275431E-010
  8.954446529224440E-002 -1.966556773870571E-010
  8.954446422604045E-002  8.692059224535700E-011
  8.954446620194133E-002  3.228711106523788E-010
  8.954447009648799E-002  3.861652386933902E-010
  8.954447376928656E-002  2.472447145676592E-010
  8.954447523983917E-002 -1.379324731953454E-011
  8.954447375609774E-002 -2.525958024549598E-010
  8.954447017857439E-002 -3.398701172621588E-010
  8.954446648482897E-002 -2.310716761474557E-010
  8.954446467870517E-002  1.106366999593330E-011
  8.954446570550924E-002  2.524636302286836E-010
  8.954446895999688E-002  3.616092497872364E-010
  8.954447264243261E-002  2.806878847432465E-010
  8.954447475439384E-002  5.555921792829616E-011
  8.954447418369042E-002 -1.909203539490268E-010
  8.954447128972799E-002 -3.267363227902008E-010
  8.954446768182231E-002 -2.822531437602177E-010
  8.954446532532992E-002 -8.667657896509553E-011
  8.954446547167169E-002  1.496374480570390E-010
  8.954446799444345E-002  2.964519796719912E-010
  8.954447148332251E-002  2.745376112483145E-010
  8.954447403095214E-002  9.764474015580419E-011
