  0.999999987167745       0.000000000000000E+000
  0.809081705422778      -2.570506282817912E-003
  0.353031236962349      -1.547980969386642E-002
 -0.102004226953838      -3.525815140690770E-002
 -0.301673230504315      -4.682244045004177E-002
 -0.150092956800721      -3.800456415530443E-002
  0.244150900936229      -1.309021388552964E-002
  0.642885857446638       7.659580656533925E-003
  0.821221839303838       3.545821023418236E-003
  0.690800046694168      -2.833181101858761E-002
  0.336293117491597      -6.779502141156311E-002
 -4.531505789909702E-002 -8.499510175729318E-002
 -0.258408182710741      -6.301385040176392E-002
 -0.209112326466931      -1.208615967040516E-002
  5.690650545447323E-002  3.626218475009414E-002
  0.389413659492311       5.148444708007702E-002
  0.615166321183509       2.619732708357649E-002
  0.622934982149897      -1.837815261740739E-002
  0.413686093175505      -4.777166874991850E-002
  9.656174466525998E-002 -3.890279745023927E-002
 -0.165369376912151       4.117852972100862E-003
 -0.235215205649054       5.405761268327000E-002
 -7.194784955231770E-002  8.057484568238374E-002
  0.244812898003995       7.095590111687304E-002
  0.551259738281510       3.690636582786822E-002
  0.683482730567445       3.927444860632952E-003
  0.567544385435172      -7.427267602694116E-003
  0.265209744423063       5.654077082183444E-003
 -5.487534938817044E-002  2.949042460127122E-002
 -0.209422246975899       4.613438031574855E-002
 -0.105778349036570       4.607305325520646E-002
  0.201772506345947       3.230118022606303E-002
  0.540519156797735       1.467743840925272E-002
  0.718302579580336       1.020836112628494E-003
  0.635153747855084      -7.368712774098209E-003
  0.340961831617225      -1.326760082442950E-002
  4.838210348848061E-003 -1.811796934553616E-002
 -0.184669207470885      -1.967458988311271E-002
 -0.128182928578920      -1.504544452785107E-002
  0.130978386762778      -5.765395152801505E-003
  0.437241716220305       8.143883506465089E-004
  0.615510119818539      -3.654297582560735E-003
  0.569715948047077      -2.089497537011060E-002
  0.331285846967108      -4.231090724452546E-002
  3.423441145620141E-002 -5.343756613824489E-002
 -0.163605192985662      -4.419081400204383E-002
 -0.166117412896645      -1.730045344388985E-002
  1.477481315122611E-002  1.206303551945640E-002
  0.272555720776466       2.607617096657314E-002
  0.466998816696650       1.676170789874477E-002
  0.497719282867204      -7.969196231026366E-003
  0.353020748818468      -2.942353247017461E-002
  0.112002265208045      -3.093854020004745E-002
 -9.836399838982889E-002 -9.298387745625379E-003
 -0.168600277930887       2.328788208525100E-002
 -6.233015406929107E-002  4.779387024758362E-002
  0.165091313774025       5.119785808997787E-002
  0.394661075892001       3.450985873428468E-002
  0.505438653284533       1.089648481347021E-002
  0.438963500387360      -3.977085097464556E-003
  0.232173913595901      -2.137415531896033E-003
 -5.745200380648366E-004  1.279173570880990E-002
 -0.128904014340152       2.966338596029670E-002
 -7.878237344556190E-002  3.792374101772408E-002
  0.124746383033263       3.376249859104188E-002
  0.370027807683748       2.073810597114207E-002
  0.520960156371659       5.804880975749190E-003
  0.494051917766674      -5.426750781985664E-003
  0.305922485890422      -1.088800334374546E-002
  6.343532352503303E-002 -1.124954635221356E-002
 -9.784312332577894E-002 -8.097534449032001E-003
 -9.087144728202115E-002 -3.158838419272767E-003
  7.473104763276039E-002  1.217171331182171E-003
  0.300639511526609       1.843285370398532E-003
  0.457679034780478      -3.898449764427134E-003
  0.458938778842848      -1.556903567810443E-002
  0.306300004366387      -2.837414400470895E-002
  8.566184390100036E-002 -3.501881130171939E-002
 -8.374438159905870E-002 -3.027018798467557E-002
 -0.115499221665031      -1.519300781338504E-002
 -7.651313411680933E-004  2.415756574134557E-003
  0.190961104690951       1.243646451701971E-002
  0.352628902754869       9.083062160447488E-003
  0.397845544536735      -4.819361097969008E-003
  0.305202879044032      -1.922453398479181E-002
  0.126759953826173      -2.330131561967175E-002
 -4.170378016748089E-002 -1.263627993493817E-002
 -0.111776209765121       7.750887183222955E-003
 -4.816455699091351E-002  2.666633993878503E-002
  0.113915171469744       3.401644251338113E-002
  0.288034757320404       2.713910250885220E-002
  0.382334246287349       1.205079619508913E-002
  0.348111537968460      -9.116375116977056E-004
  0.205812138695017      -3.821966076630229E-003
  3.431750862951258E-002  4.252247679041597E-003
 -7.142049086806468E-002  1.748348120205354E-002
 -5.209108419325204E-002  2.758732476558339E-002
  8.307150730036837E-002  2.895762531334270E-002
  0.260819306883582       2.138475414117346E-002
  0.384077335282255       9.200609615685487E-003
  0.385832609657469      -1.876133813208455E-003
  0.266511175426397      -7.843925598684288E-003
  9.354670533594571E-002 -7.811259836545024E-003
 -3.676154724799510E-002 -3.552521834261388E-003
 -5.340813012271479E-002  1.828304718968949E-003
  4.997202944856992E-002  5.181346472902031E-003
  0.212683715995078       4.251341582837077E-003
  0.342209654963452      -1.567970630093262E-003
  0.366412004533719      -1.069600508527090E-002
  0.272945136692254      -1.953118613173765E-002
  0.114282397880206      -2.380751762524599E-002
 -2.318844929260325E-002 -2.087523168667814E-002
 -6.750802036245770E-002 -1.165468481680676E-002
  3.284392762362822E-004 -7.437621017189052E-004
  0.138179926717287       5.886810748592747E-003
  0.267878420497411       4.495492913626786E-003
  0.318555027117779      -3.818335807240353E-003
  0.264204755975038      -1.342091281834469E-002
  0.135889434382146      -1.746349546184851E-002
  3.324356218728677E-003 -1.221457322543097E-002
 -6.320261185930459E-002  4.320901050576269E-004
 -2.995884690435116E-002  1.400484077020474E-002
  8.334360410271867E-002  2.144339282210863E-002
  0.215101656897443       1.944895355746781E-002
  0.295152288443262       1.039109516037057E-002
  0.282101792734459       6.240129063208247E-004
  0.185019679579136      -3.571405654241081E-003
  5.814144111610764E-002  2.508562964530457E-004
 -2.856380590116911E-002  9.537449921644776E-003
 -2.726068500458029E-002  1.865234881515487E-002
  6.182245773139430E-002  2.240899367743658E-002
  0.190554568470515       1.894072213296658E-002
  0.289252866321068       1.033457938635806E-002
  0.304922798461405       1.007766850588428E-003
  0.230334678313928      -4.897053867147253E-003
  0.107773253050842      -5.527735648407287E-003
  5.332402402796158E-003 -1.845760690862446E-003
 -2.099022134664517E-002  3.260013669301107E-003
  4.183653582904211E-002  6.539804931566826E-003
  0.157241128552067       5.834384674280447E-003
  0.260080650299179       9.157216249810296E-004
  0.293185997145793      -6.458667488883386E-003
  0.238768257213391      -1.325901332479316E-002
  0.127339943077061      -1.648238872037865E-002
  1.977612717019524E-002 -1.460791000465633E-002
 -2.681376357925237E-002 -8.536530472047266E-003
  9.874816327840860E-003 -1.381456723689599E-003
  0.106286778979996       3.025685889216785E-003
  0.207251692778402       2.262591101159943E-003
  0.256859644255140      -3.133802805340505E-003
  0.228662757766809      -9.753746238517005E-003
  0.138993083939538      -1.318009295818907E-002
  3.690785256759718E-002 -1.062271169136297E-002
 -2.301726298090978E-002 -2.707979784265990E-003
 -9.989080191393246E-003  6.762859185744697E-003
  6.720230561359820E-002  1.302225083282320E-002
  0.165831154370929       1.317750063928118E-002
  0.232764879180157       7.916895637880957E-003
  0.233012611703452       1.024221164329802E-003
  0.168084290773249      -2.964136055893551E-003
  7.459389943311735E-002 -1.473201144239979E-003
  4.112389455281243E-003  4.685240978126300E-003
 -4.783426729631796E-003  1.196131841040169E-002
  5.277476823504121E-002  1.626852247924575E-002
  0.145582174663005       1.532927666705983E-002
  0.223556626593094       9.800195187821303E-003
  0.245104243219782       2.663399800755371E-003
  0.199711645559209      -2.582838732668532E-003
  0.113414213798525      -3.804069332006865E-003
  3.419333341834398E-002 -1.176998270617911E-003
  5.428121313339829E-003  3.150583396557464E-003
  4.211703910940572E-002  6.331729089458864E-003
  0.122985976055250       6.281906876899379E-003
  0.202692474242427       2.633651691563623E-003
  0.237133367470263      -3.176021144877974E-003
  0.207670079213699      -8.641639618534968E-003
  0.130900967794584      -1.138954731924335E-002
  4.886328472637505E-002 -1.031888103905694E-002
  5.483323334440492E-003 -6.170069531676688E-003
  2.254793546938432E-002 -1.213966882129209E-003
  8.838781883161612E-002  1.863878346748594E-003
  0.165112948925430       1.382373209491197E-003
  0.209917375176612      -2.356570286740758E-003
  0.198447061248465      -7.129951837247733E-003
  0.137501465636548      -9.962302624955054E-003
  6.053804875467356E-002 -8.810035312379904E-003
  8.937361903523455E-003 -3.797286903768887E-003
  9.532599885458990E-003  2.767311758368583E-003
  6.056030334173209E-002  7.665987551389373E-003
  0.133306646691870       8.620132172604609E-003
  0.188142705607048       5.611985215047960E-003
  0.196023736431214       8.763792232639366E-004
  0.153851656297556      -2.436387256481246E-003
  8.563009012727620E-002 -2.116634483421391E-003
  2.906520040267796E-002  1.842645904185772E-003
  1.502775051950464E-002  7.305905271509885E-003
  5.099352642588076E-002  1.129113821148896E-002
  0.117309820691554       1.169036931492199E-002
  0.178154991805162       8.402285999579057E-003
  0.201124592615027       3.273221913830487E-003
  0.174757657893449      -1.031833396601266E-003
  0.114502696830801      -2.517700511842146E-003
  5.397124394872455E-002 -8.672418697715051E-004
  2.637651391549525E-002  2.523235850269106E-003
  4.639507386516347E-002  5.405329525373322E-003
  0.102383963883236       5.906623003557717E-003
  0.163112869157155       3.472691042192605E-003
  0.195143614108309      -9.156622222550922E-004
  0.181168780149743      -5.296617030217715E-003
  0.129218781415639      -7.735823710759736E-003
  6.782742016865773E-002 -7.286584953914212E-003
  3.005988483153394E-002 -4.445276814207965E-003
  3.537955807810911E-002 -8.872909796014412E-004
  7.933253529033710E-002  1.393931136023138E-003
  0.136517921740323       1.127753521565605E-003
  0.174908065355744      -1.542957446385378E-003
  0.173432246741762      -5.104171407799185E-003
  0.133173779931333      -7.462712199092593E-003
  7.626795764980698E-002 -7.091694696619493E-003
  3.342458628678446E-002 -3.904994055176694E-003
  2.712648181767413E-002  6.499995413854428E-004
  5.968813599100744E-002  4.368627302801055E-003
  0.112482117380936       5.517118236926372E-003
  0.156463149904002       3.812296562752326E-003
  0.168052230945560       5.772697585170101E-004
  0.141721034464431      -2.027449343984142E-003
  9.259391880032726E-002 -2.252478172650438E-003
  4.788279201302283E-002  2.410862287134287E-004
  3.197759967737596E-002  4.208369530558243E-003
  5.332368423889094E-002  7.557080396484293E-003
  0.100115931308788       8.545383037001151E-003
  0.146989683687113       6.741525268226668E-003
  0.168937247982867       3.211718984012260E-003
  0.154831339768900      -1.317984875128615E-004
  0.113241479434855      -1.614146438161025E-003
  6.748628716391400E-002 -6.904307401303879E-004
  4.273981350834637E-002  1.826146450417876E-003
  5.230163658758223E-002  4.278640698817313E-003
  9.052076263359246E-002  5.098129591646847E-003
  0.136150405332307       3.634178512826248E-003
  0.164166712750134       4.595858739741746E-004
  0.159477230963945      -2.973206596632940E-003
  0.124995805788946      -5.110965239325774E-003
  7.975326208272185E-002 -5.098001547937575E-003
  4.823962166444161E-002 -3.191875803637134E-003
  4.695838542684141E-002 -6.002590465590111E-004
  7.559414327735643E-002  1.165944196251982E-003
  0.117528964021964       1.089172394340687E-003
  0.149234969369624      -8.176477655268053E-004
  0.153232222753149      -3.515008268393584E-003
  0.127474935422433      -5.488576076320903E-003
  8.614041332060944E-002 -5.565917854941294E-003
  5.159136910838163E-002 -3.562723985518013E-003
  4.208070194542807E-002 -3.999999410701096E-004
  6.196246097226898E-002  2.386504107031460E-003
  9.964710500044022E-002  3.485579652644646E-003
  0.134222752672587       2.534275369639367E-003
  0.146963472959748       3.152880075646674E-004
  0.131402069415531      -1.690128192911193E-003
  9.656725426263912E-002 -2.143680702202497E-003
  6.178844559397220E-002 -6.071230035332102E-004
  4.604475306250314E-002  2.216081523777844E-003
  5.770886085777383E-002  4.887102854597543E-003
  9.020822934318852E-002  6.045653978090881E-003
  0.125836050551515       5.162676224115935E-003
  0.145512884269694       2.809556974391572E-003
  0.139126578765169       3.082805627450300E-004
  0.110850466429721      -1.020081768039257E-003
  7.663893185503373E-002 -5.761782291759245E-004
  5.537481745907616E-002  1.222430017933583E-003
  5.856416123858132E-002  3.212529538722531E-003
  8.419579032505223E-002  4.147764033614700E-003
  0.118043842334377       3.376216335276090E-003
  0.141596665064875       1.170807371257152E-003
  0.142197034987755      -1.444898284067986E-003
  0.119835130123177      -3.259384323323438E-003
  8.694295048872015E-002 -3.512653508117533E-003
  6.141457582371374E-002 -2.276857779620544E-003
  5.677190006852633E-002 -3.905184420439739E-004
  7.488892765219099E-002  1.005403946949508E-003
  0.105196161919469       1.078929274645888E-003
  0.130677783901867      -2.547704288615190E-004
  0.137262303687618      -2.295259404349057E-003
  0.121424612364481      -3.936318547037594E-003
  9.189839765935259E-002 -4.261701985372858E-003
  6.469075430022332E-002 -3.040045274529979E-003
  5.425069136426412E-002 -8.521354238557495E-004
  6.566940383688195E-002  1.221604229717996E-003
  9.212057924735320E-002  2.187099708236387E-003
  0.118812853179681       1.676864929699342E-003
  0.131170673277914       1.458170966969429E-004
  0.122723514147662      -1.388078610722690E-003
  9.844248030825579E-002 -1.915476293972536E-003
  7.181742518976286E-002 -1.000368958534732E-003
  5.738518572294622E-002  9.784027428005725E-004
  6.283926511716985E-002  3.042422736427346E-003
  8.499254018483607E-002  4.160895165157084E-003
  0.111699973741564       3.819132475382880E-003
  0.128590228389360       2.290417102206053E-003
  0.126879256045134       4.660600441100034E-004
  0.108020806341214      -6.508803404771387E-004
  8.273209625355930E-002 -4.983736404720451E-004
  6.501729115509816E-002  7.515528648828934E-004
  6.450998362700860E-002  2.311453348924716E-003
  8.131430301309585E-002  3.228890124366453E-003
  0.106104005510514       2.911073333208840E-003
  0.125342047983270       1.436989924674222E-003
  0.128703262675391      -5.025734245035964E-004
  0.114629750647500      -1.990401710068261E-003
  9.102768770680962E-002 -2.375768835420058E-003
  7.080613788096012E-002 -1.609384371198080E-003
  6.477213424411599E-002 -2.488160160663093E-004
  7.579480657808570E-002  8.577027451463622E-004
  9.739343232969000E-002  1.032903589440976E-003
  0.117438802134565       1.303758316816451E-004
  0.124859258342116      -1.395110037389879E-003
  0.115645347455435      -2.739004669580250E-003
  9.489951720116988E-002 -3.182350592230895E-003
  7.389326307064792E-002 -2.477427092028912E-003
  6.383052655329383E-002 -9.777871975179464E-004
  6.977206507569288E-002  5.560179331427507E-004
  8.801650028382933E-002  1.369311818088455E-003
  0.108287970566668       1.120576456845631E-003
  0.119443963073121       6.136231696809648E-005
  0.115535624967008      -1.109248621138946E-003
  9.892919664395577E-002 -1.635060579890301E-003
  7.885850786160827E-002 -1.122232009402125E-003
  6.628594059436121E-002  2.440627587085881E-004
  6.792853174748736E-002  1.804497435329638E-003
  8.269905088865759E-002  2.791342943904959E-003
  0.102440452368367       2.749749828943009E-003
  0.116473265302683       1.780514843202482E-003
  0.117422696370100       4.728293480954476E-004
  0.105147837934162      -4.300265676492126E-004
  8.668075976811938E-002 -4.418689397413575E-004
  7.228043404854595E-002  4.066116112760589E-004
  6.980812292374247E-002  1.598295783750051E-003
  8.050191365566547E-002  2.425567247073380E-003
  9.841743277881784E-002  2.382274857546024E-003
  0.113775698190844       1.435350002417116E-003
  0.118335221061163       3.244165573839490E-005
  0.109837734323955      -1.150169260363893E-003
  9.312874885845038E-002 -1.575242052041845E-003
  7.740060631211666E-002 -1.126697013577856E-003
  7.112259519136084E-002 -1.577843670878272E-004
  7.745396553591276E-002  7.133206065395295E-004
  9.262524779768673E-002  9.441048565223057E-004
  0.108115424732915       3.591966381677073E-004
  0.115372825217197      -7.614600592657197E-004
  0.110466257437334      -1.840286952313286E-003
  9.613871278919936E-002 -2.316686352531011E-003
  8.019583837442223E-002 -1.947827745787565E-003
  7.117465287718933E-002 -9.348258306868207E-004
  7.369818880642627E-002  1.911431254530294E-004
  8.604532308148256E-002  8.588900566724244E-004
  0.101211659893907       7.652986187741749E-004
  0.110816273236981       3.464624930106621E-005
  0.109677603537927      -8.560774818007742E-004
  9.856292767483178E-002 -1.343390805165909E-003
  8.365697112328274E-002 -1.088292133336609E-003
  7.310324315947297E-002 -1.614612704038683E-004
  7.255080173951020E-002  9.978130797390107E-004
  8.213909351014206E-002  1.824354965189660E-003
  9.652614273771504E-002  1.935997087920659E-003
  0.107885678863071       1.338057791186829E-003
  0.110192709725488       4.124407592587247E-004
  0.102451800478669      -2.992509151131754E-004
  8.913934445238747E-002 -3.957802955039789E-004
  7.767214735129407E-002  1.668652741160701E-004
  7.432871058853306E-002  1.059058278514195E-003
  8.086191146119887E-002  1.766088013419974E-003
  9.362695683439098E-002  1.873738136905904E-003
  0.105652721625564       1.292609304895465E-003
  0.110481038776192       3.005728923550709E-004
  0.105659982119256      -6.149284057161600E-004
  9.400154189724905E-002 -1.023874428180593E-003
  8.196020578753510E-002 -7.826019818737597E-004
  7.606331089811380E-002 -1.022047702983092E-004
  7.936601269269343E-002  5.760410562611766E-004
  8.985598542400823E-002  8.260240520496484E-004
  0.101639797182775       4.679263181105731E-004
  0.108216491666622      -3.386506643756360E-004
  0.106021906338332      -1.186363353241604E-003
  9.631289395512446E-002 -1.643421001797534E-003
  8.439815695739922E-002 -1.486026656942460E-003
  7.668280138464677E-002 -8.150087204732703E-004
  7.717301768469140E-002  4.018325588900456E-006
  8.534948179975090E-002  5.419480470185984E-004
  9.653810732909145E-002  5.383830155543974E-004
  0.104528762337059       3.899738009356902E-005
  0.104976908516383      -6.349803473961297E-004
  9.772681230118274E-002 -1.066549298355410E-003
  8.681675220459427E-002 -9.725869970927271E-004
  7.820858467777783E-002 -3.578418188049785E-004
  7.651742372890330E-002  4.898088767453972E-004
  8.253425354283622E-002  1.158437492341719E-003
  9.286924512739665E-002  1.336759145637151E-003
  0.101868144742056       9.808032139789502E-004
  0.104719281776071       3.322319861523099E-004
  0.100044469036985      -2.194855856172433E-004
  9.057942344883721E-002 -3.530968074755812E-004
  8.161102385761305E-002  9.795137758417944E-006
  7.806051128023525E-002  6.662879026512371E-004
  8.181897103773519E-002  1.248347814543591E-003
  9.077504930288943E-002  1.426995928249679E-003
  0.100031191108148       1.091200508709462E-003
  0.104609118352032       4.044987485267436E-004
  0.102150271089748      -2.887169181668770E-004
  9.414642616819115E-002 -6.528215817531365E-004
  8.505922666196837E-002 -5.413133386650172E-004
  7.984430449260996E-002 -7.041507980896199E-005
  8.125241706727605E-002  4.512735969786118E-004
  8.837666823475092E-002  6.955059133959904E-004
  9.721214645711600E-002  4.937195967873717E-004
  0.102887791329195      -7.398403112701725E-005
  0.102328198403349      -7.261571025572402E-004
  9.589196025495228E-002 -1.135135799877952E-003
  8.711545975877505E-002 -1.104143667848709E-003
  8.073605841918575E-002 -6.705361825541875E-004
  8.010000624394199E-002 -8.100982481491364E-005
  8.537405544618408E-002  3.454831105665199E-004
  9.351671467049752E-002  3.911956229500416E-004
  9.999151100559486E-002  5.518146135070564E-005
  0.101259112640615      -4.504970393407773E-004
  9.668071373614408E-002 -8.200403867303465E-004
  8.881086709175384E-002 -8.223202590064599E-004
  8.195166230154914E-002 -4.263541695120668E-004
  7.978602794918971E-002  1.837115020830767E-004
  8.339173672922945E-002  7.107457053129839E-004
  9.070605809237578E-002  9.067212066768193E-004
  9.770362009281888E-002  7.056639364696313E-004
  0.100615975431190       2.554762532903478E-004
  9.796944834452601E-002 -1.671541869410843E-004
  9.133977050214975E-002 -3.104774923568079E-004
  8.443866757551219E-002 -8.501353171521494E-005
  8.105914147622127E-002  3.901860037865446E-004
  8.301501234795379E-002  8.559847993807870E-004
  8.919214760901630E-002  1.056872686001533E-003
  9.620528864582545E-002  8.801430313950581E-004
  0.100274659629737       4.147797477345609E-004
  9.928217251774252E-002 -1.003862812799544E-004
  9.388866690591616E-002 -4.087438938988134E-004
  8.712330384066387E-002 -3.747084678708943E-004
  8.269575704828419E-002 -5.376946758406133E-005
  8.297026400003293E-002  3.426742678362983E-004
  8.770709772616557E-002  5.662527656117499E-004
  9.424053771817503E-002  4.680138058124500E-004
  9.897060302429690E-002  7.802409320393246E-005
  9.933485798637300E-002 -4.136562209284203E-004
  9.518109588837992E-002 -7.622375333412895E-004
  8.880662808382810E-002 -8.010225965968258E-004
  8.366729616557229E-002 -5.294897901903474E-004
  8.248156761361805E-002 -1.099835740731655E-004
  8.577015314443197E-002  2.233978755990084E-004
  9.161583324988581E-002  2.928247960159411E-004
  9.675106789322573E-002  7.180919993102732E-005
  9.835808383842773E-002 -3.034736590067450E-004
  9.559091540779967E-002 -6.112761420557744E-004
  8.999849530740188E-002 -6.665456706753270E-004
  8.463991240688726E-002 -4.213737783937288E-004
  8.239669702722915E-002  1.050067084524101E-005
  8.441312528875930E-002  4.172510950833708E-004
  8.950833970652729E-002  6.047242880560748E-004
  9.486076551594218E-002  5.007240005625249E-004
  9.756939894153234E-002  1.913369611294777E-004
  9.622845354737732E-002 -1.293477184196476E-004
  9.166104160550868E-002 -2.673401245185202E-004
  8.642988295758765E-002 -1.348511933445083E-004
  8.341350919062818E-002  2.033623919648321E-004
  8.423777266095185E-002  5.676309853689506E-004
  8.841608626769264E-002  7.630112394260379E-004
  9.365148766152651E-002  6.855540524921268E-004
  9.711509314766235E-002  3.772236562104011E-004
  9.698942189339652E-002  5.519803938085734E-007
  9.343459082127915E-002 -2.516296201749689E-004
  8.846395592914856E-002 -2.610224058622899E-004
  8.481678549066107E-002 -4.600923919450945E-005
  8.445803971352814E-002  2.517370253784449E-004
  8.752609354980347E-002  4.473253775328649E-004
  9.229116853785473E-002  4.145414546368012E-004
  9.612849689450216E-002  1.538357921520703E-004
  9.695948051852239E-002 -2.097522840293342E-004
  9.437010249685304E-002 -4.961724736596295E-004
  8.980548910547299E-002 -5.683959469145350E-004
  8.575199268063345E-002 -4.052791509792135E-004
  8.436937980381098E-002 -1.103557926699942E-004
  8.632568828477528E-002  1.469140650301494E-004
  9.046340108584693E-002  2.243272365183662E-004
  9.446266991849218E-002  8.347631422551449E-005
  9.612301327036096E-002 -1.914568856498366E-004
  9.455625293123977E-002 -4.417568424052919E-004
  9.064485427395544E-002 -5.218468855294777E-004
  8.653065775696681E-002 -3.783815994828738E-004
  8.442964757841141E-002 -7.803825714254876E-005
  8.542859760076843E-002  2.301957460136182E-004
  8.891690173981585E-002  3.966951889031501E-004
  9.294989803357467E-002  3.517949488742980E-004
  9.532899063639738E-002  1.416003014018814E-004
  9.479904761492887E-002 -9.966717299496104E-005
  9.171127149329449E-002 -2.246768743185296E-004
  8.780202973611063E-002 -1.537646111461668E-004
  8.522428147168626E-002  8.255110578152560E-005
  8.537107841801422E-002  3.617817915946245E-004
  8.813325312292436E-002  5.374506522768013E-004
  9.198584892051120E-002  5.189899081877649E-004
  9.484094426932790E-002  3.198876796012170E-004
  9.518999063593832E-002  4.848483828504036E-005
  9.291063289755119E-002 -1.525060732182324E-004
  8.930659656716182E-002 -1.839157323998135E-004
  8.637325275835478E-002 -4.279803954678977E-005
  8.570165943234298E-002  1.782396346857587E-004
  8.762237636769493E-002  3.436251106172628E-004
  9.104916852098158E-002  3.497297660492171E-004
  9.409449200132639E-002  1.809806990782454E-004
  9.510855797849484E-002 -8.290315164228505E-005
  9.357032531435361E-002 -3.115088214823819E-004
  9.034963951714471E-002 -3.949588520308235E-004
  8.720985237967185E-002 -3.026516233207613E-004
  8.583485825537973E-002 -9.794850897873540E-005
  8.691735532370841E-002  9.826631354280376E-005
  8.980199420684029E-002  1.744068517386300E-004
  9.286677736430340E-002  8.860403429991661E-005
  9.442198571186917E-002 -1.098788412127765E-004
  9.362911890985119E-002 -3.090946871959826E-004
  9.094073100389180E-002 -3.963820039361112E-004
  8.783137583329755E-002 -3.196598781014937E-004
  8.597889860924750E-002 -1.148390345933926E-004
  8.635063040389961E-002  1.149090284007485E-004
  8.869213429480928E-002  2.559410892749173E-004
  9.168837084340124E-002  2.455695771640433E-004
  9.369721063265485E-002  1.047387607412911E-004
  9.364654914548338E-002 -7.526469829617885E-005
  9.160520368775391E-002 -1.840376190838158E-004
  8.872398092464026E-002 -1.527343766831486E-004
  8.659072087621482E-002  8.939621607099800E-006
  8.636022942605157E-002  2.191051101530597E-004
  8.813535787834743E-002  3.692349685452066E-004
  9.093030995429048E-002  3.834019527652270E-004
  9.322520774808758E-002  2.588110383231774E-004
  9.380003734700297E-002  6.593241732806026E-005
  9.239036654001499E-002 -9.109648791063863E-005
  8.981244843048942E-002 -1.315501786092870E-004
  8.749973763254165E-002 -4.134170508217713E-005
  8.671322852600519E-002  1.208158996246250E-004
  8.786010440527298E-002  2.569437752461440E-004
  9.028836384202234E-002  2.840440319768751E-004
  9.266003724037053E-002  1.791972387071914E-004
  9.368978130685206E-002 -8.800059072784930E-006
  9.284133026303956E-002 -1.869311625146548E-004
  9.060467976595134E-002 -2.689182401960525E-004
  8.821135115091737E-002 -2.215581410244284E-004
  8.695263894492228E-002 -8.141034905963884E-005
  8.747813763104126E-002  6.662251013835905E-005
  8.945556354627932E-002  1.364623883826108E-004
  9.176976320769226E-002  8.770279080430169E-005
  9.314288984841654E-002 -5.325227454906364E-005
  9.283135234513379E-002 -2.087252790359925E-004
  9.101987294950639E-002 -2.928639841201871E-004
  8.870442874214068E-002 -2.584247336725965E-004
  8.713710780663253E-002 -1.218107101516523E-004
  8.714229228911073E-002  4.681174385560174E-005
  8.867763433194403E-002  1.623280549482828E-004
  9.087347529789094E-002  1.708571490253324E-004
  9.252036601163369E-002  7.813031074096310E-005
  9.273176352847200E-002 -5.499648558219644E-005
  9.141904185548472E-002 -1.468629486364377E-004
  8.932459477090404E-002 -1.399902192821031E-004
  8.760334791347911E-002 -3.211578088674442E-005
  8.718819953638079E-002  1.233292289668209E-004
  8.828772791316990E-002  2.470202480599565E-004
  9.028621925171729E-002  2.770984076915601E-004
  9.209274315823074E-002  2.023027664168732E-004
  9.274150998028555E-002  6.707066390146532E-005
  9.191311685204445E-002 -5.365089323378569E-005
  9.009537997973914E-002 -9.564637399538653E-005
  8.830323071196335E-002 -4.003197468232385E-005
  8.751787067503289E-002  7.744904638699860E-005
  8.815470643474956E-002  1.870052623549869E-004
  8.984821031020454E-002  2.235075383795082E-004
  9.166454975479126E-002  1.619641177254416E-004
  9.261867890554810E-002  3.055691421130582E-005
  9.220968076332832E-002 -1.054158395883443E-004
  9.068355239672714E-002 -1.794272383078427E-004
  8.888590251136642E-002 -1.595947302459909E-004
  8.779209371861751E-002 -6.508554107618831E-005
  8.797576171906639E-002  4.546225996143659E-005
  8.930524356399315E-002  1.066786264671959E-004
  9.102840502663237E-002  8.219465436277334E-005
  9.219261522712213E-002 -1.606788298408104E-005
  9.216573489073478E-002 -1.351992159441219E-004
  9.097351579037345E-002 -2.107340497424833E-004
  8.927372386192499E-002 -2.018384597359783E-004
  8.798777638240593E-002 -1.130641786809281E-004
  8.779615060102103E-002  8.876418043580993E-006
  8.877390549493321E-002  1.011053752617349E-004
  9.036147567502127E-002  1.188316428458788E-004
  9.168032397050714E-002  5.913883261559188E-005
  9.201572962571657E-002 -3.839564493011606E-005
  9.120161868500229E-002 -1.141561000799304E-004
  8.970045284539531E-002 -1.214092633091686E-004
  8.834052764086583E-002 -5.163090266913037E-005
  8.785962473913590E-002  6.137406575663143E-005
  8.850624859820246E-002  1.604156679986905E-004
  8.991373688207384E-002  1.962319156831636E-004
  9.131045722310148E-002  1.539533465884498E-004
  9.194577524502963E-002  6.044440755445474E-005
  9.149666031950140E-002 -3.111208294734230E-005
  9.023469300890619E-002 -7.059951057491026E-005
  8.886734326024572E-002 -3.811002926126148E-005
  8.814571851286186E-002  4.584913130874112E-005
  8.845596243230036E-002  1.323106257825224E-004
  8.961630774237757E-002  1.710569216271926E-004
  9.098607318057700E-002  1.380243548676896E-004
  9.182166720386192E-002  4.801712795143679E-005
  9.168185009258557E-002 -5.389816849024713E-005
  9.066145434508548E-002 -1.172495928602492E-004
  8.932993963988932E-002 -1.134767248037992E-004
  8.841360678990896E-002 -5.084350868664650E-005
  8.839866237105701E-002  3.090285343972268E-005
  8.927198084138598E-002  8.283877659905454E-005
  9.053766675479573E-002  7.370863290319961E-005
  9.149529940774946E-002  6.655088386910332E-006
  9.162400786521888E-002 -8.305028019064999E-005
  9.086199221738815E-002 -1.476876992697225E-004
  8.963175091625412E-002 -1.531798838570788E-004
  8.860204729714188E-002 -9.732242873200837E-005
  8.832067078317414E-002 -1.041395092795734E-005
  8.891966560711424E-002  6.172801440005804E-005
  9.005162181057789E-002  8.282805898319895E-005
  9.108728725688996E-002  4.555167195100518E-005
  9.146239571917172E-002 -2.517133747110814E-005
  9.098272937312886E-002 -8.640022256385257E-005
  8.992266112363781E-002 -1.009529821580726E-004
  8.886755905502200E-002 -5.761724532969826E-005
  8.839034526020496E-002  2.310272700251556E-005
  8.874080462770999E-002  1.005608803892496E-004
  8.971598710236015E-002  1.362722167964913E-004
  9.077864497263562E-002  1.146477966430076E-004
  9.135481820018208E-002  5.094073983985698E-005
  9.114576634124527E-002 -1.767219954067604E-005
  9.028473890003071E-002 -5.272106743827966E-005
  8.925642602031165E-002 -3.537038109421764E-005
  8.862722627449594E-002  2.372145129824819E-005
  8.873621444018050E-002  9.075761299628929E-005
  8.951522010929755E-002  1.276215167840426E-004
  9.053323763066570E-002  1.127100760846618E-004
  9.123689836346509E-002  5.243336602054709E-005
  9.125288416990034E-002 -2.268967512756635E-005
  9.058704897149278E-002 -7.493543549029227E-005
  8.961413268962794E-002 -7.986536328208029E-005
  8.886754572149567E-002 -3.921846802658500E-005
  8.874700403408010E-002  2.064225348283231E-005
  8.930417761679704E-002  6.361004141113884E-005
  9.022120646234774E-002  6.371235911657567E-005
  9.099015153218999E-002  1.910430719554249E-005
  9.119226831236985E-002 -4.730590495515966E-005
  9.072370464787087E-002 -1.006888567986833E-004
  8.984614733514701E-002 -1.133704231318385E-004
  8.903818697438605E-002 -7.968841496822745E-005
  8.873175583221217E-002 -1.865022101573201E-005
  8.907878605228139E-002  3.682173419769395E-005
  8.987413599552951E-002  5.797320944671395E-005
  9.067369133605170E-002  3.568592955810660E-005
  9.103991729060475E-002 -1.500953853316022E-005
  9.077924321061809E-002 -6.361758233165712E-005
  9.004262097565750E-002 -8.109947249022364E-005
  8.923724190955791E-002 -5.569755068828578E-005
  8.880083528428305E-002  9.063631350796243E-007
  8.896357751577597E-002  6.026450259510559E-005
  8.962703218916217E-002  9.281432624250214E-005
  9.042362658013431E-002  8.385252884550485E-005
  9.092102813825088E-002  4.116071793969935E-005
  9.085782869090532E-002 -9.699131738135378E-006
  9.028207694523906E-002 -3.963712887606330E-005
  8.951930980366662E-002 -3.192344642479238E-005
  8.899061223585213E-002  8.941900948863522E-006
  8.898222402016223E-002  6.006188761487756E-005
  8.949260822658579E-002  9.292348007062504E-005
  9.023851983128457E-002  8.900478419454279E-005
  9.081382304987454E-002  4.968399931455513E-005
  9.091204396112779E-002 -4.823371184827203E-006
  9.049072108968478E-002 -4.671982299589819E-005
  8.978946605245364E-002 -5.577747103988978E-005
  8.919466012404641E-002 -3.009320922816006E-005
  8.902705667765413E-002  1.330390602900752E-005
  8.936896968314742E-002  4.812952815017783E-005
  9.002407744561491E-002  5.335848398828435E-005
  9.062918271626012E-002  2.460783813369516E-005
  9.085445840742459E-002 -2.373115415751585E-005
  9.058187582299605E-002 -6.659712003512369E-005
  8.996540215728277E-002 -8.201126519093612E-005
  8.934250034428108E-002 -6.291272585109351E-005
  8.904771587691923E-002 -2.069255089243235E-005
  8.923131887632581E-002  2.133495047643362E-005
  8.978131024502062E-002  4.079351621816602E-005
  9.038918402107311E-002  2.834399547501084E-005
  9.072108206401111E-002 -7.527141050320185E-006
  9.059950465792584E-002 -4.548980360011628E-005
  9.009677981713367E-002 -6.323635149541408E-005
  8.949121608502629E-002 -4.966422621481651E-005
  8.911228805205237E-002 -1.075771223635429E-005
  8.916092510378107E-002  3.390766844410915E-005
  8.960287925263397E-002  6.197011754095106E-005
  9.019166900691554E-002  6.040034380931385E-005
  9.060623543659153E-002  3.233649435249761E-005
  9.062648176380650E-002 -4.973720848538152E-006
  9.025074555800087E-002 -2.984083904899067E-005
  8.969254920681095E-002 -2.802305739655301E-005
  8.926064538260568E-002 -3.432425677292343E-007
  8.918962229796691E-002  3.802152360114784E-005
  8.951390515082965E-002  6.603830429383515E-005
  9.005271336805550E-002  6.834813801871476E-005
  9.051207096595432E-002  4.351350758200949E-005
  9.064634230935710E-002  4.567809041305257E-006
  9.039053961194711E-002 -2.828932784555003E-005
  8.989216042808100E-002 -3.874193743099622E-005
  8.942715355389859E-002 -2.308820417306751E-005
  8.924776853415099E-002  8.041050137604299E-006
  8.944611338695148E-002  3.577549380683086E-005
  8.990716080118821E-002  4.345565346649340E-005
  9.037503566597184E-002  2.568646003479715E-005
  9.059450676823715E-002 -8.894233553101722E-006
  9.044950819682664E-002 -4.251829918908247E-005
  9.002358227184452E-002 -5.805881633864141E-005
  8.955089888155358E-002 -4.827868616802915E-005
  8.928646284044849E-002 -1.954917461687296E-005
  8.936743711445365E-002  1.187497979472025E-005
  8.974099135145083E-002  2.886345380692638E-005
  9.019658420556294E-002  2.271542598727855E-005
  9.048321563232045E-002 -2.291583750310547E-006
  9.044644250869206E-002 -3.148750792391474E-005
  9.011044176937187E-002 -4.799325292851822E-005
  8.966161484566487E-002 -4.195662479780814E-005
  8.934446242747830E-002 -1.580886732667439E-005
  8.932786179785034E-002  1.723756249913905E-005
  8.961485598984750E-002  4.051089915737691E-005
  9.004409239853013E-002  4.294258298406719E-005
  9.038042258980701E-002  2.492259498738891E-005
  9.044384293093424E-002 -2.168367523086192E-006
  9.020609964059199E-002 -2.237735137897142E-005
  8.980314482536204E-002 -2.395396359179630E-005
  8.945825507063876E-002 -5.675464513011414E-006
  8.935919505401435E-002  2.266536787915170E-005
  8.955693498560126E-002  4.576656056929565E-005
  8.994047753651117E-002  5.121848970218181E-005
  9.030003684134340E-002  3.618777513732290E-005
  9.044264500883996E-002  8.788107908172672E-006
  9.029648427519447E-002 -1.650765502130220E-005
  8.994754701802345E-002 -2.681441127054232E-005
  8.958999450082819E-002 -1.776677467122706E-005
  8.941875812704354E-002  4.305503902576018E-006
  8.952373362000750E-002  2.604921361203389E-005
  8.984294848114030E-002  3.450367319346712E-005
  9.019901565687864E-002  2.416565760139109E-005
  9.039754266684993E-002 -1.250931969692061E-007
  9.033294554928444E-002 -2.596868188124053E-005
  9.004411450246981E-002 -4.024145121409914E-005
  8.969065970319930E-002 -3.620183971163585E-005
  8.946410363071663E-002 -1.700598378962791E-005
  8.948341660703736E-002  6.206643277944876E-006
  8.973186784685291E-002  2.051694513412209E-005
  9.006868558372219E-002  1.827298813930696E-005
  9.030780453475025E-002  1.140823499861360E-006
  9.031972094372320E-002 -2.098227979451472E-005
  9.010075627299881E-002 -3.550624373391122E-005
  8.977275230854641E-002 -3.404969136865703E-005
  8.951465759550693E-002 -1.693391489189921E-005
  8.946439424071795E-002  7.125002108920537E-006
  8.964480526540297E-002  2.587048613581379E-005
  8.995341451716583E-002  3.018891534826858E-005
  9.022036635268463E-002  1.896306593536940E-005
  9.030183679911867E-002 -5.026662710406454E-007
  9.015757084674789E-002 -1.663262117157741E-005
  8.987077076591429E-002 -1.996786432085063E-005
  8.960061931994530E-002 -8.283264527643923E-006
  8.949445513482043E-002  1.232001292016267E-005
  8.960800673774362E-002  3.086520426473719E-005
  8.987681720046140E-002  3.753741393233171E-005
  9.015341187684368E-002  2.898391645438613E-005
  9.028881877906897E-002  1.001491268266670E-005
  9.021338426309326E-002 -9.151400647280855E-006
  8.997304852329174E-002 -1.852201773527579E-005
  8.970222916665829E-002 -1.373076860327404E-005
  8.954920814717714E-002  1.717731302761593E-006
  8.959539232674613E-002  1.851989620238578E-005
  8.981237116924458E-002  2.675526177582881E-005
  9.007936820011113E-002  2.130803290920606E-005
  9.025049244597605E-002  4.580838432902270E-006
  9.023437191793346E-002 -1.492225233420112E-005
  9.004272936640388E-002 -2.729839108349444E-005
  8.978212107274727E-002 -2.662209772350676E-005
  8.959437886587518E-002 -1.406595550069790E-005
  8.957902573053052E-002  2.884692361848155E-006
  8.974009679489948E-002  1.462354068733987E-005
  8.998576488920404E-002  1.468328414073811E-005
  9.017998918712768E-002  3.189680831852033E-006
  9.021719220549146E-002 -1.333068628528615E-005
  9.007901520821397E-002 -2.561647437493794E-005
  8.984268905525815E-002 -2.675729263911141E-005
  8.963737856110034E-002 -1.591282306160407E-005
  8.957315608894922E-002  1.327585839033639E-006
  8.968165246526637E-002  1.607798238450180E-005
  8.990036999050244E-002  2.101726478613948E-005
  9.010835558103325E-002  1.430989497647631E-005
  9.019292081897287E-002  4.768717912370684E-007
  9.011062827745649E-002 -1.219808377908103E-005
  8.990956008653915E-002 -1.625456236780884E-005
  8.970150768568687E-002 -9.107638206586043E-006
  8.960010626203367E-002  5.623193433053941E-006
  8.965911730074776E-002  2.017927529673450E-005
  8.984434511390195E-002  2.693892436172523E-005
  9.005379967657082E-002  2.254335827901864E-005
  9.017426763177672E-002  9.636588886311284E-006
  9.014291901517942E-002 -4.680405574167717E-006
  8.998042941430733E-002 -1.278141848638796E-005
  8.977817733261889E-002 -1.065505875961122E-005
  8.964731990409205E-002 -3.087323066708951E-009
  8.965808919846566E-002  1.280311324204318E-005
  8.980242946467715E-002  2.028267392156069E-005
  8.999981385024861E-002  1.794272492210666E-005
  9.014228046254837E-002  6.679227620725411E-006
  9.015352100840048E-002 -7.790600944849259E-006
  9.002969896745033E-002 -1.810160686082848E-005
  8.984018959251039E-002 -1.924992607892659E-005
  8.968858630267899E-002 -1.124768060517708E-005
  8.965587080047831E-002  9.915166602769663E-007
  8.975691421572334E-002  1.042202770732785E-005
  8.993366263024186E-002  1.173805227737189E-005
  9.008802044128059E-002  4.226236859714857E-006
  9.013584884329365E-002 -7.929888912931061E-006
  9.005238572522714E-002 -1.801133349713095E-005
  8.988460106084670E-002 -2.045986209355289E-005
  8.972439876685884E-002 -1.387844707596365E-005
  8.965793420777496E-002 -1.720666115950862E-006
  8.971899188370611E-002  9.662283288097497E-006
  8.987164438742064E-002  1.450848693896700E-005
  9.003105602076954E-002  1.074611249818205E-005
  9.011043219260319E-002  1.033377783795676E-006
  9.006815268643709E-002 -8.787665843431649E-006
  8.992951091628590E-002 -1.293589259498122E-005
  8.977173672057705E-002 -8.841699419150664E-006
  8.968111363857664E-002  1.504775502301166E-006
  8.970597908008121E-002  1.270624126568544E-005
  8.983118664090055E-002  1.894009668486685E-005
  8.998748802218789E-002  1.711784137062180E-005
  9.009009406582592E-002  8.504661818725645E-006
  9.008494891484366E-002 -2.050826413610658E-006
  8.997746614460730E-002 -8.814228679734526E-006
  8.982846221968520E-002 -8.290830994935112E-006
  8.972010558179000E-002 -1.075139992383493E-006
  8.971091649900081E-002  8.555108788655222E-006
  8.980443911502262E-002  1.503789552599516E-005
  8.994832988667822E-002  1.457965598230952E-005
  9.006379076884936E-002  7.192789761264399E-006
  9.008881179553248E-002 -3.369155598659054E-006
  9.001150267807746E-002 -1.170473217249617E-005
  8.987561242082616E-002 -1.371310597686267E-005
  8.975575994721419E-002 -8.782449176554646E-006
  8.971637945344496E-002 -4.535418747836128E-008
  8.977695960793218E-002  7.400917801815851E-006
  8.990232004887927E-002  9.305404286890459E-006
  9.002273427346590E-002  4.560922259788927E-006
  9.007242379299517E-002 -4.249148954723298E-006
  9.002519390245933E-002 -1.231893184742169E-005
  8.990792776533643E-002 -1.526887321814452E-005
  8.978502873764586E-002 -1.151605003258326E-005
  8.972279304954578E-002 -3.084940560877397E-006
  8.975341748359690E-002  5.552361409344505E-006
  8.985817777790976E-002  9.940716903211311E-006
  8.997854764755403E-002  8.050028869456777E-006
  9.004870448264383E-002  1.321631392439294E-006
  9.003138556363389E-002 -6.189053205629216E-006
  8.993757672613274E-002 -1.007257579151689E-005
  8.981965160268068E-002 -7.975460060171475E-006
  8.974217876380976E-002 -8.493437533242722E-007
  8.974665298275691E-002  7.617238784750316E-006
  8.982940085291731E-002  1.304259507791831E-005
  8.994440405704773E-002  1.273500794259075E-005
  9.002904460737374E-002  7.116078744702635E-006
  9.003837619556483E-002 -5.700007921348878E-007
  8.996916777360378E-002 -6.071495508683775E-006
  8.986086444346103E-002 -6.455233865174950E-006
  8.977337481164208E-002 -1.672133770034741E-006
  8.975416951820468E-002  5.473068596725691E-006
  8.981274274609298E-002  1.090160758905388E-005
  8.991615704440442E-002  1.150374492395977E-005
  9.000769640939599E-002  6.815408206103830E-006
  9.003807631583345E-002 -7.710661669325165E-007
  8.999204250926876E-002 -7.349426322188788E-006
  8.989601213639495E-002 -9.638162391214716E-006
  8.980296430631747E-002 -6.740358445140116E-006
  8.976320212509578E-002 -5.771965977488087E-007
  8.979711365515747E-002  5.215106281336908E-006
  8.988467416279296E-002  7.297511132664515E-006
  8.997707357438496E-002  4.440523772246572E-006
  9.002374764209309E-002 -1.843128934440914E-006
  8.999985845808471E-002 -8.166949565228876E-006
  8.991930465827165E-002 -1.114113568373064E-005
  8.982647110636267E-002 -9.211513555881986E-006
  8.977159025190998E-002 -3.469716581120975E-006
  8.978338890334558E-002  2.985883229122032E-006
  8.985391242255814E-002  6.764844793868859E-006
  8.994353354558698E-002  6.024679077291890E-006
  9.000305178115776E-002  1.435702584259831E-006
  9.000057370452336E-002 -4.236268005021091E-006
  8.993849972131501E-002 -7.676961147287054E-006
  8.985158451693938E-002 -6.839722902077930E-006
  8.978747613746130E-002 -2.039961955647239E-006
  8.978061961841192E-002  4.252682687256634E-006
  8.983380874324909E-002  8.787669195786039E-006
  8.991725362696155E-002  9.305729610401387E-006
  8.998534399486453E-002  5.741082899103584E-006
  9.000168307225268E-002  2.121351863746731E-007
  8.995865500202747E-002 -4.171612895428413E-006
  8.988101073757815E-002 -5.016964962346630E-006
  8.981182479212954E-002 -1.932691496835034E-006
  8.978877144403090E-002  3.296281372217281E-006
  8.982377354361784E-002  7.719922548644781E-006
  8.989700391075481E-002  8.848623730735108E-006
  8.996822706017989E-002  5.999615967569561E-006
  8.999900448331391E-002  6.387430927698807E-007
  8.997351278716213E-002 -4.449328351898865E-006
  8.990670480592372E-002 -6.690595550498428E-006
  8.983562134277609E-002 -5.108175956405588E-006
  8.979888164976862E-002 -8.163178552235586E-007
  8.981570121286955E-002  3.629249128421303E-006
  8.987583043921074E-002  5.650614750904593E-006
  8.994566990764412E-002  4.052003179265116E-006
  8.998694253926975E-002 -3.527591716120554E-007
  8.997755707646056E-002 -5.215741942415907E-006
  8.992330131051358E-002 -7.954916985530574E-006
  8.985419086683807E-002 -7.157993279166179E-006
  8.980774021517315E-002 -3.326459568676014E-006
  8.980847632685618E-002  1.431591027438115E-006
  8.985488053325749E-002  4.573635862987513E-006
  8.992070527630877E-002  4.507838872655361E-006
  8.996968328012972E-002  1.435690213950988E-006
  8.997539830199769E-002 -2.794802822808112E-006
  8.993543931615920E-002 -5.727130074084822E-006
  8.987226446367806E-002 -5.645508994617467E-006
  8.982055349111469E-002 -2.497274915183613E-006
  8.980816289769650E-002  2.104279552010958E-006
  8.984113669609944E-002  5.781204464985294E-006
  8.990083045118100E-002  6.690618859079031E-006
  8.995448356049458E-002  4.510371255117725E-006
  8.997325292015883E-002  5.818028263028983E-007
  8.994778414638517E-002 -2.852040652326913E-006
  8.989291753366292E-002 -3.882473589741846E-006
  8.983917794986020E-002 -1.965936979652587E-006
  8.981591267480731E-002  1.806029862924528E-006
  8.983538238396536E-002  5.329927698278475E-006
  8.988641995219261E-002  6.651766270894389E-006
  8.994091978269353E-002  5.026564310493828E-006
  8.996939775585241E-002  1.302808419362907E-006
  8.995701021253981E-002 -2.564272004592016E-006
  8.991133170243122E-002 -4.590414827007137E-006
  8.985782493229050E-002 -3.835383007116651E-006
  8.982569023880833E-002 -8.893597710369955E-007
  8.983195185204838E-002  2.480160510656820E-006
  8.987244852204167E-002  4.313602616158910E-006
  8.992448829498063E-002  3.530159107203994E-006
  8.995950958846968E-002  5.014907824906619E-007
  8.995869217235276E-002 -3.173861683607508E-006
  8.992299246541997E-002 -5.558153338520425E-006
  8.987226169896623E-002 -5.430283207415262E-006
  8.983412859135552E-002 -2.933830035170450E-006
  8.982886922619462E-002  5.267238587428376E-007
  8.985854824867952E-002  3.071264560930668E-006
  8.990624358139185E-002  3.372056234129990E-006
  8.994558730955220E-002  1.362220637253398E-006
  8.995525353640069E-002 -1.753708281678233E-006
  8.993043983051427E-002 -4.179790743029800E-006
  8.988516833815022E-002 -4.517312433219189E-006
  8.984432890394989E-002 -2.519751284970764E-006
  8.982997261918015E-002  7.913291075870088E-007
  8.984939997692228E-002  3.700561482275203E-006
  8.989147356504311E-002  4.738895961611788E-006
  8.993300286491562E-002  3.472757670910577E-006
  8.995154923252208E-002  7.169674185839140E-007
  8.993758361670515E-002 -1.933276127816135E-006
  8.989941245089995E-002 -2.984645263045353E-006
  8.985833380680622E-002 -1.855680323038242E-006
  8.983683422728696E-002  8.236643529365995E-007
  8.984636042081375E-002  3.575973835749049E-006
  8.988130895815245E-002  4.893988749795907E-006
  8.992237948273712E-002  4.059777972717021E-006
  8.994729772084033E-002  1.520917619216038E-006
  8.994295286788820E-002 -1.372243977579167E-006
  8.991233741120151E-002 -3.113847145334061E-006
  8.987262078039153E-002 -2.859903590316297E-006
  8.984556729241704E-002 -8.710768234335385E-007
  8.984564024720909E-002  1.652314599874705E-006
  8.987228998096009E-002  3.242119492989098E-006
  8.991053240971360E-002  2.966927900466766E-006
  8.993934967339536E-002  9.302637596272528E-007
  8.994320893793208E-002 -1.802305846138861E-006
  8.992039110912885E-002 -3.797035796925810E-006
  8.988366963441037E-002 -4.034973867707348E-006
  8.985311345284959E-002 -2.455728576571806E-006
  8.984506577021777E-002  2.852007568295280E-008
  8.986334984523210E-002  2.046479592271311E-006
  8.989743188161846E-002  2.520242625218397E-006
  8.992840810324464E-002  1.244081579576684E-006
  8.993942156057011E-002 -1.021244658188389E-006
  8.992477389591913E-002 -2.980770318407281E-006
  8.989281224858965E-002 -3.519766279705993E-006
  8.986114074113330E-002 -2.307367236176094E-006
  8.984689769726831E-002  3.615626877160986E-008
  8.985746602781711E-002  2.291196225747332E-006
  8.988664922514956E-002  3.309207692456481E-006
  8.991828605830189E-002  2.632105178591133E-006
  8.993520410516563E-002  7.256049555039234E-007
  8.992855455388145E-002 -1.292830161503481E-006
  8.990245619924417E-002 -2.274345661927751E-006
  8.987151628101647E-002 -1.664202388712282E-006
  8.985270614517821E-002  2.071036569334287E-007
  8.985610524731535E-002  2.318873146841133E-006
  8.987955697890695E-002  3.526525790014149E-006
  8.991006330117378E-002  3.185015509957633E-006
  8.993103604549618E-002  1.489999963547875E-006
  8.993136135260803E-002 -6.431213101989668E-007
  8.991132523235634E-002 -2.088095863596492E-006
  8.988224360880995E-002 -2.121334269688277E-006
  8.986011493322431E-002 -8.052680996715726E-007
  8.985685084424314E-002  1.062108608753996E-006
  8.987388824914379E-002  2.395986094833728E-006
  8.990160454925970E-002  2.420793943330977E-006
  8.992474520122452E-002  1.087330369447592E-006
  8.993080661101174E-002 -9.121037935047294E-007
  8.991677072892344E-002 -2.531353356797498E-006
  8.989056781623521E-002 -2.943055479696184E-006
  8.986657181998442E-002 -1.982169629506902E-006
  8.985768363054174E-002 -2.221760109608377E-007
  8.986836129618163E-002  1.350532007734744E-006
  8.989236124758168E-002  1.879886281648937E-006
  8.991632828453711E-002  1.102195153184137E-006
  8.992717735975550E-002 -5.221794784267740E-007
  8.991919109515409E-002 -2.072792491725008E-006
  8.989698714456497E-002 -2.678102943952870E-006
  8.987282217992387E-002 -1.988699786870676E-006
  8.985980078750296E-002 -3.586144520670539E-007
  8.986475034893461E-002  1.358274145732836E-006
  8.988463417297513E-002  2.279158908363056E-006
  8.990838318091839E-002  1.970108272674943E-006
  8.992305134307110E-002  6.714306890030264E-007
  8.992087441541770E-002 -8.469224031136240E-007
  8.990338512810941E-002 -1.714512212307718E-006
  8.988040681340739E-002 -1.435919791410580E-006
  8.986456699259687E-002 -1.536916458648139E-007
  8.986439136132866E-002  1.440023174819577E-006
  8.987975188237397E-002  2.488678903462462E-006
  8.990209506844656E-002  2.438854758153349E-006
  8.991923762546095E-002  1.334886912402821E-006
  8.992204235068556E-002 -2.160416821603186E-007
  8.990931701035089E-002 -1.383288743466626E-006
  8.988831125053447E-002 -1.566819265239866E-006
  8.987062398127514E-002 -7.174714262960217E-007
  8.986582742357352E-002  6.478231402378357E-007
  8.987630997015980E-002  1.738397427109622E-006
  8.989611343396449E-002  1.925375791504942E-006
  8.991432119580128E-002  1.081337088207622E-006
  8.992107407528624E-002 -3.584502184292646E-007
  8.991290076414146E-002 -1.641308410501747E-006
  8.989448328255084E-002 -2.110192588920060E-006
  8.987596589552639E-002 -1.557293679006469E-006
  8.986735063221943E-002 -3.274798336665414E-007
  8.987307459988517E-002  8.798628353092249E-007
  8.988970798002828E-002  1.397430557085692E-006
  8.990796357036930E-002  9.517519950616474E-007
  8.991784711660677E-002 -1.957376539170283E-007
  8.991409530184989E-002 -1.400729678826530E-006
  8.989894532974291E-002 -1.993216638532637E-006
  8.988078297874326E-002 -1.642165571290015E-006
  8.986947941305225E-002 -5.296530879652780E-007
  8.987100862394946E-002  7.565050416601824E-007
  8.988427943261473E-002  1.548162901137205E-006
  8.990185972721082E-002  1.459703459562862E-006
  8.991412744888952E-002  5.908046036739865E-007
  8.991453217724951E-002 -5.378846997686650E-007
  8.990309171321771E-002 -1.276240820966008E-006
  8.988625932119913E-002 -1.200900059655417E-006
  8.987330130339535E-002 -3.416997013603358E-007
  8.987121547203454E-002  8.421522508218483E-007
  8.988097497235069E-002  1.718610207759517E-006
  8.989711091300498E-002  1.828515603985512E-006
  8.991079812765321E-002  1.131273036804943E-006
  8.991470454063615E-002  1.904209300681927E-008
  8.990694008575179E-002 -9.039467692342295E-007
  8.989197933138746E-002 -1.152844187333922E-006
  8.987811362166076E-002 -6.225091063201924E-007
  8.987287988852566E-002  3.631956102956582E-007
  8.987898417861193E-002  1.235929917036600E-006
  8.989292259300868E-002  1.496716551401642E-006
  8.990699768729803E-002  9.863640176944605E-007
  8.991357299771124E-002 -3.348362963717447E-008
  8.990921550659282E-002 -1.029154333075062E-006
  8.989648043411157E-002 -1.488621837394188E-006
  8.988241383370593E-002 -1.198031737968664E-006
  8.987464659455691E-002 -3.513851649718880E-007
  8.987724407074392E-002  5.630013958210697E-007
  8.988856783234718E-002  1.033475039727275E-006
  8.990227222281018E-002  8.034836812439670E-007
  8.991083655203301E-002  6.243756652687745E-009
  8.990966908443576E-002 -9.147574640476173E-007
  8.989954530899744E-002 -1.452298007040237E-006
  8.988608847503848E-002 -1.312106520904293E-006
  8.987662930832309E-002 -5.689935938732963E-007
  8.987619760165919E-002  3.800590540370849E-007
  8.988483677401678E-002  1.036636804979464E-006
  8.989767384368878E-002  1.072472214570500E-006
  8.990765550336877E-002  5.035880228945287E-007
  8.990941603545463E-002 -3.256431769898757E-007
  8.990215725990632E-002 -9.363040168275701E-007
  8.988999627144668E-002 -9.781029054274398E-007
  8.987963946843358E-002 -4.177959450581497E-007
  8.987669476669667E-002  4.480085683023530E-007
  8.988264837757538E-002  1.159360224533348E-006
  8.989413419591455E-002  1.345120088226302E-006
  8.990484955523372E-002  9.223573939813764E-007
  8.990902860708473E-002  1.357881555314756E-007
  8.990455970057884E-002 -5.811605324312733E-007
  8.989406194973915E-002 -8.449529785352230E-007
  8.988337489976000E-002 -5.288984101339439E-007
  8.987832901982572E-002  1.732371854101559E-007
  8.988158140185785E-002  8.587922706250339E-007
  8.989123241970465E-002  1.139130564540189E-006
  8.990194079155289E-002  8.508704685839669E-007
  8.990788548985078E-002  1.410060198592001E-007
  8.990593297855583E-002 -6.179413560900490E-007
  8.989728741902614E-002 -1.033559372568903E-006
  8.988675670111723E-002 -9.061649435976548E-007
  8.988007695064436E-002 -3.329325013360818E-007
  8.988078337915029E-002  3.509281412472512E-007
  8.988833377456167E-002  7.589745688753385E-007
  8.989847946219674E-002  6.645578259189469E-007
  8.990564055845923E-002  1.211072256941034E-007
  8.990595934260995E-002 -5.719092039565938E-007
  8.989936232943424E-002 -1.036007255175605E-006
  8.988953060001428E-002 -1.020587965948108E-006
  8.988183342227753E-002 -5.367061699054585E-007
  8.988038428439275E-002  1.535222587609515E-007
  8.988583305196383E-002  6.834491965732446E-007
  8.989507848469566E-002  7.823350491947484E-007
  8.990302131016201E-002  4.199552316226227E-007
  8.990536861657276E-002 -1.820323070312203E-007
  8.990094831589679E-002 -6.756251119821400E-007
  8.989228697921663E-002 -7.782331537625704E-007
  8.988416986546281E-002 -4.253548908432715E-007
  8.988100206511344E-002  1.979596373424118E-007
  8.988442494280906E-002  7.616894389152379E-007
  8.989247645398402E-002  9.722023525640465E-007
  8.990072220802175E-002  7.305706814928631E-007
  8.990470687876581E-002  1.823796605354647E-007
  8.990237126323711E-002 -3.659697120122784E-007
  8.989512416496494E-002 -6.165597407744890E-007
  8.988701258559986E-002 -4.414015214201088E-007
  8.988247592807701E-002  5.142321225603306E-008
  8.988392917732990E-002  5.810303789464539E-007
  8.989048962719277E-002  8.496627355666232E-007
  8.989851674556519E-002  7.049352685453582E-007
  8.990363848830146E-002  2.202313867580792E-007
  8.990313691000565E-002 -3.488634106894234E-007
  8.989739195837188E-002 -7.061583273311090E-007
  8.988961759871354E-002 -6.758447177058539E-007
  8.988406525479878E-002 -2.951777206319064E-007
  8.988369791874458E-002  2.101489492079818E-007
  8.988860680199205E-002  5.523740800902565E-007
  8.989601580231037E-002  5.393094011814298E-007
  8.990184176765896E-002  1.771210977905353E-007
  8.990293495999553E-002 -3.365027424140399E-007
  8.989877135608854E-002 -7.230549362243496E-007
  8.989168873535530E-002 -7.757829334601607E-007
  8.988556555756755E-002 -4.705672410958491E-007
  8.988368845396782E-002  2.428390763338734E-008
  8.988698052009325E-002  4.427605169054816E-007
  8.989354499500582E-002  5.670599452031094E-007
  8.989974740659490E-002  3.445654412588896E-007
  8.990222034194703E-002 -8.702793815036472E-008
  8.989968586277096E-002 -4.783496942824502E-007
  8.989361011843944E-002 -6.061384000586315E-007
  8.988735671684639E-002 -3.942973459406700E-007
  8.988432619904468E-002  4.716506541223986E-008
  8.988611002686718E-002  4.849224159494450E-007
  8.989166046425949E-002  6.908936727769931E-007
  8.989790786073032E-002  5.656099596828608E-007
  8.990146345260057E-002  1.895518142447778E-007
  8.990046354139468E-002 -2.240499312270943E-007
  8.989555178666389E-002 -4.474992994996873E-007
  8.988948269727870E-002 -3.624984995065841E-007
  8.988558716910705E-002 -2.227744472433139E-008
  8.988595388107257E-002  3.805697876957720E-007
  8.989031863029093E-002  6.213289634066610E-007
  8.989625107871396E-002  5.658950126557368E-007
  8.990051342833955E-002  2.420976378013575E-007
  8.990083199122270E-002 -1.781296899776574E-007
  8.989711272117311E-002 -4.744118606757772E-007
  8.989145152536539E-002 -4.980805459386059E-007
  8.988695621354519E-002 -2.511718594217147E-007
  8.988604142804969E-002  1.178128875449453E-007
  8.988913153471952E-002  3.975217917161140E-007
  8.989446767649263E-002  4.298846171610866E-007
  8.989910310394389E-002  1.951349790577564E-007
  8.990052457162524E-002 -1.798383565872379E-007
  8.989800835830761E-002 -4.929200738987221E-007
  8.989298006619739E-002 -5.777377208736129E-007
  8.988820151489867E-002 -3.932257838311767E-007
  8.988624775271320E-002 -4.358616009321588E-008
  8.988811376379283E-002  2.808905096854773E-007
  8.989270443822929E-002  4.085616264686378E-007
  8.989746807961671E-002  2.790539717707569E-007
  8.989980839712898E-002 -2.625436087863690E-008
  8.989849432747599E-002 -3.312656634411949E-007
  8.989430275394758E-002 -4.627361510054209E-007
  8.988955966973655E-002 -3.444975060621163E-007
  8.988684926720308E-002 -3.725504416890667E-008
  8.988760689901555E-002  2.966274830893237E-007
  8.989136153391292E-002  4.828604536346749E-007
  8.989602665590639E-002  4.297824715023119E-007
  8.989906224321330E-002  1.763488219844709E-007
  8.989886112306034E-002 -1.316103931337599E-007
  8.989560330089676E-002 -3.226389897646623E-007
  8.989112462974035E-002 -2.932501923507696E-007
  8.988788945312820E-002 -6.285224543407053E-008
  8.988764136754628E-002  2.390783815612394E-007
  8.989047020641643E-002  4.453531093430987E-007
  8.989479375680080E-002  4.425848049116600E-007
  8.989824710073831E-002  2.318427797816770E-007
  8.989898012903991E-002 -7.389250561106577E-008
  8.989665160399264E-002 -3.129229777021303E-007
  8.989258605346848E-002 -3.632633811488996E-007
  8.988902396469496E-002 -2.078639304568640E-007
  8.988788901253757E-002  5.832432972997014E-008
  8.988975021759490E-002  2.821839253927425E-007
  8.989353853097885E-002  3.368126933202409E-007
  8.989715756815139E-002  1.900914416390647E-007
  8.989864044639650E-002 -7.947883846847607E-008
  8.989721484774452E-002 -3.272865316854301E-007
  8.989370010695154E-002 -4.221950435389594E-007
  8.989003329835205E-002 -3.173711612585090E-007
  8.988819768004862E-002 -7.408967823671667E-008
  8.988914604116574E-002  1.735256886325328E-007
  8.989230322575364E-002  2.925942512289416E-007
  8.989590696370706E-002  2.234798206402858E-007
  8.989798644937270E-002  1.067611329896735E-008
  8.989743580523185E-002 -2.234120150108658E-007
  8.989459819744036E-002 -3.464963422046707E-007
  8.989105277388114E-002 -2.885456846923345E-007
  8.988873487806663E-002 -7.881281625741016E-008
  8.988887932699546E-002  1.716952435743984E-007
  8.989136342425087E-002  3.317822350496082E-007
  8.989479874376054E-002  3.214439552327298E-007
  8.989730793821611E-002  1.541575617494580E-007
  8.989755232228082E-002 -7.231997757324490E-008
  8.989544800137578E-002 -2.306878598113778E-007
  8.989218778555239E-002 -2.338204081493422E-007
  8.988956993824730E-002 -8.135796590833759E-008
  8.988901090048031E-002  1.416810913239463E-007
  8.989078358008402E-002  3.126207900030435E-007
  8.989389031562628E-002  3.384237012245040E-007
  8.989662763031661E-002  2.056816928295739E-007
  8.989752346285845E-002 -1.350389503622562E-008
  8.989613140426898E-002 -2.021250718533785E-007
  8.989325365895369E-002 -2.624603947028239E-007
  8.989048239795198E-002 -1.685928381871253E-007
  8.988932106495721E-002  2.102104671667812E-008
  8.989037023853287E-002  1.970011053852596E-007
  8.989301859719345E-002  2.595001237230790E-007
  8.989579725836597E-002  1.723550018900181E-007
  8.989719286741191E-002 -1.833723817060649E-008
  8.989646970659891E-002 -2.106396707900712E-007
  8.989405457616202E-002 -3.030219891257178E-007
  8.989128375025712E-002 -2.493615618001474E-007
  8.988966118523510E-002 -8.288101207765850E-008
  8.989003957175311E-002  1.033861575968934E-007
  8.989217001971768E-002  2.081923568787021E-007
  8.989485784166253E-002  1.771420285981850E-007
  8.989662860935696E-002  3.128507231778115E-008
  8.989653357093234E-002 -1.457818568467558E-007
  8.989465480922872E-002 -2.545315630052831E-007
  8.989204163195846E-002 -2.339145962193789E-007
  8.989012329949024E-002 -9.388866973545979E-008
  8.988992649504901E-002  9.117793368140406E-008
  8.989152577219657E-002  2.239253287086509E-007
  8.989402082563830E-002  2.371253899655707E-007
  8.989604310574159E-002  1.294712750206648E-007
  8.989650703066980E-002 -3.505916756226398E-008
  8.989519363722950E-002 -1.632384042999439E-007
  8.989285310851866E-002 -1.838074992684467E-007
  8.989077951461527E-002 -8.580130556413384E-008
  8.989009834838961E-002  7.657634700295594E-008
  8.989115879405911E-002  2.145508152124445E-007
  8.989335853751075E-002  2.535852930384302E-007
  8.989548812475506E-002  1.735769287697323E-007
  8.989639834821643E-002  1.878945300074180E-008
  8.989562252670889E-002 -1.273051064333469E-007
  8.989361687649608E-002 -1.879734802789339E-007
  8.989149566692066E-002 -1.346418364167966E-007
  8.989041427889248E-002 -1.402912011434702E-009
  8.989094147836608E-002  1.347570234395206E-007
  8.989276170986656E-002  1.966402637884857E-007
  8.989486279742649E-002  1.488390897143418E-007
  8.989609816374308E-002  1.627563828707855E-008
  8.989581153028331E-002 -1.303459030557897E-007
  8.989418397076496E-002 -2.136679610811322E-007
  8.989212017597156E-002 -1.917028054018732E-007
  8.989074422166210E-002 -7.989692940711349E-008
  8.989078570418764E-002  5.836205722988178E-008
  8.989219136240155E-002  1.470561935632884E-007
  8.989416871337325E-002  1.390247097191565E-007
  8.989562997254613E-002  4.100246437780963E-008
  8.989578792680188E-002 -9.106927003650236E-008
  8.989457760586564E-002 -1.833601403662658E-007
  8.989267819501984E-002 -1.846054992428965E-007
  8.989113074256402E-002 -9.357539909872223E-008
  8.989076661988930E-002  4.110762651959111E-008
  8.989176037383036E-002  1.481909917518639E-007
  8.989354727438512E-002  1.727832661010340E-007
  8.989514350252995E-002  1.057415329955886E-007
  8.989568774528274E-002 -1.230863969747401E-008
  8.989490620691415E-002 -1.140263946696003E-007
  8.989325015115532E-002 -1.424663728242859E-007
  8.989163744733708E-002 -8.184670238138119E-008
  8.989094573704055E-002  3.460418115113533E-008
  8.989153685861548E-002  1.435539905165304E-007
  8.989306999767949E-002  1.864702678370718E-007
  8.989469957367184E-002  1.412850205071626E-007
  8.989554332713266E-002  3.369934430087122E-008
  8.989516159547684E-002 -7.762722058316176E-008
  8.989378751875944E-002 -1.334810404807109E-007
  8.989218790942512E-002 -1.061837497662893E-007
  8.989123716071107E-002 -1.396280973925475E-008
  8.989144073786907E-002  8.986187297579450E-008
  8.989266774560642E-002  1.465363814466730E-007
  8.989423378631019E-002  1.239300576021440E-007
  8.989528262535906E-002  3.355010307520697E-008
  8.989525400609072E-002 -7.644092495549812E-008
  8.989418217307141E-002 -1.479714477597328E-007
  8.989266627732694E-002 -1.446925889142895E-007
  8.989153483135327E-002 -7.124291906972930E-008
  8.989139197621542E-002  3.007481618647933E-008
  8.989229395354664E-002  1.029798053809433E-007
  8.989372889907839E-002  1.080299770343991E-007
  8.989490526782133E-002  4.371518674572213E-008
  8.989518663926560E-002 -5.343711470586777E-008
  8.989443424803892E-002 -1.294096006535470E-007
  8.989307309930361E-002 -1.423613849763510E-007
  8.989185094097490E-002 -8.514492327592748E-008
  8.989142659286561E-002  1.141252792917924E-008
  8.989201418119361E-002  9.588692668730867E-008
  8.989327527318661E-002  1.244828422342099E-007
  8.989451282060862E-002  8.459126809449368E-008
  8.989505605658829E-002  9.865591303200085E-010
  8.989462394491567E-002 -7.837441149822694E-008
  8.989347037552746E-002 -1.088635246903904E-007
  8.989223639055950E-002 -7.338697745240759E-008
  8.989159508217047E-002  8.807432218290386E-009
  8.989188570424367E-002  9.321462687432631E-008
  8.989293573172720E-002  1.346643455444196E-007
  8.989416391961326E-002  1.118264653427114E-007
  8.989490321052725E-002  3.833495940943112E-008
  8.989476418966426E-002 -4.525611568137148E-008
  8.989384112483721E-002 -9.396327673246921E-008
  8.989265172981004E-002 -8.283915716972017E-008
  8.989184829783477E-002 -2.010223729166047E-008
  8.989186120468545E-002  5.798093747865199E-008
  8.989266947713688E-002  1.073427256795632E-007
  8.989382055016057E-002  1.002210879234075E-007
  8.989468385147478E-002  3.997210275911119E-008
  8.989479626353536E-002 -4.127761625702485E-008
  8.989411030429920E-002 -1.005469384203233E-007
  8.989301217582557E-002 -1.074751733786024E-007
  8.989210417326857E-002 -6.051652306039689E-008
  8.989187390652902E-002  1.279604626919247E-008
  8.989243192065879E-002  7.136278548181348E-008
  8.989345880525948E-002  8.309347402913032E-008
  8.989438658645524E-002  4.216601324105660E-008
  8.989471161187162E-002 -2.829841095810997E-008
  8.989426670599035E-002 -8.932346546101502E-008
  8.989330568128046E-002 -1.075335690916580E-007
  8.989235784270712E-002 -7.317916898199682E-008
  8.989193571364339E-002 -5.013982264680997E-009
  8.989225730286289E-002  6.037832110425987E-008
  8.989313333761817E-002  8.872824768089242E-008
  8.989407757585222E-002  6.659022393327200E-008
  8.989457618623727E-002  8.206523812034913E-009
  8.989436706771084E-002 -5.278052718941110E-008
  8.989357736540655E-002 -8.198739574595276E-008
  8.989264720926218E-002 -6.300036891547482E-008
  8.989208503777910E-002 -5.983918976360460E-009
  8.989219040624738E-002  5.829744332943835E-008
  8.989289529036233E-002  9.552935398142979E-008
  8.989380778802233E-002  8.651293369655834E-008
  8.989443073852084E-002  3.728793982274547E-008
  8.989443338056084E-002 -2.461967560130235E-008
  8.989382766214231E-002 -6.553124663632901E-008
  8.989295531514553E-002 -6.399450445114863E-008
  8.989229623489141E-002 -2.217959071086866E-008
  8.989220546795000E-002  3.576071219122045E-008
  8.989272284939599E-002  7.723309651399839E-008
  8.989355722780845E-002  7.907752624107840E-008
  8.989425058617814E-002  3.999260066201632E-008
  8.989442965655371E-002 -1.912921550493275E-008
  8.989400687326869E-002 -6.691442816435728E-008
  8.989322257156282E-002 -7.869086968345717E-008
  8.989250849152182E-002 -4.971577300879330E-008
  8.989224997771919E-002  2.653196220399721E-009
  8.989257779052022E-002  4.881499860251605E-008
  8.989330193885008E-002  6.323707033295636E-008
  8.989402078954570E-002  3.825030592143133E-008
  8.989434298412136E-002 -1.211151642734034E-008
  8.989409964832519E-002 -6.012591918249189E-008
  8.989343192915279E-002 -7.968026191667632E-008
  8.989270868263341E-002 -6.041780770441078E-008
  8.989232213715673E-002 -1.307678832336591E-008
  8.989247467657256E-002  3.671099548079760E-008
  8.989307259823234E-002  6.258291145341473E-008
  8.989378249886372E-002  5.173744258176177E-008
  8.989421666323325E-002  1.159910235849145E-008
  8.989414446057779E-002 -3.461696292134158E-008
  8.989361456090524E-002 -6.082623074660907E-008
  8.989292331821125E-002 -5.231176256774363E-008
  8.989244934177711E-002 -1.352641956346227E-008
  8.989244651006893E-002  3.465418945518817E-008
  8.989290851243235E-002  6.654179582758124E-008
  8.989357708661022E-002  6.564458379092927E-008
  8.989408680690100E-002  3.342987592798612E-008
  8.989416531892200E-002 -1.181610462481897E-008
  8.989377934261221E-002 -4.522801877740340E-008
  8.989314823424463E-002 -4.897511354859671E-008
  8.989262021725204E-002 -2.179936268971594E-008
  8.989248099828044E-002  2.062110930731878E-008
  8.989279987371428E-002  5.450915587875200E-008
  8.989339613161786E-002  6.105931243128216E-008
  8.989394173933911E-002  3.657038375970310E-008
  8.989414206064859E-002 -5.804053179526793E-009
  8.989389509259871E-002 -4.348174587276058E-008
  8.989334322086298E-002 -5.685500306099026E-008
  8.989279141333237E-002 -3.984925307210128E-008
  8.989253872763091E-002 -2.943069692466866E-009
  8.989271617046632E-002  3.284779054134562E-008
  8.989321876693356E-002  4.758907646328097E-008
  8.989376694299266E-002  3.324022499196649E-008
  8.989406150526592E-002 -2.192072243600850E-009
  8.989394638181951E-002 -3.928893136410334E-008
  8.989349067539587E-002 -5.796446996295623E-008
  8.989294700904334E-002 -4.837703963771097E-008
  8.989261106894982E-002 -1.608289441990612E-008
  8.989266039559707E-002  2.125705989014456E-008
  8.989306028032722E-002  4.367354110340517E-008
  8.989358657669823E-002  3.975209284258215E-008
  8.989395087061151E-002  1.264956107001827E-008
  8.989395818488284E-002 -2.190975302989779E-008
  8.989361104168878E-002 -4.442088492116274E-008
  8.989310441791128E-002 -4.227317837485200E-008
  8.989271636307225E-002 -1.648532867752628E-008
  8.989265557413965E-002  1.908122546859576E-008
  8.989294943498878E-002  4.546428667826231E-008
  8.989343251685844E-002  4.896849568349062E-008
  8.989383990876733E-002  2.848469416496024E-008
  8.989395278508752E-002 -4.153235328029128E-009
  8.989371625349277E-002 -3.083768781708037E-008
  8.989326605658973E-002 -3.713300374361346E-008
  8.989285133785760E-002 -2.003991015614165E-008
  8.989269731601857E-002  1.059352802969366E-008
  8.989288350073753E-002  3.766148455238749E-008
  8.989330324089521E-002  4.622688353798446E-008
  8.989372504014628E-002  3.159817827509397E-008
  8.989392047498988E-002  1.698628559178937E-009
  8.989378806710971E-002 -2.745170045170255E-008
  8.989340597281889E-002 -4.056203911896376E-008
  8.989298622658604E-002 -3.133643779986338E-008
  8.989275719983840E-002 -5.704902041945194E-009
  8.989283938965910E-002  2.163870592869401E-008
  8.989318205807136E-002  3.538824611374341E-008
  8.989359396729821E-002  2.795548562248340E-008
  8.989384978070632E-002  3.455201735201702E-009
  8.989381298633244E-002 -2.473650358802323E-008
  8.989350833641689E-002 -4.140635392746448E-008
  8.989310543701831E-002 -3.778952168441549E-008
  8.989282404620974E-002 -1.620496452128478E-008
  8.989281392342929E-002  1.140670346637161E-008
  8.989307489673197E-002  3.013602369806930E-008
  8.989345976937108E-002  3.024193439532839E-008
  8.989375694483896E-002  1.233085870836785E-008
  8.989380645268133E-002 -1.317703180689205E-008
  8.989358579713888E-002 -3.189791705619653E-008
  8.989321960919586E-002 -3.337703205150458E-008
  8.989290928410036E-002 -1.670286530386748E-008
  8.989282227338458E-002  9.161454953651061E-009
  8.989300185297369E-002  3.041147411360927E-008
  8.989334594584060E-002  3.596888293132730E-008
  8.989366520402223E-002  2.343026098339340E-008
  8.989378735887098E-002  1.998263512512864E-010
  8.989365035801644E-002 -2.071843557647525E-008
  8.989333396264566E-002 -2.788638570739299E-008
  8.989301380752160E-002 -1.761181391164904E-008
  8.989286429572346E-002  4.191996604867137E-009
  8.989296397099371E-002  2.539569930148905E-008
  8.989325466694661E-002  3.435531594005298E-008
  8.989357559753865E-002  2.622759954956279E-008
  8.989375249592152E-002  5.479559029612633E-009
  8.989369241014969E-002 -1.669893863024363E-008
  8.989343261478078E-002 -2.858098889195329E-008
  8.989311795401633E-002 -2.426384326809815E-008
  8.989292024324638E-002 -6.751051624832853E-009
  8.989294454088437E-002  1.385531196474178E-008
  8.989317339166010E-002  2.597995074948410E-008
  8.989347858729251E-002  2.289340279913648E-008
  8.989369280520536E-002  6.282878061744911E-009
  8.989370113847769E-002 -1.481175961231126E-008
  8.989350248208250E-002 -2.903343871116561E-008
  8.989320802837207E-002 -2.890873505260876E-008
  8.989297885912502E-002 -1.482797107009982E-008
  8.989293763050132E-002  5.313620363426524E-009
  8.989310275247479E-002  2.053816344678939E-008
  8.989338035725881E-002  2.279572470598952E-008
  8.989361733763925E-002  1.127245434612535E-008
  8.989368553867461E-002 -7.309379293181582E-009
  8.989355083983097E-002 -2.248733730872873E-008
  8.989328992490170E-002 -2.581446914058452E-008
  8.989304661465169E-002 -1.541484384667262E-008
  8.989295258170277E-002  3.110853298214257E-009
  8.989305613105393E-002  1.985338893231407E-008
  8.989329753959546E-002  2.604218284677288E-008
  8.989354346821103E-002  1.877386785031674E-008
  8.989366067438735E-002  2.470180762613461E-009
  8.989358829727290E-002 -1.366468454636668E-008
  8.989336952045295E-002 -2.073289787179452E-008
  8.989312618943358E-002 -1.496921850151056E-008
  8.989299121943110E-002  3.092816636875716E-010
  8.989303625560656E-002  1.663437185516274E-008
  8.989323392605233E-002  2.507854465029244E-008
  8.989347452504166E-002  2.111032279485798E-008
  8.989362706074919E-002  6.975342765033767E-009
  8.989361071704763E-002 -9.642838328667430E-009
  8.989343776070116E-002 -1.988648147750074E-008
  8.989320514477882E-002 -1.854422260974212E-008
  8.989304032012350E-002 -6.802721672670778E-009
  8.989303151056428E-002  8.524811263531765E-009
  8.989318057381475E-002  1.880869608283073E-008
  8.989340360484480E-002  1.832724190123519E-008
  8.989357806485772E-002  7.324803448763025E-009
  8.989360999691513E-002 -8.225063137336079E-009
  8.989348448272425E-002 -1.996167050571230E-008
  8.989327227471436E-002 -2.171342868714216E-008
  8.989308982086193E-002 -1.280232451612308E-008
  8.989303524051824E-002  1.692573771136318E-009
  8.989313543819800E-002  1.379887742503550E-008
  8.989333284339343E-002  1.702978800646744E-008
  8.989351823282447E-002  9.874003224703237E-009
  8.989359096706677E-002 -3.480336202147878E-009
  8.989351344630436E-002 -1.552880604212561E-008
  8.989333034505131E-002 -1.958981332011577E-008
  8.989314284500435E-002 -1.342087955191061E-008
  8.989305268535976E-002 -3.594216344242306E-010
  8.989310695091444E-002  1.258507688208914E-008
  8.989327354203654E-002  1.859577086287013E-008
  8.989346006494529E-002  1.473683844280473E-008
  8.989356508375237E-002  3.467745181211545E-009
  8.989353332235278E-002 -8.797543545498081E-009
  8.989338479038453E-002 -1.524940703467078E-008
  8.989320251557789E-002 -1.238884500409152E-008
  8.989308631026839E-002 -1.867307219882151E-009
  8.989309829129040E-002  1.050351829411463E-008
  8.989322986798243E-002  1.798198984095109E-008
  8.989340771096148E-002  1.657239188568076E-008
  8.989353473721087E-002  7.143541903821466E-009
  8.989354322108277E-002 -5.130499167992870E-009
  8.989343098769338E-002 -1.365437408734520E-008
  8.989326136562818E-002 -1.401205053113113E-008
  8.989312759989432E-002 -6.317244279736102E-009
  8.989310169673978E-002  4.938216919798641E-009
  8.989319574710809E-002  1.340900773294652E-008
  8.989335648210692E-002  1.437964433275717E-008
  8.989349539560558E-002  7.298440404424623E-009
  8.989353742688024E-002 -3.995341797785270E-009
  8.989346144234385E-002 -1.343159838832741E-008
  8.989331070365483E-002 -1.604036188928519E-008
  8.989316820111082E-002 -1.062458497232648E-008
  8.989311089061779E-002 -3.368418110769397E-010
  8.989316805787208E-002  9.113858076867063E-009
  8.989330632410056E-002  1.260798570355949E-008
  8.989344893265686E-002  8.381973769721520E-009
  8.989351821275952E-002 -1.078721633882909E-009
  8.989347774764941E-002 -1.046958923585263E-008
  8.989335137209852E-002 -1.460079700681365E-008
  8.989320912269190E-002 -1.121472543063111E-008
  8.989312837967338E-002 -2.160539757795927E-009
  8.989315174671668E-002  7.681066686971453E-009
  8.989326458365894E-002  1.309777843019120E-008
  8.989340401676540E-002  1.137515232033428E-008
  8.989349395123608E-002  3.718173566109302E-009
  8.989348660394444E-002 -5.480075508706366E-009
  8.989338789948764E-002 -1.108556658814451E-008
  8.989325325044646E-002 -1.002638732100983E-008
  8.989315656333464E-002 -2.924041789199025E-009
  8.989314978649078E-002  6.310406086048675E-009
  8.989323512553785E-002  1.265836107299863E-008
  8.989336476649540E-002  1.273683896441922E-008
  8.989346774460180E-002  6.603849203457533E-009
  8.989348887443774E-002 -2.336136026789040E-009
  8.989341839348750E-002 -9.239994322686686E-009
  8.989329640778831E-002 -1.047817006539548E-008
  8.989319019701955E-002 -5.578438500508388E-009
  8.989315719894603E-002  2.580155089981172E-009
  8.989321402463679E-002  9.395690254766861E-009
  8.989332820445235E-002  1.107645614153892E-008
  8.989343672000467E-002  6.687289706458726E-009
  8.989348076770652E-002 -1.392241366174714E-009
  8.989343758887296E-002 -8.816967157469435E-009
  8.989333214999110E-002 -1.166697648957934E-008
  8.989322271070221E-002 -8.563637196678486E-009
  8.989316859655121E-002 -1.367838241475735E-009
  8.989319799426042E-002  5.891929324506503E-009
  8.989329324313955E-002  9.247007891375971E-009
  8.989340127737337E-002  6.941372269314934E-009
  8.989346308452409E-002  3.430754275201691E-010
  8.989344584171187E-002 -6.857064071267318E-009
  8.989336024239797E-002 -1.069279579968015E-008
  8.989325388800605E-002 -9.081641742584388E-009
  8.989318477579748E-002 -2.922229070265414E-009
  8.989318963907224E-002  4.445971520965231E-009
  8.989326441403662E-002  9.096956118539082E-009
  8.989336720602223E-002  8.656035306316769E-009
  8.989344172645304E-002  3.556061035070960E-009
  8.989344810239680E-002 -3.253056218930984E-009
  8.989338420421247E-002 -7.955002691024346E-009
  8.989328609565914E-002 -7.956807852623996E-009
  8.989320775124045E-002 -3.275520351499937E-009
  8.989319143243536E-002  3.517574001975054E-009
  8.989324497074815E-002  8.738115506102244E-009
  8.989333815523226E-002  9.607479068955018E-009
  8.989341982888915E-002  5.743090249418352E-009
  8.989344603186944E-002 -6.785441023273542E-010
  8.989340371541527E-002 -6.149840857118753E-009
  8.989331724206814E-002 -7.758989391227205E-009
  8.989323446593571E-002 -4.757171799195630E-009
  8.989320032633216E-002  1.077451894506987E-009
  8.989323251552081E-002  6.454000874952019E-009
  8.989331238462279E-002  8.385279358194610E-009
  8.989339573831699E-002  5.805718867237131E-009
  8.989343729068368E-002  1.165665780809455E-010
  8.989341525802137E-002 -5.617610118639851E-009
  8.989334274204611E-002 -8.360096823491295E-009
  8.989325997298667E-002 -6.746806086708121E-009
  8.989321197791814E-002 -1.793142418435076E-009
  8.989322406284606E-002  3.703048894623555E-009
  8.989328845252041E-002  6.714149378416378E-009
  8.989336912921676E-002  5.630739565890725E-009
  8.989342190583302E-002  1.108893437056518E-009
  8.989341855776797E-002 -4.328034969947246E-009
  8.989336184394174E-002 -7.693850796139159E-009
  8.989328343617968E-002 -7.169367700286611E-009
  8.989322619874060E-002 -3.069075618758449E-009
  8.989322072450323E-002  2.367583730617716E-009
  8.989326896612872E-002  6.225247941002316E-009
  8.989334371166546E-002  6.504942346026721E-009
  8.989340389394178E-002  3.189364788396209E-009
  8.989341713193352E-002 -1.786977824652085E-009
  8.989337713849842E-002 -5.626097486242690E-009
  8.989330664473315E-002 -6.202999504662634E-009
  8.989324452404529E-002 -3.208196055820067E-009
  8.989322439678038E-002  1.716392054858418E-009
  8.989325648326475E-002  5.903189234698479E-009
  8.989332249134345E-002  7.124330051066555E-009
  8.989338606971939E-002  4.791511412780402E-009
  8.989341286528453E-002  2.442594559971823E-010
  8.989338912258756E-002 -4.012815559991406E-009
  8.989332876067459E-002 -5.690342451103512E-009
  8.989326530217182E-002 -3.951646687860269E-009
  8.989323331613808E-002  1.614054939185811E-010
  8.989324963917472E-002  4.330076744532895E-009
  8.989330456837570E-002  6.242285297190137E-009
  8.989336761910161E-002  4.848789677530505E-009
  8.989340445214528E-002  9.108744803757424E-010
  8.989339557760109E-002 -3.444503761266255E-009
  8.989334665366343E-002 -5.902311004596924E-009
  8.989328494879940E-002 -5.217224939483537E-009
  8.989324414462500E-002 -1.867711706859550E-009
  8.989324594254655E-002  2.237210291000260E-009
  8.989328851383691E-002  4.821717480612790E-009
  8.989334793255295E-002  4.485861752744351E-009
  8.989339157186868E-002  1.449548513360899E-009
  8.989339597205970E-002 -2.596595173571042E-009
  8.989335940162194E-002 -5.435912326409849E-009
  8.989330239465533E-002 -5.538554518845937E-009
  8.989325619682051E-002 -2.879372216372142E-009
  8.989324561422507E-002  1.075597608828509E-009
  8.989327567558748E-002  4.191262772865112E-009
  8.989332927366515E-002  4.833118808366948E-009
  8.989337686113627E-002  2.743333052778377E-009
  8.989339271539075E-002 -8.465706228926281E-010
  8.989336882461001E-002 -3.913293577204453E-009
  8.989331890489048E-002 -4.755955694643039E-009
  8.989327055258221E-002 -2.914527264473466E-009
  8.989325001101148E-002  6.022434547807051E-010
  8.989326795475085E-002  3.890262654573134E-009
  8.989331398595807E-002  5.198851802052917E-009
  8.989336266683276E-002  3.876958995400730E-009
  8.989338760016848E-002  7.053424408069276E-010
  8.989337576807949E-002 -2.554063606082007E-009
  8.989333434400805E-002 -4.132499699748821E-009
  8.989328642211561E-002 -3.214016771322668E-009
  8.989325818779959E-002 -3.599872094350381E-010
  8.989326465008575E-002  2.821857570586464E-009
  8.989330170431624E-002  4.570182259269381E-009
  8.989334871403026E-002  3.929688376698290E-009
  8.989338001520222E-002  1.255656088876361E-009
  8.989337893448533E-002 -2.001942187610692E-009
  8.989334666837626E-002 -4.104242125309303E-009
  8.989330130121877E-002 -3.971033322172132E-009
  8.989326767855661E-002 -1.753318668358182E-009
  8.989326380085513E-002  1.272754631845139E-009
  8.989329118511148E-002  3.420359998103913E-009
  8.989333435016468E-002  3.515818953187714E-009
  8.989336953496736E-002  1.526597467281675E-009
  8.989337774725574E-002 -1.441787559186754E-009
  8.989335498171101E-002 -3.766529875463321E-009
  8.989331411592363E-002 -4.197638749777160E-009
  8.989327761037769E-002 -2.529398212529596E-009
  8.989326514466883E-002  3.070889674607197E-010
  8.989328299278786E-002  2.769719770652941E-009
  8.989332086997177E-002  3.552768413292216E-009
  8.989335782279174E-002  2.290076512807374E-009
  8.989337379803933E-002 -2.647747887222060E-010
  8.989336050735162E-002 -2.669292932108691E-009
  8.989332570556080E-002 -3.588716554424767E-009
  8.989328868403168E-002 -2.519363554339054E-009
  8.989326958794830E-002 -4.752560553593038E-011
  8.989327846903092E-002  2.487950102112345E-009
  8.989331001861105E-002  3.735233444529689E-009
  8.989334673310805E-002  3.062484491955106E-009
  8.989336863729129E-002  8.866635296752817E-010
  8.989336416739668E-002 -1.572687765897711E-009
  8.989333628738881E-002 -2.970373423782763E-009
  8.989330060854785E-002 -2.567851698323332E-009
  8.989327668170374E-002 -6.225460113940486E-010
  8.989327731416175E-002  1.770683461227958E-009
  8.989330174477472E-002  3.289671520655537E-009
  8.989333630852499E-002  3.107195484573717E-009
  8.989336209053633E-002  1.331336536831322E-009
  8.989336528629605E-002 -1.069760263299755E-009
  8.989334459626247E-002 -2.808327374702664E-009
  8.989331169781550E-002 -2.980740913678753E-009
  8.989328466742820E-002 -1.549738908657705E-009
  8.989327805349080E-002  6.524006302992595E-010
  8.989329504862749E-002  2.392493144976788E-009
  8.989332596965717E-002  2.713797115322668E-009
  8.989335375244033E-002  1.450639937648132E-009
  8.989336334941248E-002 -6.959030388329468E-010
  8.989334985798536E-002 -2.554177500140615E-009
  8.989332099296264E-002 -3.126227027619902E-009
  8.989329266675881E-002 -2.125977098276837E-009
  8.989328020392834E-002 -1.212840715706606E-010
  8.989329003826327E-002  1.789853157121306E-009
  8.989331638856685E-002  2.584565742245680E-009
  8.989334462404262E-002  1.868223965786847E-009
  8.989335936860293E-002  7.625816119259574E-011
  8.989335285841632E-002 -1.778249979246910E-009
  8.989332901317339E-002 -2.665763367595443E-009
  8.989330109184578E-002 -2.099991071431618E-009
  8.989328432442376E-002 -3.924039752537349E-010
  8.989328761122663E-002  1.530876030948131E-009
  8.989330881110261E-002  2.642330558340431E-009
  8.989333610829468E-002  2.371824900342796E-009
  8.989335460310485E-002  9.068929036256935E-010
  8.989335445299722E-002 -9.235756985007907E-010
  8.989333611794666E-002 -2.111361482959221E-009
  8.989330991789581E-002 -2.019512401510766E-009
  8.989329024843352E-002 -7.211051508176928E-010
  8.989328769279725E-002  1.053693851843033E-009
  8.989330334943214E-002  2.326241774641778E-009
  8.989332841172168E-002  2.405359966488037E-009
  8.989334913011993E-002  1.257417303295115E-009
  8.989335436400564E-002 -4.871764743376318E-010
  8.989334157741852E-002 -1.887836061543241E-009
  8.989331805440676E-002 -2.209325606821270E-009
  8.989329676359885E-002 -1.316230916258274E-009
  8.989328921555022E-002  2.653839000083572E-010
  8.989329924446775E-002  1.646368773803636E-009
  8.989332107110537E-002  2.064294198404407E-009
  8.989334261813535E-002  1.295319393519806E-009
  8.989335218121967E-002 -2.339215489968318E-010
  8.989334477353976E-002 -1.689550693671437E-009
  8.989332470731305E-002 -2.290213421673179E-009
  8.989330308163967E-002 -1.729886792793233E-009
  8.989329163462240E-002 -3.350062836849636E-010
  8.989329636328132E-002  1.124396606063485E-009
  8.989331437737982E-002  1.860628288066572E-009
  8.989333563399884E-002  1.495818750718593E-009
  8.989334852074075E-002  2.589875250278370E-010
  8.989334618641522E-002 -1.149932507253223E-009
  8.989333017024931E-002 -1.949113819805564E-009
  8.989330941073152E-002 -1.701084524257407E-009
  8.989329525794854E-002 -5.442162031661575E-010
  8.989329527015379E-002  8.925455973451240E-010
  8.989330918318551E-002  1.839558904887406E-009
  8.989332919925046E-002  1.806216216017324E-009
  8.989334435793088E-002  8.414985276396730E-010
  8.989334654168833E-002 -5.030442151358340E-010
  8.989333482686417E-002 -1.482244619174613E-009
  8.989331585017496E-002 -1.565490075422643E-009
  8.989330006609141E-002 -7.207879476041162E-010
  8.989329600240732E-002  5.771010311157328E-010
  8.989330566822945E-002  1.613734275149020E-009
  8.989332358455956E-002  1.827222081134560E-009
  8.989333989601478E-002  1.110462610605033E-009
  8.989334579927112E-002 -1.389466219647649E-010
  8.989333829963150E-002 -1.243513024372614E-009
  8.989332172734578E-002 -1.618285764843635E-009
  8.989330525130056E-002 -1.086105433595354E-009
  8.989329781371355E-002  3.430692239983973E-011
  8.989330328229922E-002  1.110971665749100E-009
  8.989331844627726E-002  1.547835242628464E-009
  8.989333489060455E-002  1.107933524051436E-009
  8.989334365922326E-002  3.565750520308601E-011
  8.989334012509065E-002 -1.084489324136086E-009
  8.989332642065560E-002 -1.651105364288915E-009
  8.989331015543622E-002 -1.372319809638214E-009
  8.989330018568238E-002 -4.182620010510906E-010
  8.989330178638696E-002  6.799148809464960E-010
  8.989331385641411E-002  1.324944698452915E-009
  8.989332963534177E-002  1.178665334542780E-009
  8.989334047762616E-002  3.405198832572750E-010
  8.989334057926542E-002 -7.147725376262587E-010
  8.989333007452707E-002 -1.402061895209435E-009
  8.989331485281188E-002 -1.345641129671717E-009
  8.989330325611113E-002 -5.795493594953075E-010
  8.989330150711167E-002  4.781644136262645E-010
  8.989331037229188E-002  1.259054808004867E-009
  8.989332484760071E-002  1.355152814156652E-009
  8.989333698096946E-002  7.369918657238176E-010
  8.989334024174324E-002 -2.377724058099401E-010
  8.989333303738213E-002 -1.025914944737889E-009
  8.989331948517683E-002 -1.197081001594143E-009
  8.989330707139490E-002 -6.653685268959563E-010
  8.989330252599800E-002  2.703620604598895E-010
  8.989330818455603E-002  1.095762430924704E-009
  8.989332080231757E-002  1.364103441799747E-009
  8.989333341825824E-002  9.374795747102492E-010
  8.989333920087937E-002  5.601049336856251E-011
  8.989333515213453E-002 -7.993101886626217E-010
  8.989332366239730E-002 -1.171864226553562E-009
  8.989331111278979E-002 -8.764546088720577E-010
  8.989330433825479E-002 -9.445008953055929E-011
  8.989330691035609E-002  7.317570472637686E-010
  8.989331726011110E-002  1.143964161194079E-009
  8.989332962512642E-002  9.173778997089152E-010
  8.989333725450745E-002  1.785295109834901E-010
  8.989333609050205E-002 -6.696581460979113E-010
  8.989332692033702E-002 -1.171409600138196E-009
  8.989331485915247E-002 -1.066188856824525E-009
  8.989330649429653E-002 -4.262787607007368E-010
  8.989330628403006E-002  3.887399475947711E-010
  8.989331417857067E-002  9.324972527199276E-010
  8.989332573150774E-002  9.156468903044873E-010
  8.989333459473015E-002  3.598860414158108E-010
  8.989333599871081E-002 -4.197135588375600E-010
  8.989332931138599E-002 -9.912733908406784E-010
  8.989331830434003E-002 -1.042803632480625E-009
  8.989330902456356E-002 -5.494690697245443E-010
  8.989330647116103E-002  2.180472662238107E-010
  8.989331190247504E-002  8.456691549940095E-010
  8.989332222303038E-002  1.003017498822943E-009
  8.989333174419833E-002  6.208593836295343E-010
  8.989333531903346E-002 -7.643433240396618E-011
  8.989333112473502E-002 -6.983255403264527E-010
  8.989332158954624E-002 -9.033070504280812E-010
  8.989331199573254E-002 -5.834556701248628E-010
  8.989330755995946E-002  8.123203030526711E-011
  8.989331060362503E-002  7.257814941004440E-010
  8.989331934685398E-002  1.001675826397797E-009
  8.989332895029625E-002  7.656525820330863E-010
  8.989333419759281E-002  1.536556277939567E-010
  8.989333233245725E-002 -4.980471517488052E-010
  8.989332450810987E-002 -8.389353735595554E-010
  8.989331508846286E-002 -6.945431229693156E-010
  8.989330922025662E-002 -1.576678506737638E-010
  8.989331002571575E-002  4.671559438383441E-010
  8.989331694605554E-002  8.330494961167987E-010
  8.989332611321278E-002  7.400085059243908E-010
  8.989333251031886E-002  2.409015150845072E-010
  8.989333271532439E-002 -3.917233702416800E-010
  8.989332672822389E-002 -8.174265318842547E-010
  8.989331790749772E-002 -8.136967032693973E-010
  8.989331108547169E-002 -3.943483014754673E-010
  8.989330991911075E-002  2.024858474505281E-010
  8.989331492793312E-002  6.478189755288014E-010
  8.989332327085876E-002  7.020502972659232E-010
  8.989333035067060E-002  3.433107181839376E-010
  8.989333234145704E-002 -2.247585244016351E-010
  8.989332825044803E-002 -6.877671849293139E-010
  8.989332040416192E-002 -7.933224783272921E-010
  8.989331312442481E-002 -4.869448408612889E-010
  8.989331034636390E-002  6.191316494367785E-011
  8.989331349055031E-002  5.558208047450871E-010
  8.989332073912376E-002  7.329653049283939E-010
  8.989332808251771E-002  5.083691780816016E-010
  8.989333153585098E-002  1.652759776802094E-011
  8.989332930059021E-002 -4.658269818356074E-010
  8.989332269959281E-002 -6.726866295949709E-010
  8.989331540103183E-002 -4.930437622083787E-010
  8.989331138418029E-002 -2.835476627548173E-011
  8.989331277425917E-002  4.663745776163597E-010
  8.989331872360255E-002  7.237496734137871E-010
  8.989332592673444E-002  6.092697873997263E-010
  8.989333045944961E-002  1.918265521443473E-010
  8.989332991936271E-002 -2.974414416963677E-010
  8.989332470086001E-002 -5.935342020197315E-010
  8.989331772880026E-002 -5.419316325540117E-010
  8.989331282417420E-002 -1.802772372034687E-010
  8.989331261400217E-002  2.857461889762128E-010
  8.989331712804827E-002  5.972836071479724E-010
  8.989332383098010E-002  5.838958982048550E-010
  8.989332904578633E-002  2.545407891114331E-010
  8.989332997019275E-002 -2.104816478448036E-010
  8.989332618092649E-002 -5.604088532571461E-010
  8.989331981915556E-002 -6.112592003292174E-010
  8.989331438104842E-002 -3.442978999567532E-010
  8.989331279567141E-002  8.697599812324188E-011
  8.989331584642311E-002  4.434056169822051E-010
  8.989332178612550E-002  5.315941856142705E-010
  8.989332733238053E-002  3.080211549656657E-010
  8.989332947739541E-002 -1.001286511691900E-010
  8.989332711509075E-002 -4.671729834899706E-010
  8.989332160602297E-002 -5.932630450615841E-010
  8.989331599337592E-002 -4.124028588388891E-010
  8.989331332054504E-002 -2.584737527904331E-011
  8.989331497991984E-002  3.558556268127346E-010
  8.989331998822718E-002  5.290336766906445E-010
  8.989332556436952E-002  4.071548908891269E-010
  8.989332867196032E-002  6.547477036141940E-011
  8.989332767161004E-002 -3.029340799651811E-010
  8.989332318439226E-002 -4.942564061937714E-010
  8.989331771267139E-002 -4.048350702129231E-010
  8.989331424718104E-002 -8.564885562565279E-011
  8.989331463503708E-002  2.881443208262696E-010
  8.989331859865582E-002  5.144932893471498E-010
  8.989332392579039E-002  4.745385817505410E-010
  8.989332770576185E-002  1.955273733873543E-010
  8.989332792162658E-002 -1.666999349023121E-010
  8.989332452774838E-002 -4.146505990006992E-010
  8.989331943767913E-002 -4.170817223423626E-010
  8.989331544922724E-002 -1.789271564474427E-010
  8.989331470977266E-002  1.639834792569943E-010
  8.989331756311260E-002  4.211446717046431E-010
  8.989332239643326E-002  4.518525709358837E-010
  8.989332655181219E-002  2.407213904752910E-010
  8.989332778784326E-002 -9.620049546917867E-011
  8.989332548806242E-002 -3.767438948570876E-010
  8.989332096520120E-002 -4.525956625217243E-010
  8.989331671302181E-002 -2.890494261990881E-010
  8.989331503128839E-002  1.836272116687428E-011
  8.989331678163585E-002  2.982034029356353E-010
  8.989332094695708E-002  3.976230162206458E-010
  8.989332521841130E-002  2.649910399939923E-010
  8.989332727239750E-002 -2.394991046743130E-011
  8.989332603175243E-002 -3.095469222949245E-010
  8.989332222713869E-002 -4.364366646994334E-010
  8.989331796704690E-002 -3.377913446845692E-010
  8.989331556819047E-002 -6.997135590576870E-011
  8.989331629469197E-002  2.202956044388113E-010
  8.989331969187125E-002  3.771457174768005E-010
  8.989332386504160E-002  3.202452917749691E-010
  8.989332653443416E-002  8.689112935759885E-011
  8.989332627939234E-002 -1.905027985294990E-010
  8.989332329321317E-002 -3.581101764860004E-010
  8.989331924817627E-002 -3.246400492910479E-010
  8.989331636057253E-002 -1.097841295560832E-010
  8.989331617794982E-002  1.684649127550995E-010
  8.989331875179095E-002  3.596066527777688E-010
  8.989332263734998E-002  3.628507649158958E-010
  8.989332570533135E-002  1.808437558889594E-010
  8.989332630987709E-002 -8.371580844131787E-011
  8.989332417248205E-002 -2.856726286897980E-010
  8.989332050752188E-002 -3.169597823745149E-010
  8.989331733541416E-002 -1.645240901553852E-010
  8.989331637122605E-002  8.439446747636043E-011
  8.989331809967938E-002  2.915120292583470E-010
  8.989332153498376E-002  3.435386709193902E-010
  8.989332478305734E-002  2.132457723744553E-010
  8.989332608612995E-002 -2.729542359927331E-011
  8.989332477394467E-002 -2.475987172202435E-010
  8.989332160717824E-002 -3.305814402019611E-010
  8.989331833806227E-002 -2.357742307355668E-010
  8.989331674119247E-002 -1.978714408193651E-011
  8.989331765027393E-002  1.962743374700097E-010
  8.989332052334993E-002  2.937733994517533E-010
  8.989332376257271E-002  2.209094904218814E-010
  8.989332560095091E-002  1.961098131909145E-011
  8.989332506436160E-002 -1.989418098452573E-010
  8.989332248543606E-002 -3.159255348908743E-010
  8.989331929883040E-002 -2.694940835399384E-010
  8.989331724234956E-002 -8.729098372691426E-011
  8.989331740845814E-002  1.301900418446955E-010
  8.989331966360997E-002  2.654532542092126E-010
  8.989332274361297E-002  2.480258516219931E-010
  8.989332496068941E-002  9.176917887963997E-011
  8.989332512718633E-002 -1.142692765651166E-010
  8.989332319069621E-002 -2.556319727437010E-010
  8.989332024134843E-002 -2.550883147438232E-010
