  0.999999982122708       0.000000000000000E+000
  0.847242131132468      -1.869557620636722E-003
  0.461535581891599      -1.098912434233927E-002
  1.730404274942092E-002 -2.411752952027341E-002
 -0.293246222863151      -2.985456727586469E-002
 -0.345792762277831      -1.997264434601115E-002
 -0.132299545199403       1.368747192025183E-003
  0.244291743393458       1.970926749702481E-002
  0.619649771111744       2.219123880532984E-002
  0.836972884031431       8.594517218183245E-003
  0.808254236430272      -8.421910250632398E-003
  0.547484672849942      -1.401043760346859E-002
  0.165134293728306      -3.246090574566825E-003
 -0.175369796262188       1.568339280398091E-002
 -0.325220594149282       2.922922723223975E-002
 -0.215799553523865       2.963944395348555E-002
  0.107574638998012       1.976688540701580E-002
  0.502683257754348       8.327071816562762E-003
  0.793705154081039       1.180386837089637E-003
  0.851873886386282      -2.891206940722270E-003
  0.654148023445660      -8.586640096445471E-003
  0.291380586379490      -1.714933339273526E-002
 -7.633016932993414E-002 -2.355129932072991E-002
 -0.293242826679876      -2.085586820023924E-002
 -0.274871333209511      -7.551454482006847E-003
 -3.951771886263532E-002  9.446090777863868E-003
  0.305176449932551       1.947167248066693E-002
  0.610663503487625       1.663713674051942E-002
  0.749125056817460       4.709018261113500E-003
  0.664503405098434      -5.968531533325478E-003
  0.394526486692603      -6.801084578464529E-003
  5.542236385139528E-002  2.608757194336201E-003
 -0.205999099475051       1.503804576286784E-002
 -0.275014586363263       2.208206262202030E-002
 -0.120189849665344       2.048904105272488E-002
  0.190833422484218       1.322815354436568E-002
  0.520335945805776       5.342413948228600E-003
  0.722399905013238      -7.933782191417840E-004
  0.708894780689497      -6.333550190595950E-003
  0.488226602356782      -1.275663788995656E-002
  0.159170118600841      -1.848696192253315E-002
 -0.135616633289334      -1.922369958814900E-002
 -0.273145475613999      -1.196411874196660E-002
 -0.201614170975972       1.173788189553782E-003
  4.112181151986551E-002  1.332113969023085E-002
  0.347117320673378       1.762398674144100E-002
  0.585332190097368       1.250034270128187E-002
  0.656067399604526       2.876918181547828E-003
  0.531511602631906      -3.670800018970908E-003
  0.266818581069094      -2.618454792309506E-003
 -2.298540452820258E-002  4.603349950460372E-003
 -0.211769679251932       1.250119974270733E-002
 -0.217016444674147       1.609652929236133E-002
 -3.667214739514805E-002  1.416338458715135E-002
  0.249227531530300       8.833564347315415E-003
  0.514006352832862       2.753834713281886E-003
  0.641121224319214      -3.087363265588861E-003
  0.575986224740983      -8.943445813592934E-003
  0.348985363268456      -1.427063183556605E-002
  5.995426797689755E-002 -1.669857762432825E-002
 -0.167330649131831      -1.352280567437506E-002
 -0.239076312539511      -4.519876033796153E-003
 -0.130119920331234       6.710398908762624E-003
  0.107989848888280       1.455518145133371E-002
  0.370992170958872       1.520377182457730E-002
  0.546680146692388       9.403275176593891E-003
  0.561761173701260       1.861240713704452E-003
  0.412027276835730      -2.223927974656330E-003
  0.163707185116447      -7.116041354441438E-004
 -7.485869825716235E-002  4.523464917362564E-003
 -0.199880657860654       9.587982009434583E-003
 -0.157411183570775       1.152464170189231E-002
  3.278304241130580E-002  9.817818841716024E-003
  0.285948941225513       5.701303517235645E-003
  0.490160558531356       5.304817732298065E-004
  0.556102955175318      -4.996170655631243E-003
  0.456108438654744      -1.023332212187685E-002
  0.235036452374894      -1.369213379712402E-002
 -1.101082430704403E-002 -1.328428649225086E-002
 -0.177516445008013      -7.898605068438112E-003
 -0.196409988939910       1.053246280837760E-003
 -6.378903328633688E-002  9.773021025834364E-003
  0.160272895391456       1.420061632087100E-002
  0.378549101998534       1.265492998758194E-002
  0.498214154125951       6.937785122682740E-003
  0.469813974881589       1.020653367836441E-003
  0.307696008246016      -1.654652023909692E-003
  8.344578564275301E-002 -2.209429988246241E-004
 -0.105106185589025       3.576547519729216E-003
 -0.176335585914336       7.020961838486605E-003
 -0.100403962079027       8.227527902806031E-003
  8.783570861569255E-002  6.817224226755390E-003
  0.304550663613474       3.396307693998924E-003
  0.454261335676043      -1.218853390002261E-003
  0.471914440865840      -6.180021926692581E-003
  0.350822923148527      -1.026012446001538E-002
  0.144399787287556      -1.177754624897202E-002
 -5.828694138235107E-002 -9.352520952647953E-003
 -0.171597610237233      -3.101975932274035E-003
 -0.149728939717183       4.811847137015623E-003
 -5.142079295121169E-003  1.103787080056501E-002
  0.198047793708196       1.292702180973800E-002
  0.372181923099229       1.014795514510535E-002
  0.443492853312127       4.829421858002256E-003
  0.383171801996424       1.297022840054182E-004
  0.219144596158276      -1.702211926030044E-003
  2.361748458154968E-002 -4.305716404623972E-004
 -0.118373073907379       2.475946713548380E-003
 -0.145929612497454       5.054332243750821E-003
 -4.866843786985394E-002  5.943043059582145E-003
  0.129150296630560       4.731880118164357E-003
  0.308545489068743       1.711189953968922E-003
  0.410798629118914      -2.421272055777845E-003
  0.391808419786014      -6.589963107972629E-003
  0.260668029756970      -9.338913516713877E-003
  7.470020524568993E-002 -9.220578474357366E-003
 -8.622291464010994E-002 -5.612845684387874E-003
 -0.154369350974347       5.784094478972510E-004
 -0.102756974297263       7.024209889623083E-003
  4.423073024769537E-002  1.106132519226923E-002
  0.222177020209417       1.115542886511176E-002
  0.354642415369136       7.756383552119024E-003
  0.385813293025185       2.954138166758339E-003
  0.304007765991362      -8.042077729923444E-004
  0.146166027922467      -2.047671846194023E-003
 -1.852725247609087E-002 -8.454062132877897E-004
 -0.118831769815992       1.576507178763052E-003
 -0.112364243309365       3.696607230351427E-003
 -3.739915366435050E-003  4.407816518031258E-003
  0.157970326240353       3.282525862653345E-003
  0.301200095925099       5.306677063679090E-004
  0.363381041461101      -3.088437899447433E-003
  0.317991581650230      -6.353416524296112E-003
  0.185423704088058      -7.850873449567305E-003
  2.332433202996321E-002 -6.547415204714102E-003
 -9.888490793398315E-002 -2.448977102869319E-003
 -0.129953549012916       3.128488051283038E-003
 -5.833481928637536E-002  8.022176937697309E-003
  8.360900455366879E-002  1.027417166248262E-002
  0.234115742121096       9.159303041577629E-003
  0.328772135846569       5.534110380401211E-003
  0.328018051278766       1.294556091097208E-003
  0.233734325603109      -1.679844147759483E-003
  8.792758123534319E-002 -2.427623115077112E-003
 -4.582640388178673E-002 -1.178736820139140E-003
 -0.110097467555198       1.002727057654082E-003
 -7.840632795179824E-002  2.847367404846111E-003
  3.367134990182064E-002  3.400546329797001E-003
  0.175839684622778       2.284391735783630E-003
  0.285439924592096      -2.358985447636897E-004
  0.314841584121302      -3.303280555672805E-003
  0.251835902580220      -5.672363659987354E-003
  0.124314440104606      -6.136134283907497E-003
 -1.244006531579565E-002 -4.099601429397176E-003
 -9.997567031367696E-002 -1.155787999399204E-005
 -0.101765084489228       4.677959767973804E-003
 -1.845409534505352E-002  8.128380674992179E-003
  0.113009282240405       9.001907546915225E-003
  0.235695301801805       7.126622680902738E-003
  0.297290133513110       3.536319859267853E-003
  0.272401984863539      -1.148653222857289E-004
  0.173083295997516      -2.388448699850003E-003
  4.316405643369599E-002 -2.672964875208777E-003
 -6.104155115418983E-002 -1.304277616789674E-003
 -9.521607103025563E-002  7.481314523935602E-004
 -4.604810114372408E-002  2.373185202147712E-003
  6.344242310210210E-002  2.749060486957654E-003
  0.184423150284077       1.607406851260502E-003
  0.263813690398006      -6.780638691642417E-004
  0.267340080585977      -3.186197434521237E-003
  0.194049527915266      -4.752599315980596E-003
  7.617610896821203E-002 -4.448363531609201E-003
 -3.528009446828241E-002 -2.059691571798545E-003
 -9.276588354745821E-002  1.697916871727081E-003
 -7.251084080627503E-002  5.417010835365658E-003
  1.565834477014720E-002  7.625592481265469E-003
  0.133017708440399       7.487953652488530E-003
  0.228922261825868       5.192014395886363E-003
  0.262645421761729       1.815246100549670E-003
  0.220691721220011      -1.231287134661218E-003
  0.122216470608383      -2.856059146584310E-003
  1.034185156382831E-002 -2.706193190013355E-003
 -6.675242848977744E-002 -1.202358537215928E-003
 -7.668966647912430E-002  7.435583532029797E-004
 -1.665037350186997E-002  2.145435964001314E-003
  8.586074495272022E-002  2.324395731059762E-003
  0.185390987963549       1.153612880591722E-003
  0.238489202264565      -8.852302450913115E-004
  0.222457828848607      -2.862734899439489E-003
  0.144820513853185      -3.764469858586324E-003
  3.959743679989093E-002 -2.947757411368349E-003
 -4.775379115491308E-002 -4.917768206385415E-004
 -8.005092605842419E-002  2.761979894375407E-003
 -4.422473831768648E-002  5.547335957309542E-003
  4.342319843704459E-002  6.747192304561150E-003
  0.144617617959456       5.911876593011685E-003
  0.215812520831280       3.450809607096303E-003
  0.226929006054121       4.095556091300345E-004
  0.174073521956070      -2.029299945573407E-003
  8.084448487649633E-002 -3.055725276684744E-003
 -1.220831164706612E-002 -2.520323269351098E-003
 -6.529311933851012E-002 -9.138067503990443E-004
 -5.651927135121730E-002  8.997753797331055E-004
  8.935350084122247E-003  2.056459793246889E-003
  0.101492153791258       2.032522061288723E-003
  0.180344205256727       8.468110400947941E-004
  0.211265892145530      -9.395128664975033E-004
  0.181284756577498      -2.441479574281520E-003
  0.103940888548093      -2.827967305544958E-003
  1.303926418205857E-002 -1.714035509778833E-003
 -5.221066134019555E-002  6.181456822200935E-004
 -6.413717214644937E-002  3.301445421297431E-003
 -1.833231487510359E-002  5.255668076053349E-003
  6.477683624345340E-002  5.677128214637474E-003
  0.149031240407147       4.401972772125479E-003
  0.198266938923309       1.964665626914041E-003
  0.191834604860841      -6.635812605706603E-004
  0.133250406633835      -2.510944773254014E-003
  4.834157943707076E-002 -3.002508157876813E-003
 -2.618724253576313E-002 -2.153360303301400E-003
 -5.871682415403451E-002 -5.057781010538771E-004
 -3.625441796929810E-002  1.131570538062759E-003
  3.026398400409274E-002  2.024446271849838E-003
  0.111080940491233       1.807322824044767E-003
  0.170766024262913       6.287818393629989E-004
  0.183596871020239      -9.086092417151008E-004
  0.144500051102763      -2.003295043036815E-003
  7.091434732857596E-002 -2.013474754190586E-003
 -5.068068801078879E-003 -7.670463576897222E-004
 -5.073834053892351E-002  1.328625657911615E-003
 -4.685548808939401E-002  3.445816799823050E-003
  4.265442171438258E-003  4.701165143778528E-003
  8.003966699970201E-002  4.553722827982476E-003
  0.147585989667107       3.044065771419263E-003
  0.177987226907775       7.648162889279815E-004
  0.158656109601183      -1.410924431592892E-003
  9.851467550823632E-002 -2.704772865683488E-003
  2.384999446190240E-002 -2.740900868495114E-003
 -3.324770262460038E-002 -1.665477676788772E-003
 -4.878054038413452E-002 -4.918566211886119E-005
 -1.704485835273333E-002  1.369586455495390E-003
  4.720962363666794E-002  1.992883543235457E-003
  0.115472740203998       1.605236275377060E-003
  0.157991084906575       4.578741241855296E-004
  0.156616892900760      -8.419677756087823E-004
  0.112446721432758      -1.599542002393326E-003
  4.504869721349625E-002 -1.350689014231311E-003
 -1.624902679936352E-002 -8.771690665512669E-005
 -4.513399319727682E-002  1.717888501730861E-003
 -2.959608450454575E-002  3.315781106489077E-003
  2.309942314954808E-002  4.010977710538751E-003
  8.979509393423596E-002  3.474958261256735E-003
  0.141609332916402       1.888509600551130E-003
  0.156426959593366      -1.441331623182963E-004
  0.128310857749789      -1.860625299794865E-003
  6.982621164863238E-002 -2.658927319764812E-003
  6.371104070127660E-003 -2.330837422368919E-003
 -3.493566911804223E-002 -1.121734218633306E-003
 -3.694420341565893E-002  3.944434971869596E-004
  3.075052987443539E-004  1.564557661376142E-003
  5.989066638076095E-002  1.927563632795665E-003
  0.115554291902501       1.400943755319172E-003
  0.143187465382021       3.076156173479368E-004
  0.131174122878592      -7.706789883747377E-004
  8.519994306225029E-002 -1.255943378667718E-003
  2.553341908217940E-002 -8.403841585777447E-004
 -2.192779975193090E-002  3.642332205406756E-004
 -3.689692192200857E-002  1.867098841094781E-003
 -1.335771548273255E-002  3.014149073791334E-003
  3.803953794738772E-002  3.280519317053195E-003
  9.478510919004905E-002  2.504370481040719E-003
  0.132351984890760       9.566738539397622E-004
  0.134771065581483      -7.790871524558187E-004
  0.101379570392163      -2.056537399670096E-003
  4.689005596404886E-002 -2.432162240133381E-003
 -5.157811845687011E-003 -1.835629068225042E-003
 -3.264937497075321E-002 -5.807198979803292E-004
 -2.438078202247477E-002  7.792094379001837E-004
  1.529729039217325E-002  1.687109547701137E-003
  6.860497610208968E-002  1.812578963844721E-003
  0.112206400865712       1.183487312442595E-003
  0.127348547136116       1.644806294907292E-004
  0.107864178741233      -7.101463659962784E-004
  6.262873540921883E-002 -9.790786528348760E-004
  1.150279485419228E-002 -4.657527791254145E-004
 -2.339175817891618E-002  6.370526208219771E-004
 -2.723777489853773E-002  1.850266822782777E-003
  1.195441338142203E-003  2.622398254567768E-003
  4.920792393703468E-002  2.576367705754173E-003
  9.582513491759087E-002  1.677208829553378E-003
  0.120936694199607       2.473976634488854E-004
  0.113937000382087      -1.172380598884811E-003
  7.815566717920733E-002 -2.051321808315540E-003
  2.922895215684913E-002 -2.085352245130732E-003
 -1.180129132931678E-002 -1.313196319118172E-003
 -2.761359120147187E-002 -8.834218606276250E-005
 -1.199481485413560E-002  1.076426627751567E-003
  2.766553262583146E-002  1.725154128801396E-003
  7.377373669942093E-002  1.646005686993489E-003
  0.106267869585371       9.525202753780821E-004
  0.111292716229360       2.485937452898617E-005
  8.706514285026952E-002 -6.642127914596163E-004
  4.445053355760296E-002 -7.633136791831093E-004
  2.085450940639241E-003 -2.016826062591228E-004
 -2.177065507769762E-002  7.781235622919937E-004
 -1.709955872102603E-002  1.729118396473071E-003
  1.367475271096883E-002  2.200747166306954E-003
  5.690212056669415E-002  1.940540101740611E-003
  9.373826875615193E-002  1.006612498077276E-003
  0.108328673063105      -2.566499323954455E-004
  9.459136422268216E-002 -1.365515311962245E-003
  5.869835672560370E-002 -1.899864828992063E-003
  1.624813011776282E-002 -1.674839396740288E-003
 -1.457744477592783E-002 -8.107586794626168E-004
 -2.086690642047588E-002  3.244557117352231E-004
 -4.472921360430637E-004  1.273334447412621E-003
  3.735155884716387E-002  1.680167828023979E-003
  7.589332241593048E-002  1.435664167206798E-003
  9.850893417536380E-002  7.146974643063785E-004
  9.566933493254548E-002 -1.083219856115077E-004
  6.897238983292089E-002 -6.295695079545187E-004
  3.027841938720958E-002 -5.968441505243117E-004
 -3.558412517386169E-003 -2.142616329700045E-005
 -1.802848878154333E-002  8.288406488758561E-004
 -7.186084968325368E-003  1.551410600307593E-003
  2.391006204100230E-002  1.790297899197273E-003
  6.153014703208357E-002  1.395335459084454E-003
  8.930752221392209E-002  4.895308961791258E-004
  9.532333739795446E-002 -5.830241546735568E-004
  7.717658974923577E-002 -1.403460667126758E-003
  4.288534365708532E-002 -1.653941559030405E-003
  7.290756869176295E-003 -1.248077227369519E-003
 -1.442283707999727E-002 -3.625092758426864E-004
 -1.325986130058958E-002  6.412723305764148E-004
  9.815062970950491E-003  1.370244031070121E-003
  4.444771011876025E-002  1.563163174253702E-003
  7.549487462791304E-002  1.195227200812259E-003
  8.961308771078297E-002  4.803803545402140E-004
  8.096961651677717E-002 -2.288186519955883E-004
  5.363223686783771E-002 -5.996378452839214E-004
  1.966104633059346E-002 -4.662461722937584E-004
 -6.210550547840254E-003  9.922498073093426E-005
 -1.296499717697480E-002  8.223069935941921E-004
  2.005783626308559E-003  1.351452028849497E-003
  3.189733201923209E-002  1.416230253738716E-003
  6.355794486162859E-002  9.481929582728966E-004
  8.324376440482191E-002  1.121070372594514E-004
  8.254714805092195E-002 -7.643269575348336E-004
  6.194328350495180E-002 -1.330036583782742E-003
  3.046220513677294E-002 -1.358527991495050E-003
  1.683374016274212E-003 -8.414688245176136E-004
 -1.216924345984267E-002  1.045384185007279E-005
 -5.461814675583165E-003  8.581838816491183E-004
  1.852797404613107E-002  1.377046617992623E-003
  4.915781209712751E-002  1.390867213319901E-003
  7.311137857430818E-002  9.408800745026383E-004
  8.016627646956505E-002  2.608660780547783E-004
  6.754114478362062E-002 -3.297295332072352E-004
  4.097360779167281E-002 -5.674983665827198E-004
  1.211554152545722E-002 -3.594258302024923E-004
 -6.577284974148255E-003  1.798241847020614E-004
 -7.224048678568515E-003  7.829736337999774E-004
  1.015288493585999E-002  1.151879306163032E-003
  3.775257803929685E-002  1.091349882579164E-003
  6.346864107003120E-002  5.961847761381706E-004
  7.616670912313275E-002 -1.457111440834592E-004
  7.046775353315214E-002 -8.340531786685855E-004
  4.898474712297904E-002 -1.184619012131988E-003
  2.108649762591942E-002 -1.049771064222638E-003
 -1.228666050333862E-003 -4.799979915481885E-004
 -8.530754650993875E-003  2.986970879926398E-004
  2.025558137418068E-003  9.808747151446786E-004
  2.557698784673647E-002  1.309705063375643E-003
  5.176018050409957E-002  1.182419547103868E-003
  6.925196919009019E-002  6.886701733057339E-004
  7.065245003091102E-002  6.629282289845998E-005
  5.560487083021668E-002 -4.053949175673865E-004
  3.083709498420614E-002 -5.277543299037038E-004
  7.153858276656987E-003 -2.671558280912179E-004
 -5.279547575329136E-003  2.346652028116914E-004
 -1.306613999709418E-003  7.274751216057172E-004
  1.707350813874412E-002  9.659997275606869E-004
  4.167276898144891E-002  8.195263633652528E-004
  6.173247328034494E-002  3.298941629292404E-004
  6.859624710606978E-002 -3.064789058200773E-004
  5.941018343291580E-002 -8.235682721039053E-004
  3.827107334757203E-002 -1.000168819760887E-003
  1.436548255938513E-002 -7.543829935670013E-004
 -2.055222676354448E-003 -1.781428501884230E-004
 -4.099531534124821E-003  5.021888809603984E-004
  8.850151606644444E-003  1.021570814154632E-003
  3.096558242003044E-002  1.187118430461029E-003
  5.257573910926639E-002  9.567580187208805E-004
  6.438304654546677E-002  4.526079665575359E-004
  6.145441200401000E-002 -9.572107177569451E-005
  4.527352166470992E-002 -4.524922893482105E-004
  2.300098781902102E-002 -4.774264978565158E-004
  4.303172382048192E-003 -1.835258437109629E-004
 -2.848825680697767E-003  2.731603419058739E-004
  4.413545050330712E-003  6.660777141345123E-004
  2.269746130098303E-002  8.002264795026055E-004
  4.390372517813609E-002  5.987333905490065E-004
  5.878590443245896E-002  1.365451950277883E-004
  6.095160081114312E-002 -3.925265700017180E-004
  4.957643627933819E-002 -7.601844762826055E-004
  2.968098033733926E-002 -8.024188048444152E-004
  9.887023748628787E-003 -4.901106472362576E-004
 -1.343923351115854E-003  5.842948519677762E-005
  6.515616732569938E-004  6.277326036623149E-004
  1.478855744115802E-002  9.961832109508678E-004
  3.478527154759051E-002  1.028574371965554E-003
  5.194156222018017E-002  7.307491536377378E-004
  5.891561198415639E-002  2.435046712850647E-004
  5.285889863601315E-002 -2.207421488248572E-004
  3.657047575888815E-002 -4.704205766595130E-004
  1.720400363794169E-002 -4.160896769320178E-004
  3.120977777343883E-003 -1.056638618198034E-004
  2.723445539930414E-004  3.007553698277333E-004
  9.672906362295529E-003  6.043192773203274E-004
  2.703923049799106E-002  6.563064337535210E-004
  4.471461813364595E-002  4.235388418037016E-004
  5.501835541312787E-002  2.349461153553337E-006
  5.355607317854132E-002 -4.241452725215345E-004
  4.106638759389166E-002 -6.661967372627461E-004
  2.303020211021376E-002 -6.099636917748895E-004
  7.243721724669199E-003 -2.669079564879446E-004
  4.299161152377473E-004  2.308142483226718E-004
  5.361184857915592E-003  6.864724577503838E-004
  1.972405857132773E-002  9.219019881599161E-004
  3.718865702318994E-002  8.518734465034328E-004
  5.018987747515617E-002  5.180359523151059E-004
  5.319808763237906E-002  6.846686430687282E-005
  4.506482732759404E-002 -3.076010704905123E-004
  2.944829733911714E-002 -4.611366282898444E-004
  1.316460326162874E-002 -3.454988722896617E-004
  3.205556142851041E-003 -3.305153641266190E-005
  3.726500773566247E-003  3.200424095257054E-004
  1.430100329097108E-002  5.445639175679885E-004
  3.017459884163174E-002  5.331754309941142E-004
  4.437842647493845E-002  2.869954264337371E-004
  5.076502712982809E-002 -8.588672911599464E-005
  4.664550931058115E-002 -4.185664389266592E-004
  3.389847791992501E-002 -5.586787718144758E-004
  1.809578937593029E-002 -4.349714551833804E-004
  6.050722903456497E-003 -8.847527219865996E-005
  2.867299895494169E-003  3.447919634518825E-004
  9.768228985100222E-003  6.917123998851033E-004
  2.362483388853353E-002  8.153520076314222E-004
  3.836605599458136E-002  6.721155978972527E-004
  4.763231213581649E-002  3.285155965348334E-004
  4.751377754363473E-002 -6.907672193523521E-005
  3.819371104786443E-002 -3.580370245837905E-004
  2.380626870624926E-002 -4.286332508822441E-004
  1.059689821899078E-002 -2.689393087510438E-004
  4.202486816483162E-003  3.330959792770855E-005
  7.234971306040559E-003  3.318391712154910E-004
  1.820378600664468E-002  4.873121274657970E-004
  3.222080655441469E-002  4.283766541592603E-004
  4.315758178208503E-002  1.819568980336546E-004
  4.630441307746442E-002 -1.397965890526427E-004
  4.037894665652730E-002 -3.895741028804274E-004
  2.802910706495773E-002 -4.498198496319583E-004
  1.463609584156023E-002 -2.842524978002607E-004
  5.957888855882736E-003  4.610399259901911E-005
  5.644798863824955E-003  4.089441177325116E-004
  1.369843447628750E-002  6.571740785043165E-004
  2.652341355696057E-002  6.913264643501746E-004
  3.852602364117896E-002  5.010761345111327E-004
  4.454895936686753E-002  1.683231221119477E-004
  4.208207728637663E-002 -1.689630856847414E-004
  3.230132426483467E-002 -3.760690885410613E-004
  1.950641177697457E-002 -3.782382391990384E-004
  9.223262612733055E-003 -1.904920595696917E-004
  5.807838879955087E-003  9.169996124376486E-005
  1.058999704589004E-002  3.360967503016658E-004
  2.134804868961387E-002  4.321972878039347E-004
  3.332014151051452E-002  3.390484155720895E-004
  4.129400653557024E-002  1.018932619672990E-004
  4.185927795213396E-002 -1.690002690518161E-004
  3.485026688806491E-002 -3.475763988931295E-004
  2.337005079080761E-002 -3.475945234863298E-004
  1.240653807693991E-002 -1.604677057230690E-004
  6.657150608239387E-003  1.408226594971152E-004
  8.510281227905389E-003  4.330893071451253E-004
  1.705012410537468E-002  5.957319624542957E-004
  2.849812240034048E-002  5.620499646703713E-004
  3.787982288555623E-002  3.470619572913021E-004
  4.118169125963260E-002  4.018200168025746E-005
  3.706253952822802E-002 -2.336453748731069E-004
  2.738982341832549E-002 -3.672437405109892E-004
  1.638764000791079E-002 -3.158822332950788E-004
  8.783850032274186E-003 -1.143529375327974E-004
  7.768653525509569E-003  1.403419224024398E-004
  1.364592286987393E-002  3.325729678880344E-004
  2.374725824961068E-002  3.786632238217615E-004
  3.362672997722495E-002  2.625327447180261E-004
  3.900277257144068E-002  4.130434358301619E-005
  3.760006844669255E-002 -1.810283156381367E-004
  3.009996462287640E-002 -2.999718968044864E-004
  1.980352862903575E-002 -2.565892393621926E-004
  1.117143391452971E-002 -6.331208911937331E-005
  7.885924556882020E-003  2.014252609828879E-004
  1.127624967188669E-002  4.270921244959438E-004
  1.978000715988625E-002  5.186021199802856E-004
  2.965696930338934E-002  4.368844592363878E-004
  3.662967536504796E-002  2.151237847517698E-004
  3.773105473302781E-002 -5.601481590816932E-005
  3.256094934403635E-002 -2.674383643314359E-004
  2.341966045806423E-002 -3.378801843262589E-004
  1.427782396469504E-002 -2.474419195361305E-004
  9.043285652514086E-003 -4.428854241209403E-005
  9.881285140978456E-003  1.778672740487080E-004
  1.630999736943119E-002  3.212625476045445E-004
  2.544898066993441E-002  3.263583675836742E-004
  3.329622922772978E-002  1.966800877990429E-004
  3.646866828437139E-002 -4.161322572132646E-006
  3.364991002949256E-002 -1.814918122820673E-004
  2.612640640974428E-002 -2.516704502910382E-004
  1.719479066623284E-002 -1.788510799362229E-004
  1.071235950379651E-002  9.433346473648302E-006
  9.427450800546244E-003  2.343580402318051E-004
  1.381174884543978E-002  4.000415375179313E-004
  2.188976815683888E-002  4.349225229635597E-004
  3.012419806818844E-002  3.223740030173165E-004
  3.496046660195708E-002  1.075017624400069E-004
  3.435605065356208E-002 -1.225143088008974E-004
  2.863664455710634E-002 -2.757658750142164E-004
  2.032077161481226E-002 -2.944008047121078E-004
  1.300368280405212E-002 -1.782230550285189E-004
  9.794855560292229E-003  1.673294075435991E-005
  1.198812515719824E-002  2.035857567447711E-004
  1.853321135551374E-002  3.026107350342904E-004
  2.652399609861052E-002  2.753039934308585E-004
  3.247809100884731E-002  1.399329299062834E-004
  3.384503950114841E-002 -3.778131387126436E-005
  3.009051681933236E-002 -1.743886056852494E-004
  2.289616581321529E-002 -2.056596707964274E-004
  1.540226483425651E-002 -1.146666659358511E-004
  1.083353412418560E-002  6.103955116057197E-005
  1.110885123203172E-002  2.460043402192968E-004
  1.603363217101904E-002  3.597589908752023E-004
  2.341392842200627E-002  3.516432971052814E-004
  3.002951768308205E-002  2.225228568370507E-004
  3.303447218365373E-002  2.419511873429678E-005
  3.117610724712981E-002 -1.630006750021911E-004
  2.531042219754006E-002 -2.644868582103609E-004
  1.800266622081312E-002 -2.427993679314802E-004
  1.239852562641682E-002 -1.126108721629791E-004
  1.086254930844079E-002  6.673404769379978E-005
  1.397318382359272E-002  2.175775090964859E-004
  2.030151126113763E-002  2.775561941731874E-004
  2.705711475411035E-002  2.259013486875150E-004
  3.131005546998114E-002  9.126690560827782E-005
  3.125435127218941E-002 -6.194165286080055E-005
  2.696849469257651E-002 -1.624594245650833E-004
  2.035318892026863E-002 -1.635410590378142E-004
  1.428542420241569E-002 -6.321791832460142E-005
  1.136476015042473E-002  9.517611387893772E-005
  1.279761127422453E-002  2.421835573523078E-004
  1.789780183185681E-002  3.125763071464386E-004
  2.440927263248038E-002  2.736405628515440E-004
  2.949987991530862E-002  1.392109888739662E-004
  3.098861544638881E-002 -3.643326953292097E-005
  2.827460578010590E-002 -1.819512502952862E-004
  2.257249115224215E-002 -2.393469424945952E-004
  1.636317434294642E-002 -1.882689662213649E-004
  1.230795807648853E-002 -5.388667520791840E-005
  1.210132798780850E-002  1.047651823003978E-004
  1.575695189974578E-002  2.206484863160891E-004
  2.162764039747267E-002  2.474557273442096E-004
  2.713964600601170E-002  1.788395804532345E-004
  2.991454065875700E-002  5.005631557784209E-005
  2.878999891130124E-002 -7.835965859770506E-005
  2.430164837975582E-002 -1.475332828217266E-004
  1.842667347840094E-002 -1.259899920523941E-004
  1.371060642432956E-002 -2.309285331889295E-005
  1.216242745709033E-002  1.154576157381184E-004
  1.439708048381471E-002  2.278724626709240E-004
  1.939087204106234E-002  2.633162197567017E-004
  2.494597043226095E-002  2.039730450612627E-004
  2.865356765547435E-002  7.266718165283447E-005
  2.893375266202010E-002 -7.708347477620170E-005
  2.570338871244540E-002 -1.840955620379007E-004
  2.039005350256701E-002 -2.055758940507034E-004
  1.529573134628388E-002 -1.349876386253616E-004
  1.259373918947388E-002 -4.189797159640918E-006
  1.339598971179451E-002  1.308216540713660E-004
  1.729090739264803E-002  2.141935911027423E-004
  2.254378712984283E-002  2.139412027400700E-004
  2.686342803285631E-002  1.349570349824139E-004
  2.839660749221420E-002  1.591564345719595E-005
  2.651897264488406E-002 -8.830043588107341E-005
  2.208501189189951E-002 -1.308250967788874E-004
  1.703763975730390E-002 -9.311865440480760E-005
  1.355505497042535E-002  7.347320905033128E-006
  1.310904946054725E-002  1.251631178575138E-004
  1.584147491660966E-002  2.070991960516116E-004
  2.052256079722072E-002  2.154104480360162E-004
  2.510039689121461E-002  1.442125351251841E-004
  2.759629369190427E-002  2.193901980159655E-005
  2.695549986926542E-002 -1.010196169752301E-004
  2.348776781909521E-002 -1.739989276379932E-004
  1.871421486830135E-002 -1.676305847394267E-004
  1.469517833065185E-002 -8.604292791002929E-005
  1.313602120996536E-002  3.540700520049204E-005
  1.465898910838862E-002  1.456803357045853E-004
  1.855197313487104E-002  2.000104339058135E-004
  2.309515348566212E-002  1.787513729462306E-004
  2.631629223631132E-002  9.509602726165047E-005
  2.684320072018520E-002 -1.144739823461831E-005
  2.448504945764770E-002 -9.275861008770641E-005
  2.029640996832596E-002 -1.131679663316559E-004
  1.610423806207282E-002 -6.473956118681312E-005
  1.370946324980330E-002  2.972857733527929E-005
  1.411174208836241E-002  1.270936195782495E-004
  1.709075647193787E-002  1.829598261890192E-004
  2.131899328796047E-002  1.710982801769976E-004
  2.494956330961225E-002  9.479428132198556E-005
  2.641898002252027E-002 -1.468180968075547E-005
  2.511615700212515E-002 -1.116686133777708E-004
  2.163164320460639E-002 -1.557735508355196E-004
  1.748603128287310E-002 -1.290683798266553E-004
  1.446213764587869E-002 -4.346701559376870E-005
  1.383423216357513E-002  6.474459426531738E-005
  1.582753970867927E-002  1.506940265346383E-004
  1.953717088898849E-002  1.801000628843276E-004
  2.333450024993605E-002  1.435708289265498E-004
  2.557881320235104E-002  5.997805399408139E-005
  2.532339069004363E-002 -3.234649775558316E-005
  2.271224765051794E-002 -9.259222663438390E-005
  1.890142885423641E-002 -9.517720428963797E-005
  1.554588232850678E-002 -4.053959048578195E-005
  1.407929602679841E-002  4.552775622580381E-005
  1.509999507869673E-002  1.235304552130480E-004
  1.812566683229518E-002  1.577123341810768E-004
  2.181700207586722E-002  1.316598269809523E-004
  2.456700807904089E-002  5.534892953908842E-005
  2.519688517336040E-002 -3.930319758362103E-005
  2.345734128691262E-002 -1.123233868827792E-004
  2.012243647682187E-002 -1.329068184324307E-004
  1.664159272444556E-002 -9.252710523532580E-005
  1.450608206304776E-002 -8.350439858909236E-006
  1.460686961398912E-002  8.438143170694914E-005
  1.686029100636951E-002  1.475759047032513E-004
  2.025865875961295E-002  1.564820487683876E-004
  2.331767541292283E-002  1.098973142537792E-004
  2.472218022116436E-002  3.011440346913409E-005
  2.388936741107795E-002 -4.719040004357310E-005
  2.120833444892983E-002 -8.860717866656490E-005
  1.785773026941797E-002 -7.735293020176594E-005
  1.528632650203779E-002 -2.018118610669844E-005
  1.458514401915656E-002  5.601297314703725E-005
  1.602302281136481E-002  1.162603678096397E-004
  1.894310909177160E-002  1.329108597806948E-004
  2.205943429891081E-002  9.765023295182442E-005
  2.401996126872430E-002  2.499196711636073E-005
  2.398976412706337E-002 -5.415533547374983E-005
  2.200300564647137E-002 -1.059453387473950E-004
  1.893562722032841E-002 -1.081882745857416E-004
  1.611611929912458E-002 -5.978408706475216E-005
  1.474725572754298E-002  1.899668872746046E-005
  1.539046730861840E-002  9.538412697500956E-005
  1.773382866436202E-002  1.381986712180742E-004
  2.073928300264609E-002  1.310418206328007E-004
  2.310009219138895E-002  7.894852405741239E-005
  2.380701930643225E-002  5.757249945137290E-006
  2.257796664989103E-002 -5.651594415831136E-005
  1.996822520090257E-002 -8.159808294440960E-005
  1.711868544586777E-002 -6.013343168839390E-005
  1.525581475257189E-002 -3.349751770977229E-006
  1.516234212608994E-002  6.223558159620741E-005
  1.684692314156253E-002  1.066384991132612E-004
  1.955199985164767E-002  1.095521653143047E-004
  2.209142209954391E-002  6.911260812606894E-005
  2.336758116812076E-002  2.558664871419288E-006
  2.284277584057679E-002 -6.139184349458937E-005
  2.076258315271352E-002 -9.505312006361127E-005
  1.803875772397440E-002 -8.371287700056578E-005
  1.584710468599318E-002 -3.186701888636013E-005
  1.511762685102689E-002  3.886310171415267E-005
  1.613797772748992E-002  9.912747336055865E-005
  1.843920003492976E-002  1.244246987143875E-004
  2.100872463939555E-002  1.054194171932207E-004
  2.273409092068216E-002  5.161123052529913E-005
  2.288299447044692E-002 -1.311093234201780E-005
  2.141253689324069E-002 -6.098668745899436E-005
  1.897715482666222E-002 -7.235562686671965E-005
  1.663633880935653E-002 -4.391341263480898E-005
  1.539244149323893E-002  1.023450385237138E-005
  1.576005297272336E-002  6.505229289648299E-005
  1.755181970454676E-002  9.566721227136293E-005
  1.996965823905694E-002  8.821515921834969E-005
  2.195753637584124E-002  4.575729255340287E-005
  2.266006114548385E-002 -1.321822167865318E-005
  2.178789136802857E-002 -6.296146077981075E-005
  1.973406099118263E-002 -8.168067288671703E-005
  1.739483466501101E-002 -6.093768390609438E-005
  1.577658353193644E-002 -9.192373700274655E-006
  1.556105898722496E-002  5.195591137857830E-005
  1.681678641129729E-002  9.711966101631221E-005
  1.897862072283604E-002  1.079758100675600E-004
  2.110027702587755E-002  8.094162530367537E-005
  2.226709582475096E-002  2.842950710259148E-005
  2.198902283301729E-002 -2.675643076028644E-005
  2.040498535920090E-002 -6.136637272651904E-005
  1.821353870611773E-002 -6.165175123076135E-005
  1.636373510886682E-002 -2.904067694712876E-005
  1.564285536870085E-002  2.082470710882296E-005
  1.633998787859938E-002  6.516091679823499E-005
  1.812911698457012E-002  8.407536870532199E-005
  2.021875488717370E-002  6.918210390190844E-005
  2.169972246278593E-002  2.710280301023468E-005
  2.193841630332245E-002 -2.358428139807781E-005
  2.084559681485330E-002 -6.053836116894465E-005
  1.890684393763845E-002 -6.738640598829692E-005
  1.696510745151860E-002 -4.077107108313055E-005
  1.585262664617725E-002  8.288404829303727E-006
  1.603288277703599E-002  5.923658000081918E-005
  1.740654168252120E-002  9.086156929338032E-005
  1.936247377558027E-002  9.034491207519255E-005
  2.104825362561879E-002  5.859417420359460E-005
  2.174046261096803E-002  9.624979233920987E-006
  2.115394897289773E-002 -3.565093210804647E-005
  1.955787017402393E-002 -5.847731142036279E-005
  1.765147149863241E-002 -5.021339802623976E-005
  1.625666105866245E-002 -1.580267916898690E-005
  1.596243491765050E-002  2.866350511018776E-005
  1.687490860781603E-002  6.313819229286954E-005
  1.857895837364376E-002  7.238865704644720E-005
  2.032481182739022E-002  5.253635356154219E-005
  2.135590630474633E-002  1.257934072512008E-005
  2.123477761400614E-002 -2.968519568756919E-005
  2.002672634806826E-002 -5.549758298025817E-005
  1.826431622161986E-002 -5.329639728249552E-005
  1.671124150827256E-002 -2.367698304330243E-005
  1.603018226644677E-002  2.094957606451399E-005
  1.649903636872547E-002  6.178271606172786E-005
  1.789694893316569E-002  8.174330216956024E-005
  1.960667308562705E-002  7.274691783156265E-005
  2.088599610446639E-002  3.902726392205074E-005
  2.118890528658487E-002 -4.859836907019768E-006
  2.039753866698166E-002 -4.041528874114892E-005
  1.886643370038782E-002 -5.315298022823008E-005
  1.726283877510799E-002 -3.869369503939556E-005
  1.627486405449607E-002 -4.411510662302091E-006
  1.631505402699322E-002  3.399914783819826E-005
  1.734702634237556E-002  5.947269598717045E-005
  1.890794522991507E-002  6.098640659999223E-005
  2.031422171317872E-002  3.823599506440804E-005
  2.095915815763883E-002  1.599229929251009E-006
  2.057304333479441E-002 -3.252499497333186E-005
  1.933429890842767E-002 -4.892234676736201E-005
  1.778605109681594E-002 -4.016688842851233E-005
  1.659693200959414E-002 -9.780775969231847E-006
  1.627138578829740E-002  2.936827861965128E-005
  1.693492324851417E-002  6.067999881021290E-005
  1.828564447001440E-002  7.097673874782107E-005
  1.973042799165217E-002  5.610324704831840E-005
  2.064443144123414E-002  2.258602802962537E-005
  2.064038957197453E-002 -1.530433036917657E-005
  1.973166964088311E-002 -4.175909711554410E-005
  1.832049816367572E-002 -4.619237730517694E-005
  1.701903804844862E-002 -2.764701609855620E-005
  1.638281723530233E-002  5.007101817688465E-006
  1.667254371528642E-002  3.709675236770131E-005
  1.774638979309084E-002  5.458948787629098E-005
  1.912714901537505E-002  5.014386826741472E-005
  2.021274005609549E-002  2.616569773835127E-005
  2.053730535130332E-002 -6.399558979140287E-006
  1.996976110106385E-002 -3.295119328412533E-005
  1.876526662432342E-002 -4.163153747267290E-005
  1.744964945208166E-002 -2.845438108245803E-005
  1.658902091065497E-002  1.032706422922710E-006
  1.654545662551653E-002  3.422343393219664E-005
  1.732411353142867E-002  5.694453411303956E-005
  1.857623185243914E-002  5.955988287173323E-005
  1.975441755215583E-002  4.105254025990714E-005
  2.035111255040920E-002  9.357234051059224E-006
  2.011638463033587E-002 -2.214710196398343E-005
  1.916161601623189E-002 -4.042310237157571E-005
  1.790616860410769E-002 -3.832149041922142E-005
  1.689232305020645E-002 -1.751184646655488E-005
  1.655010290197466E-002  1.241790861072274E-005
  1.701394405491586E-002  3.824281819807922E-005
  1.806933247930341E-002  4.886584677142873E-005
  1.925042823425038E-002  4.006126444962009E-005
  2.004439557482827E-002  1.617065612934940E-005
  2.011289408735989E-002 -1.193016824344559E-005
  1.943513742150172E-002 -3.165801615073808E-005
  1.831211243772838E-002 -3.421778775262026E-005
  1.723221291993707E-002 -1.838483078458939E-005
  1.665818931477950E-002  9.034493684539497E-006
  1.682829160641991E-002  3.621804756440117E-005
  1.765699099268914E-002  5.147311730761683E-005
  1.877653503075597E-002  4.826709883004087E-005
  1.969936071285204E-002  2.797978923831438E-005
  2.002966915198987E-002 -7.757723802345774E-007
  1.963237329489255E-002 -2.592461801192827E-005
  1.868734269930369E-002 -3.712941499599881E-005
  1.760730932117673E-002 -3.016500263409762E-005
  1.685679818296278E-002 -8.603139030339870E-006
  1.675148578770285E-002  1.787265056381510E-005
  1.732462680869821E-002  3.774307719334651E-005
  1.831703003789192E-002  4.263918673256958E-005
  1.929304635449963E-002  3.088217046026731E-005
  1.983075990769372E-002  8.077040977043069E-006
  1.970341102274657E-002 -1.544767809798511E-005
  1.897409316655817E-002 -2.920039194885257E-005
  1.796425888454627E-002 -2.708897348647905E-005
  1.711147405150977E-002 -1.001639233579318E-005
  1.677929998069023E-002  1.458290749948035E-005
  1.710185153823741E-002  3.602397270668471E-005
  1.792942491861384E-002  4.501714996759193E-005
  1.889709817426649E-002  3.765869759517456E-005
  1.958495236597376E-002  1.705655217902882E-005
  1.969959330334174E-002 -8.076545143169975E-006
  1.919853230637375E-002 -2.721619607618283E-005
  1.830474505766161E-002 -3.254248688581047E-005
  1.740677805141101E-002 -2.222938428007636E-005
  1.688909929757686E-002 -1.114065193238189E-006
  1.696674454515906E-002  2.149980030321373E-005
  1.759535611937922E-002  3.591502337652481E-005
  1.849420192136478E-002  3.620916139493040E-005
  1.927057545088697E-002  2.270422829688652E-005
  1.959051761190839E-002  1.703175620304078E-006
  1.932168726926971E-002 -1.734873370936790E-005
  1.858730333348762E-002 -2.601307437483843E-005
  1.770926947625883E-002 -2.050820180924772E-005
  1.706661728360696E-002 -3.292674163314665E-006
  1.693146276582455E-002  1.807135294172864E-005
  1.735342298254463E-002  3.424650501104230E-005
  1.814152440853816E-002  3.817516138510642E-005
  1.894994219777774E-002  2.810352693132823E-005
  1.942912456721742E-002  8.285970461352605E-006
  1.937628603252475E-002 -1.290247576586059E-005
  1.882050710922184E-002 -2.659844042862660E-005
  1.800678709422314E-002 -2.724198304658533E-005
  1.728741696667833E-002 -1.489695505270483E-005
  1.696880268275053E-002  4.874178951653357E-006
  1.718032467450852E-002  2.348927934033845E-005
  1.782134175176215E-002  3.307707837169595E-005
  1.860797790982217E-002  2.983623754430966E-005
  1.919806229647791E-002  1.558505733216960E-005
  1.933927958343313E-002 -3.134983013574493E-006
  1.897641953848966E-002 -1.797589426851937E-005
  1.827217652619888E-002 -2.243093620130504E-005
  1.753383910792481E-002 -1.462933579332301E-005
  1.707883072906675E-002  1.914594828771019E-006
  1.709789048430686E-002  1.989122072352783E-005
  1.757482221310576E-002  3.140527243209618E-005
  1.829651382775409E-002  3.139881127385488E-005
  1.894757262430832E-002  1.980895242805468E-005
  1.924758619716610E-002  1.547652235150743E-006
  1.907129677612328E-002 -1.565856478240034E-005
  1.850021946634681E-002 -2.461057026525368E-005
  1.778450736526332E-002 -2.170724012106156E-005
  1.723281119090448E-002 -8.429409450308526E-006
  1.707860685146232E-002  9.376568909666697E-006
  1.738086952492079E-002  2.407428804453092E-005
  1.800132727111825E-002  2.953645381373723E-005
  1.866693835277314E-002  2.373884862966782E-005
  1.908942846128578E-002  9.545743972353049E-006
  1.908958699131019E-002 -6.621319846138734E-006
  1.867275486738207E-002 -1.762382536579127E-005
  1.802374410244600E-002 -1.870794886734102E-005
  1.742458091178682E-002 -9.526658015210564E-006
  1.713163133838242E-002  5.773204472731909E-006
  1.726560526920186E-002  2.040771188579131E-005
  1.776159376154634E-002  2.792760439477182E-005
  1.839975209809034E-002  2.500767863944050E-005
  1.890222226451625E-002  1.285365478346277E-005
  1.905359228738746E-002 -3.361089827532714E-006
  1.879269478485004E-002 -1.675987767680003E-005
  1.823665968697576E-002 -2.173072405163031E-005
  1.762787571436807E-002 -1.631197816130295E-005
  1.722783404420709E-002 -2.978669697309408E-006
  1.720433184935744E-002  1.248477378540623E-005
  1.756067848279235E-002  2.351236388647784E-005
  1.813674440519403E-002  2.557753097796420E-005
  1.868032781290577E-002  1.809080498351838E-005
  1.895707313622809E-002  4.573652725207403E-006
  1.885105791082729E-002 -8.938119494653803E-006
  1.841289627509394E-002 -1.654552701651581E-005
  1.783544088672954E-002 -1.503354761852904E-005
  1.736862458690065E-002 -5.218405264964376E-006
  1.721100567207321E-002  8.467264288860687E-006
  1.742504706595054E-002  1.994599482136193E-005
  1.791224257162594E-002  2.415073582062344E-005
  1.845790553189597E-002  1.920887165317177E-005
  1.882530477750524E-002  7.219814825491351E-006
  1.885789521189135E-002 -6.689827885289090E-006
  1.854552039036433E-002 -1.660327244193087E-005
  1.802662796108889E-002 -1.836232985571043E-005
  1.752649531157746E-002 -1.132731795601957E-005
  1.725900388989132E-002  1.397299502026191E-006
  1.733477890216182E-002  1.434624335781177E-005
  1.771513348550611E-002  2.206748288978229E-005
  1.823095487429265E-002  2.145213799731838E-005
  1.865743462704901E-002  1.302009156643241E-005
  1.881164643692794E-002  6.256458461362211E-007
  1.863063457929420E-002 -1.026460500229270E-005
  1.819669658601316E-002 -1.495765304095304E-005
  1.769976890656045E-002 -1.154595061238118E-005
  1.735404606429687E-002 -1.684640144950242E-006
  1.730540622177600E-002  1.018158454262862E-005
  1.756962711220134E-002  1.878509166114166E-005
  1.802752698977280E-002  2.032965853017620E-005
  1.847827386657551E-002  1.411835680250141E-005
  1.872705093127929E-002  2.822365829256919E-006
  1.866883314531575E-002 -8.706480063948889E-006
  1.833227324779272E-002 -1.554802934586248E-005
  1.786540069115147E-002 -1.482900018481348E-005
  1.747015346552526E-002 -6.930900559806253E-006
  1.731468062460167E-002  4.715999566322097E-006
  1.746148977011924E-002  1.514377876420807E-005
  1.784212698474089E-002  1.999456324251141E-005
  1.828859231587840E-002  1.737258945586748E-005
  1.860712363700981E-002  8.609639138230425E-006
  1.866196146056500E-002 -2.367778668483939E-006
  1.843289521575066E-002 -1.077497145890176E-005
  1.802221638598234E-002 -1.304460644377492E-005
  1.760884302492296E-002 -8.342570548798593E-006
  1.737015097741900E-002  1.119673953800690E-006
  1.740563961373518E-002  1.109193985799204E-005
  1.769526073291428E-002  1.715713531207739E-005
  1.810982981486298E-002  1.664803515763261E-005
  1.846826179308205E-002  9.781775026097033E-006
  1.861629769731185E-002 -4.660333641596843E-007
  1.849251586479847E-002 -9.675798047188908E-006
  1.815340376293449E-002 -1.390436819927919E-005
  1.774730752089026E-002 -1.137609937207544E-005
  1.744923132166326E-002 -3.219932707345106E-006
  1.738513091370133E-002  7.051221555824474E-006
  1.757844067113017E-002  1.507705309761824E-005
  1.794151677477710E-002  1.752722151937634E-005
  1.831500964675502E-002  1.350785387577927E-005
  1.853750576837198E-002  4.900185270017957E-006
  1.851501502268706E-002 -4.497369451302380E-006
  1.826040035773337E-002 -1.063586469305647E-005
  1.788622961454357E-002 -1.096150057260552E-005
  1.755482288100010E-002 -5.487974462054087E-006
  1.740763530289910E-002  3.255382003833623E-006
  1.750467867212929E-002  1.135962068814852E-005
  1.779990587290025E-002  1.525002582011436E-005
  1.816261644897916E-002  1.323023022105506E-005
  1.843498325688654E-002  6.193301135426697E-006
  1.850040059931326E-002 -2.794863019886058E-006
  1.833307348572033E-002 -9.844402859048747E-006
  1.800778242450230E-002 -1.192847437875761E-005
  1.766621285156352E-002 -8.177079364850879E-006
  1.745498707874758E-002 -2.262079915163458E-007
  1.746249065495916E-002  8.514761071638496E-006
  1.768170051092870E-002  1.434705316599837E-005
  1.801462597181632E-002  1.486914804847272E-005
  1.831583130820411E-002  9.982791825413796E-006
  1.845572603102286E-002  1.894987374716803E-006
  1.837608948332268E-002 -5.869265739097536E-006
  1.811404945953461E-002 -1.000351977263348E-005
  1.778466664984984E-002 -8.836290747306468E-006
  1.753023948524307E-002 -3.019969708912741E-006
  1.745864615243690E-002  4.792648143276828E-006
  1.759742563491626E-002  1.112890910779462E-005
  1.788312672943369E-002  1.321195512569147E-005
  1.818998275320064E-002  1.015311315553256E-005
  1.838498276666205E-002  3.311760326993056E-006
  1.838524144602922E-002 -4.320418212433363E-006
  1.819293955489554E-002 -9.431495876269566E-006
  1.789312938247123E-002 -9.822522620096952E-006
  1.761590200602532E-002 -5.342815341383505E-006
  1.747973002346688E-002  2.068500707993200E-006
  1.754065127204042E-002  9.240142106320825E-006
  1.776907780001483E-002  1.314394257683105E-005
  1.806380007730725E-002  1.218905907984371E-005
  1.829660528523012E-002  6.880092655914831E-006
  1.836785065607257E-002 -4.340770135555882E-007
  1.824891111346487E-002 -6.598808214935407E-006
  1.799342890796544E-002 -9.020893545140562E-006
  1.771298996488796E-002 -6.771450403822843E-006
  1.752822740293121E-002 -9.543820487319231E-007
  1.751676439823052E-002  5.806421283884962E-006
  1.768044911432832E-002  1.052640229759927E-005
  1.794569574879379E-002  1.115669806204723E-005
  1.819629036387903E-002  7.456802491096432E-006
  1.832405649182704E-002  1.073721640580010E-006
  1.827530623537644E-002 -5.194876767954648E-006
  1.807314568090595E-002 -8.624178741484440E-006
  1.780639316618421E-002 -7.738229456327460E-006
  1.759037694445377E-002 -2.932427469613676E-006
  1.751690381063642E-002  3.717885505334738E-006
  1.761509368660086E-002  9.369024075843159E-006
  1.783977535715772E-002  1.163844338943366E-005
  1.809202760572378E-002  9.618875939627770E-006
  1.826254649231062E-002  4.244339720944687E-006
  1.827883424298512E-002 -2.139595117523807E-006
  1.813584381944819E-002 -6.804470183988841E-006
  1.789713753005724E-002 -7.815135563669554E-006
  1.766650159923013E-002 -4.845536202277780E-006
  1.754267494255695E-002  7.110006168784717E-007
  1.757692890200386E-002  6.373192887474797E-006
  1.775171289828174E-002  9.661396884071819E-006
  1.798924214168590E-002  9.168943789593992E-006
  1.818588376882599E-002  5.153927232216893E-006
  1.825715570298197E-002 -5.963553542643104E-007
  1.817381122501303E-002 -5.559116266239467E-006
  1.797361027465090E-002 -7.576278450785155E-006
  1.774407284983470E-002 -5.782623831446697E-006
  1.758406971486392E-002 -9.643895413299429E-007
  1.756109732466725E-002  4.798198244028398E-006
  1.768269054233592E-002  9.040578621664594E-006
  1.789406694070399E-002  9.976522435799339E-006
  1.810262626229275E-002  7.254582071486133E-006
  1.821836095092312E-002  2.087544147698635E-006
  1.819254874567990E-002 -3.291470151418217E-006
  1.803810053345767E-002 -6.602325008492880E-006
  1.782308001764131E-002 -6.495679841412854E-006
  1.764058489109515E-002 -3.114900333869718E-006
  1.756830535909745E-002  1.992973553610205E-006
  1.763531983225925E-002  6.568575169598702E-006
  1.781031054405989E-002  8.626805848584512E-006
  1.801595092348867E-002  7.309245000341423E-006
  1.816288116571347E-002  3.237277867741644E-006
  1.818835578331408E-002 -1.778621085992234E-006
  1.808285860586201E-002 -5.538546077871552E-006
  1.789340881684807E-002 -6.409646039179609E-006
  1.770248226082395E-002 -4.024949788858721E-006
  1.759198383903981E-002  5.729483705894260E-007
  1.760800045639534E-002  5.397454663317116E-006
  1.774149375108717E-002  8.383813293745220E-006
  1.793300548421537E-002  8.276955775983797E-006
  1.809899311815825E-002  5.159110295060900E-006
  1.816813899956001E-002  3.954871654673446E-007
  1.811185766573351E-002 -3.970056483943148E-006
  1.795595802689037E-002 -6.101373739546598E-006
  1.776872243482135E-002 -5.153139852970097E-006
  1.763088525163187E-002 -1.615699847119397E-006
  1.760070198133591E-002  2.919736021212117E-006
  1.768921608596903E-002  6.465398346541552E-006
  1.785621601007665E-002  7.500288910128485E-006
  1.802831322759100E-002  5.618386813179439E-006
  1.813102981382822E-002  1.685914981546571E-006
  1.812087533339954E-002 -2.552569541978002E-006
  1.800360664991878E-002 -5.241226884982637E-006
  1.783101725845497E-002 -5.217036647274806E-006
  1.767795806061159E-002 -2.503863673036177E-006
  1.760977481086303E-002  1.711991825124923E-006
  1.765432050019036E-002  5.606913636442748E-006
  1.779052093693074E-002  7.512595685121034E-006
  1.795816874998448E-002  6.631224890433934E-006
  1.808441460199139E-002  3.366598244848416E-006
  1.811530541160929E-002 -8.657229751172876E-007
  1.803872075046047E-002 -4.259987561703561E-006
  1.788896417672941E-002 -5.399938761762972E-006
  1.773130709314811E-002 -3.859078503223229E-006
  1.763343634436281E-002 -3.662472690579234E-007
  1.763628954756069E-002  3.527888376644969E-006
  1.773683932620072E-002  6.132160771767924E-006
  1.789005734984524E-002  6.345431419913318E-006
  1.802892618246565E-002  4.121128591317222E-006
  1.809361604482562E-002  4.699151031844491E-007
  1.805713157353106E-002 -2.993557466454962E-006
  1.793644245999745E-002 -4.757620042467684E-006
  1.778452365526869E-002 -4.065850104737998E-006
  1.766701581949907E-002 -1.234330231562902E-006
  1.763378103982810E-002  2.497996410250398E-006
  1.769767286503259E-002  5.514774460147326E-006
  1.782955104791478E-002  6.522990729885458E-006
  1.797144500411721E-002  5.105157338224654E-006
  1.806193032578191E-002  1.887398873065739E-006
  1.806261458296605E-002 -1.743365689817243E-006
  1.797431664161787E-002 -4.244976219958834E-006
  1.783612971353011E-002 -4.583207837147165E-006
  1.770802658739361E-002 -2.666623179873869E-006
  1.764473896722893E-002  6.303400287630877E-007
  1.767228303375750E-002  3.859592089417197E-006
  1.777719471657005E-002  5.631761204518208E-006
  1.791291776657869E-002  5.212908862217465E-006
  1.802033888340161E-002  2.829361542291432E-006
  1.805342013773282E-002 -4.460188678299565E-007
  1.799882013047876E-002 -3.170683813036646E-006
  1.788114841326484E-002 -4.161413676774356E-006
  1.775180594864383E-002 -3.002187710924173E-006
  1.766645968938620E-002 -2.138370815467560E-007
  1.766101611538423E-002  2.982725930758113E-006
  1.773645760348014E-002  5.201882654671945E-006
  1.785893641128506E-002  5.492455120463710E-006
  1.797485876493890E-002  3.741744820563645E-006
  1.803424368287492E-002  7.133234288600803E-007
  1.801217972696737E-002 -2.292453092824862E-006
  1.791917314050672E-002 -4.003737237446875E-006
  1.779609913424651E-002 -3.721904527040914E-006
  1.769615871397634E-002 -1.611815686259373E-006
  1.766180033149056E-002  1.383294545387186E-006
  1.770661401044758E-002  3.959933642577845E-006
  1.780991615721457E-002  5.020500226149649E-006
  1.792616608597527E-002  4.141632240245755E-006
  1.800493982322202E-002  1.744767273583280E-006
  1.801270673082241E-002 -1.099851976079699E-006
  1.794700923608985E-002 -3.145658619469220E-006
  1.783705599631770E-002 -3.510989168935373E-006
  1.773067597387165E-002 -2.054844242722547E-006
  1.767345209270735E-002  5.722758888443499E-007
  1.768913238338386E-002  3.219625096474487E-006
  1.776973105465162E-002  4.739145140666530E-006
  1.787943590303240E-002  4.480421590324659E-006
  1.797043475128211E-002  2.564634008734799E-006
  1.800367168005191E-002 -1.772933756466120E-007
  1.796552612859344E-002 -2.570934924345318E-006
  1.787329692863831E-002 -3.607065945926732E-006
  1.776729773368521E-002 -2.871975491144940E-006
  1.769316539195971E-002 -7.155333909795831E-007
  1.768214139623555E-002  1.911292457353753E-006
  1.773784317646453E-002  3.874558452533588E-006
  1.783512176048572E-002  4.347364367113618E-006
  1.793131692134910E-002  3.159894531943370E-006
  1.798488047107576E-002  8.610719852109647E-007
  1.797324220491233E-002 -1.530209256775031E-006
  1.790224025765130E-002 -2.972359572329847E-006
  1.780318294807063E-002 -2.851204764853865E-006
  1.771899137154027E-002 -1.238993493910763E-006
  1.768555012957132E-002  1.146440247251163E-006
  1.771636467335240E-002  3.260358743850421E-006
  1.779707979093496E-002  4.186317911033065E-006
  1.789207172236091E-002  3.529836321529819E-006
  1.796009680186167E-002  1.581872549587384E-006
  1.797212647102302E-002 -8.149986477520837E-007
  1.792365982936807E-002 -2.635875111389957E-006
  1.783629661900093E-002 -3.116013105936529E-006
  1.774805357971181E-002 -2.075126902914830E-006
  1.769675963231561E-002  1.420826088524378E-008
  1.770377954890914E-002  2.239628441890681E-006
  1.776506627941467E-002  3.647642549215173E-006
  1.785328348244543E-002  3.653610118695620E-006
  1.792991944122406E-002  2.286540868236630E-006
  1.796202940924426E-002  1.659806042669842E-007
  1.793633141929163E-002 -1.774895361055580E-006
  1.786462825062796E-002 -2.696845197153302E-006
  1.777835145635627E-002 -2.215272614442172E-006
  1.771473817208273E-002 -5.594360836300587E-007
  1.770071528678182E-002  1.535408764829473E-006
  1.774146172491611E-002  3.152515081940342E-006
  1.781850213543783E-002  3.591830790292960E-006
  1.789801050999332E-002  2.669269890866524E-006
  1.794559767832503E-002  7.895895095735315E-007
  1.794112142853024E-002 -1.235278938804994E-006
  1.788714452589206E-002 -2.540613511149350E-006
  1.780749484699876E-002 -2.581028950529558E-006
  1.773669473539623E-002 -1.360011072019196E-006
  1.770494512125971E-002  5.797638334870419E-007
  1.772519331258981E-002  2.397600479494990E-006
  1.778781921500070E-002  3.320254873812050E-006
  1.786511326622319E-002  2.972654145026542E-006
  1.792347266001932E-002  1.532174783788369E-006
  1.793795146813128E-002 -3.571447118182844E-007
  1.790286722450644E-002 -1.869811533507467E-006
  1.783395782545271E-002 -2.357657517146032E-006
  1.776128661288179E-002 -1.626586640895383E-006
  1.771608750063383E-002 -1.335964562158201E-008
  1.771730262574694E-002  1.767644148803544E-006
  1.776361153579899E-002  2.938250550092757E-006
  1.783430082871927E-002  2.993342173491709E-006
  1.789846820582468E-002  1.915292919253875E-006
  1.792847522147249E-002  1.753847432703702E-007
  1.791179521829613E-002 -1.475356355458058E-006
  1.785618087708751E-002 -2.332851772674799E-006
  1.778602670226223E-002 -2.041908251862259E-006
  1.773162313871773E-002 -7.438571488667041E-007
  1.771603316764667E-002  9.913518210561134E-007
  1.774527499146676E-002  2.416207210963762E-006
  1.780598675613588E-002  2.929138764501355E-006
  1.787146675922559E-002  2.330258175840715E-006
  1.791336450918245E-002  9.003975338192675E-007
  1.791390656204067E-002 -7.278191320494113E-007
  1.787338724658212E-002 -1.848176184867295E-006
  1.780977102439715E-002 -1.986299749152896E-006
  1.775069544981728E-002 -1.100420101587510E-006
  1.772143018760137E-002  4.073833899612433E-007
  1.773403502854676E-002  1.871428323525206E-006
  1.778236556852708E-002  2.653658904980479E-006
  1.784498899353244E-002  2.418760744768384E-006
  1.789463706945937E-002  1.274881603997051E-006
  1.791003021988541E-002 -2.787125990700010E-007
  1.788494812537819E-002 -1.571732845014967E-006
  1.783068375829171E-002 -2.053551707723323E-006
  1.777092313369606E-002 -1.528350728852774E-006
  1.773136732218620E-002 -2.343515403017321E-007
  1.772864168209741E-002  1.264680175366815E-006
  1.776327630797456E-002  2.326226966681101E-006
  1.781971813813749E-002  2.505913705757223E-006
  1.787326463092253E-002  1.744978133359615E-006
  1.790083155959134E-002  3.890625387662757E-007
  1.789086335572636E-002 -9.671592431345316E-007
  1.784813348255479E-002 -1.739984810656789E-006
  1.779144510105072E-002 -1.607814721809378E-006
  1.774532769806872E-002 -6.454548919483391E-007
  1.772939314402620E-002  7.144419146617730E-007
  1.774996737272835E-002  1.873563749876155E-006
  1.779756556159172E-002  2.328668254194439E-006
  1.785121037932081E-002  1.887522120544205E-006
  1.788763263968534E-002  7.476881524651914E-007
  1.789132149362786E-002 -5.937846031993946E-007
  1.786108575235561E-002 -1.558436399219490E-006
  1.781035422490269E-002 -1.736506095075418E-006
  1.776117902863701E-002 -1.060952704774324E-006
  1.773461663374815E-002  1.684012815853141E-007
  1.774168057288607E-002  1.418812928629963E-006
  1.777875119754848E-002  2.156712562183275E-006
  1.782935164503629E-002  2.076672503341259E-006
  1.787143072575667E-002  1.228831084620983E-006
  1.788693610751371E-002 -8.484148853094402E-009
  1.786952342655652E-002 -1.096786924453668E-006
  1.782711122939324E-002 -1.571666371642082E-006
  1.777825908437618E-002 -1.241417837325370E-006
  1.774401996392611E-002 -2.651324128894589E-007
  1.773884123628012E-002  9.215210760876391E-007
  1.776444474933811E-002  1.798542742576912E-006
  1.780927562714925E-002  1.987299506037552E-006
  1.785367395329953E-002  1.411959443696199E-006
  1.787845803428454E-002  3.280720828172822E-007
  1.787317402069597E-002 -7.920767638769341E-007
  1.784046609519910E-002 -1.465886427116899E-006
  1.779474402304746E-002 -1.408431911159186E-006
  1.775580648463616E-002 -6.524615629705915E-007
  1.774023985381575E-002  4.699740871932431E-007
  1.775432752120631E-002  1.474349437205636E-006
  1.779149905744306E-002  1.933903594613905E-006
  1.783534941905858E-002  1.661927926518485E-006
  1.786684571464362E-002  7.881229182733471E-007
  1.787255735932421E-002 -3.022123501691071E-007
  1.785035218144293E-002 -1.137911087138810E-006
  1.781014476147388E-002 -1.365906896177949E-006
  1.776944880105417E-002 -9.011564060651664E-007
  1.774572535949777E-002  4.116835353838209E-008
  1.774886812961430E-002  1.043266142178105E-006
  1.777705808377767E-002  1.668073947581479E-006
  1.781772139946722E-002  1.648152404615314E-006
  1.785310222119833E-002  9.986536668709469E-007
  1.786798283750324E-002  6.838012268928060E-009
  1.785619637758684E-002 -8.955347056508604E-007
  1.782314685798394E-002 -1.320275952982034E-006
  1.778331139383995E-002 -1.089440305128547E-006
  1.775387438071931E-002 -3.091491958526150E-007
  1.774729113930913E-002  6.798691137797098E-007
  1.776599758959063E-002  1.451952110437072E-006
  1.780151093055614E-002  1.680531101884283E-006
  1.783824295542392E-002  1.276848245379104E-006
  1.786031453234785E-002  4.243750500039153E-007
  1.785839361128425E-002 -5.043007126959512E-007
  1.783361340231962E-002 -1.110587788902631E-006
  1.779692795963488E-002 -1.141618357450485E-006
  1.776425063912657E-002 -5.965774567626332E-007
  1.774953078381961E-002  2.771125582933431E-007
  1.775877921316001E-002  1.094418060703494E-006
  1.778759980050813E-002  1.500872501244938E-006
  1.782323723213062E-002  1.325016960797701E-006
  1.785019218103791E-002  6.496890153701740E-007
  1.785693383923651E-002 -2.273366694961085E-007
  1.784080427510551E-002 -9.247729856442828E-007
  1.780903065718176E-002 -1.143362261019451E-006
  1.777546765780030E-002 -7.937518494541572E-007
  1.775453574188767E-002 -3.218979743785595E-008
  1.775500611066269E-002  8.099932396148750E-007
  1.777630956708063E-002  1.371227849370165E-006
  1.780892036911998E-002  1.415469552018778E-006
  1.783858914430366E-002  9.317134346776918E-007
  1.785254567816017E-002  1.352896723833126E-007
  1.784497258087334E-002 -6.281454542677905E-007
  1.781940489803676E-002 -1.033157512433169E-006
  1.778706876947927E-002 -9.140335993282831E-007
  1.776193478175772E-002 -3.333910977716976E-007
  1.775466407353789E-002  4.485360219616740E-007
  1.776806931004500E-002  1.089190133077978E-006
  1.779602151440434E-002  1.312638609790883E-006
  1.782622182430101E-002  1.027536196176887E-006
  1.784558750755597E-002  3.637708593151859E-007
  1.784589503224938E-002 -3.867742459170422E-007
  1.782724750408789E-002 -8.984100922210318E-007
  1.779790646779851E-002 -9.525615749488940E-007
  1.777061464304010E-002 -5.305456942335117E-007
  1.775704460730616E-002  1.810426509639043E-007
  1.776279067457121E-002  8.733910438131393E-007
  1.778505139976067E-002  1.249944315459731E-006
  1.781396008232514E-002  1.153678576686438E-006
  1.783693627127376E-002  6.325226169300601E-007
  1.784414038443490E-002 -8.430093750322641E-008
  1.783266737100794E-002 -6.875088037404972E-007
  1.780769331070781E-002 -9.218540316674566E-007
  1.778012692647185E-002 -6.949080283992749E-007
  1.776182894325302E-002 -1.141183303242187E-007
  1.776049315866005E-002  5.627025894166664E-007
  1.777639744700088E-002  1.040823359464208E-006
  1.780239514840360E-002  1.116166229728785E-006
  1.782710217753520E-002  7.618694515392920E-007
  1.783986040242034E-002  1.371870137829344E-007
  1.783531450201253E-002 -4.839423326853015E-007
  1.781563813075791E-002 -8.326995894162618E-007
  1.778948626511255E-002 -7.612539564591958E-007
  1.776817344778787E-002 -3.048538754370674E-007
  1.776076419116258E-002  3.358137175147248E-007
  1.777020488160601E-002  8.832449062989398E-007
  1.779214652355556E-002  1.103545067391829E-006
  1.781692493410059E-002  9.063711649703313E-007
  1.783379907243904E-002  3.816874605771969E-007
  1.783558969293952E-002 -2.415461582074489E-007
  1.782171590860711E-002 -6.958217665658196E-007
  1.779834664417777E-002 -7.905737688896748E-007
  1.777564483394321E-002 -4.928075116813097E-007
  1.776333382201948E-002  6.128741589371362E-008
  1.776651919995996E-002  6.276804084538308E-007
  1.778356053252964E-002  9.612859815563485E-007
  1.780687837636896E-002  9.215380305765823E-007
  1.782630543120581E-002  5.313237694163756E-007
  1.783350149668383E-002 -3.538988073886906E-008
  1.782551612465396E-002 -5.308367438597232E-007
  1.780597827459488E-002 -7.413897884387829E-007
  1.778343631343247E-002 -5.792189143453414E-007
  1.776760532199931E-002 -1.184345894730883E-007
  1.776516809659660E-002  4.390366938114477E-007
  1.777694378572304E-002  8.521315482109709E-007
  1.779762242794087E-002  9.449172386866682E-007
  1.781814142332054E-002  6.813451360862594E-007
  1.782964174322388E-002  1.787542987899424E-007
  1.782727759558519E-002 -3.447836458415040E-007
  1.781224207010262E-002 -6.656461006784710E-007
  1.779116354062897E-002 -6.507891050694938E-007
  1.777317182457292E-002 -3.134606007755811E-007
  1.776593156836291E-002  1.948556534807222E-007
  1.777236547583555E-002  6.518273485464430E-007
  1.778946738928282E-002  8.610896273092122E-007
  1.780968487349109E-002  7.363744539043286E-007
  1.782423788053514E-002  3.369343654882980E-007
  1.782691622992560E-002 -1.602505750826275E-007
  1.781671429507652E-002 -5.385623135613235E-007
  1.779818624728150E-002 -6.357509752706057E-007
  1.777940294962730E-002 -4.131379051221814E-007
  1.776842563374362E-002  2.942105339668054E-008
  1.776983623600337E-002  4.984616917894206E-007
  1.778281692811908E-002  7.915106623900723E-007
  1.780158234755949E-002  7.843609401208054E-007
  1.781794344433189E-002  4.834192681900560E-007
  1.782486770173999E-002  2.110819278336763E-008
  1.781948856941210E-002 -4.028628888709337E-007
  1.780427706941374E-002 -6.082913150617092E-007
  1.778589872270376E-002 -5.115846522273704E-007
  1.777228228610659E-002 -1.601526117015992E-007
  1.776918856930726E-002  2.900612112639951E-007
  1.777776354914972E-002  6.433772816680188E-007
  1.779411421719974E-002  7.491998786328037E-007
  1.781105952157715E-002  5.661135183159451E-007
  1.782127032988828E-002  1.779846383350009E-007
  1.782042623112804E-002 -2.441336713423533E-007
  1.780903021834593E-002 -5.170732236282455E-007
  1.779212022043214E-002 -5.247181228061144E-007
  1.777703301110855E-002 -2.671152682641108E-007
  1.777021197401706E-002  1.411765343125852E-007
  1.777444695070265E-002  5.220426557616453E-007
  1.778772773098678E-002  7.114129859602860E-007
  1.780418061078230E-002  6.297098066020164E-007
  1.781665388276618E-002  3.149230458567141E-007
  1.781981488950610E-002 -9.537635412857907E-008
  1.781241804422273E-002 -4.245965775628411E-007
  1.779778002413705E-002 -5.335749000622181E-007
  1.778228434137111E-002 -3.797925666554946E-007
  1.777258829946233E-002 -3.413961001313648E-008
  1.777275379684649E-002  3.513424408383868E-007
  1.778253799621589E-002  6.101196438155008E-007
  1.779756223698588E-002  6.330230500455676E-007
  1.781125845774082E-002  4.143044352603927E-007
  1.781772885864321E-002  5.246237159740763E-008
  1.781427436889228E-002 -2.938292992114647E-007
  1.780250859727150E-002 -4.750376959339008E-007
  1.778759891845542E-002 -4.151066660949331E-007
  1.777598927529422E-002 -1.431830457682080E-007
  1.777260746827190E-002  2.204451248865533E-007
  1.777876663092886E-002  5.174687922134592E-007
  1.779165377214028E-002  6.202914580739851E-007
  1.780560187216207E-002  4.865558145376779E-007
  1.781457143946437E-002  1.761982652527646E-007
  1.781475543567011E-002 -1.757619711693609E-007
  1.780618456687718E-002 -4.183409302806902E-007
  1.779265692311477E-002 -4.497083321785718E-007
  1.778004722589593E-002 -2.602017840957694E-007
  1.777374753435124E-002  6.493794812459864E-008
  1.777635386712218E-002  3.836820765589971E-007
  1.778659073425911E-002  5.591646539525167E-007
  1.779991798277586E-002  5.184537170052795E-007
  1.781053366489392E-002  2.829026024895393E-007
  1.781389006190896E-002 -4.254740287591986E-008
  1.780863230590068E-002 -3.158845509890928E-007
  1.779713382662391E-002 -4.197965101464280E-007
  1.778441910115033E-002 -3.118682727985456E-007
  1.777596142178620E-002 -4.176696157448984E-008
  1.777532032246474E-002  2.714953997196947E-007
  1.778263793089152E-002  4.918404759050477E-007
  1.779462862904812E-002  5.249989725830767E-007
  1.780604421784703E-002  3.585374594890896E-007
  1.781196198197402E-002  6.608056272101143E-008
  1.780989859877403E-002 -2.255658555240630E-007
  1.780084265432268E-002 -3.916983008501259E-007
  1.778877748685204E-002 -3.632878277243526E-007
  1.777892222601174E-002 -1.558165346566235E-007
  1.777546718658226E-002  1.386594404870343E-007
  1.777978583073155E-002  3.922550025159079E-007
  1.778988575065407E-002  4.967860079748833E-007
  1.780131647942599E-002  4.099694018599719E-007
  1.780912167248977E-002  1.725566601605271E-007
  1.780997985917868E-002 -1.105302413791315E-007
  1.780360957071928E-002 -3.163941345418933E-007
  1.779284505254862E-002 -3.573898242238548E-007
  1.778236981142884E-002 -2.183619440067551E-007
  1.777667311156057E-002  3.789965927098713E-008
  1.777812055201499E-002  2.988620886804267E-007
  1.778596746700342E-002  4.514665652915110E-007
  1.779672573621799E-002  4.308586583776220E-007
  1.780570595488572E-002  2.476575313171129E-007
  1.780905368600450E-002 -1.766158518178650E-008
  1.780539601744916E-002 -2.503728262444241E-007
  1.779639554661872E-002 -3.513296955275248E-007
  1.778598963843322E-002 -2.793672572098709E-007
  1.777866197385886E-002 -6.814139301592985E-008
  1.777750473447618E-002  1.894602300863855E-007
  1.778290857123198E-002  3.821443297208304E-007
  1.779243482427964E-002  4.283320635418394E-007
  1.780190735263570E-002  3.107601521045265E-007
  1.780723585715136E-002  8.288049531582529E-008
  1.780617502789393E-002 -1.552670515704398E-007
  1.779926333831056E-002 -3.008612978068943E-007
  1.778954967055122E-002 -2.926316192988524E-007
  1.778124352181867E-002 -1.366229016656388E-007
  1.777788581123475E-002  9.742001812525094E-008
  1.778083473759557E-002  3.070524615514425E-007
  1.778871369046036E-002  4.017594659061159E-007
  1.779804449547253E-002  3.417966667779754E-007
  1.780477577064998E-002  1.546041919565792E-007
  1.780603523627600E-002 -7.794432276698648E-008
  1.780134843539399E-002 -2.555417759422239E-007
  1.779280727334884E-002 -3.028612196180826E-007
  1.778413148628509E-002 -2.015908188101943E-007
  1.777904348165828E-002  2.526914967974905E-009
  1.777966625059128E-002  2.203099588237456E-007
  1.778563354018170E-002  3.581243500185207E-007
  1.779428464111084E-002  3.581957533527135E-007
  1.780184377612485E-002  2.228818240911938E-007
  1.780506179611080E-002  1.270473558396895E-008
  1.780260670482673E-002 -1.806114697297513E-007
  1.779560828095912E-002 -2.741159028426980E-007
  1.778713501560282E-002 -2.292154309032670E-007
  1.778084442523887E-002 -6.761746571229558E-008
  1.777939998604348E-002  1.389368147960415E-007
  1.778333953362872E-002  3.003358273652821E-007
  1.779087544523566E-002  3.472054716606746E-007
  1.779869871417031E-002  2.605123277243045E-007
  1.780342586994398E-002  7.905619692952371E-008
  1.780305639604859E-002 -1.180490947786550E-007
  1.779781320606636E-002 -2.459982207669777E-007
  1.779001362648327E-002 -2.508667427641958E-007
  1.778304086306745E-002 -1.323646328838423E-007
  1.777987203821379E-002  5.681710023184536E-008
  1.778180293947244E-002  2.344393134968633E-007
  1.778791541084193E-002  3.245063696678618E-007
  1.779550554519271E-002  2.898329160894801E-007
  1.780127405534583E-002  1.474229266946417E-007
  1.780275512315855E-002 -3.969635901054459E-008
  1.779936519690871E-002 -1.903152920974918E-007
  1.779262600805507E-002 -2.402783039464840E-007
  1.778547814401363E-002 -1.698387113168791E-007
  1.778099418764566E-002 -1.147656277810358E-008
  1.778105425254977E-002  1.648913917840043E-007
  1.778555453286270E-002  2.826027946047781E-007
  1.779248156361318E-002  2.913902322057205E-007
  1.779880731967811E-002  1.886656391659208E-007
  1.780180765695369E-002  1.995947785131274E-008
  1.780023031715279E-002 -1.413676277448344E-007
  1.779481202048864E-002 -2.261023530258495E-007
  1.778793178695592E-002 -1.989089011980971E-007
  1.778256257036935E-002 -7.304895759090813E-008
  1.778098288100753E-002  9.602253457088938E-008
  1.778380649127239E-002  2.351179629508099E-007
  1.778974309503706E-002  2.850413307984634E-007
  1.779618203311482E-002  2.258185500419019E-007
  1.780033557690139E-002  8.467601254970555E-008
  1.780044135905929E-002 -7.640545916434494E-008
  1.779650554712920E-002 -1.878972717019422E-007
  1.779027375270571E-002 -2.027592792170091E-007
  1.778445372072232E-002 -1.163361771364517E-007
  1.778153551931399E-002  3.229619768093926E-008
  1.778272303008563E-002  1.778342688613515E-007
  1.778743497042445E-002  2.572811761744266E-007
  1.779358171583637E-002  2.370621022933372E-007
  1.779848720590541E-002  1.270669322388723E-007
  1.780004951932070E-002 -2.423232758082356E-008
  1.779763703887311E-002 -1.512081227425406E-007
  1.779233843134350E-002 -1.995802620099855E-007
  1.778646847990131E-002 -1.496215776122209E-007
  1.778255355098255E-002 -2.415583706782159E-008
  1.778224110839868E-002  1.218704990715617E-007
  1.778560375234828E-002  2.254832111266788E-007
  1.779113144288354E-002  2.428716202372568E-007
  1.779640499434481E-002  1.679307323652841E-007
  1.779915081182827E-002  3.430587949444030E-008
  1.779821722897505E-002 -9.969185692453929E-008
  1.779405340448017E-002 -1.765504996246640E-007
  1.778849208349700E-002 -1.642876334337725E-007
  1.778394011045455E-002 -6.981488827542809E-008
  1.778233393430839E-002  6.464359255354096E-008
  1.778431316584528E-002  1.802811946878435E-007
  1.778896463830569E-002  2.272964094612494E-007
  1.779423861879073E-002  1.862192195902784E-007
  1.779784800519929E-002  7.585792377676271E-008
  1.779825628504872E-002 -5.535653582612998E-008
  1.779532770737144E-002 -1.506567690372707E-007
  1.779036486395566E-002 -1.695055129520955E-007
  1.778552663514952E-002 -1.048188430164399E-007
  1.778288625410786E-002  1.445967071065160E-008
  1.778354026518559E-002  1.363263040135319E-007
  1.778715112337898E-002  2.084163722648550E-007
  1.779211383581527E-002  2.005235812228249E-007
  1.779626561953748E-002  1.172525951105100E-007
  1.779782504398521E-002 -4.491749511793185E-009
  1.779615303209886E-002 -1.118708211048224E-007
  1.779201084520548E-002 -1.590835120548199E-007
  1.778721152026378E-002 -1.269582475118639E-007
  1.778382383029367E-002 -3.078568066179185E-008
  1.778327806018815E-002  8.680109277166147E-008
  1.778575993848043E-002  1.746084646203877E-007
  1.779014927971238E-002  1.950657613526935E-007
  1.779452162007805E-002  1.402091458110903E-007
  1.779698854173403E-002  3.467707454971934E-008
  1.779650995313930E-002 -7.537920119591908E-008
  1.779332913177722E-002 -1.424870686611181E-007
  1.778884890729542E-002 -1.383187536325138E-007
  1.778501060683536E-002 -6.561767065614217E-008
  1.778345047891024E-002  4.342326787982532E-008
  1.778479999069988E-002  1.414340790467259E-007
  1.778842900787447E-002  1.864620137076176E-007
  1.779273579087367E-002  1.599319609139519E-007
  1.779585084173967E-002  7.428374899691660E-008
  1.779644549691507E-002 -3.284591442819965E-008
  1.779429568817010E-002 -1.151920916562142E-007
  1.779036188267507E-002 -1.378902189430515E-007
  1.778635801384736E-002 -9.229433941806583E-008
  1.778400255833000E-002  7.129590475095946E-010
  1.778427883763852E-002  1.001694297710518E-007
  1.778702277373505E-002  1.629813461065250E-007
  1.779101064406437E-002  1.625171508190866E-007
  1.779450160668995E-002  9.983261102086377E-008
  1.779599470604955E-002  2.805163370141605E-009
  1.779487134012518E-002 -8.626972070507234E-008
  1.779164837430635E-002 -1.291087902029679E-007
  1.778773876463810E-002 -1.078741509417292E-007
  1.778483006124821E-002 -3.256424982118234E-008
  1.778415398326890E-002  6.368577601525509E-008
  1.778596306693573E-002  1.391935740245695E-007
  1.778943655258900E-002  1.617840200990940E-007
  1.779304961882126E-002  1.224877680346845E-007
  1.779524013832713E-002  3.905380240256287E-008
  1.779508154904987E-002 -5.208382903600667E-008
  1.779267214750147E-002 -1.117560357982013E-007
  1.778907748302657E-002 -1.149437630136892E-007
  1.778585731266407E-002 -6.131857235684531E-008
  1.778438691199717E-002  2.500133019338367E-008
  1.778526791726608E-002  1.062117544697237E-007
  1.778808093670720E-002  1.473098252949397E-007
  1.779158130854247E-002  1.311249813643117E-007
  1.779424713947091E-002  6.544523352052023E-008
  1.779493849013256E-002 -2.071070941334088E-008
  1.779338233226429E-002 -8.990854588462081E-008
  1.779027714674558E-002 -1.125484126426993E-007
  1.778697781388380E-002 -7.950298497388282E-008
  1.778490267820644E-002 -5.756212977204637E-009
  1.778492213194839E-002  7.639107783650244E-008
  1.778699214931476E-002  1.314704729884360E-007
  1.779018684860535E-002  1.361518517267770E-007
  1.779311011965742E-002  8.910167607179704E-008
  1.779450350138567E-002  1.123203084192751E-008
  1.779378575377440E-002 -6.362394866296498E-008
  1.779129291220290E-002 -1.034551942163688E-007
  1.778811997221370E-002 -9.180951943427690E-008
  1.778563828514814E-002 -3.462844254743508E-008
  1.778490121411922E-002  4.265708822735683E-008
  1.778619552224355E-002  1.063733033178986E-007
  1.778892940131270E-002  1.292264065080782E-007
  1.779190031094385E-002  1.019568243435058E-007
  1.779382168308440E-002  3.705301246311631E-008
  1.779387793430486E-002 -3.695479568364867E-008
  1.779206848322934E-002 -8.802353763881534E-008
  1.778919585238002E-002 -9.445345762272454E-008
  1.778650828250182E-002 -5.408642521916759E-008
  1.778515583136486E-002  1.504462008773754E-008
  1.778569683586485E-002  8.276853276876528E-008
  1.778786640797389E-002  1.199364817037175E-007
  1.779070269905832E-002  1.109503059472517E-007
  1.779297125532573E-002  6.027606691478785E-008
  1.779370037790920E-002 -9.771296156441210E-009
  1.779259541399169E-002 -6.888934683771459E-008
  1.779015547389616E-002 -9.193833810775076E-008
  1.778744677694555E-002 -6.967265175997114E-008
  1.778563529875940E-002 -1.247212972349325E-008
  1.778548345797381E-002  5.442700539090700E-008
  1.778702800411310E-002  1.020212463601407E-007
  1.778957504015126E-002  1.100812715644358E-007
  1.779200959059163E-002  7.572608151208543E-008
  1.779328178355327E-002  1.439892626700867E-008
  1.779285775756693E-002 -4.706100238206029E-008
  1.779094174669565E-002 -8.215025065133506E-008
  1.778837716987315E-002 -7.611395372906273E-008
  1.778627408289361E-002 -3.213121873624525E-008
  1.778552742003430E-002  3.031238201275373E-008
  1.778643500521102E-002  8.404914912606358E-008
  1.778857825551003E-002  1.060347396782761E-007
  1.779101300714526E-002  8.720643177061526E-008
  1.779268370914929E-002  3.617994865440886E-008
  1.779287938557702E-002 -2.471502091644891E-008
  1.779153449735078E-002 -6.924096343900363E-008
  1.778924752559464E-002 -7.859375777790176E-008
  1.778701348746375E-002 -4.937595679105991E-008
  1.778578977541553E-002  5.178283453393333E-009
  1.778608466787719E-002  6.115234105666759E-008
  1.778774527744110E-002  9.440227506726987E-008
  1.779003322820717E-002  9.095068524469347E-008
  1.779195119807341E-002  5.284685974241525E-008
  1.779267603897890E-002 -2.960848281978676E-009
  1.779191046884882E-002 -5.215004700161026E-008
  1.779000318010315E-002 -7.361153999264264E-008
  1.778778912338379E-002 -5.849527547636551E-008
  1.778622288230810E-002 -1.384361355340286E-008
  1.778596602224066E-002  4.067193508476440E-008
  1.778710670691609E-002  8.140365843278832E-008
  1.778913028971838E-002  9.096584309670158E-008
  1.779114979612726E-002  6.562787716533068E-008
  1.779229322292299E-002  1.672218915403305E-008
  1.779207862217739E-002 -3.445044824940044E-008
  1.779061571570344E-002 -6.592942091413434E-008
  1.778854985145730E-002 -6.454830839914409E-008
  1.778677626489780E-002 -3.146414704191359E-008
  1.778605105210401E-002  1.855862130972681E-008
  1.778666783158052E-002  6.370770550104102E-008
  1.778833827911773E-002  8.461545417117759E-008
  1.779032491204044E-002  7.265508663557355E-008
  1.779176520930166E-002  3.348821856917383E-008
  1.779204471125044E-002 -1.559169737050207E-008
  1.779105778528571E-002 -5.328328641745585E-008
  1.778924549853751E-002 -6.351222047858619E-008
  1.778739762151574E-002 -4.227763959801636E-008
  1.778630749911125E-002  8.017483968252181E-010
  1.778643052854418E-002  4.682874865128710E-008
  1.778769318364773E-002  7.589991928470533E-008
  1.778953253815078E-002  7.568985031819485E-008
  1.779114584088492E-002  4.664775868126193E-008
  1.779183959364744E-002  1.619694773098701E-009
  1.779132640445716E-002 -3.985865100136023E-008
  1.778984262870647E-002 -6.006347590176842E-008
  1.778803883724932E-002 -5.067873652605834E-008
  1.778669364107976E-002 -1.623121738410888E-008
  1.778637667616355E-002  2.805119082429562E-008
  1.778720655738555E-002  6.295285889923885E-008
  1.778880656130487E-002  7.359789464945842E-008
  1.779047416226531E-002  5.578382431644829E-008
  1.779148826329323E-002  1.762571743823236E-008
  1.779141983516776E-002 -2.412627584677955E-008
  1.779031221312182E-002 -5.143087802621596E-008
  1.778865539522096E-002 -5.274498123439812E-008
  1.778716847714718E-002 -2.789853928167516E-008
  1.778648672607953E-002  1.200004583828176E-008
  1.778688940092826E-002  4.951338797825608E-008
  1.778818485915318E-002  6.847670903530725E-008
  1.778980005586983E-002  6.093997702003499E-008
  1.779103286735599E-002  3.047203461433562E-008
  1.779135621065318E-002 -9.541739382840792E-009
  1.779064229314869E-002 -4.180154495444269E-008
  1.778921166535762E-002 -5.259277248050299E-008
  1.778768857644535E-002 -3.763197180345842E-008
  1.778672777540020E-002 -3.768092379347217E-009
  1.778673225926677E-002  3.413124474656491E-008
  1.778768358418990E-002  5.969653230874459E-008
  1.778915609427083E-002  6.212088795319270E-008
  1.779050620076091E-002  4.072397015739793E-008
  1.779115263461467E-002  5.088816271776336E-009
  1.779082569443090E-002 -2.922067573534842E-008
  1.778967867559172E-002 -4.745193511817719E-008
  1.778821557707382E-002 -4.200428810042183E-008
  1.778706894163883E-002 -1.559530328032525E-008
  1.778672568326479E-002  2.006271773274060E-008
  1.778731968284073E-002  4.943947501277212E-008
  1.778857942451663E-002  5.993086875885342E-008
  1.778995089871017E-002  4.724418732359849E-008
  1.779084026074142E-002  1.712626191543180E-008
  1.779087001849301E-002 -1.725522108963083E-008
  1.779003828337371E-002 -4.108586737024386E-008
  1.778871398767761E-002 -4.430237153414647E-008
  1.778747257222719E-002 -2.585136072772562E-008
  1.778684524284312E-002  5.991674874712546E-009
  1.778709100425292E-002  3.732190002846209E-008
  1.778808924810793E-002  5.467108954832817E-008
  1.778939732711527E-002  5.079427202268248E-008
  1.779044587456519E-002  2.769108789808541E-008
  1.779078574912628E-002 -4.396806612986411E-009
  1.779027954970025E-002 -3.152028055074431E-008
  1.778915609899922E-002 -4.208445263848911E-008
  1.778790649012837E-002 -3.180554559618080E-008
  1.778706880139417E-002 -5.445753862465219E-009
  1.778699579954739E-002  2.537250736406135E-008
  1.778770586685570E-002  4.727358463083202E-008
  1.778888007276805E-002  5.091487709486339E-008
  1.779000447146600E-002  3.495147323676470E-008
  1.779059421451638E-002  6.499463298850905E-009
  1.779040179980685E-002 -2.204971033843036E-008
  1.778952006213450E-002 -3.843872118124428E-008
  1.778833714716054E-002 -3.581651512768659E-008
  1.778736505465228E-002 -1.560620148620743E-008
  1.778701743106482E-002  1.322981635220746E-008
  1.778743300619430E-002  3.815760189874051E-008
  1.778841998598156E-002  4.851666592461846E-008
  1.778954353086414E-002  4.007696682036889E-008
  1.779031653497152E-002  1.676023619690189E-008
  1.779041005407589E-002 -1.117254312452705E-008
  1.778979252101407E-002 -3.163434376033467E-008
  1.778873889244900E-002 -3.594295772577046E-008
  1.778770773045437E-002 -2.250730135987481E-008
  1.778714109333111E-002  2.594403989929160E-009
  1.778727451476362E-002  2.834694868205636E-008
  1.778803870670583E-002  4.361534477219547E-008
  1.778909392573444E-002  4.194217594316661E-008
  1.778998023324876E-002  2.426022574103625E-008
  1.779031724880498E-002 -1.616415490739674E-009
  1.778996668393402E-002 -2.445601810364994E-008
  1.778908825610674E-002 -3.449306318018408E-008
  1.778806650676580E-002 -2.760920983821563E-008
  1.778734194566235E-002 -7.022375239815700E-009
  1.778722062353637E-002  1.820600584130384E-008
  1.778774441472933E-002  3.715582912245264E-008
  1.778867693476653E-002  4.177331831905575E-008
  1.778960942952549E-002  3.029181939249226E-008
  1.779013927210170E-002  7.895858282732972E-009
  1.779004315946453E-002 -1.561594341248033E-008
  1.778937054415639E-002 -3.011823048995708E-008
  1.778841827783535E-002 -2.952205445201930E-008
  1.778759915209316E-002 -1.433474157959447E-008
  1.778726249960637E-002  8.658298192674205E-009
  1.778754478455858E-002  2.940976129314923E-008
  1.778831404156766E-002  3.898596781790423E-008
  1.778923067728609E-002  3.339790064333107E-008
  1.778989673018324E-002  1.524669298571472E-008
  1.779002802739497E-002 -7.492337047142722E-009
  1.778957480013370E-002 -2.498128688725185E-008
  1.778873961268337E-002 -2.978139055676770E-008
  1.778788641913224E-002 -2.001943985084408E-008
  1.778738151313038E-002 -1.123238375253757E-010
  1.778743584151989E-002  2.122591174902953E-008
  1.778801652981443E-002  3.479643156090295E-008
  1.778886466694627E-002  3.487969510028438E-008
  1.778961011017273E-002  2.164312422405428E-008
  1.778993245127540E-002  9.795484332462687E-010
  1.778969817581692E-002 -1.811553269164838E-008
  1.778901533725488E-002 -2.746222242163282E-008
  1.778818344455660E-002 -2.320426003543047E-008
  1.778756169483111E-002 -7.403136112066276E-009
  1.778741348194821E-002  1.293912862562982E-008
  1.778779445896954E-002  2.896938518573992E-008
  1.778853168314451E-002  3.382350747550162E-008
  1.778930146117694E-002  2.555303415539018E-008
  1.778977091792813E-002  7.892061754689591E-009
  1.778974140650404E-002 -1.143365425032581E-008
  1.778923200788554E-002 -2.409107905737792E-008
  1.778846807469965E-002 -2.473588541304195E-008
  1.778778116557203E-002 -1.326911287090028E-008
  1.778746475960962E-002  5.196932312204516E-009
  1.778764851103106E-002  2.261489001746879E-008
  1.778824488845876E-002  3.150777431275947E-008
  1.778899008604865E-002  2.817677358608650E-008
  1.778956019256396E-002  1.423542741185748E-008
  1.778971149696481E-002 -4.165009990944440E-009
  1.778938418309148E-002 -1.905108334927840E-008
  1.778872532935194E-002 -2.408579442412424E-008
  1.778802251800722E-002 -1.727075823944856E-008
  1.778757796207840E-002 -1.740243433548467E-009
  1.778757821314592E-002  1.566603354595481E-008
  1.778801559406141E-002  2.740376014646859E-008
  1.778869440071182E-002  2.848327469918385E-008
  1.778931793931170E-002  1.858037566158815E-008
  1.778961773248296E-002  2.107169957226311E-009
  1.778946865440222E-002 -1.375720711267087E-008
  1.778894065010649E-002 -2.219802213532793E-008
  1.778826572423346E-002 -1.969337748140189E-008
  1.778773567059620E-002 -7.482167115845805E-009
  1.778757559264981E-002  9.038631643308415E-009
  1.778784801285075E-002  2.269722887138771E-008
  1.778842838631868E-002  2.765872959449043E-008
  1.778906149308928E-002  2.191530655554959E-008
  1.778947323172823E-002  8.092472134835875E-009
  1.778948887219969E-002 -7.750371043100170E-009
  1.778910677567855E-002 -1.877891657279478E-008
  1.778849651652923E-002 -2.033631386250630E-008
  1.778792334234962E-002 -1.191391663639961E-008
  1.778763258329007E-002  2.693017537613607E-009
  1.778774435845505E-002  1.708445659484642E-008
  1.778820374439798E-002  2.505040856060638E-008
  1.778880702609907E-002  2.324202592278897E-008
  1.778929159717337E-002  1.257106525865687E-008
  1.778944986664914E-002 -2.245748862335111E-009
  1.778921778832675E-002 -1.477371353844740E-008
  1.778870028767183E-002 -1.965588958147343E-008
  1.778812358324765E-002 -1.490365165704061E-008
  1.778773601367354E-002 -2.703598569761095E-009
  1.778770082223552E-002  1.158449798287078E-008
  1.778802716482923E-002  2.178060394723091E-008
  1.778856846565989E-002  2.355549861937601E-008
  1.778908782426021E-002  1.626575455716583E-008
  1.778936132282763E-002  3.175389546449995E-009
  1.778927420524145E-002 -1.000712132648513E-008
  1.778886863864693E-002 -1.762170169034572E-008
  1.778832322314900E-002 -1.649118167342042E-008
  1.778787408663940E-002 -7.250621240390214E-009
  1.778771239689484E-002  5.984077260974528E-009
  1.778790275362425E-002  1.744072765972465E-008
  1.778835727323973E-002  2.220089295454611E-008
  1.778887568964701E-002  1.830473600283237E-008
  1.778923322692269E-002  7.550724150105305E-009
  1.778927771066809E-002 -5.334572430054522E-009
  1.778899398311498E-002 -1.477494304708150E-008
  1.778850838497983E-002 -1.675800670533515E-008
  1.778803226868605E-002 -1.053983222977592E-008
  1.778776976411106E-002  1.082516092119837E-009
  1.778783002776718E-002  1.302658719482560E-008
  1.778818167677454E-002  2.014522524198109E-008
  1.778866839039895E-002  1.944224952472658E-008
  1.778907805224028E-002  1.132964260897558E-008
  1.778923487590462E-002 -6.005280124910977E-010
  1.778907452053339E-002 -1.116915538744405E-008
  1.778867012014290E-002 -1.586215631732239E-008
  1.778819875581561E-002 -1.276252091987485E-008
  1.778786368939515E-002 -3.335673537043611E-009
  1.778780648917338E-002  8.252656395049141E-009
  1.778804701952885E-002  1.697046617028494E-008
  1.778847670745873E-002  1.909877074083480E-008
  1.778890718944658E-002  1.381296810132298E-008
  1.778915257490582E-002  3.494544940632231E-009
  1.778910941834784E-002 -7.342090556835645E-009
  1.778880001409254E-002 -1.402505449349852E-008
  1.778836092622138E-002 -1.373894054700035E-008
  1.778798250712308E-002 -6.709796504575539E-009
  1.778782616686030E-002  3.936638840084941E-009
  1.778795533264753E-002  1.356274233128471E-008
  1.778830960958472E-002  1.803704711189002E-008
  1.778873261983060E-002  1.550461029408132E-008
  1.778904073786389E-002  7.151458029760815E-009
  1.778910252833295E-002 -3.350918906765315E-009
  1.778889453681827E-002 -1.146228789210238E-008
  1.778850977379113E-002 -1.374002042849425E-008
  1.778811594577739E-002 -9.303618633518991E-009
  1.778788216052160E-002 -1.746689860750204E-010
  1.778790612248608E-002  9.637228220885873E-009
  1.778817314648662E-002  1.589035495722410E-008
  1.778856415546170E-002  1.594024554507858E-008
  1.778890848949005E-002  9.854044203897036E-009
  1.778905812854263E-002  3.408972217209653E-010
  1.778895106387177E-002 -8.453967429314022E-009
  1.778863670457637E-002 -1.275543343879392E-008
  1.778825295039772E-002 -1.077853971292635E-008
  1.778796551943472E-002 -3.467790309919875E-009
  1.778789620717642E-002  5.949422761356447E-009
  1.778807111946649E-002  1.338546541654901E-008
  1.778841086230029E-002  1.566436316853690E-008
  1.778876628524283E-002  1.187514521136051E-008
  1.778898371524468E-002  3.730386286979104E-009
  1.778897116442999E-002 -5.209568764755794E-009
  1.778873700145334E-002 -1.109594361228730E-008
  1.778838485288204E-002 -1.145167831995585E-008
  1.778806758178819E-002 -6.216433387619116E-009
  1.778792076148632E-002  2.264069296483521E-009
  1.778800458316279E-002  1.028397027261238E-008
  1.778827907459843E-002  1.439280604398484E-008
  1.778862279902225E-002  1.287680461714672E-008
  1.778888633754527E-002  6.470394608223793E-009
  1.778895701739747E-002 -1.996799013408587E-009
  1.778880685900667E-002 -8.849613541574861E-009
  1.778850335559274E-002 -1.116236796024033E-008
  1.778817899996776E-002 -8.007519418672191E-009
  1.778797328948686E-002 -8.256249427474430E-010
  1.778797258083111E-002  7.229582932768362E-009
  1.778817371341348E-002  1.267388766822061E-008
  1.778848670363452E-002  1.319710446215877E-008
  1.778877476784542E-002  8.640055701282369E-009
  1.778891389148923E-002  1.031355911737513E-009
  1.778884601433309E-002 -6.317850765180612E-009
  1.778860303600259E-002 -1.025758516927318E-008
  1.778829174493825E-002 -9.151828194019553E-009
  1.778804674008604E-002 -3.559592259644979E-009
  1.778797208517376E-002  4.038790857688990E-009
  1.778809697563542E-002  1.033807896998876E-008
  1.778836429016742E-002  1.264303768655255E-008
  1.778865646385378E-002  1.001922780142725E-008
  1.778884699035855E-002  3.668619235299334E-009
  1.778885500426388E-002 -3.620033492442919E-009
  1.778867940522110E-002 -8.695643157729058E-009
  1.778839814187896E-002 -9.406938208431485E-009
  1.778813348336592E-002 -5.513922257321128E-009
  1.778799873281978E-002  1.236981440023897E-009
  1.778804959439868E-002  7.894010576666467E-009
  1.778826105621316E-002  1.158844357687177E-008
  1.778853935840381E-002  1.076819327177200E-008
  1.778876337215848E-002  5.846471433856087E-009
  1.778883714152991E-002 -1.004975503945921E-009
  1.778873080752125E-002 -6.816359689626393E-009
  1.778849247388746E-002 -9.109490865768441E-009
  1.778822634089896E-002 -6.956644534258730E-009
  1.778804702132339E-002 -1.356410150744586E-009
  1.778803005623696E-002  5.225024519862092E-009
  1.778817998535147E-002  9.937254951705432E-009
  1.778842945258743E-002  1.077810020694240E-008
  1.778866926896272E-002  7.442450378979444E-009
  1.778879603195068E-002  1.427927641397762E-009
  1.778875654398292E-002 -4.636989408808555E-009
  1.778856995999938E-002 -8.141556434632448E-009
  1.778831846382457E-002 -7.616553792002086E-009
  1.778811095563447E-002 -3.349920190660707E-009
  1.778803578204078E-002  2.763196453719742E-009
  1.778812301734294E-002  8.060035041406729E-009
  1.778833238782491E-002  1.026781859552672E-008
  1.778857165417621E-002  8.476364561537097E-009
  1.778873708605631E-002  3.509824705139158E-009
  1.778875827905203E-002 -2.453521712630634E-009
  1.778862795997088E-002 -6.838611607392562E-009
  1.778840417605680E-002 -7.787475152727561E-009
  1.778818433767257E-002 -4.947937851029660E-009
  1.778806270621256E-002  3.974308769765870E-010
  1.778808987134329E-002  5.907765536403056E-009
  1.778825162891532E-002  9.207121885773986E-009
  1.778847606115866E-002  8.907418301167055E-009
  1.778866535120876E-002  5.190854280413562E-009
  1.778873827003723E-002 -2.922634606268103E-010
  1.778866489015664E-002 -5.156061357607682E-009
  1.778847870117633E-002 -7.317276781933926E-009
  1.778826124967642E-002 -5.887643860187500E-009
  1.778810632421300E-002 -1.538547648759198E-009
  1.778807940539981E-002  3.811148802226375E-009
  1.778818990451310E-002  7.839654989255558E-009
  1.778838794853565E-002  8.827735696205231E-009
  1.778858672936541E-002  6.389941668773694E-009
  1.778870041684901E-002  1.620923091682227E-009
  1.778868108570706E-002 -3.397462364729515E-009
  1.778853877762018E-002 -6.506611127517856E-009
  1.778833631517928E-002 -6.401147849744096E-009
  1.778816147625446E-002 -3.177885148681397E-009
  1.778808884255034E-002  1.726806294157806E-009
  1.778814789673488E-002  6.175136881846190E-009
  1.778831100596694E-002  8.258316322067068E-009
  1.778850616713550E-002  7.114458143005216E-009
  1.778864865894193E-002  3.283649010702952E-009
  1.778867769574080E-002 -1.545704031040954E-009
  1.778858223266649E-002 -5.280963455423364E-009
  1.778840497727125E-002 -6.332185068346281E-009
  1.778822320609353E-002 -4.289080686897171E-009
  1.778811498869367E-002 -8.006736306293653E-011
  1.778812557406942E-002  4.447332723712522E-009
  1.778824840443993E-002  7.335508682077667E-009
  1.778842871001775E-002  7.361166508938546E-009
  1.778858780086165E-002  4.551136524951872E-009
  1.778865729191159E-002  1.524478454615445E-010
  1.778860838254412E-002 -3.922343518652413E-009
  1.778846366239185E-002 -5.928044616506987E-009
  1.778828662271820E-002 -5.035330157239450E-009
  1.778815372009448E-002 -1.673976576868681E-009
  1.778812127637150E-002  2.670855093870834E-009
  1.778820153822526E-002  6.113456882669245E-009
  1.778835806366728E-002  7.184976746319851E-009
  1.778852213293476E-002  5.459173396077915E-009
  1.778862280694013E-002  1.720082413937540E-009
  1.778861749254433E-002 -2.393710178225028E-009
  1.778850985175673E-002 -5.107249791036515E-009
  1.778834753547037E-002 -5.275317169536975E-009
  1.778820101804572E-002 -2.865993362055354E-009
  1.778813292426180E-002  1.042232819957315E-009
  1.778817119220602E-002  4.741310479977770E-009
  1.778829756568503E-002  6.638327304922121E-009
  1.778845614047106E-002  5.939589171387289E-009
  1.778857798702008E-002  2.980528348912065E-009
  1.778861101224763E-002 -9.352974011279617E-010
  1.778854212964570E-002 -4.111523405135403E-009
  1.778840231034802E-002 -5.194837170579450E-009
  1.778825259640534E-002 -3.752281343632004E-009
  1.778815738004706E-002 -4.438970953040799E-010
  1.778815663944876E-002  3.277567762340657E-009
  1.778824909631776E-002  5.803599153624802E-009
  1.778839338141260E-002  6.064363287244158E-009
  1.778852643779936E-002  3.980933062553288E-009
  1.778859098398853E-002  4.842911113710586E-010
  1.778856008166936E-002 -2.900586790257839E-009
  1.778844827724023E-002 -4.720052590850436E-009
  1.778830472204856E-002 -4.216424387041907E-009
  1.778819150118344E-002 -1.643698898908322E-009
  1.778815671876819E-002  1.856935093605464E-009
  1.778821400212509E-002  4.761627978611789E-009
  1.778833715056372E-002  5.825609888143976E-009
  1.778847200613252E-002  4.614961309956313E-009
  1.778856018031278E-002  1.681455099174294E-009
  1.778856424782042E-002 -1.689480285558017E-009
  1.778848354214824E-002 -4.042850038380789E-009
  1.778835389453493E-002 -4.382807278751463E-009
  1.778823166811941E-002 -2.594433121922800E-009
  1.778816919317958E-002  5.198693397641389E-010
  1.778819230438414E-002  3.599293383411444E-009
