   1.00000001850141       0.000000000000000E+000
  0.838561766768691      -2.019944396129376E-003
  0.434645587641747      -1.195565678231599E-002
 -1.996355373970896E-002 -2.652065778382541E-002
 -0.318382698197597      -3.350170748168439E-002
 -0.335612032514376      -2.374412429024009E-002
 -7.998878793399268E-002 -1.308140390667052E-003
  0.319945289364789       1.820412424131495E-002
  0.679788455682039       2.026130078124169E-002
  0.841436080217358       3.962915166978723E-003
  0.738003559021357      -1.660428031642098E-002
  0.418265461152349      -2.357733898579718E-002
  2.409618368835876E-002 -9.590656088033982E-003
 -0.269584554339233       1.678168882596795E-002
 -0.329858883305656       3.843758690128167E-002
 -0.125865928351410       4.314606956448941E-002
  0.253627247257877       3.165929573284252E-002
  0.637039839255498       1.467974000467914E-002
  0.848069964027529       2.695718955984546E-003
  0.789395278101306      -1.828480512289465E-003
  0.490188177476165      -3.697784768392556E-003
  9.216593858250223E-002 -7.817895512545133E-003
 -0.219510498448893      -1.332790861015059E-002
 -0.305248705639944      -1.472309048189653E-002
 -0.135158915050307      -8.443930380334834E-003
  0.201804200158772       1.992294580642053E-003
  0.544534582321912       7.835516536951158E-003
  0.736299644146535       2.716341047965890E-003
  0.694066586867168      -1.085150513786885E-002
  0.441114609312387      -2.230297684923534E-002
  9.242384701943875E-002 -2.100793675690339E-002
 -0.197590409607436      -4.870215356666935E-003
 -0.301922020523301       1.765437049120626E-002
 -0.175280813032423       3.375638109919013E-002
  0.126056130560241       3.550747463607970E-002
  0.467889465361998       2.474793437971270E-002
  0.696853501067702       1.028151773665044E-002
  0.709781061048615       5.034275139005682E-004
  0.502093936688131      -2.142954974803168E-003
  0.171131362434300      -8.837100945419986E-004
 -0.129017206070995       3.623200748824084E-005
 -0.260369696380625      -5.650168376535570E-004
 -0.166108750386398      -8.936368796899306E-004
  0.104065312091984       4.193149742481306E-004
  0.419893569592577       1.658454792830133E-003
  0.633621349842643      -8.135403985999679E-004
  0.648567794011875      -8.506770867545232E-003
  0.461029819297726      -1.791981086190344E-002
  0.158200926408115      -2.208445067240863E-002
 -0.123978724726549      -1.579964950562256E-002
 -0.262104721484179      -2.740661241530350E-004
 -0.198579396932924       1.691457654113477E-002
  3.497792076036381E-002  2.681665831617611E-002
  0.332886762381362       2.521864199570980E-002
  0.562193561734407       1.514438356912719E-002
  0.621351350971718       4.063500206559538E-003
  0.485610688332973      -1.645130750914143E-003
  0.218625760949044      -5.649007096741498E-004
 -5.609393935989592E-002  4.111264911343821E-003
 -0.211923136760154       8.044673020396931E-003
 -0.178043677178767       8.972396843108512E-003
  2.754331808111067E-002  7.229562261837697E-003
  0.307041033627980       3.960798062001740E-003
  0.529543792694233      -5.691728721020459E-004
  0.592555356847165      -6.706193661406130E-003
  0.468737579735475      -1.366488108677082E-002
  0.216399699645556      -1.853046018045297E-002
 -4.960741460864795E-002 -1.762215182648344E-002
 -0.211387273285006      -9.479593266555396E-003
 -0.200618453034508       3.115014324142748E-003
 -2.714931790792170E-002  1.418498458943557E-002
  0.227655108546103       1.828713101394314E-002
  0.448441600847454       1.418946380483665E-002
  0.537228512913936       5.654773858017112E-003
  0.456365378909093      -1.270855153428529E-003
  0.244691660852030      -2.361856794307365E-003
 -1.957571544731532E-004  2.324097268295267E-003
 -0.166081501661843       9.161094306738690E-003
 -0.177233591066430       1.385337650869614E-002
 -2.921218607020713E-002  1.408688197089648E-002
  0.209042153272667       1.017686731582151E-002
  0.427251943885254       3.883137478277965E-003
  0.525109255810676      -3.054245320734541E-003
  0.458582311199128      -9.362567626403476E-003
  0.259403349796336      -1.376071933325792E-002
  1.904375450082018E-002 -1.469247754774839E-002
 -0.154443632817874      -1.108317701972302E-002
 -0.185888500287647      -3.645902670607901E-003
 -6.592744506279062E-002  4.645856109987725E-003
  0.146794166716033       9.840838033492059E-003
  0.353819733998832       9.461020928692419E-003
  0.461785823323890       4.333277840591497E-003
  0.423766380357746      -1.733092837297701E-003
  0.259173269971928      -4.368360755620526E-003
  4.406078689834457E-002 -1.480627597916398E-003
 -0.123500466311557       5.493460875154514E-003
 -0.167611292360521       1.270054630190775E-002
 -6.870219366205055E-002  1.637849279959105E-002
  0.127712829773187       1.493138893578490E-002
  0.331868770642602       9.332681920064706E-003
  0.450877305386870       2.013388428259021E-003
  0.431282630847497      -4.616673285174902E-003
  0.283271630130838      -8.983372103409141E-003
  7.529113041118629E-002 -1.035881371284459E-002
 -9.817561451576716E-002 -8.652416879314177E-003
 -0.160284845758189      -4.489707964913469E-003
 -8.647834326611581E-002  5.713694086696960E-004
  8.563085627498712E-002  4.289383287532078E-003
  0.274904798982886       4.760197601119678E-003
  0.394453178291744       1.709198825442420E-003
  0.390883986169090      -2.966915870788868E-003
  0.267470030381040      -6.073806778003436E-003
  8.147556687031357E-002 -5.033346759773513E-003
 -8.245567268528428E-002  4.151084624996335E-004
 -0.150588318745214       7.930687493653514E-003
 -9.299115034506282E-002  1.392775841849360E-002
  6.344086883106334E-002  1.564569514621880E-002
  0.247506680459903       1.257020547347004E-002
  0.376103730975651       6.410733727603953E-003
  0.391905659481097      -1.112980337712230E-004
  0.289190491553749      -4.707427004977933E-003
  0.115989655186350      -6.343720401719513E-003
 -4.839802087120840E-002 -5.239578563648688E-003
 -0.130032524286102      -2.423314566721013E-003
 -9.404193149328213E-002  7.093678388399280E-004
  4.012910268941842E-002  2.725837314582371E-003
  0.208645909071248       2.548094061648409E-003
  0.333287665475907      -2.343311500694633E-005
  0.357313310769875      -3.934916564605615E-003
  0.270723824331020      -7.102803398768425E-003
  0.113805889548326      -7.384674175932868E-003
 -4.201728692442112E-002 -3.850505857501500E-003
 -0.126852775768677       2.470652893849453E-003
 -0.103647680340665       8.965964195682031E-003
  1.572715728537903E-002  1.280362612675989E-002
  0.176478882674856       1.246185391852509E-002
  0.305997492963677       8.474954123094357E-003
  0.346669914621950       2.989005401975452E-003
  0.281650228746578      -1.498173577959983E-003
  0.142020333402201      -3.386766298219047E-003
 -7.824512774021420E-003 -2.539432025042667E-003
 -9.982563986201129E-002 -3.260547327850703E-005
 -9.331627501856710E-002  2.549282840788178E-003
  6.772125835549459E-003  3.813243977087919E-003
  0.152801414259313       3.005382800740099E-003
  0.276832306741433       2.101824489316101E-004
  0.321958370042029      -3.641299638016189E-003
  0.268047778227693      -6.997668494200819E-003
  0.140249545498934      -8.225467190661886E-003
 -3.216661378764129E-003 -6.366036226826760E-003
 -9.796361573880616E-002 -1.754319356829491E-003
 -0.102547129023253       3.938621259603462E-003
 -1.666325759552911E-002  8.411942206347752E-003
  0.119458809421592       9.881517959809421E-003
  0.243799512374563       8.013817439756063E-003
  0.300725772501919       4.074819028732892E-003
  0.265872871963928       2.003317056812422E-004
  0.156648497449450      -1.761286583065019E-003
  2.380676598601671E-002 -1.151974215589026E-003
 -7.194092171640974E-002  1.311740515577311E-003
 -8.758751585551057E-002  4.063634272266467E-003
 -1.717923301293359E-002  5.528922349618443E-003
  0.105898294982506       4.818598305301329E-003
  0.224598825647978       2.017749684292493E-003
  0.284511985920307      -1.929557845430719E-003
  0.258617340723559      -5.599124925039448E-003
  0.159191670696475      -7.590755238403492E-003
  3.163429352327585E-002 -7.046625269543755E-003
 -6.664911001402540E-002 -4.041563335993825E-003
 -9.241043346774520E-002  3.439299082674405E-004
 -3.580965556102109E-002  4.399778372977070E-003
  7.579121532704695E-002  6.531763878020166E-003
  0.190859580304550       6.039705458076186E-003
  0.257334323202603       3.492296452728994E-003
  0.246060275496640       4.431862403976778E-004
  0.163518064035498      -1.388639434606040E-003
  4.832521406743649E-002 -1.021619593818205E-003
 -4.667955201549015E-002  1.306904128844369E-003
 -7.852833074875511E-002  4.323724683156412E-003
 -3.346684735456646E-002  6.418604372905269E-003
  6.714301683378879E-002  6.445246224838577E-003
  0.176908787129986       4.217530642423513E-003
  0.245753213545684       5.193053552341475E-004
  0.242698828765578      -3.290042289820382E-003
  0.169694649814942      -5.844231995363140E-003
  6.028772445794005E-002 -6.282697568501527E-003
 -3.605034771673242E-002 -4.552962249325545E-003
 -7.658378728015595E-002 -1.424296743507565E-003
 -4.453243343385920E-002  1.802571449773877E-003
  4.381564602224546E-002  3.819874932300104E-003
  0.147088308535613       3.888014187333983E-003
  0.217996144161587       2.199387832769644E-003
  0.224803084893489      -1.850873881881376E-004
  0.165379265673186      -1.846462689116154E-003
  6.765447284399090E-002 -1.731736506420339E-003
 -2.348484160294498E-002  2.893887512572913E-004
 -6.673595896106113E-002  3.343323083872540E-003
 -4.300479453647347E-002  5.993219389638143E-003
  3.624316547232993E-002  6.956904849607092E-003
  0.134540823075521       5.718225116427448E-003
  0.207214407305989       2.733983906790328E-003
  0.221694155514078      -8.237288126893990E-004
  0.172099961295729      -3.616743997797192E-003
  8.154760239688721E-002 -4.703802418957560E-003
 -8.727426643859011E-003 -3.884975345397212E-003
 -5.831638306898903E-002 -1.724537764708445E-003
 -4.592607494604763E-002  7.203058790089723E-004
  2.129656441869213E-002  2.348401816529384E-003
  0.111497224663552       2.477112446757016E-003
  0.182985440990728       1.142182181632012E-003
  0.203300258573044      -9.023881500538988E-004
  0.163758538534577      -2.515446018808589E-003
  8.299082076079883E-002 -2.708633307194887E-003
 -1.928777773667038E-003 -1.147048047195730E-003
 -5.253403712530966E-002  1.648807665035247E-003
 -4.637293749568780E-002  4.523293974377347E-003
  1.307793516630066E-002  6.230697934311595E-003
  9.834048304863223E-002  6.029218951718923E-003
  0.170662989534242       4.021328504528688E-003
  0.197661657481671       1.078966625468479E-003
  0.167849123329374      -1.586902672259558E-003
  9.552398808185930E-002 -2.981331423949820E-003
  1.392924655813380E-002 -2.738619653278173E-003
 -4.007336078090024E-002 -1.225419501083357E-003
 -4.275267644233143E-002  6.764869528822031E-004
  5.941296212688280E-003  1.985039978008429E-003
  8.273059261696453E-002  2.047663022199091E-003
  0.151944996874360       8.170664880558164E-004
  0.181909711816749      -1.130493652139657E-003
  0.159257983154769      -2.843897571524287E-003
  9.471150011354665E-002 -3.419545184762908E-003
  1.785497683645690E-002 -2.423217098751686E-003
 -3.654034525036068E-002 -1.182198030287957E-004
 -4.431609355210092E-002  2.622667324901892E-003
 -2.678588005401914E-003  4.699484535039328E-003
  6.886286239583511E-002  5.288538846343806E-003
  0.137633777417338       4.221757735731448E-003
  0.172729636851366       2.052629756548847E-003
  0.158926085072314      -2.213836775938384E-004
  0.103304530283313      -1.635412328141735E-003
  3.170559154778713E-002 -1.694646806026080E-003
 -2.324647067278789E-002 -5.682014538004943E-004
 -3.701682265114132E-002  1.033037314430323E-003
 -4.156568619191415E-003  2.214353705930448E-003
  5.950937139465509E-002  2.313859355388005E-003
  0.124375002643519       1.194115234028860E-003
  0.160690876039663      -7.055586460778708E-004
  0.152068082449306      -2.565827829685818E-003
  0.102722072147126      -3.545213174937651E-003
  3.526629276708138E-002 -3.150122930948528E-003
 -1.979481051462257E-002 -1.461213890381361E-003
 -3.797982441118860E-002  8.866262992980596E-004
 -1.179868654218808E-002  2.972340816038972E-003
  4.613445085216751E-002  3.993651278996266E-003
  0.109118409102363       3.625644991011434E-003
  0.148643406746683       2.161562699724715E-003
  0.147286431391177       3.640439254206060E-004
  0.106394526053331      -9.031326203972235E-004
  4.517009227306756E-002 -1.083103461690299E-003
 -8.297912018575005E-003 -1.761875337513088E-004
 -2.988616794995428E-002  1.282374745701425E-003
 -1.030653299313729E-002  2.495133433368475E-003
  4.089704566146664E-002  2.785784265676410E-003
  9.993914680901798E-002  1.911339433110816E-003
  0.139773643500660       1.668885413666913E-004
  0.142399693624934      -1.751782839732614E-003
  0.106895300450519      -3.056530102382842E-003
  4.959698333838336E-002 -3.208288618582649E-003
 -3.540790789960937E-003 -2.146889559271693E-003
 -2.882575522519701E-002 -3.142010252134534E-004
 -1.550020966231052E-002  1.538736013264464E-003
  2.960690069468192E-002  2.679248059144762E-003
  8.545518499792622E-002  2.713359317919980E-003
  0.126536489101123       1.754890605281666E-003
  0.134476988495305       3.628753633576003E-004
  0.106224172020415      -7.273288429645536E-004
  5.517562833826047E-002 -9.544494648197246E-004
  4.852807668837209E-003 -1.965188191831167E-004
 -2.190529294681021E-002  1.175767859977763E-003
 -1.327679754232974E-002  2.480708950748420E-003
  2.634481070085713E-002  3.051390822932584E-003
  7.856535272178609E-002  2.548304329735233E-003
  0.119510574150906       1.113796157310278E-003
  0.130708381739051      -6.963767235647291E-004
  0.107373332076633      -2.164327148140440E-003
  6.037848465868656E-002 -2.725075105203961E-003
  1.111143196796989E-002 -2.205315746607936E-003
 -1.835230822614316E-002 -8.859402518666292E-004
 -1.523819412040021E-002  6.327416419316332E-004
  1.830247053062378E-002  1.700478433752846E-003
  6.641077931723556E-002  1.902976153382551E-003
  0.106921485305455       1.239483201564651E-003
  0.121497962026979       1.134687502477735E-004
  0.103870551771168      -8.605090607287786E-004
  6.248211406660056E-002 -1.147191983374579E-003
  1.643427089826445E-002 -5.447282115967337E-004
 -1.332598953556136E-002  7.168234782274543E-004
 -1.352006698234402E-002  2.080008722837435E-003
  1.555990656480767E-002  2.918518868744919E-003
  6.037391607215520E-002  2.827268967762977E-003
  0.100443853767290       1.807718056210520E-003
  0.117709868591401       2.642335801650252E-004
  0.104658161616882      -1.182014974948355E-003
  6.756173701376740E-002 -1.971211142680990E-003
  2.343854366270572E-002 -1.846675210547772E-003
 -7.805157035443449E-003 -9.541425661346887E-004
 -1.241930944363350E-002  2.395656123395994E-004
  1.106992333292435E-002  1.165986258865417E-003
  5.139170288002969E-002  1.412011615772573E-003
  8.983937074485723E-002  9.009704923262652E-004
  0.108863120931057      -8.029384570032471E-005
  0.100004198058861      -1.018535674331636E-003
  6.758851005920452E-002 -1.413452918313564E-003
  2.657418890056906E-002 -1.011458862322740E-003
 -4.381119742510772E-003  7.264123000326471E-005
 -1.142197947968316E-002  1.402845675403011E-003
  8.303835725768559E-003  2.417546930712609E-003
  4.551364691273910E-002  2.683698789324766E-003
  8.316165363175201E-002  2.091815731177924E-003
  0.104254533291871       9.019025703611014E-004
  9.952617410175013E-002 -3.790552119927231E-004
  7.150430453277956E-002 -1.228578493280192E-003
  3.318428723231673E-002 -1.340630719009637E-003
  1.990172566289844E-003 -7.525745699255783E-004
 -8.175048946600870E-003  1.866916228812891E-004
  6.835725520931519E-003  9.874617737054153E-004
  3.969027976540194E-002  1.247509559347487E-003
  7.507774262718070E-002  8.341879408838948E-004
  9.676956848337670E-002 -5.944903511037415E-005
  9.498927810609074E-002 -1.006625258543227E-003
  7.074860583114195E-002 -1.543535787388048E-003
  3.523258195755369E-002 -1.381914783333044E-003
  4.587533674554676E-003 -5.422488867977929E-004
 -7.458403924226873E-003  6.521686633744713E-004
  4.230309951493476E-003  1.717885242484854E-003
  3.400183558380724E-002  2.226291223238962E-003
  6.813291365460812E-002  1.993265483015817E-003
  9.115169521228625E-002  1.157033884014650E-003
  9.285332329413963E-002  1.093689181169607E-004
  7.282614561482612E-002 -6.867314062192612E-004
  4.048060002308335E-002 -9.075168441727405E-004
  1.063650449701085E-002 -5.100615718048755E-004
 -3.268083397830745E-003  2.582683523232514E-004
  4.761535418722271E-003  9.833272029587292E-004
  3.067643795596677E-002  1.280709051150374E-003
  6.237030522640993E-002  9.739590982852925E-004
  8.528475419899952E-002  1.742815661270647E-004
  8.904219657868390E-002 -7.718325137274131E-004
  7.208768307704438E-002 -1.440786797039366E-003
  4.226759194306014E-002 -1.523261084639649E-003
  1.314386042248960E-002 -9.629441334768668E-004
 -2.223698637148692E-003  1.859758693151386E-005
  2.825343182822742E-003  1.020976383498896E-003
  2.563867198636044E-002  1.642815616168521E-003
  5.559378168512013E-002  1.658175483342106E-003
  7.902323765426159E-002  1.112246284955224E-003
  8.543946403600550E-002  2.937379573527631E-004
  7.222385650915487E-002 -4.022866648932143E-004
  4.568367606182876E-002 -6.572850971186149E-004
  1.805514318086738E-002 -3.734482869486673E-004
  1.870740037985746E-003  2.863790011978442E-004
  4.279022022830001E-003  9.796746976623214E-004
  2.388750374630366E-002  1.346718329990617E-003
  5.151926469577424E-002  1.178494363357609E-003
  7.448252787271271E-002  5.131336874853140E-004
  8.236879102500543E-002 -3.816296920744397E-004
  7.173264211565641E-002 -1.129852540012230E-003
  4.755164384552953E-002 -1.415989567458266E-003
  2.085326682833269E-002 -1.124286542902762E-003
  3.639974613531061E-003 -3.872692674710451E-004
  3.449592347868664E-003  4.766902556618027E-004
  2.001784891898413E-002  1.107124005948016E-003
  4.552096554346086E-002  1.261231053675839E-003
  6.823333608767466E-002  9.180466341286508E-004
  7.789258331264104E-002  2.810528427208100E-004
  7.031829726440039E-002 -3.206306141339152E-004
  4.920658203534108E-002 -5.864498785030299E-004
  2.433243478692889E-002 -3.831238501385248E-004
  7.028790504572018E-003  1.954288264815715E-004
  5.029507745378433E-003  8.735818429863306E-004
  1.901927676405699E-002  1.322862795997534E-003
  4.242566978808574E-002  1.314067826926525E-003
  6.449877282931864E-002  8.226482324593106E-004
  7.523594718404500E-002  3.988679759153848E-005
  6.989608199773489E-002 -7.137785887693568E-004
  5.106701613841813E-002 -1.132392693170008E-003
  2.738719563388107E-002 -1.059302468181983E-003
  9.549944265607587E-003 -5.528245626265915E-004
  5.438990705590391E-003  1.451768563818822E-004
  1.660927312351192E-002  7.216820009916153E-004
  3.768479756818452E-002  9.339409333399686E-004
  5.890130046587198E-002  7.160621253857648E-004
  7.059475795681712E-002  2.036016758108629E-004
  6.757456699285115E-002 -3.335363455563347E-004
  5.140413545148909E-002 -6.182299708277840E-004
  2.958904474885288E-002 -4.948984499659987E-004
  1.208767329623164E-002 -1.290188911106398E-006
  6.764276564239737E-003  6.489305179689999E-004
  1.585812070118502E-002  1.164124663184718E-003
  3.505089191886782E-002  1.307774245983215E-003
  5.551511871336836E-002  1.005703300991734E-003
  6.797207866795811E-002  3.788638454994083E-004
  6.689338677503508E-002 -3.122906795209357E-004
  5.294360248867384E-002 -7.853402658001458E-004
  3.258549835648336E-002 -8.611582156638300E-004
  1.506937203002358E-002 -5.402529700380038E-004
  8.207907971787505E-003  3.152917895852567E-006
  1.486644657433343E-002  5.048145681939409E-004
  3.174569200052323E-002  7.325208468280044E-004
  5.097267330661905E-002  5.907209724221653E-004
  6.373707383329630E-002  1.609234873159527E-004
  6.429594165802191E-002 -3.391671129223193E-004
  5.252858447198562E-002 -6.579733528129737E-004
  3.390733137543130E-002 -6.266493190383119E-004
  1.693666550312396E-002 -2.369545539961292E-004
  9.258120986421491E-003  3.545372851330939E-004
  1.420382404540081E-002  8.971627208994760E-004
  2.935135615268229E-002  1.159128195622473E-003
  4.770348666701778E-002  1.031137500593789E-003
  6.091936860198534E-002  5.738480041216033E-004
  6.310454637324869E-002 -1.166138806083920E-005
  5.343708003516327E-002 -4.759868381540998E-004
  3.645974238249663E-002 -6.334142972054316E-004
  1.994172695724019E-002 -4.428415176333690E-004
  1.131419959087259E-002 -2.161169877762065E-005
  1.431395771463467E-002  4.126232568680708E-004
  2.735054331141809E-002  6.441811016899362E-004
  4.430940986661902E-002  5.585219889330000E-004
  5.739062982736086E-002  1.934238079399581E-004
  6.066751022742713E-002 -2.801721856349033E-004
  5.274355373795399E-002 -6.378185181783564E-004
  3.731877726953223E-002 -7.047677969685480E-004
  2.144055978847137E-002 -4.357289501449358E-004
  1.226549567578789E-002  6.459568096697216E-005
  1.382003228495973E-002  5.888104611490053E-004
  2.522563216623760E-002  9.198934118872599E-004
  4.116925625616772E-002  9.275657344447789E-004
  5.437221977223650E-002  6.244931904739459E-004
  5.891019321985892E-002  1.575162991613205E-004
  5.286963030097219E-002 -2.611820671106306E-004
  3.914924958087367E-002 -4.509127133074807E-004
  2.407251383476178E-002 -3.430159468868561E-004
  1.447238248900907E-002 -8.873405510302462E-006
  1.459064177770946E-002  3.763745187280424E-004
  2.419756758725903E-002  6.167530083126634E-004
  3.876419742538673E-002  5.864738958497661E-004
  5.157813070174648E-002  2.875049035727348E-004
  5.681597545908589E-002 -1.519581658407433E-004
  5.216753666746973E-002 -5.365409834112073E-004
  3.983085070992112E-002 -6.926868009609756E-004
  2.545219939420816E-002 -5.469440271048215E-004
  1.552160749311150E-002 -1.583600281225686E-004
  1.442553779976741E-002  3.089907605029324E-004
  2.249543468400985E-002  6.601573652925179E-004
  3.591986619620591E-002  7.561354397059821E-004
  4.853162687834942E-002  5.741372435607411E-004
  5.463270006265912E-002  2.146050328533691E-004
  5.156323462437849E-002 -1.473265228965506E-004
  4.085631741224118E-002 -3.430745335569867E-004
  2.747786968204109E-002 -2.872334659823007E-004
  1.752498226267077E-002 -1.488810290877284E-005
  1.544773600356726E-002  3.367249493378765E-004
  2.205889684487329E-002  5.930095240050687E-004
  3.422016183570743E-002  6.230656359029476E-004
  4.632157340958486E-002  3.998693613698538E-004
  5.285759610010202E-002  1.248145636826900E-005
  5.091764738882531E-002 -3.746216952050555E-004
  4.146539895944436E-002 -5.959562371030838E-004
  2.884617328831810E-002 -5.590722688208312E-004
  1.877194616853464E-002 -2.848347097862763E-004
  1.571853204220364E-002  1.036763350605975E-004
  2.092136220009909E-002  4.378219619638296E-004
  3.186744747758004E-002  5.793742780705862E-004
  4.349052581348648E-002  4.812935652007793E-004
  5.050263434581746E-002  2.062159460102821E-004
  4.978981924486258E-002 -1.049408725793959E-004
  4.178706791429744E-002 -2.992055940003492E-004
  3.022600447117894E-002 -2.820427647146802E-004
  2.039443428345195E-002 -6.004532997373768E-005
  1.671804700200736E-002  2.631750345176809E-004
  2.076894110199544E-002  5.354032375767385E-004
  3.059570383473130E-002  6.259548772719211E-004
  4.165823802680655E-002  4.853740726322339E-004
  4.892015272764132E-002  1.677074409498965E-004
  4.913455737245809E-002 -1.942820640542397E-004
  4.228616457302574E-002 -4.491274632388422E-004
  3.154998724956638E-002 -4.942886117440889E-004
  2.180771562026257E-002 -3.207800635804254E-004
  1.741477779086150E-002 -1.506678600079175E-005
  2.023959825882485E-002  2.818778093462051E-004
  2.885791549400565E-002  4.391273688442401E-004
  3.924900175474376E-002  3.944313626807831E-004
  4.665580331987269E-002  1.805660295260829E-004
  4.774952783168208E-002 -9.192067469049012E-005
  4.211454793735301E-002 -2.870091287028814E-004
  3.239204429195405E-002 -3.062793533186653E-004
  2.303781363677485E-002 -1.339679155113785E-004
  1.827744291212782E-002  1.562082855903015E-004
  2.019637685931869E-002  4.350816465670951E-004
  2.782713351867524E-002  5.769852213795146E-004
  3.763165867804882E-002  5.166017326996196E-004
  4.513953700199590E-002  2.779867563175763E-004
  4.698344841861612E-002 -3.701279290873440E-005
  4.240503107325035E-002 -2.951634577863630E-004
  3.355795674060311E-002 -3.916171413720847E-004
  2.448938308110478E-002 -2.958754684397048E-004
  1.928065832470327E-002 -6.345100449095582E-005
  2.020120840677185E-002  1.914206423570865E-004
  2.671058570583365E-002  3.489765998796199E-004
  3.574721234203271E-002  3.385021069865909E-004
  4.315350122115450E-002  1.695583019322470E-004
  4.557513796207626E-002 -7.388188713964027E-005
  4.196781932527532E-002 -2.731227121337491E-004
  3.403553958431554E-002 -3.297347173670880E-004
  2.541826494422431E-002 -2.106740546282739E-004
  2.001551683614637E-002  3.680608631878966E-005
  2.021753228049586E-002  3.068350908936410E-004
  2.584579809658762E-002  4.829349963167471E-004
  3.427163370730444E-002  4.903261271273300E-004
  4.164138005589974E-002  3.288460185851286E-004
  4.463716895261208E-002  7.188871812818573E-005
  4.196861218487665E-002 -1.676608262048498E-004
  3.492471676137190E-002 -2.886158982988373E-004
  2.675069636907048E-002 -2.464192822610431E-004
  2.114955732941171E-002 -7.163550419945466E-005
  2.059973374181268E-002  1.458860869589841E-004
  2.525273948395078E-002  2.993969981700289E-004
  3.290074445677958E-002  3.145096127563861E-004
  4.001242564504374E-002  1.828676897566041E-004
  4.335209384591648E-002 -3.480779819374580E-005
  4.144052841668078E-002 -2.372177746854399E-004
  3.519882050324447E-002 -3.291447645863710E-004
  2.749619200968422E-002 -2.648653877863034E-004
  2.182293184214603E-002 -6.868991082470053E-005
  2.070212233141436E-002  1.763699239370725E-004
  2.456273356980398E-002  3.662685204818537E-004
  3.157696839075213E-002  4.225734966462112E-004
  3.852084390627786E-002  3.269301878803856E-004
  4.225315438025155E-002  1.279926524825250E-004
  4.113434731277275E-002 -8.186537603219398E-005
  3.574436056776584E-002 -2.090522485870205E-004
  2.858540174385286E-002 -2.009522648000755E-004
  2.291967752083736E-002 -6.873838891225569E-005
  2.128117168139009E-002  1.191931404176536E-004
  2.433982872073369E-002  2.696965681845282E-004
  3.062672009820419E-002  3.081004851172570E-004
  3.723146412021165E-002  2.123842720931331E-004
  4.114155219772497E-002  2.291396219368069E-005
  4.060778673570060E-002 -1.763443260776034E-004
  3.591754427373341E-002 -2.962293033945272E-004
  2.923488142360410E-002 -2.827489713041228E-004
  2.359389093951500E-002 -1.411164107369061E-004
  2.151353566431846E-002  6.718013642851378E-005
  2.386636603214280E-002  2.525679932153767E-004
  2.950907539894654E-002  3.377545853762102E-004
  3.583045583419636E-002  2.918833008010157E-004
  3.995489205867710E-002  1.431874092726015E-004
  4.004693174517673E-002 -3.520049333724308E-005
  3.612518872405371E-002 -1.594132851468475E-004
  3.002485566565841E-002 -1.731973934386678E-004
  2.453881453519823E-002 -7.301025548012625E-005
  2.213852692473250E-002  9.129483463697264E-005
  2.385991245624400E-002  2.401261848272881E-004
  2.885586741344583E-002  3.010494701007331E-004
  3.480781203484117E-002  2.419783789735554E-004
  3.899703999938669E-002  8.564121399121212E-005
  3.954111422504610E-002 -1.009940866217610E-004
  3.623336317235181E-002 -2.372195693692358E-004
  3.061161789867281E-002 -2.649477369390510E-004
  2.523672138843935E-002 -1.744226349339534E-004
  2.251917112908856E-002 -7.831483157003907E-006
  2.363156911421706E-002  1.604734941851639E-004
  2.799757287682601E-002  2.578490950743705E-004
  3.357975923648552E-002  2.458197551432333E-004
  3.782397476549654E-002  1.364999132683932E-004
  3.882289539357246E-002 -1.415706917592662E-005
  3.616899899223416E-002 -1.328290049074481E-004
  3.111575558479922E-002 -1.626953767892964E-004
  2.598465715074441E-002 -8.923403665891903E-005
  2.309790026584902E-002  5.363586137207808E-005
  2.372691503485660E-002  1.995669864334235E-004
  2.753231815780541E-002  2.803783070498043E-004
  3.274129032767442E-002  2.571560778795642E-004
  3.697097982237376E-002  1.377545362356543E-004
  3.831561058828138E-002 -2.705362305038494E-005
  3.620144712485930E-002 -1.667531780638261E-004
  3.162631130354052E-002 -2.228504812847192E-004
  2.668460679100704E-002 -1.747622371620398E-004
  2.360356648322192E-002 -4.824016306516119E-005
  2.373414641983162E-002  9.718506067899588E-005
  2.695376908282789E-002  1.957208640933558E-004
  3.174483032287776E-002  2.051078863008035E-004
  3.590312483879120E-002  1.251880891767612E-004
  3.754603660421574E-002 -2.960765585241793E-006
  3.595973533340396E-002 -1.166050397455198E-004
  3.190447807761338E-002 -1.604702692130894E-004
  2.724810617990629E-002 -1.120364981068956E-004
  2.410378621808318E-002  8.409391265920347E-006
  2.386969683074438E-002  1.473151321527888E-004
  2.660670074793861E-002  2.424118624424148E-004
  3.103050133941463E-002  2.509528519094100E-004
  3.511255756590686E-002  1.688133904411325E-004
  3.700867953809011E-002  3.193903027402528E-005
  3.589022868524515E-002 -1.002655525935747E-004
  3.230335857586464E-002 -1.718443279632748E-004
  2.790094606585104E-002 -1.551944404276838E-004
  2.467803303838098E-002 -6.276296889167226E-005
  2.406423335216649E-002  5.952176499272527E-005
  2.628589318448943E-002  1.538028847415984E-004
  3.028246098697145E-002  1.768265950246905E-004
  3.420644004474512E-002  1.193571678201342E-004
  3.627180074093505E-002  9.795639129225884E-006
  3.556163756942779E-002 -9.938697897583756E-005
  3.243021235829450E-002 -1.559855325711831E-004
  2.832360039574438E-002 -1.319679584378859E-004
  2.510889896262837E-002 -3.611589121623578E-005
  2.422296366912078E-002  9.018021623511593E-005
  2.602858753814345E-002  1.918448377594897E-004
  2.966630055468544E-002  2.250037097697583E-004
  3.346135344343858E-002  1.765052727235088E-004
  3.569335462164400E-002  6.933962779754688E-005
  3.537487231141453E-002 -4.827961918465544E-005
  3.268662919726648E-002 -1.249889139481336E-004
  2.887764088631468E-002 -1.293608856972360E-004
  2.568363997100977E-002 -6.356208709617935E-005
  2.453425868452356E-002  3.842921690046433E-005
  2.591089800222639E-002  1.269760380149527E-004
  2.914352104839083E-002  1.597503541166003E-004
  3.273162456041998E-002  1.209934468959908E-004
  3.503616936747681E-002  2.839025222693603E-005
  3.502372725809461E-002 -7.537655828112122E-005
  3.272531252279849E-002 -1.423419189909182E-004
  2.920658583959180E-002 -1.411469641041330E-004
  2.607029434940049E-002 -7.115274252429754E-005
  2.472314772993761E-002  3.750618282585725E-005
  2.574239849593321E-002  1.377615537004859E-004
  2.862720380516931E-002  1.868977395178401E-004
  3.204143124980577E-002  1.655669315223830E-004
  3.443060448441069E-002  8.598794419269566E-005
  3.472819310356866E-002 -1.419855940543235E-005
  3.283035937295005E-002 -8.940932285504647E-005
  2.962791545439179E-002 -1.068477834568970E-004
  2.658779630263319E-002 -6.105808425555716E-005
  2.508029050495249E-002  2.417788051397323E-005
  2.576031616825791E-002  1.072509002705956E-004
  2.828188322478352E-002  1.480568839964763E-004
  3.146988024228100E-002  1.263601748985004E-004
  3.386450769938503E-002  5.086993254219797E-005
  3.438634882542131E-002 -4.495721961993632E-005
  3.281930406606406E-002 -1.183038247487670E-004
  2.989561567514131E-002 -1.364460786841629E-004
  2.695051971947554E-002 -9.141618504308623E-005
  2.530928160888218E-002 -3.309205159736944E-006
  2.568798887119951E-002  8.909757291922398E-005
  2.787898422959152E-002  1.459897811549506E-004
  3.085892926867596E-002  1.443351928368520E-004
  3.326418048679121E-002  8.783327816812162E-005
  3.401281626450580E-002  4.634164258953941E-006
  3.278966087322324E-002 -6.593632295081180E-005
  3.017695624445127E-002 -9.145744398466257E-005
  2.737696895799209E-002 -6.103655763737787E-005
  2.565827081950718E-002  1.009385198514934E-005
  2.578045608789829E-002  8.793151593839247E-005
  2.765794191162414E-002  1.354953671239032E-004
  3.041135877734206E-002  1.297665963152905E-004
  3.277740660632029E-002  7.208029835131036E-005
  3.368629536327802E-002 -1.265364609346920E-005
  3.274295408197077E-002 -8.739719757956411E-005
  3.039573066628369E-002 -1.197740567578185E-004
  2.772097883184326E-002 -9.653853102292709E-005
  2.592680511208758E-002 -2.922146598737806E-005
  2.580474582372966E-002  5.146274951652110E-005
  2.737822931910451E-002  1.097476576121607E-004
  2.990386545620731E-002  1.209675155810637E-004
  3.221960012313089E-002  8.240366101611664E-005
  3.327692813890875E-002  1.401261292442672E-005
  3.261355965462662E-002 -5.112296486476524E-005
  3.055358562896522E-002 -8.212699013546807E-005
  2.804872562304056E-002 -6.440587498502719E-005
  2.623795580656733E-002 -6.105403752521929E-006
  2.592906717190661E-002  6.586611086127743E-005
  2.723793821983810E-002  1.182950714160082E-004
  2.954636607574383E-002  1.268345129292751E-004
  3.179272050375515E-002  8.697912997468211E-005
  3.295887605073018E-002  1.593125578540166E-005
  3.253013791818728E-002 -5.536148705094263E-005
  3.072048040751218E-002 -9.625991621483736E-005
  2.836474931732003E-002 -9.014220796591300E-005
  2.653165048000612E-002 -4.158441273642159E-005
  2.603685521782784E-002  2.612551509004879E-005
  2.707801825448775E-002  8.186014922473263E-005
  2.915497261425889E-002  1.008604991567296E-004
  3.130685591371429E-002  7.580062716413771E-005
  3.255404411225555E-002  1.975544653023661E-005
  3.234180870969099E-002 -4.013917861673482E-005
  3.078492322753022E-002 -7.531238448580039E-005
  2.860556257602013E-002 -6.884888786963117E-005
  2.679725297315382E-002 -2.310069243650194E-005
  2.617108987954264E-002  4.155351829023605E-005
  2.699134328993693E-002  9.611630794610308E-005
  2.886398414544515E-002  1.161738415622168E-004
  3.092474802845905E-002  9.286557209634905E-005
  3.223711667286249E-002  3.669164041719228E-005
  3.221697848494461E-002 -2.746025735482320E-005
  3.089143785848449E-002 -7.169286252709076E-005
  2.887720299704016E-002 -7.764719773927077E-005
  2.709259493374369E-002 -4.453690858564977E-005
  2.633752590323361E-002  1.088534388970356E-005
  2.693348699277058E-002  6.228010987736722E-005
  2.858551162279729E-002  8.586377005324884E-005
  3.052518317746690E-002  7.117665953557613E-005
  3.186569533188171E-002  2.562169401318267E-005
  3.200507612862245E-002 -2.918537731244274E-005
  3.089438510448156E-002 -6.747467870802787E-005
  2.905157183234973E-002 -7.113461966326311E-005
  2.731857803994533E-002 -3.789767724378261E-005
  2.647547890522759E-002  1.775961589390377E-005
  2.688842025772665E-002  7.131008041286546E-005
  2.835013810515502E-002  9.932946838856637E-005
  3.018230457777854E-002  9.000502426300601E-005
  3.154943080930355E-002  4.826076546205847E-005
  3.183910226915226E-002 -6.734233518220835E-006
  3.093551561950733E-002 -5.043135312249392E-005
  2.926418961512055E-002 -6.403676626280291E-005
  2.759110886050958E-002 -4.284819805247945E-005
  2.667091832698862E-002  1.927414515413861E-006
  2.690564288148502E-002  4.858932961860339E-005
  2.816818648532942E-002  7.502136939380883E-005
  2.986796232565134E-002  6.879277056884651E-005
  3.122527222415746E-002  3.270270855050401E-005
  3.162710726457069E-002 -1.667701287939742E-005
  3.090213373246769E-002 -5.669866465810989E-005
  2.939165702152739E-002 -6.899778848262913E-005
  2.778753955276243E-002 -4.778478394687865E-005
  2.681393527123719E-002 -2.343609618109196E-006
  2.689920577455221E-002  4.731208513292848E-005
  2.798660682261268E-002  7.956453910200937E-005
  2.956729406579627E-002  8.090666406044910E-005
  3.091734223690790E-002  5.185028282141011E-005
  3.142844643331791E-002  6.419899978330665E-006
  3.088126559296584E-002 -3.443600375974394E-005
  2.953861608759439E-002 -5.243958653656644E-005
  2.801909909350888E-002 -4.019690813607705E-005
  2.701168771210696E-002 -4.336777874099096E-006
  2.696283750918837E-002  3.776351661365046E-005
  2.787811492428438E-002  6.608041376649698E-005
  2.932636322967989E-002  6.712736766086915E-005
  3.064144525608407E-002  4.003958499888894E-005
  3.122727843195519E-002 -3.153696884992727E-006
  3.082657075861320E-002 -4.311109785701907E-005
  2.963220740775021E-002 -6.200572883156762E-005
  2.819326820575970E-002 -5.155652874037780E-005
  2.716130575882248E-002 -1.664313050757119E-005
  2.699409687423367E-002  2.706597170816273E-005
  2.775154306658167E-002  6.031173674859671E-005
  2.907465968598647E-002  6.894476161125558E-005
  3.035437552142559E-002  5.017489960157316E-005
  3.101088502984803E-002  1.358719183232799E-005
  3.075548223865179E-002 -2.344896378857386E-005
  2.971667995521654E-002 -4.380894332641846E-005
  2.837562074565884E-002 -3.839062075326330E-005
  2.734291042705358E-002 -1.012264852166623E-005
  2.708026702063511E-002  2.755372121234901E-005
  2.769377597121367E-002  5.695701233043404E-005
  2.889121645126969E-002  6.427853106442101E-005
  3.012028168142978E-002  4.583225169022200E-005
  3.082241090695046E-002  9.635949922185775E-006
  3.068562957314417E-002 -2.832749989019305E-005
  2.978201070271255E-002 -5.140266071572392E-005
  2.852930882249485E-002 -4.975994872369240E-005
  2.749678795874263E-002 -2.470836475225694E-005
  2.714545517014533E-002  1.207778425051137E-005
  2.762121912616036E-002  4.399029890938149E-005
  2.869374729232969E-002  5.704956854944501E-005
  2.986646516371065E-002  4.614701043382981E-005
  3.060532210972631E-002  1.716752318415236E-005
  3.058100958723575E-002 -1.590032912971420E-005
  2.981483320451250E-002 -3.747685006361584E-005
  2.866370315563820E-002 -3.751903348251310E-005
  2.765348246972363E-002 -1.602421748329527E-005
  2.723840601046894E-002  1.709223124316699E-005
  2.759655416428471E-002  4.662207633090824E-005
  2.855338210991172E-002  5.903193078418136E-005
  2.966596825155675E-002  4.858440872302266E-005
  3.042742958058624E-002  1.985341742137886E-005
  3.049719537513609E-002 -1.445364970536811E-005
  2.985256085692866E-002 -3.931504511475010E-005
  2.879414559919394E-002 -4.417220135553646E-005
  2.780500400456302E-002 -2.758976026252067E-005
  2.732935281165523E-002  2.273588095107935E-006
  2.757224666105604E-002  3.152923365785345E-005
  2.841051435993658E-002  4.694122539298836E-005
  2.945355555900441E-002  4.190039899650722E-005
  3.022420607183456E-002  1.929399278229344E-005
  3.037600752510706E-002 -9.978220152629718E-006
  2.984801785627087E-002 -3.210029487908515E-005
  2.888806284910614E-002 -3.668388867045205E-005
  2.793590554793021E-002 -2.146547446613754E-005
  2.742132344871134E-002  6.747978202842903E-006
  2.756975102498507E-002  3.525996720704613E-005
  2.830331669738302E-002  5.129348640294530E-005
  2.928060871347319E-002  4.776203977307013E-005
  3.005507784810700E-002  2.639288423599238E-005
  3.027861169684485E-002 -3.171044418621179E-006
  2.985749204479313E-002 -2.782506921627344E-005
  2.899089926892555E-002 -3.694642075297045E-005
  2.807632901782990E-002 -2.711957356503394E-005
  2.752673831131382E-002 -3.528004559612066E-006
  2.758349407481805E-002  2.256247306975102E-005
  2.820981748912282E-002  3.902692370739209E-005
  2.911170867948406E-002  3.840359002359750E-005
  2.987494212067798E-002  2.121010661719051E-005
  3.015437881570219E-002 -4.414107791161029E-006
  2.982913854816208E-002 -2.652118902953179E-005
  2.905393614317096E-002 -3.484434253449522E-005
  2.818492679969239E-002 -2.545160258035817E-005
  2.761551541025557E-002 -2.467476287058686E-006
  2.759778567705211E-002  2.387577401532908E-005
  2.813056417876612E-002  4.192358203570361E-005
  2.896375642647806E-002  4.386321730091233E-005
  2.971523141902796E-002  2.917884067489854E-005
  3.004566537534475E-002  4.763565041983923E-006
  2.981136084545078E-002 -1.831063293958714E-005
  2.912623732228524E-002 -2.985328922178473E-005
  2.830632988734905E-002 -2.513017462894710E-005
  2.772369642132865E-002 -6.892247586084182E-006
  2.763721267318786E-002  1.601746807102083E-005
  2.807716520563627E-002  3.279336248946518E-005
  2.883504115637887E-002  3.561964514701419E-005
  2.956153440785734E-002  2.318925535180661E-005
  2.992677720955050E-002  1.216314931387278E-006
  2.976934944434817E-002 -2.024582158116568E-005
  2.916681036671413E-002 -3.141969237222839E-005
  2.839702684568258E-002 -2.723424465737633E-005
  2.780944925999692E-002 -9.567670711799676E-006
  2.766594116027203E-002  1.368108833202154E-005
  2.802364047452349E-002  3.222661140466535E-005
  2.871221329365183E-002  3.805465775590839E-005
  2.941435896341939E-002  2.898340426058529E-005
  2.981157529811488E-002  9.536479307297394E-006
  2.972824352439005E-002 -1.122403605192046E-005
  2.920887037320979E-002 -2.387638031209169E-005
  2.849455843348635E-002 -2.290765062808952E-005
  2.791088613565660E-002 -9.139602559901677E-006
  2.771927667624731E-002  1.075680050493969E-005
  2.799966309789931E-002  2.739239059626997E-005
  2.861706557071026E-002  3.297711247243670E-005
  2.928592974775655E-002  2.484948501537327E-005
  2.970163058995938E-002  6.630424461311995E-006
  2.967861987262796E-002 -1.348715412359867E-005
  2.923260765019248E-002 -2.649772313803299E-005
  2.857044027528625E-002 -2.666092837433433E-005
  2.799365238425686E-002 -1.404862569238281E-005
  2.776063830705877E-002  5.568126968801643E-006
  2.797042907476568E-002  2.340150884653755E-005
  2.852032971452233E-002  3.164770878720118E-005
  2.915546027851608E-002  2.697797647009407E-005
  2.958638868036513E-002  1.195060631254764E-005
  2.962059766718947E-002 -6.260894992952684E-006
  2.924809414309547E-002 -1.920488420615040E-005
  2.864312530823737E-002 -2.101068747689287E-005
  2.808250262106408E-002 -1.101434342343219E-005
  2.781875883689908E-002  6.019009146786339E-006
  2.796621900181348E-002  2.214016063361962E-005
  2.845134084066799E-002  2.987423976539564E-005
  2.904882019057355E-002  2.561434147118948E-005
  2.948582471003115E-002  1.121701139074374E-005
  2.956616072305967E-002 -6.897200610558995E-006
  2.925788998950166E-002 -2.069554949206900E-005
  2.870530730226923E-002 -2.417266659374135E-005
  2.816100605478971E-002 -1.602248690542982E-005
  2.786997991266021E-002 -1.495743358898365E-007
  2.795892473113574E-002  1.617803387494862E-005
  2.838074446458734E-002  2.566289432013733E-005
  2.893852817800228E-002  2.426869602865341E-005
  2.937693997400434E-002  1.298035033042101E-005
  2.949864610172371E-002 -2.737791578801576E-006
  2.925271979559142E-002 -1.550352395448080E-005
  2.875545014867388E-002 -1.940643413349515E-005
  2.823516765040151E-002 -1.267742837061150E-005
  2.792720650024702E-002  1.560408490383123E-006
  2.796728875323889E-002  1.677139562820578E-005
  2.833159645614048E-002  2.601458867540936E-005
  2.884994063220092E-002  2.509499727399675E-005
  2.928496144159586E-002  1.443014418575261E-005
  2.944052435631737E-002 -1.194157414530153E-006
  2.924982595613916E-002 -1.483775895602443E-005
  2.880365420911820E-002 -2.055999456789489E-005
  2.830692548356352E-002 -1.607396826504703E-005
  2.798425177436317E-002 -3.709696953237438E-006
  2.797803731368722E-002  1.072249653286516E-005
  2.828532262757013E-002  2.062108978335985E-005
  2.876136022555720E-002  2.159408071323882E-005
  2.918728777583088E-002  1.340883117444690E-005
  2.937030341235471E-002  2.525203768095123E-008
  2.923052226911681E-002 -1.227261552913895E-005
  2.883541605348974E-002 -1.777102318984386E-005
  2.836704849522671E-002 -1.392017761625431E-005
  2.803795193325980E-002 -2.456524528538300E-006
  2.799448816832328E-002  1.143337086859969E-005
  2.825161032866140E-002  2.150065546343946E-005
  2.868806842953772E-002  2.327078238310343E-005
  2.910331234686912E-002  1.603918282391247E-005
  2.930941151624123E-002  3.135912433984906E-006
  2.921587215223725E-002 -9.634582494263340E-006
  2.886908567057173E-002 -1.664576417097359E-005
  2.842925006864034E-002 -1.497791544775725E-005
  2.809615676247854E-002 -5.682724064297209E-006
  2.801819782136044E-002  6.767934487663521E-006
  2.822601809952095E-002  1.657059990456262E-005
  2.862045620774266E-002  1.924662180777897E-005
  2.901940414660386E-002  1.365488603829381E-005
  2.924148659754096E-002  2.459437298210379E-006
  2.918813706500850E-002 -9.136215115452537E-006
  2.888695708879919E-002 -1.578877262902558E-005
  2.847732650564842E-002 -1.444509592101298E-005
  2.814565123250419E-002 -5.701467464526514E-006
  2.804031035776407E-002  6.507839252257732E-006
  2.820509363220855E-002  1.672774507756707E-005
  2.856096584784424E-002  2.046153601485340E-005
  2.894367617060353E-002  1.618137648533107E-005
  2.917934930040859E-002  5.968467875672206E-006
  2.916328175768889E-002 -5.485473523171259E-006
  2.890624468756744E-002 -1.303862882111980E-005
  2.852783857552449E-002 -1.342651894186458E-005
  2.820071240850056E-002 -6.701511654069714E-006
  2.807163323181259E-002  3.852506976233480E-006
  2.819547105763444E-002  1.326740575346621E-005
  2.851177209235033E-002  1.717653888784650E-005
  2.887387258528730E-002  1.379234747364419E-005
  2.911658151226885E-002  4.684701237889570E-006
  2.913122131929352E-002 -5.974760385503516E-006
  2.891396048266802E-002 -1.333756215050022E-005
  2.856597324281718E-002 -1.408401643272997E-005
  2.824608410085390E-002 -7.907090273123804E-006
  2.809804355244313E-002  2.386466707531010E-006
  2.818572385584206E-002  1.218331203463583E-005
  2.846543506128564E-002  1.716718504701037E-005
  2.880732324269060E-002  1.525623220374828E-005
  2.905542412261657E-002  7.501014164356924E-006
  2.909861419897482E-002 -2.446393760227586E-006
  2.892019278814286E-002 -1.002957252507030E-005
  2.860398731088773E-002 -1.186514496521382E-005
  2.829488140095834E-002 -7.254541628344124E-006
  2.813231899828936E-002  1.545083254938195E-006
  2.818728282182321E-002  1.039403332567308E-005
  2.843121007154665E-002  1.518063877332979E-005
  2.875042525301439E-002  1.369114681113158E-005
  2.899886872178517E-002  6.592530046296873E-006
  2.906468154668550E-002 -2.903953585242984E-006
  2.892030862846649E-002 -1.052704043280344E-005
  2.863369970647471E-002 -1.288923853806281E-005
  2.833612971389701E-002 -9.004064782504863E-006
  2.816185576406982E-002 -6.968700106069762E-007
  2.818733971040295E-002  8.259978174942250E-006
  2.839754082813898E-002  1.387730890006520E-005
  2.869411765581750E-002  1.374940948293120E-005
  2.894119093321126E-002  8.109528524730091E-006
  2.902739123836413E-002 -3.247626523485812E-007
  2.891587036486142E-002 -7.627136819883710E-006
  2.865983190462781E-002 -1.046406726160896E-005
  2.837707880287135E-002 -7.598647603266533E-006
  2.819571770908536E-002 -4.203921037903731E-007
  2.819602599888634E-002  7.724040709558137E-006
  2.837484375991965E-002  1.307804877840612E-005
  2.864826090838573E-002  1.318647035380495E-005
  2.889080290622871E-002  7.993760595631338E-006
  2.899283142236284E-002 -1.593171788111383E-007
  2.890991208860832E-002 -7.623045904403027E-006
  2.868193429691185E-002 -1.110249161257612E-005
  2.841379093233738E-002 -9.136802234663462E-006
  2.822694255489392E-002 -2.728108678413822E-006
  2.820422227245356E-002  5.151243295382580E-006
  2.835295621467554E-002  1.093299980950808E-005
  2.860280667959605E-002  1.207373597392408E-005
  2.883878543843013E-002  8.185281858657643E-006
  2.895396511459337E-002  1.171315770414903E-006
  2.889773929792517E-002 -5.675948547101997E-006
  2.869786318059141E-002 -9.193771038840344E-006
  2.844670066490207E-002 -7.784714164356804E-006
  2.825844468301808E-002 -2.121248765814614E-006
  2.821710836164722E-002  5.189074155158055E-006
  2.833895997904094E-002  1.081094301243093E-005
  2.856618001586882E-002  1.220172208395543E-005
  2.879413709341511E-002  8.752242903340437E-006
  2.891943195537145E-002  2.037283701300216E-006
  2.888665696013650E-002 -4.924515228458976E-006
  2.871273438126926E-002 -9.051965018862306E-006
  2.847816215665670E-002 -8.589778588616089E-006
  2.828963045474507E-002 -3.876471507690383E-006
  2.823135783058022E-002  2.845724315023444E-006
  2.832733591643507E-002  8.477909360996958E-006
  2.853139876947429E-002  1.048145157816122E-005
  2.874918651807038E-002  8.017951919072357E-006
  2.888158032892782E-002  2.300715460740341E-006
  2.886962925294544E-002 -3.989086872366210E-006
  2.872061811389751E-002 -7.942808855455810E-006
  2.850376780277845E-002 -7.749572393933449E-006
  2.831797445572854E-002 -3.504891758083617E-006
  2.824660895275752E-002  2.855917687511714E-006
  2.832002496227717E-002  8.456650745748610E-006
  2.850262259759418E-002  1.079251303247035E-005
  2.870994867582545E-002  8.856065617788648E-006
  2.884764112280761E-002  3.570333664529178E-006
  2.885426594126873E-002 -2.656400682378784E-006
  2.872860649741250E-002 -7.039546926390118E-006
  2.852929464104252E-002 -7.679406915386203E-006
  2.834737103692076E-002 -4.402123712146156E-006
  2.826460129902309E-002  1.193224500344133E-006
  2.831662434979963E-002  6.490119013933309E-006
  2.847753307963306E-002  9.058187285056184E-006
  2.867253785215415E-002  7.753111419671673E-006
  2.881255594775944E-002  3.216498914051578E-006
  2.883474290821671E-002 -2.441469403588614E-006
  2.873053604125806E-002 -6.620588434674168E-006
  2.854871053572130E-002 -7.417407105985194E-006
  2.837244434702840E-002 -4.479804478178401E-006
  2.828116337749637E-002  8.526490653410609E-007
  2.831466137652780E-002  6.175660800479840E-006
  2.845569430738599E-002  9.119650619276342E-006
  2.863864420195398E-002  8.417461946695879E-006
  2.877993702667080E-002  4.458095741623278E-006
  2.881612199624524E-002 -9.160152625937944E-007
  2.873226740020479E-002 -5.264855221481618E-006
  2.856797281042672E-002 -6.662657063025861E-006
  2.839861800080528E-002 -4.558921778562705E-006
  2.830070926887333E-002 -3.125111968406449E-009
  2.831724435967802E-002  4.858540247796387E-006
  2.843876677182534E-002  7.775220782526546E-006
  2.860844323404334E-002  7.415549264721812E-006
  2.874850190366529E-002  3.959619570433096E-006
  2.879574428112946E-002 -1.002818852436220E-006
  2.872992484437402E-002 -5.211580777541902E-006
  2.858226551833863E-002 -6.768651128349794E-006
  2.842055360976826E-002 -4.992504953851910E-006
  2.831792081301934E-002 -7.101788013878682E-007
  2.831967682562052E-002  4.136750295035187E-006
  2.842323316894914E-002  7.383895086783036E-006
  2.858000187053745E-002  7.622833128213036E-006
  2.871807622437166E-002  4.823128895122992E-006
  2.877511613401900E-002  3.219385110110024E-007
  2.872640420632688E-002 -3.804194958204063E-006
  2.859545223973084E-002 -5.691520825507965E-006
  2.844262469891797E-002 -4.529380576678659E-006
  2.833726101402633E-002 -9.101257843060900E-007
  2.832616132708819E-002  3.462113400774841E-006
  2.841275021998461E-002  6.562097355980049E-006
  2.855618408907989E-002  6.967974729536020E-006
  2.869050329534816E-002  4.498954032327771E-006
  2.875485910205969E-002  2.816451359930251E-007
  2.872097060829362E-002 -3.776591295598907E-006
  2.860543032147152E-002 -5.860266718111483E-006
  2.846152029430125E-002 -5.064479905331635E-006
  2.835455235984529E-002 -1.790216834629471E-006
  2.833213967413889E-002  2.456183027711729E-006
  2.840292693090553E-002  5.759702972573494E-006
  2.853327405483191E-002  6.666895266757707E-006
  2.866312090624368E-002  4.833559758308447E-006
  2.873356343461149E-002  1.160479814017939E-006
  2.871348638174756E-002 -2.636117316846807E-006
  2.861321685274663E-002 -4.816150210163683E-006
  2.847921850292136E-002 -4.405414239006952E-006
  2.837251533183118E-002 -1.625978412858113E-006
  2.834085495983924E-002  2.222132911427859E-006
  2.839730187204063E-002  5.366118058304514E-006
  2.851484906066352E-002  6.371147346343464E-006
  2.863924315620914E-002  4.786575124688293E-006
  2.871394386465810E-002  1.337509917333717E-006
  2.870574047049258E-002 -2.418290646905419E-006
  2.861942504507928E-002 -4.805115088418325E-006
  2.849504942364351E-002 -4.786834805323577E-006
  2.838927130964249E-002 -2.424105685559919E-006
  2.834947090563832E-002  1.170898906221661E-006
  2.839245859346951E-002  4.354014476105698E-006
  2.849733738901534E-002  5.700588574394983E-006
  2.861553423510470E-002  4.645478739488519E-006
  2.869320030942964E-002  1.723803815151003E-006
  2.869565705891629E-002 -1.690222508114457E-006
  2.862279596634755E-002 -4.020353144599984E-006
  2.850860169128055E-002 -4.207063753373127E-006
  2.840525558508680E-002 -2.181317206958782E-006
  2.835924647396720E-002  1.117508207380902E-006
  2.839041926404457E-002  4.180871630216797E-006
  2.848339672750766E-002  5.621907933945224E-006
  2.859506820667411E-002  4.801474371941093E-006
  2.867451325621634E-002  2.107076340826620E-006
  2.868615706986679E-002 -1.236377551108883E-006
  2.862563198513324E-002 -3.731428203247052E-006
  2.852127930905046E-002 -4.287458296726764E-006
  2.842083005481059E-002 -2.705711352231977E-006
  2.836951599143109E-002  2.463448505770668E-007
  2.838964478670850E-002  3.198531330971011E-006
  2.847085811726128E-002  4.808079298858724E-006
  2.857531796771051E-002  4.367121709167950E-006
  2.865524747593555E-002  2.113013486232498E-006
  2.867470187552170E-002 -8.943685454807281E-007
  2.862565458333982E-002 -3.266148580294241E-006
  2.853120629150518E-002 -3.919714538733746E-006
  2.843466053842608E-002 -2.565952517985543E-006
  2.837962323531223E-002  1.699521250587772E-007
  2.839026667341148E-002  3.043434510706990E-006
  2.846068538347558E-002  4.761609988366579E-006
  2.855802202735673E-002  4.568031739330359E-006
  2.863774014238421E-002  2.576440797237863E-006
  2.866394929359069E-002 -2.936645196500435E-007
  2.862550992435183E-002 -2.744476790685848E-006
  2.854069549391448E-002 -3.691520610138825E-006
  2.844847646052579E-002 -2.749435776595246E-006
  2.839057303094850E-002 -3.938799229679589E-007
  2.839253726812050E-002  2.268604542375947E-006
  2.845243877529946E-002  4.012503165706129E-006
  2.854215757653087E-002  4.050967321952223E-006
  2.862050753364215E-002  2.386053968778705E-006
  2.865207257619967E-002 -2.038270448848130E-007
  2.862314611087612E-002 -2.528092132225741E-006
  2.854760543347807E-002 -3.529643895520027E-006
  2.846021585269312E-002 -2.762288610893855E-006
  2.840058486186600E-002 -5.848168791545017E-007
  2.839516831406173E-002  2.011910645441796E-006
  2.844549960368029E-002  3.861223920050095E-006
  2.852787319419063E-002  4.149668056770733E-006
  2.860445184790338E-002  2.778467494019713E-006
  2.864059869804382E-002  3.965388013414423E-007
  2.862049782458671E-002 -1.904825705483715E-006
  2.855402192598144E-002 -3.092298350906223E-006
  2.847187293216653E-002 -2.656559627572019E-006
  2.841137254177344E-002 -8.337693785898682E-007
  2.839947402957525E-002  1.513920495412934E-006
  2.844072406129955E-002  3.299438550328453E-006
  2.851554613215355E-002  3.707561574512216E-006
  2.858946549393053E-002  2.561013934509170E-006
  2.862893539502690E-002  3.921095013835869E-007
  2.861650350576415E-002 -1.808108853701313E-006
  2.855846618111074E-002 -3.044896438396987E-006
  2.848166120142739E-002 -2.770043571763870E-006
  2.842101488314228E-002 -1.123662833899203E-006
  2.840361819055939E-002  1.138765299303655E-006
  2.843658930026938E-002  2.996392861833279E-006
  2.850415669380531E-002  3.627600483977967E-006
  2.857514248990997E-002  2.777368860846064E-006
  2.861730220897617E-002  8.628121486678951E-007
  2.861192879983267E-002 -1.226782117725180E-006
  2.856210936051266E-002 -2.540199762350590E-006
  2.849099531979883E-002 -2.495958823028152E-006
  2.843102061940276E-002 -1.139723806991438E-006
  2.840908388611101E-002  8.863326374109648E-007
  2.843446050420958E-002  2.643931902414210E-006
  2.849487253868421E-002  3.328756800127920E-006
  2.856237089055500E-002  2.633522789785644E-006
  2.860621926330854E-002  8.806794857733841E-007
  2.860684412128563E-002 -1.131917856096632E-006
  2.856452260054315E-002 -2.498286997697640E-006
  2.849895724803294E-002 -2.615221110643732E-006
  2.844006824574829E-002 -1.450293744564836E-006
  2.841430245433871E-002  4.521003660537924E-007
  2.843272176487147E-002  2.225434386690436E-006
  2.848623309244764E-002  3.077316821787622E-006
  2.855000964780725E-002  2.645965459681295E-006
  2.859496337521398E-002  1.156296167543565E-006
  2.860097064575621E-002 -6.918489848797711E-007
  2.856584053706358E-002 -2.048588321099684E-006
  2.850603266676827E-002 -2.301671075986789E-006
  2.844892521020196E-002 -1.350495284078903E-006
  2.842025997375860E-002  3.558355787964968E-007
  2.843251850493952E-002  2.030075916612880E-006
  2.847947457598471E-002  2.908498634203844E-006
  2.853929415115095E-002  2.596699184196457E-006
  2.858465053317105E-002  1.243258254794209E-006
  2.859517154569818E-002 -5.347805494227672E-007
  2.856655154071875E-002 -1.937224332582442E-006
  2.851225606850507E-002 -2.344637477198507E-006
  2.845716035493496E-002 -1.595082970827940E-006
  2.842612230947174E-002 -4.988046850120367E-008
  2.843273709595746E-002  1.578117885496357E-006
  2.847335844468561E-002  2.552406454411682E-006
  2.852901167519054E-002  2.446142556924738E-006
  2.857421288126112E-002  1.330039010815092E-006
  2.858859897792814E-002 -2.679157241429293E-007
  2.856606374723263E-002 -1.609145605228179E-006
  2.851730405855538E-002 -2.082748490190750E-006
  2.846472430454670E-002 -1.480805338102709E-006
  2.843212069457156E-002 -8.704790573326675E-008
  2.843389219649384E-002  1.458464508841998E-006
  2.846866702229859E-002  2.454075193693470E-006
  2.852016147006430E-002  2.454915113808102E-006
  2.856477282088465E-002  1.470524469575931E-006
  2.858236867172611E-002 -4.589862867969788E-008
  2.856534253888647E-002 -1.408642654146558E-006
  2.852186485176505E-002 -2.012508604631927E-006
  2.847194658634068E-002 -1.604614372161807E-006
  2.843820572533133E-002 -3.927010906676819E-007
  2.843559473396876E-002  1.056507283004902E-006
  2.846475263348622E-002  2.079654548607911E-006
  2.851193442576588E-002  2.218627250795801E-006
  2.855544979188100E-002  1.424747025398044E-006
  2.857559884907852E-002  7.437723274465292E-008
  2.856355623790311E-002 -1.208229316110185E-006
  2.852519975099795E-002 -1.837716640541369E-006
  2.847822793114972E-002 -1.532563793787344E-006
  2.844397269999389E-002 -4.385661181740963E-007
  2.843769203264229E-002  9.429318425173665E-007
  2.846175795648674E-002  1.986680242770031E-006
  2.850477811249791E-002  2.227862303853636E-006
  2.854695831004392E-002  1.569715057506505E-006
  2.856918506461400E-002  3.216782831276980E-007
  2.856166226356882E-002 -9.466155871110096E-007
  2.852820110444965E-002 -1.666670709360976E-006
  2.848428838754875E-002 -1.527822546578661E-006
  2.844990172618963E-002 -6.132768312892187E-007
  2.844040229557285E-002  6.441663157835235E-007
  2.845965495790020E-002  1.663868806170563E-006
  2.849845475196326E-002  1.982854343224058E-006
  2.853889104187048E-002  1.463905977014793E-006
  2.856258447295404E-002  3.529416589211311E-007
  2.855901095032041E-002 -8.380224177507478E-007
  2.853014497580292E-002 -1.566718512378576E-006
  2.848937724163171E-002 -1.506751685272195E-006
  2.845528311027974E-002 -6.924514333831463E-007
  2.844313962971651E-002  5.015965514512265E-007
  2.845806344354602E-002  1.534620625386357E-006
  2.849284978574054E-002  1.946299714925489E-006
  2.853141895501486E-002  1.563325079949966E-006
  2.855622577513925E-002  5.730811840994048E-007
  2.855621945856344E-002 -5.668401701166372E-007
  2.853174409640524E-002 -1.339839775885625E-006
  2.849420906123355E-002 -1.404830882603644E-006
  2.846075796411214E-002 -7.476291455155102E-007
  2.844642426387001E-002  3.179930371628231E-007
  2.845736100241203E-002  1.297740771505917E-006
  2.848819163492072E-002  1.743708340127464E-006
  2.852461800174818E-002  1.456842467476259E-006
  2.855002557661853E-002  5.736739010936135E-007
  2.855303664028950E-002 -5.002090080885617E-007
  2.853257942820993E-002 -1.277547607961699E-006
  2.849821732984542E-002 -1.411058130077058E-006
  2.846566110196273E-002 -8.485319301510238E-007
  2.844956771457130E-002  1.477871362756159E-007
  2.845692519437929E-002  1.124279961252900E-006
  2.848400759927348E-002  1.643669489381596E-006
  2.851822362362988E-002  1.482152442716516E-006
  2.854394809583980E-002  7.269582276080069E-007
  2.854963739387581E-002 -2.682500467091605E-007
  2.853298989693718E-002 -1.047756309544349E-006
  2.850184633566667E-002 -1.261731067822086E-006
  2.847048743775862E-002 -8.229679360210228E-007
  2.845307400080765E-002  5.772491074552530E-008
  2.845724094675882E-002  9.716382744039069E-007
  2.848074149407663E-002  1.500402958411561E-006
  2.851261353449821E-002  1.405816668875359E-006
  2.853827181935071E-002  7.353055684233887E-007
  2.854616233545586E-002 -2.034562139155838E-007
  2.853294430359101E-002 -9.853380801442510E-007
  2.850487749053645E-002 -1.261599747902786E-006
  2.847484471649597E-002 -9.163366602334434E-007
  2.845642297834401E-002 -1.153226290453877E-007
  2.845773051574832E-002  7.732117710077798E-007
  2.847783710499909E-002  1.348084196299777E-006
  2.850732279002467E-002  1.356903437179862E-006
  2.853266920599335E-002  8.076618263942247E-007
  2.854243837885536E-002 -3.921386641117305E-008
  2.853241620581408E-002 -7.929039176253662E-007
  2.850740914931710E-002 -1.111342204519930E-006
  2.847893207805215E-002 -8.555128569252147E-007
  2.845989585708076E-002 -1.494376325781212E-007
  2.845874394696372E-002  6.798699570469291E-007
  2.847569937663486E-002  1.253496374919024E-006
  2.850278817817843E-002  1.313013232664570E-006
  2.852757137154526E-002  8.358185196747170E-007
  2.853884064535572E-002  4.208808241184660E-008
  2.853167087600652E-002 -7.081924230998798E-007
  2.850955320609812E-002 -1.079890223127488E-006
  2.848268788101054E-002 -9.136753534540973E-007
  2.846326755889882E-002 -2.951962823254100E-007
  2.845993086407201E-002  4.875537118599782E-007
  2.847390827012302E-002  1.077677731375510E-006
  2.849857838421923E-002  1.211864347068388E-006
  2.852258355051263E-002  8.379697519924439E-007
  2.853504099439756E-002  1.351888737137488E-007
  2.853045982758120E-002 -5.708094464904086E-007
  2.851114362609906E-002 -9.577628366802863E-007
  2.848602970054855E-002 -8.528795743828818E-007
  2.846654436825280E-002 -3.090273423188198E-007
  2.846139488483007E-002  4.223904298446219E-007
  2.847267064993338E-002  1.008049600665775E-006
  2.849499788393074E-002  1.184702003886257E-006
  2.851808391916521E-002  8.772485488770666E-007
  2.853144848605104E-002  2.299762258334605E-007
  2.852916811118958E-002 -4.618684334731207E-007
  2.851248681894079E-002 -8.877153443539045E-007
  2.848914432813568E-002 -8.621504617506750E-007
  2.846977556424546E-002 -4.066311267614987E-007
  2.846305502582127E-002  2.636165829879659E-007
  2.847180201497931E-002  8.401263698197890E-007
  2.849179432568400E-002  1.062314763196440E-006
  2.851378597279198E-002  8.347180176712849E-007
  2.852776732253523E-002  2.676566676941430E-007
  2.852750599950199E-002 -3.759045841629356E-007
  2.851330970281041E-002 -8.018221823938050E-007
  2.849178785209057E-002 -8.185512753160270E-007
  2.847276547220045E-002 -4.224980656902213E-007
  2.846478889873728E-002  2.029599269329060E-007
  2.847127817607388E-002  7.730551440256036E-007
  2.848905722130451E-002  1.031827534731751E-006
  2.850989070756968E-002  8.673690004729885E-007
  2.852428666124949E-002  3.602097685022344E-007
  2.852580988508889E-002 -2.560264242205198E-007
  2.851394684409491E-002 -7.025669664604398E-007
  2.849424780659386E-002 -7.821622448760486E-007
  2.847572330445834E-002 -4.669020063980689E-007
  2.846671461967487E-002  9.194743692968490E-008
  2.847112990777884E-002  6.353302117657754E-007
  2.848674339365889E-002  9.154573213599756E-007
  2.850629583246958E-002  8.079209982857831E-007
  2.852085575503173E-002  3.662297362037063E-007
  2.852388631074994E-002 -2.050466880364152E-007
  2.851416688481435E-002 -6.451395612717823E-007
  2.849626494242631E-002 -7.559946582356732E-007
  2.847838178757612E-002 -4.910598461329207E-007
  2.846858680016738E-002  2.578173231302307E-008
  2.847116845999826E-002  5.586557289407053E-007
  2.848475138569754E-002  8.679186046640899E-007
  2.850300453185970E-002  8.184551821434746E-007
  2.851758077564392E-002  4.390682874999275E-007
  2.852192398664039E-002 -9.315366164461999E-008
  2.851420789425492E-002 -5.352690506032524E-007
  2.849809025524360E-002 -6.893996101767524E-007
  2.848097430228768E-002 -4.915151335305538E-007
  2.847060197918684E-002 -3.825836467787143E-008
  2.847154573635459E-002  4.593741374134015E-007
  2.848318775461151E-002  7.734114435477496E-007
  2.850007832748969E-002  7.624951311097590E-007
  2.851447511189589E-002  4.346930886390424E-007
  2.851988120980588E-002 -5.827719743043384E-008
  2.851396606030282E-002 -4.917735734728072E-007
  2.849955691185369E-002 -6.709249067059870E-007
  2.848328155232586E-002 -5.183505691624659E-007
  2.847251204899687E-002 -1.074406422736648E-007
  2.847201810611310E-002  3.730404196368625E-007
  2.848184864475251E-002  7.059787805700339E-007
  2.849738143384980E-002  7.444193313658462E-007
  2.851148538392891E-002  4.768272985094365E-007
  2.851778507396851E-002  3.009600686862308E-008
  2.851353372155630E-002 -3.900999918693612E-007
  2.850080066269267E-002 -5.936551540339283E-007
  2.848546167683931E-002 -4.918616739762605E-007
  2.847448238557386E-002 -1.360083533256456E-007
  2.847274981977794E-002  3.079966558401401E-007
  2.848089262086004E-002  6.365201569735157E-007
  2.849506114516580E-002  7.010322096005641E-007
  2.850873721063449E-002  4.746133774899621E-007
  2.851572383174708E-002  6.243506171575430E-008
  2.851294429119067E-002 -3.476923399760084E-007
  2.850178697379722E-002 -5.714316126056824E-007
  2.848740955404879E-002 -5.111833377288765E-007
  2.847634833627290E-002 -1.988801995380086E-007
  2.847354013897576E-002  2.204332034134549E-007
  2.848011309477362E-002  5.559067222488145E-007
  2.849293423750609E-002  6.578556198591823E-007
  2.850609187672150E-002  4.847549075562235E-007
  2.851361265224492E-002  1.202591824888515E-007
  2.851216516018442E-002 -2.666813455341676E-007
  2.850252707975989E-002 -4.996857495989181E-007
  2.848917077540030E-002 -4.749687922291258E-007
  2.847818346035765E-002 -2.072774233307544E-007
  2.847448827047083E-002  1.785363464605260E-007
  2.847963423095617E-002  5.056712511840733E-007
  2.849114644189737E-002  6.261927906755947E-007
  2.850370681795635E-002  4.875956245395488E-007
  2.851160336072179E-002  1.552050395005109E-007
  2.851132051607920E-002 -2.190571441321231E-007
  2.850309645175331E-002 -4.666066750059009E-007
  2.849075834191929E-002 -4.786125798646314E-007
  2.847993633190870E-002 -2.542320539553515E-007
  2.847548890073958E-002  1.007225476877506E-007
  2.847931649765664E-002  4.233220693161212E-007
  2.848954677534391E-002  5.681146726773966E-007
  2.850143921844258E-002  4.726444477028681E-007
  2.850957373160545E-002  1.843912436353329E-007
  2.851031343010278E-002 -1.624652496167708E-007
  2.850342315076877E-002 -4.091733141617848E-007
  2.849212419371073E-002 -4.447180655303981E-007
  2.848158427696264E-002 -2.554296270168924E-007
  2.847654970653194E-002  7.022006577705936E-008
  2.847920414217483E-002  3.831299665953500E-007
  2.848821934850084E-002  5.419121580061482E-007
  2.849940933825209E-002  4.767374844242310E-007
  2.850766759984175E-002  2.198656672225835E-007
  2.850929142367002E-002 -1.104504792342114E-007
  2.850363580135630E-002 -3.647014065109001E-007
  2.849335876952599E-002 -4.301526069833988E-007
  2.848316858743339E-002 -2.811973043271531E-007
  2.847766235065237E-002  1.047452068293905E-008
  2.847924777053774E-002  3.098726063549041E-007
  2.848708715421527E-002  4.808080313564098E-007
  2.849752585274552E-002  4.475691562260359E-007
  2.850578876362855E-002  2.282694745303532E-007
  2.850815801929992E-002 -7.479126179938016E-008
  2.850363922850598E-002 -3.227362536569623E-007
  2.849437012340041E-002 -4.035685889969156E-007
  2.848460580861159E-002 -2.825169181284003E-007
  2.847876135780172E-002 -1.668174347166758E-008
  2.847941171635709E-002  2.721107467533602E-007
  2.848615452193282E-002  4.533381611109723E-007
  2.849583727042749E-002  4.469120235923102E-007
  2.850402533386366E-002  2.586127518608232E-007
  2.850702778110141E-002 -2.384049870896008E-008
  2.850355594457791E-002 -2.717085398145137E-007
  2.849526989177685E-002 -3.740656230507250E-007
  2.848598244655616E-002 -2.876601325854245E-007
  2.847990130295169E-002 -5.538488186364991E-008
  2.847971921345848E-002  2.145161436444706E-007
  2.848541866821638E-002  3.984926296521518E-007
  2.849432104221696E-002  4.138896270428973E-007
  2.850233906627722E-002  2.557773720879763E-007
  2.850584764685177E-002 -1.965262597860899E-009
  2.850331716584710E-002 -2.412637935451821E-007
  2.849597385735395E-002 -3.539551418276398E-007
  2.848720323420658E-002 -2.906098050460576E-007
  2.848098556921641E-002 -8.205583400221089E-008
  2.848008600332631E-002  1.757247575055143E-007
  2.848482190280452E-002  3.659434949769755E-007
  2.849295641663449E-002  4.040941656005800E-007
  2.850074929354570E-002  2.756362137359469E-007
  2.850467193850701E-002  4.146240864224061E-008
  2.850300063847070E-002 -1.908294301127707E-007
  2.849656895042969E-002 -3.163403421425727E-007
  2.848835160876899E-002 -2.802819370120711E-007
  2.848208597250572E-002 -1.019757296726387E-007
  2.848056937504568E-002  1.350598180182452E-007
  2.848440768208579E-002  3.219296379804380E-007
  2.849177443298184E-002  3.740805064696752E-007
  2.849927419615205E-002  2.692504736324129E-007
  2.850350273401860E-002  5.665153567770196E-008
  2.850258748098400E-002 -1.663375727668080E-007
  2.849701162512733E-002 -2.989335406470216E-007
  2.848935980314144E-002 -2.825892364624225E-007
  2.848311683951126E-002 -1.268499005968723E-007
  2.848107742248942E-002  9.597468952631022E-008
  2.848409217219514E-002  2.844406258886863E-007
  2.849071233701304E-002  3.542608020878276E-007
  2.849788022671591E-002  2.761244756233667E-007
  2.850233710772051E-002  8.806787319602520E-008
  2.850210065312384E-002 -1.228094308087572E-007
  2.849734241219837E-002 -2.605394597068554E-007
  2.849027740038472E-002 -2.638691042296897E-007
  2.848413077696911E-002 -1.334583616710067E-007
  2.848166317016660E-002  6.936437864863530E-008
  2.848392858866805E-002  2.512939390211461E-007
  2.848982338665498E-002  3.297858493372260E-007
  2.849661834768241E-002  2.702858528020386E-007
  2.850121821404905E-002  1.011857785569250E-007
  2.850156773066024E-002 -9.992777410959585E-008
  2.849756580126534E-002 -2.420789347585651E-007
  2.849108160677198E-002 -2.622311678884997E-007
  2.848507902602865E-002 -1.533590692334513E-007
  2.848225905725514E-002  3.323444241885900E-008
  2.848384179970748E-002  2.120120797163514E-007
  2.848903697029170E-002  3.024054005005215E-007
  2.849543206028023E-002  2.651621087155175E-007
  2.850010856600025E-002  1.194384342814271E-007
  2.850097018575929E-002 -6.680051620175516E-008
  2.849767881015348E-002 -2.083191826047373E-007
  2.849178076790733E-002 -2.414813510644609E-007
  2.848597850785236E-002 -1.527491008573026E-007
  2.848289023392403E-002  1.592928375597295E-008
  2.848386648874264E-002  1.869312583199957E-007
  2.848839827338296E-002  2.826257751869132E-007
  2.849437552667110E-002  2.605142542032900E-007
  2.849906610405428E-002  1.319531254481295E-007
  2.850036137152959E-002 -4.376670769437291E-008
  2.849772078979027E-002 -1.869340193267181E-007
  2.849239267679402E-002 -2.337520631744025E-007
  2.848682225500804E-002 -1.649240775357259E-007
  2.848352715703111E-002 -1.367704421800655E-008
  2.848395725910687E-002  1.500915611448110E-007
  2.848785495195036E-002  2.520065866389784E-007
  2.849339769269394E-002  2.469328040705946E-007
  2.849804645229317E-002  1.389387960706290E-007
  2.849970544574966E-002 -2.131522878878905E-008
  2.849766368460274E-002 -1.602383986618594E-007
  2.849289565006916E-002 -2.149904545209004E-007
  2.848759477750568E-002 -1.617882379971584E-007
  2.848416248334556E-002 -2.610795112482688E-008
  2.848411842853213E-002  1.295611999020821E-007
  2.848742627824851E-002  2.345327044273415E-007
  2.849253371766532E-002  2.420200138233703E-007
  2.849709777592130E-002  1.499436163399561E-007
  2.849905687724053E-002  1.204734604340492E-009
  2.849755930042568E-002 -1.363876913419652E-007
  2.849333014282248E-002 -2.011477466178863E-007
  2.848831928334744E-002 -1.652973450392956E-007
  2.848480054715450E-002 -4.698614560061121E-008
  2.848433799591119E-002  9.864925682132498E-008
  2.848708906928223E-002  2.050202302040282E-007
  2.849175475706685E-002  2.244072081692798E-007
  2.849618951572208E-002  1.492736630309635E-007
  2.849838494309321E-002  1.506535985757110E-008
  2.849737645888565E-002 -1.164902130064403E-007
  2.849366392136735E-002 -1.857306175564203E-007
  2.848896324770095E-002 -1.620469005799390E-007
  2.848541157730387E-002 -5.732065876159889E-008
  2.848459390656969E-002  8.006702243879471E-008
  2.848683431344524E-002  1.876519043224444E-007
  2.849106844615227E-002  2.173389863333936E-007
  2.849534614461636E-002  1.569279780504764E-007
  2.849772721348635E-002  3.507920462008788E-008
  2.849715908081913E-002 -9.227471930548280E-008
  2.849393951861993E-002 -1.676416808328021E-007
  2.848956136972379E-002 -1.579902367703827E-007
  2.848601892456242E-002 -6.930118631323343E-008
  2.848489796128810E-002  5.675698323695583E-008
  2.848666445401960E-002  1.622504940665056E-007
  2.849047076084182E-002  1.994655926534026E-007
  2.849455912232540E-002  1.523635983082048E-007
  2.849707083015686E-002  4.337257359323009E-008
  2.849688878672705E-002 -7.733602767291449E-008
  2.849413172212774E-002 -1.549685358207100E-007
  2.849008174282685E-002 -1.549783151870037E-007
  2.848658659585942E-002 -7.840340183472508E-008
  2.848521507348945E-002  3.912385071260131E-008
  2.848655144911967E-002  1.440010489742233E-007
  2.848994606986256E-002  1.891570390273328E-007
  2.849382802446173E-002  1.552271329350481E-007
  2.849642988247615E-002  5.887411094275041E-008
  2.849659033503525E-002 -5.531284010077382E-008
  2.849427039625979E-002 -1.354251551495337E-007
  2.849055395994996E-002 -1.458334965500503E-007
  2.848714029464365E-002 -8.305518550699399E-008
  2.848556582102856E-002  2.317073080745087E-008
  2.848651139866500E-002  1.238612111151301E-007
  2.848950724856952E-002  1.732650207399025E-007
  2.849316298339445E-002  1.495361299243212E-007
  2.849581069096896E-002  6.427611566284888E-008
  2.849626382864863E-002 -4.320491141930483E-008
  2.849434679995288E-002 -1.240817566502452E-007
  2.849095908251525E-002 -1.422422526778930E-007
  2.848765195804023E-002 -9.043209841146106E-008
  2.848591675517059E-002  6.896047352464691E-009
  2.848651102361154E-002  1.051170044003242E-007
  2.848912693859399E-002  1.599149113998094E-007
  2.849254676922992E-002  1.473109988679461E-007
  2.849520766978631E-002  7.418431610686113E-008
  2.849591403329862E-002 -2.532846190289773E-008
  2.849437285767729E-002 -1.057089393803602E-007
  2.849131258373112E-002 -1.308374734829894E-007
  2.848813796447116E-002 -9.020033523980371E-008
  2.848628417209371E-002 -3.259370716663249E-009
  2.848656695260395E-002  8.981316816304315E-008
  2.848882291829063E-002  1.466349188303064E-007
  2.849199832621430E-002  1.418369498847229E-007
  2.849463936438125E-002  7.830032142686672E-008
  2.849555601476037E-002 -1.455874876175686E-008
  2.849435648699513E-002 -9.448425119252119E-008
  2.849161237902735E-002 -1.256793951674562E-007
  2.848858544317450E-002 -9.489357093765808E-008
  2.848664624037104E-002 -1.706840323799212E-008
  2.848665239380794E-002  7.185256919769500E-008
  2.848856836679270E-002  1.315022643245094E-007
  2.849149512859856E-002  1.354133321802718E-007
  2.849409005850106E-002  8.277022348408816E-008
  2.849518117099222E-002 -1.626212824716129E-009
  2.849429479929119E-002 -7.898508781958772E-008
  2.849185929712204E-002 -1.143047595610146E-007
  2.848899751361704E-002 -9.216574296491162E-008
  2.848700818463205E-002 -2.342051546874413E-008
  2.848677561547162E-002  6.010932570198811E-008
  2.848837583990597E-002  1.203476365720384E-007
  2.849105447018644E-002  1.302894460712694E-007
  2.849358061712870E-002  8.605863704835572E-008
  2.849481103672194E-002  8.321225904286726E-009
  2.849420605937608E-002 -6.742465186481390E-008
  2.849206459872711E-002 -1.071210620738223E-007
  2.848937617500703E-002 -9.352409596715827E-008
  2.848736272208909E-002 -3.373818371440096E-008
  2.848692220125715E-002  4.437783635444132E-008
  2.848822725245320E-002  1.051369099167047E-007
  2.849065811961650E-002  1.212914288431887E-007
  2.849309511961358E-002  8.623109208289214E-008
  2.849443286236051E-002  1.665407426439280E-008
  2.849408018976329E-002 -5.535171776726213E-008
  2.849221984795084E-002 -9.707258952954879E-008
  2.848971405051303E-002 -8.999300673413815E-008
  2.848770403937127E-002 -3.797017040453254E-008
  2.848708947299607E-002  3.483965625214769E-008
  2.848812502296331E-002  9.521023106017593E-008
  2.849031492322901E-002  1.160108951701117E-007
  2.849264866074173E-002  8.838752924602970E-008
  2.849406598818956E-002  2.549297478914424E-008
  2.849393737931305E-002 -4.379285396699005E-008
  2.849234230815888E-002 -8.816034841729623E-008
  2.849002251443495E-002 -8.806286392345437E-008
  2.848803633723320E-002 -4.437053613211119E-008
  2.848727505658555E-002  2.234497830195222E-008
  2.848806217308434E-002  8.142782023014904E-008
  2.849001567394695E-002  1.061697139444255E-007
  2.849223160879586E-002  8.583965034283307E-008
  2.849370103335915E-002  3.029850719633027E-008
  2.849376812573529E-002 -3.477681446042997E-008
  2.849242157007863E-002 -7.975602890631039E-008
  2.849028989978450E-002 -8.452938795863270E-008
  2.848834740225699E-002 -4.747126876500554E-008
  2.848746804613422E-002  1.409465354060160E-008
  2.848803156804403E-002  7.201106369476009E-008
  2.848975915614256E-002  1.001821743882458E-007
  2.849184959049429E-002  8.634217448203946E-008
  2.849334968054537E-002  3.739002310055468E-008
  2.849358783549033E-002 -2.402504862559538E-008
  2.849247363804132E-002 -6.998940758252135E-008
  2.849052991375144E-002 -8.003062739015314E-008
  2.848864684992531E-002 -5.026082606692623E-008
  2.848767363725629E-002  5.124458008034827E-009
  2.848803486724458E-002  6.055309165013341E-008
  2.848954487344248E-002  9.082878355136869E-008
  2.849150101262610E-002  8.253412562923544E-008
  2.849300944295890E-002  3.992935623089677E-008
  2.849339246620605E-002 -1.723912028444934E-008
  2.849249188886672E-002 -6.290642606747522E-008
  2.849073272200707E-002 -7.657929886132742E-008
  2.848892203684449E-002 -5.252732836230058E-008
  2.848787800656125E-002 -2.157291679414154E-009
  2.848805955535104E-002  5.140076657999757E-008
  2.848936417303217E-002  8.392860237366082E-008
  2.849118282137367E-002  8.108559291674779E-008
  2.849268318501987E-002  4.473952775591971E-008
  2.849318964062643E-002 -8.130925224901102E-009
  2.849248655632238E-002 -5.335210217482722E-008
  2.849090885693861E-002 -7.060405291824629E-008
  2.848918211024483E-002 -5.255529502348550E-008
  2.848808829378030E-002 -7.979704755824682E-009
  2.848811111717702E-002  4.246297878679373E-008
  2.848922168791452E-002  7.576194120977394E-008
  2.849089936669571E-002  7.700989294932512E-008
  2.849237480445837E-002  4.603251470657739E-008
  2.849298182246083E-002 -2.749430931855287E-009
  2.849245727100305E-002 -4.706081184502526E-008
  2.849105398266764E-002 -6.696601868363647E-008
  2.848941855113816E-002 -5.385162920490670E-008
  2.848829280610266E-002 -1.415209602745734E-008
  2.848817673071443E-002  3.378750570514563E-008
  2.848910592177860E-002  6.818826036897785E-008
  2.849064254210401E-002  7.373771276556633E-008
  2.849208061579091E-002  4.841319497591489E-008
  2.849276952354059E-002  4.188303654824316E-009
  2.849240753508604E-002 -3.860356325196069E-008
  2.849117302331823E-002 -6.060141818440040E-008
  2.848963645724465E-002 -5.216560493767446E-008
  2.848849632359317E-002 -1.759345391655578E-008
  2.848826113644074E-002  2.703701343797193E-008
  2.848902223181224E-002  6.132285638912881E-008
  2.849041877014345E-002  6.983730167255141E-008
  2.849180786303740E-002  4.903935926273613E-008
  2.849255973427790E-002  8.701451481023449E-009
  2.849234246844842E-002 -3.270821884973643E-008
  2.849126766847840E-002 -5.650806103980483E-008
  2.848983323028837E-002 -5.225417340642513E-008
  2.848869220722348E-002 -2.233726533615855E-008
  2.848835498377034E-002  1.929565666932930E-008
  2.848896052428488E-002  5.362709849303698E-008
  2.849021914699921E-002  6.524879091890769E-008
  2.849155010978070E-002  4.927500261045452E-008
  2.849234879656276E-002  1.338866371398266E-008
  2.849226064518157E-002 -2.583109299517383E-008
  2.849133777334791E-002 -5.055096065440912E-008
  2.849000921778789E-002 -4.977653766243323E-008
  2.848888108320931E-002 -2.422733983686884E-008
  2.848845960904704E-002  1.416351821034088E-008
  2.848892362596394E-002  4.781723603903708E-008
  2.849004860659149E-002  6.154874962044485E-008
  2.849131437279166E-002  4.940259320017165E-008
  2.849214493790883E-002  1.721035382970046E-008
  2.849216995934242E-002 -2.022276275031269E-008
  2.849138917741955E-002 -4.594814298204802E-008
  2.849016691251028E-002 -4.856984167778675E-008
  2.848906169112420E-002 -2.731170908003837E-008
  2.848857059162854E-002  7.796717226238729E-009
  2.848890527699987E-002  4.062516190769585E-008
  2.848990056838958E-002  5.633507801821702E-008
  2.849109491238571E-002  4.807391526764564E-008
  2.849194372256706E-002  1.995294542768170E-008
  2.849206704863897E-002 -1.498208939159255E-008
  2.849141899147925E-002 -4.079298133960105E-008
  2.849030339909951E-002 -4.590864891720841E-008
  2.848923107623185E-002 -2.829874181555339E-008
  2.848868552123612E-002  3.748333378513962E-009
  2.848890457396294E-002  3.552863710022935E-008
  2.848977652845521E-002  5.267036631749163E-008
  2.849089597722166E-002  4.762997125350851E-008
  2.849175169463416E-002  2.300143821835491E-008
  2.849195954548600E-002 -9.810184621096753E-009
  2.849143435424841E-002 -3.588057762478407E-008
  2.849042389900764E-002 -4.356896949162954E-008
  2.848939174359555E-002 -2.973138100723835E-008
  2.848880421733672E-002 -1.010043329049205E-009
  2.848891938076075E-002  2.932442996611192E-008
  2.848967343094843E-002  4.748142377172270E-008
  2.849071446300681E-002  4.540035328431338E-008
  2.849156607353883E-002  2.431210250371488E-008
  2.849184480990606E-002 -5.958808241880234E-009
  2.849143226033272E-002 -3.157089330193626E-008
  2.849052460972396E-002 -4.099143350750229E-008
  2.848953909984021E-002 -3.018236216554485E-008
  2.848892188959592E-002 -4.316929273199889E-009
  2.848894574789639E-002  2.469722522580767E-008
  2.848958926887488E-002  4.370454819288938E-008
  2.849055102158594E-002  4.426982691411869E-008
  2.849139018304053E-002  2.642080125467975E-008
  2.849172810358264E-002 -1.494234880827071E-009
  2.849141867993218E-002 -2.671030339393284E-008
  2.849061092359042E-002 -3.788761812650882E-008
  2.848967705284706E-002 -3.021893266664072E-008
  2.848904068648893E-002 -7.502847839270230E-009
  2.848898439177229E-002  1.970866410852411E-008
  2.848952397673856E-002  3.899042405267095E-008
  2.849040539056575E-002  4.169753011957910E-008
  2.849122377212401E-002  2.682215332391823E-008
  2.849160892687124E-002  1.335639884908930E-009
  2.849139230236580E-002 -2.308567346412971E-008
  2.849068019358053E-002 -3.541467983066763E-008
  2.848980147937662E-002 -3.025361729076150E-008
  2.848915544228253E-002 -1.019238490862031E-008
  2.848903004378986E-002  1.548232669890508E-008
  2.848947332632939E-002  3.508783574451370E-008
  2.849027532007912E-002  3.986482983709644E-008
  2.849106696271369E-002  2.789331878711981E-008
  2.849148949810807E-002  4.854964246367280E-009
  2.849135663813091E-002 -1.865500650634529E-008
  2.849073622646729E-002 -3.199748201525602E-008
  2.848991567804345E-002 -2.930419005249988E-008
  2.848926859685026E-002 -1.205982767891731E-008
  2.848908442321307E-002  1.168272730018402E-008
  2.848943874973062E-002  3.104775844808009E-008
  2.849016236500950E-002  3.730282884693536E-008
  2.849092153228413E-002  2.777993330283729E-008
  2.849137149086402E-002  6.993142145524685E-009
  2.849131261531103E-002 -1.551061815098078E-008
  2.849077853634108E-002 -2.954581379212022E-008
  2.849001738549401E-002 -2.890543282257553E-008
  2.848937627237805E-002 -1.410864509972831E-008
  2.848914273290729E-002  7.935798487545101E-009
  2.848941553961611E-002  2.715134742280863E-008
  2.849006288065181E-002  3.489920304856624E-008
  2.849078550253079E-002  2.786298922565856E-008
  2.849125465297117E-002  9.466059721106451E-009
  2.849126127448090E-002 -1.178212423260271E-008
  2.849080877416419E-002 -2.621548876706616E-008
  2.849010825249070E-002 -2.740402614537572E-008
  2.848947983150503E-002 -1.501497590512724E-008
  2.848920615373447E-002  5.128880532835572E-009
  2.848940506409055E-002  2.377763654845707E-008
  2.848997878979610E-002  3.249252219194567E-008
  2.849066145073238E-002  2.745333500435940E-008
  2.849114191059927E-002  1.111872087540748E-008
  2.849120523982067E-002 -8.979486172909780E-009
  2.849082850157597E-002 -2.371903683787446E-008
  2.849018821547229E-002 -2.653696318501035E-008
  2.848957746308378E-002 -1.635868479170367E-008
  2.848927151365310E-002  2.000099700470495E-009
  2.848940355018015E-002  2.010211174167275E-008
  2.848990657085422E-002  2.976071287337345E-008
  2.849054674762130E-002  2.673931794624392E-008
  2.849103175927626E-002  1.260689572920728E-008
  2.849114394407453E-002 -6.061831100839575E-009
  2.849083764889507E-002 -2.073910981766845E-008
  2.849025727233684E-002 -2.483417358649972E-008
  2.848966904255484E-002 -1.664758324510469E-008
  2.848933870778996E-002 -6.723060100186855E-011
  2.848941130112082E-002  1.727473358356852E-008
  2.848984734955397E-002  2.751164823844674E-008
  2.849044353316666E-002  2.610546328501233E-008
  2.849092716459916E-002  1.385022790857697E-008
  2.849108062001897E-002 -3.566945326481417E-009
  2.849083896711142E-002 -1.821182568928190E-008
  2.849031702474762E-002 -2.352537815228039E-008
  2.848975468276050E-002 -1.726884203476431E-008
  2.848940646367945E-002 -2.469501761859905E-009
  2.848942614174599E-002  1.403026072368877E-008
  2.848979869908143E-002  2.472762572143603E-008
  2.849034968677838E-002  2.486441195597595E-008
  2.849082657956946E-002  1.453809109768377E-008
  2.849101422087976E-002 -1.416722624021890E-009
  2.849083160630585E-002 -1.568875218950588E-008
  2.849036649836128E-002 -2.183709265040759E-008
  2.848983315487834E-002 -1.719376948299571E-008
  2.848947346486546E-002 -4.015135298183756E-009
  2.848944708320709E-002  1.161240627576072E-008
  2.848976044079660E-002  2.258326260267033E-008
  2.849026615975913E-002  2.400233747967007E-008
  2.849073206928269E-002  1.536594967058023E-008
  2.849094753848692E-002  7.231623186329560E-010
  2.849081844868536E-002 -1.322482092502138E-008
  2.849040800685730E-002 -2.019599856108739E-008
  2.848990575665661E-002 -1.716231829791273E-008
  2.848953989875895E-002 -5.668942293928280E-009
  2.848947345289098E-002  8.935728989095289E-009
  2.848973148918251E-002  1.997902768929011E-008
  2.849019188159573E-002  2.250427877193306E-008
  2.849064280221046E-002  1.548814058771078E-008
  2.849087992881647E-002  2.244209414353085E-009
  2.849079878014424E-002 -1.114220246285961E-008
  2.849044047475453E-002 -1.860999953388757E-008
  2.848997091683224E-002 -1.686515872113692E-008
  2.848960383737495E-002 -6.830201182559132E-009
  2.848950336398855E-002  6.836010835567511E-009
  2.848971051320969E-002  1.790169497798556E-008
  2.849012650117114E-002  2.140448883653431E-008
  2.849055956098485E-002  1.587646931900100E-008
  2.849081311958706E-002  3.954587626921362E-009
  2.849077480978335E-002 -8.875096754176554E-009
  2.849046603081962E-002 -1.680283639333879E-008
  2.849003023277786E-002 -1.632835554410836E-008
  2.848966615641071E-002 -7.808767583017965E-009
  2.848953707067933E-002  4.762557730165162E-009
  2.848969743877709E-002  1.561915853872349E-008
  2.849006992848384E-002  1.985862635032788E-008
  2.849048240405427E-002  1.564867172465593E-008
  2.849074725132620E-002  5.010406457972938E-009
  2.849074650174068E-002 -7.154031374722743E-009
  2.849048415204136E-002 -1.532294051380706E-008
  2.849008250525932E-002 -1.586283601788184E-008
  2.848972503854798E-002 -8.644130091633940E-009
  2.848957245972907E-002  2.952805341387564E-009
  2.848969034048370E-002  1.361955876401772E-008
  2.849002089320397E-002  1.854979981134372E-008
  2.849041099081995E-002  1.560528959949855E-008
  2.849068289764660E-002  6.241862960424583E-009
  2.849071505993377E-002 -5.204661721934112E-009
  2.849049624914721E-002 -1.352456734124420E-008
  2.849012896528481E-002 -1.500497705925211E-008
  2.848978133113893E-002 -9.087028490637275E-009
  2.848961002575781E-002  1.429473249146458E-009
  2.848968956642562E-002  1.170442462568828E-008
  2.848997983975469E-002  1.707911812258326E-008
  2.849034599185281E-002  1.518224270221867E-008
  2.849062088292856E-002  6.968983805993608E-009
  2.849068120180633E-002 -3.760811243456363E-009
  2.849050259424087E-002 -1.212437545228128E-008
  2.849016918044141E-002 -1.438118686787818E-008
  2.848983384812604E-002 -9.607771200825899E-009
  2.848964803428107E-002 -7.274520145314561E-011
  2.848969322965936E-002  9.837855329449336E-009
  2.848994517104020E-002  1.563673224798507E-008
  2.849028642618868E-002  1.476649470541043E-008
  2.849056094232048E-002  7.726664589232159E-009
  2.849064523985429E-002 -2.199593830867413E-009
  2.849050378650982E-002 -1.047402965963819E-008
  2.849020373763394E-002 -1.337640080031611E-008
  2.848988299059494E-002 -9.675789513874462E-009
  2.848968671643014E-002 -1.149997849443321E-009
  2.848970156435926E-002  8.264507194613931E-009
  2.848991734429608E-002  1.428668325174393E-008
  2.849023310718349E-002  1.423357086916949E-008
  2.849050419785324E-002  8.210551141316926E-009
  2.849060836877425E-002 -9.779725326677191E-010
  2.849050075156042E-002 -9.137692604185053E-009
  2.849023298317573E-002 -1.260254144981971E-008
  2.848992837739928E-002 -9.884800432454125E-009
  2.848972504290129E-002 -2.314696525860971E-009
  2.848971317130591E-002  6.604516891707585E-009
  2.848989495816866E-002  1.281466788623856E-008
  2.849018494707756E-002  1.354705849918103E-008
  2.849045002715673E-002  8.555218105431812E-009
  2.849057038447697E-002  1.875789244778777E-010
  2.849049351114924E-002 -7.715135736501133E-009
  2.849025694068795E-002 -1.158101260382576E-008
  2.848996989783520E-002 -9.719649465569908E-009
  2.848976278955007E-002 -3.058969873062176E-009
  2.848972787882792E-002  5.313974511937185E-009
  2.848987811792680E-002  1.158231875554905E-008
  2.849014249151981E-002  1.293739756447253E-008
  2.849039942240076E-002  8.834390596179033E-009
  2.849053254709176E-002  1.204780880530638E-009
  2.849048328558652E-002 -6.454694129421067E-009
  2.849027646839176E-002 -1.068737300306420E-008
  2.849000783493691E-002 -9.639450086363569E-009
  2.848979963886834E-002 -3.873818025729644E-009
  2.848974493129675E-002  3.921826316182269E-009
  2.848986590336210E-002  1.018370252793616E-008
  2.849010492273651E-002  1.209793494241560E-008
  2.849035182303878E-002  8.862369896039690E-009
  2.849049454817516E-002  2.018833157386838E-009
  2.849046988240223E-002 -5.280370996730921E-009
  2.849029131153917E-002 -9.723623495440579E-009
  2.849004175658624E-002 -9.341284465706149E-009
  2.848983500095784E-002 -4.377033864648302E-009
  2.848976373934168E-002  2.855471270584038E-009
  2.848985795708492E-002  9.050405973690363E-009
  2.849007231482428E-002  1.142024046426729E-008
  2.849030780582830E-002  8.948897066136824E-009
  2.849045736658044E-002  2.824525682674773E-009
  2.849045444003767E-002 -4.131453421393006E-009
  2.849030247398041E-002 -8.765474907902378E-009
  2.849007229731432E-002 -9.023355530368902E-009
  2.848986904933718E-002 -4.862575523310245E-009
  2.848978408751461E-002  1.759523356569576E-009
  2.848985386159619E-002  7.802201084542478E-009
  2.849004425596454E-002  1.053399820412986E-008
  2.849026709779575E-002  8.764230623056302E-009
  2.849042087320807E-002  3.358520265146875E-009
  2.849043686133841E-002 -3.184036716886752E-009
  2.849030973027607E-002 -7.886501685935148E-009
  2.849009898741000E-002 -8.648509962703231E-009
  2.848990107056229E-002 -5.183613039863659E-009
  2.848980515334000E-002  8.782604574858706E-010
  2.848985290822898E-002  6.756944770096328E-009
  2.849002037281391E-002  9.796982927898550E-009
  2.849022978821812E-002  8.666833080294856E-009
  2.849038559820447E-002  3.940931166117239E-009
  2.849041795398220E-002 -2.189349337534470E-009
  2.849031392670816E-002 -6.931816696815527E-009
  2.849012249210481E-002 -8.165862905758841E-009
  2.848993143026636E-002 -5.391557593334977E-009
  2.848982701910356E-002  6.905970352820741E-011
  2.848985501979548E-002  5.698177881221490E-009
  2.849000058707500E-002  8.939971458848441E-009
  2.849019590667146E-002  8.357969145867985E-009
  2.849035168316624E-002  4.268342285917163E-009
  2.849039786907831E-002 -1.429495749527224E-009
  2.849031506659673E-002 -6.136166310937825E-009
  2.849014253561244E-002 -7.739005486513435E-009
  2.848995953998967E-002 -5.560620458098082E-009
  2.848984887696956E-002 -6.437492098257539E-010
  2.848985936165164E-002  4.746401554177868E-009
  2.848998425656838E-002  8.165311271973128E-009
  2.849016516386866E-002  8.097557177402989E-009
  2.849031923234394E-002  4.628016976609880E-009
  2.849037701519008E-002 -6.211545146649806E-010
  2.849031368774392E-002 -5.248078814821771E-009
  2.849015960138038E-002 -7.169905722309371E-009
  2.848998571226246E-002 -5.560429463708107E-009
  2.848987085945964E-002 -1.204781168395851E-009
  2.848986597341270E-002  3.880425941973362E-009
  2.848997145556116E-002  7.378458576297831E-009
  2.849013776388681E-002  7.725531274104107E-009
  2.849028858701726E-002  4.807234502187598E-009
  2.849035577852808E-002 -1.139571924881349E-011
  2.849031006653271E-002 -4.525681874073689E-009
  2.849017370791029E-002 -6.701351540510511E-009
  2.849000963585029E-002 -5.592220907329756E-009
  2.848989236795476E-002 -1.751717852324577E-009
  2.848987411471379E-002  3.040260880974527E-009
  2.848996149568082E-002  6.601179868551650E-009
  2.849011323714596E-002  7.339284478285188E-009
  2.849025957432431E-002  4.964574581747338E-009
  2.849033424973542E-002  5.999623057852403E-010
  2.849030443855464E-002 -3.748542745668992E-009
  2.849018509247820E-002 -6.113139847673034E-009
  2.849003144877906E-002 -5.454212891574613E-009
  2.848991342553858E-002 -2.116755929729505E-009
  2.848988376327048E-002  2.346691912235585E-009
  2.848995442252093E-002  5.896870632938588E-009
  2.849009179118243E-002  6.937977520775636E-009
  2.849023258437127E-002  5.033141515282854E-009
  2.849031292860578E-002  1.084714515458939E-009
  2.849029727070742E-002 -3.094089262799583E-009
  2.849019403403925E-002 -5.613171921376507E-009
  2.849005113956551E-002 -5.361672923381355E-009
  2.848993372404774E-002 -2.498559947108467E-009
  2.848989440730212E-002  1.638713018248768E-009
  2.848994967444929E-002  5.157302632073778E-009
  2.849007296627712E-002  6.473823235714604E-009
  2.849020735024084E-002  5.025969173359106E-009
  2.849029174159533E-002  1.511270959088342E-009
  2.849028860489013E-002 -2.447843786137327E-009
  2.849020057957661E-002 -5.052405599717456E-009
  2.849006867555681E-002 -5.143774348362922E-009
  2.848995313502579E-002 -2.718363819324964E-009
  2.848990588308677E-002  1.088102562723835E-009
  2.848994715983862E-002  4.531640776837505E-009
  2.849005684345065E-002  6.058267034675949E-009
  2.849018416707875E-002  5.004236917268466E-009
  2.849027115380681E-002  1.882920361618265E-009
  2.849027895798213E-002 -1.865217307087816E-009
  2.849020515049030E-002 -4.538265425943162E-009
  2.849008426466990E-002 -4.946676504571129E-009
  2.848997161009868E-002 -2.943495014778396E-009
  2.848991793194162E-002  5.251798747926338E-010
  2.848994652044999E-002  3.865025274272832E-009
  2.849004309035781E-002  5.564814989935934E-009
  2.849016281534757E-002  4.878977149428392E-009
  2.849025107421317E-002  2.153297279365289E-009
  2.849026831368323E-002 -1.348178158830528E-009
  2.849020771598241E-002 -4.029135707308562E-009
  2.849009778656573E-002 -4.688465344588445E-009
  2.848998892019820E-002 -3.057893065411089E-009
  2.848993026698425E-002  9.061520155653814E-011
  2.848994751281209E-002  3.309758064059417E-009
  2.849003161374496E-002  5.141851236486877E-009
  2.849014341522526E-002  4.778421677460234E-009
  2.849023182487114E-002  2.416095415044583E-009
  2.849025711062713E-002 -8.476286361583291E-010
  2.849020870502954E-002 -3.524574448601508E-009
  2.849010954337518E-002 -4.415053327863796E-009
  2.849000517749292E-002 -3.146148739357275E-009
  2.848994282190941E-002 -3.277245237643378E-010
  2.848994996603745E-002  2.738608597394803E-009
  2.849002223605241E-002  4.659082021617958E-009
  2.849012585795150E-002  4.579923896387436E-009
  2.849021338559142E-002  2.565549336562592E-009
  2.849024537594955E-002 -4.444800957725691E-010
  2.849020811412318E-002 -3.073860028522636E-009
  2.849011942822677E-002 -4.138945172985245E-009
