   1.00000001921175       0.000000000000000E+000
  0.812478766620312      -2.756537891092974E-003
  0.397823597229991      -1.649339092871982E-002
  6.494070764095611E-002 -3.716310780455714E-002
  4.351152973148619E-002 -4.848592879332862E-002
  0.316690966913248      -3.829436385455234E-002
  0.652984533214152      -1.283738189527141E-002
  0.799183729598713       5.423105946553128E-003
  0.672140805198523      -3.792952963431632E-003
  0.400490965898611      -3.948967930138365E-002
  0.198702294434825      -7.695587796355653E-002
  0.190735549335715      -8.575212179162311E-002
  0.329275463530269      -5.428991588334792E-002
  0.463792376794381      -7.128118413807340E-004
  0.482751640942734       3.964913646052577E-002
  0.401404616096419       4.094609565934079E-002
  0.326199611153834       6.571892113554703E-003
  0.340598445565867      -3.364809929977247E-002
  0.423169159022082      -4.649177216115179E-002
  0.472516608766731      -2.031819429100607E-002
  0.412115371286737       2.730819963233995E-002
  0.274268751751408       6.435561433049010E-002
  0.181660356144783       6.882385897007495E-002
  0.238757636836205       4.364919453852228E-002
  0.429245070517143       1.153338079236898E-002
  0.614502409998938      -4.333869169013085E-003
  0.641781531186185       2.691936111535780E-003
  0.473919649199180       2.076231436967282E-002
  0.229631079234032       3.211481548704054E-002
  9.574710627135301E-002  2.807611552456289E-002
  0.179766482011899       1.397032381548882E-002
  0.422403522526313       1.417163583115581E-003
  0.642001625702293      -3.445693096620396E-003
  0.675487993993933      -4.706275330856344E-003
  0.502882552665859      -1.072436658652173E-002
  0.257525485600733      -2.402054714451963E-002
  0.117849552423919      -3.722470044274086E-002
  0.170469449245237      -3.936719833511938E-002
  0.352647912929391      -2.687149974586815E-002
  0.513378320869353      -8.802080649218422E-003
  0.536245306684484      -6.895321608222776E-004
  0.422861567998638      -1.147064430543504E-002
  0.275535239677131      -3.469898066078640E-002
  0.203788880518646      -5.218291979481280E-002
  0.238075950186004      -4.790130757814831E-002
  0.319546517983313      -2.114217757733341E-002
  0.364787724359763       1.202807722016173E-002
  0.341810031242954       3.057073183126433E-002
  0.290386166056024       2.438058710227691E-002
  0.274459199967636       1.746912379987724E-003
  0.315679399175130      -1.738998747880972E-002
  0.371254752000981      -1.683306261588003E-002
  0.376044809978036       3.999496786776980E-003
  0.308790104327445       3.064944260249093E-002
  0.219689952725847       4.542438247363209E-002
  0.191107241304710       4.059214134690932E-002
  0.263886775135351       2.279238008680260E-002
  0.394550036477953       6.192630430673687E-003
  0.483995893245184       9.236342840681586E-004
  0.457037590759467       6.328848454204700E-003
  0.326993346408169       1.364734006463186E-002
  0.189891184713280       1.461617520874844E-002
  0.150602893264127       8.094327065162134E-003
  0.239952962589768      -5.355549416272110E-004
  0.389941720277509      -5.616631905756923E-003
  0.486992440828706      -6.759155929050239E-003
  0.459993843008216      -8.552933849847663E-003
  0.332864930955029      -1.509949054954864E-002
  0.201665948582624      -2.490833519431464E-002
  0.157636270585099      -3.132186643107143E-002
  0.219191065794499      -2.842380660203042E-002
  0.325118744910824      -1.712492517964028E-002
  0.389377649738763      -5.609878290282160E-003
  0.369182109257472      -3.137283056224123E-003
  0.291653265805898      -1.214284628879014E-002
  0.222460391091933      -2.544470982458877E-002
  0.208223798110633      -3.133422930116952E-002
  0.242553349406267      -2.275502251166279E-002
  0.280866776725586      -3.188229717093809E-003
  0.285585977184328       1.564096635067716E-002
  0.259137478611037       2.255000148858665E-002
  0.236614447716202       1.526020454184332E-002
  0.247977191525528       1.798541413710543E-003
  0.286710481704821      -5.975757809598502E-003
  0.314572463955355      -1.430120506112162E-003
  0.298146897047395       1.227858058427690E-002
  0.243296676900864       2.533885980900860E-002
  0.194801192738746       2.913407213610285E-002
  0.199338548026655       2.239311981474734E-002
  0.263202327506840       1.111008582004843E-002
  0.342293302040008       3.007617522995235E-003
  0.375159771542155       1.524855574389438E-003
  0.332944758199889       4.113858353015985E-003
  0.244728964522782       5.579500199831377E-003
  0.176350085876079       2.976141561678631E-003
  0.179066621713118      -2.292298823699574E-003
  0.249383633464531      -6.603721333072951E-003
  0.332256005291332      -8.031415865118862E-003
  0.364548064224190      -8.194034219252026E-003
  0.323445089517852      -1.036100602730512E-002
  0.241647470552344      -1.574187740728651E-002
  0.179061947107950      -2.162632489698730E-002
  0.175613638777922      -2.335715596758807E-002
  0.223234175682655      -1.855499566569832E-002
  0.277309691466604      -9.794683787288191E-003
  0.295062564101084      -3.096822776285866E-003
  0.268001388996388      -3.194976907964798E-003
  0.223356726330208      -9.456207464986677E-003
  0.196911507332432      -1.599458123977141E-002
  0.202745291310296      -1.612351947030583E-002
  0.225339720863294      -7.667106914595873E-003
  0.238096360990917       5.153298560398660E-003
  0.229286615695607       1.482161639167192E-002
  0.211589516116376       1.617622162007101E-002
  0.207715182527370       1.015539142417775E-002
  0.226697679554962       2.783046497694910E-003
  0.253521117919306       3.661793932149579E-004
  0.262104025449877       4.791050657256329E-003
  0.240054137595104       1.251288629302255E-002
  0.202458962841429       1.772370452362796E-002
  0.181249169716926       1.689706880727091E-002
  0.198241211981285       1.108163279242305E-002
  0.244894749008179       4.431674500570176E-003
  0.286904301474790       5.902784282664938E-004
  0.290946266734721       6.556809048412444E-005
  0.251910141325053       5.604355549129776E-004
  0.197984193964472      -4.524236091319372E-004
  0.168987932708177      -3.416379879109823E-003
  0.185292199565354      -6.627944415774883E-003
  0.232289592038244      -8.218736202927183E-003
  0.272532060783618      -8.136493009617600E-003
  0.275219527473344      -8.201378000565217E-003
  0.239227080584584      -1.019493019371395E-002
  0.191976014792000      -1.382181928228405E-002
  0.166476193509389      -1.655599907223648E-002
  0.175981535193149      -1.568803887306849E-002
  0.206237101575818      -1.084752730707031E-002
  0.229791283871184      -4.720542932547178E-003
  0.228889460122744      -1.153042252306757E-003
  0.207826370800407      -2.085871210807048E-003
  0.186023634267247      -5.858937849736911E-003
  0.179754407475797      -8.377692365158947E-003
  0.189059130415946      -6.297187326666438E-003
  0.200376862650093       3.038071788833041E-004
  0.200932611705917       7.905442242313782E-003
  0.190954913895612       1.220015950330862E-002
  0.182692655304504       1.130319210794981E-002
  0.187733182812110       7.012489878038482E-003
  0.204816064047617       3.226248584808651E-003
  0.219745425037150       2.887964691072315E-003
  0.217890944673887       5.898805973527898E-003
  0.198172192398362       9.519357669413369E-003
  0.175691741841465       1.072510665374109E-002
  0.169919353964304       8.501743770141939E-003
  0.188063758340661       4.310471468083393E-003
  0.217884021625866       5.883184903129812E-004
  0.236561332393112      -1.266708562995332E-003
  0.228776034250561      -1.731260874351482E-003
  0.199237685632918      -2.296710259229833E-003
  0.169301128964713      -3.887223743580191E-003
  0.160310417926141      -6.042584122152550E-003
  0.177098127440302      -7.526135531926891E-003
  0.204760832797103      -7.668801945241800E-003
  0.220886298877909      -7.112794232375694E-003
  0.213018714857691      -7.221446550261657E-003
  0.187424849900342      -8.692534570635206E-003
  0.162841004541223      -1.068720417540054E-002
  0.155155018650385      -1.136067255285529E-002
  0.165741904845538      -9.426117981629489E-003
  0.182276277197925      -5.412610106237223E-003
  0.190133752974972      -1.464996241808186E-003
  0.184157654876171       2.538405254428486E-004
  0.171257839394009      -7.114026956036012E-004
  0.162779065521709      -2.689199334830473E-003
  0.164197040754395      -3.160819801688704E-003
  0.171228323065979      -7.425067348834768E-004
  0.175094421342452       3.708182603829594E-003
  0.171430951093675       7.735540549449916E-003
  0.164440851741714       9.147798560727926E-003
  0.162608215793199       7.616144080863064E-003
  0.170135114365115       4.787006985102256E-003
  0.182172714178954       2.903550709993176E-003
  0.188482150724953       3.095369383032762E-003
  0.182516448952924       4.674553508027951E-003
  0.167876169234842       5.885624851369027E-003
  0.156144734016591       5.379540784672528E-003
  0.157521098133961       3.183862379278396E-003
  0.172025295139230       4.707773728374382E-004
  0.188829219092919      -1.533332728084733E-003
  0.194572639413925      -2.495948596019119E-003
  0.184000416122791      -3.020564986731824E-003
  0.164244491487549      -3.874304622489654E-003
  0.149255326232828      -5.187430770912519E-003
  0.148916574815474      -6.360551427162961E-003
  0.161598486862922      -6.714604257019590E-003
  0.175933341906990      -6.225449634053032E-003
  0.180043183439854      -5.619671386313216E-003
  0.170605434209280      -5.712380542320688E-003
  0.154673675801208      -6.584621313945872E-003
  0.143350552817122      -7.376843324216879E-003
  0.142937476268771      -6.947642022990854E-003
  0.150753269255049      -4.873113195462589E-003
  0.158466849073360      -1.924393003513610E-003
  0.159478223785196       4.315112715898705E-004
  0.153922797756116       1.144633593148352E-003
  0.147459819343978       4.111623341650912E-004
  0.145568511200760      -4.704444789456254E-004
  0.148721368445495      -1.198807111224454E-004
  0.152574958147550       1.837189889221198E-003
  0.152590700497920       4.475305130955481E-003
  0.148576610805016       6.286258210654165E-003
  0.144917710489428       6.318771891618280E-003
  0.146324796686422       4.841341191214780E-003
  0.153061028028485       3.044685518493156E-003
  0.160123263714188       2.078463821330096E-003
  0.161331197340762       2.215947307885836E-003
  0.154849081393012       2.777183182597411E-003
  0.145248868501388       2.790278551482918E-003
  0.140096792865652       1.790455786797149E-003
  0.143751788816265       1.104720187397431E-004
  0.153552138990916      -1.502811753341994E-003
  0.161677546399670      -2.542330038976190E-003
  0.161279293510010      -3.084609289783966E-003
  0.151917867439974      -3.572097568605400E-003
  0.139903980934128      -4.296711817994459E-003
  0.133313035099023      -5.088938711625167E-003
  0.135744510474656      -5.492946275354896E-003
  0.143798596429322      -5.242577312655174E-003
  0.150100221796720      -4.572623539291172E-003
  0.149207204920129      -4.052680653747971E-003
  0.141593150606316      -4.073569138209059E-003
  0.132723966589312      -4.448107968754381E-003
  0.128356261141842      -4.508168949609683E-003
  0.130108943505817      -3.651958648998884E-003
  0.134795475377386      -1.891078314893571E-003
  0.137652614541665       7.798056634599227E-005
  0.136413713302677       1.367581382336205E-003
  0.132774001160727       1.573488934589465E-003
  0.130309225985501       1.084090393769976E-003
  0.131010258897857       7.681610633980820E-004
  0.133608288871660       1.287576334844509E-003
  0.135053671415357       2.581642409622149E-003
  0.133609917638771       3.924444870480923E-003
  0.130626232876948       4.492389613593044E-003
  0.129332785297617       3.979802548898316E-003
  0.131750645611254       2.785063315818915E-003
  0.136551647560127       1.653796512310973E-003
  0.139898827521622       1.097803596159667E-003
  0.138661398819487       1.058359107177027E-003
  0.133250425762162       1.048564673377715E-003
  0.127554124507252       6.078559922636208E-004
  0.125889438958223      -3.294610309912891E-004
  0.129447200731843      -1.436219029780616E-003
  0.135198961994249      -2.313767540086680E-003
  0.138224021983768      -2.821446810946628E-003
  0.135591638448511      -3.130634862284915E-003
  0.128656988569318      -3.488641843734621E-003
  0.121945420961893      -3.937687767712353E-003
  0.119584915794334      -4.258374494109761E-003
  0.122187152622523      -4.186426986171580E-003
  0.126613645803973      -3.693091418291794E-003
  0.128656054394112      -3.057330740603245E-003
  0.126342707459741      -2.646089323757136E-003
  0.121230208122220      -2.587755453530028E-003
  0.116830256854932      -2.632365689017176E-003
  0.115676065802225      -2.340073777497721E-003
  0.117497092934720      -1.455642833670314E-003
  0.119851702667825      -1.567927021180563E-004
  0.120433275642501       1.041879158503852E-003
  0.118957171935148       1.665115253269653E-003
  0.117085380148888       1.634401306125776E-003
  0.116656734250033       1.318145845988287E-003
  0.117936136232482       1.233906596737949E-003
  0.119456700739284       1.641643187224463E-003
  0.119513645756270       2.349643072539721E-003
  0.117869700710926       2.877272934290323E-003
  0.116070565923836       2.831950207168386E-003
  0.116052353844653       2.196589058533338E-003
  0.118285451078069       1.312049497089847E-003
  0.121149552334372       5.929581464718185E-004
  0.122173844773303       2.211587915592139E-004
  0.120132832774651       5.670849252657361E-005
  0.116198371140016      -1.894912800340242E-004
  0.113108743643325      -6.910450258525684E-004
  0.112985934695799      -1.374707053079785E-003
  0.115591053164019      -2.012729585213045E-003
  0.118469332188373      -2.432177124981235E-003
  0.118883451270113      -2.646221958136187E-003
  0.115968298533802      -2.799796579399637E-003
  0.111375912893707      -2.996816635817737E-003
  0.107930883288633      -3.179905599509177E-003
  0.107426446261490      -3.177803247015903E-003
  0.109335615108983      -2.876224633661024E-003
  0.111400304197330      -2.350837175802663E-003
  0.111514498236058      -1.831613626371925E-003
  0.109325288802188      -1.518826805487262E-003
  0.106313099924367      -1.408086630432717E-003
  0.104426242027066      -1.282461692813581E-003
  0.104501470264854      -8.902936975486902E-004
  0.105765315475989      -1.665667312266139E-004
  0.106705972339381       6.877235259902956E-004
  0.106442855461362       1.340495920726812E-003
  0.105383912361157       1.573866446422295E-003
  0.104675607199892       1.443824564192443E-003
  0.105037897387059       1.227042612507684E-003
  0.106078064882314       1.199453980823555E-003
  0.106689059341923       1.424400637457089E-003
  0.106132758607381       1.715236157809379E-003
  0.104791370318530       1.793051812360177E-003
  0.103877901293387       1.505782497991661E-003
  0.104340916559659       9.349013022766531E-004
  0.105936505784193       3.163295185396890E-004
  0.107318357084433      -1.460126293603810E-004
  0.107118401155906      -4.179943979448699E-004
  0.105118584272179      -6.222831279553050E-004
  0.102506792197116      -9.039154054152377E-004
  0.100966610032707      -1.299018297535197E-003
  0.101331157988918      -1.714738791834149E-003
  0.102905597848811      -2.023227351144574E-003
  0.104016425285439      -2.174582261337756E-003
  0.103339134237552      -2.226109637915364E-003
  0.100928416182490      -2.268324933925202E-003
  9.813714713736063E-002 -2.323545291297410E-003
  9.652640111892800E-002 -2.315501583336693E-003
  9.667135768727456E-002 -2.140503463470267E-003
  9.780813648968494E-002 -1.775373300378093E-003
  9.854420027024868E-002 -1.320836451115684E-003
  9.799358856583493E-002 -9.343775914781846E-004
  9.640501842726405E-002 -7.051959793268027E-004
  9.483052122782276E-002 -5.787723257935769E-004
  9.419380097446056E-002 -4.003519200161976E-004
  9.457316666947353E-002 -4.668307683865824E-005
  9.526296765061455E-002  4.612757126604019E-004
  9.547876085203821E-002  9.593726478570418E-004
  9.504173443209597E-002  1.257427904635227E-003
  9.445297168262387E-002  1.279764957151379E-003
  9.434436688986267E-002  1.117179478058173E-003
  9.484419305710698E-002  9.505312145464495E-004
  9.544379567232736E-002  9.092125885641746E-004
  9.547732726036011E-002  9.773207565494622E-004
  9.476533987742547E-002  1.017988616667583E-003
  9.382439779580135E-002  8.897048259166487E-004
  9.343412825571853E-002  5.577878883131698E-004
  9.393126755056171E-002  1.148759206468239E-004
  9.485605339303033E-002 -2.971623080923732E-004
  9.528323084419923E-002 -5.929225355682102E-004
  9.458003303864347E-002 -7.907575969568987E-004
  9.295607198498738E-002 -9.714903065558167E-004
  9.133178421166983E-002 -1.193639910727306E-003
  9.061825087443097E-002 -1.441163166678571E-003
  9.099369025183139E-002 -1.644088330070508E-003
  9.176710088185185E-002 -1.745674227824234E-003
  9.193620906332298E-002 -1.751302214254570E-003
  9.098132351086657E-002 -1.715589084914534E-003
  8.925623563893513E-002 -1.683062556959780E-003
  8.768048260428885E-002 -1.640241809284526E-003
  8.700782578812706E-002 -1.525661855696493E-003
  8.727072474219677E-002 -1.290526882338670E-003
  8.782641488973444E-002 -9.551089908746734E-004
  8.792296309892093E-002 -6.075159529421575E-004
  8.729394371837293E-002 -3.412425007502634E-004
  8.630605630897249E-002 -1.825785854584692E-004
  8.558507211934956E-002 -7.044358541934709E-005
  8.547677057113885E-002  9.136323343574942E-005
  8.580280981775709E-002  3.504651018988294E-004
  8.608405093810965E-002  6.593410900138329E-004
  8.599407146424946E-002  9.050461179698400E-004
  8.562837253837895E-002  9.922473335508813E-004
  8.536651753315845E-002  9.133479916019892E-004
  8.547835402393658E-002  7.505092074414036E-004
  8.584716130984561E-002  6.098169162747497E-004
  8.606429733999332E-002  5.415661763286008E-004
  8.580726604460270E-002  5.092387527432534E-004
  8.515463458444410E-002  4.280703349659271E-004
  8.454472273029054E-002  2.380424290323797E-004
  8.440092811282975E-002 -4.843578599473617E-005
  8.474589009924906E-002 -3.590996233143850E-004
  8.514639316013151E-002 -6.187536383180813E-004
  8.505182946675653E-002 -8.008211028494198E-004
  8.425064484732181E-002 -9.332359932502270E-004
  8.306196533527013E-002 -1.059913670869769E-003
  8.209616538064576E-002 -1.195650512834155E-003
  8.177589342437036E-002 -1.313780608115117E-003
  8.200735880350815E-002 -1.373758581594778E-003
  8.226643572936054E-002 -1.360060868420290E-003
  8.202332302206762E-002 -1.295680886308268E-003
  8.115791142884801E-002 -1.218613681243653E-003
  8.003654109172138E-002 -1.144331561761986E-003
  7.920520615096220E-002 -1.050117791515507E-003
  7.896280109224628E-002 -8.971141004767429E-004
  7.915869633064035E-002 -6.712786984034665E-004
  7.935746529874561E-002 -4.062058908616480E-004
  7.920939518331527E-002 -1.654042064043212E-004
  7.871266961444821E-002  3.280515759274363E-006
  7.816711291450057E-002  1.033243257683380E-004
  7.788855801369290E-002  1.844324843654794E-004
  7.794397267201503E-002  2.994146381782573E-004
  7.812680597946997E-002  4.577004841314389E-004
  7.816975873976197E-002  6.135471300069510E-004
  7.798867347542586E-002  6.988684593073629E-004
  7.773922731055921E-002  6.743974751717919E-004
  7.764704676887715E-002  5.584495736445018E-004
  7.777662841545124E-002  4.113133016959569E-004
  7.795457884575825E-002  2.891810707690093E-004
  7.791898856908604E-002  2.049450380563961E-004
  7.756073200136562E-002  1.257331006482667E-004
  7.703741522523735E-002  6.213765506388045E-006
  7.665099323109181E-002 -1.714311276941128E-004
  7.658839634366414E-002 -3.828723097362609E-004
  7.674847807797401E-002 -5.813663585607095E-004
  7.680963681646603E-002 -7.325335644250239E-004
  7.648888369511198E-002 -8.346768253055281E-004
  7.577888255332325E-002 -9.100615621058515E-004
  7.496463537940484E-002 -9.782143846644267E-004
  7.440334771458759E-002 -1.036315093627630E-003
  7.424642716824505E-002 -1.063163592819739E-003
  7.432862907649454E-002 -1.040989697362155E-003
  7.431004505830131E-002 -9.737007563098571E-004
  7.395037680866300E-002 -8.844420298570388E-004
  7.329259252804238E-002 -7.949335940088345E-004
  7.261488747604622E-002 -7.059875961166233E-004
  7.220210901825838E-002 -5.977555252078697E-004
  7.212910847575975E-002 -4.504892421541888E-004
  7.222641264490334E-002 -2.677824649284181E-004
  7.224014929039936E-002 -8.115332175311292E-005
  7.204081093931272E-002  6.957175250949264E-005
  7.170801696989186E-002  1.646523921891936E-004
  7.143484911410389E-002  2.179745326440059E-004
  7.134935859046668E-002  2.639084637466154E-004
  7.141145690767771E-002  3.276866699262663E-004
  7.146602432252645E-002  4.032732368114977E-004
  7.139234816464569E-002  4.566885594270443E-004
  7.121020164838139E-002  4.520306027011425E-004
  7.104947806465539E-002  3.792049214920124E-004
  7.101665501485117E-002  2.614911416704596E-004
  7.108359030328293E-002  1.378025580525601E-004
  7.110208259634415E-002  3.470411229139472E-005
  7.093329092547214E-002 -4.951519573491732E-005
  7.057687993916482E-002 -1.373707568640048E-004
  7.018262893323482E-002 -2.492746082791633E-004
  6.992900958142663E-002 -3.847252910770854E-004
  6.987010876732644E-002 -5.221191230879232E-004
  6.988261301584398E-002 -6.353795237184432E-004
  6.976162781941542E-002 -7.121590671458255E-004
  6.938841440270395E-002 -7.586551228645126E-004
  6.883151073283848E-002 -7.887698817117556E-004
  6.829716274401104E-002 -8.088180834933746E-004
  6.796932369684706E-002 -8.117460273631534E-004
  6.786947517085144E-002 -7.852499163852855E-004
  6.784821161381123E-002 -7.253584056931823E-004
  6.771126282343151E-002 -6.424107015039848E-004
  6.737445217580969E-002 -5.536924442794940E-004
  6.692337297035252E-002 -4.694000888243790E-004
  6.653608125499405E-002 -3.848890605437684E-004
  6.633911328337329E-002 -2.867243240224808E-004
  6.631593911601430E-002 -1.677164077274554E-004
  6.633626812259937E-002 -3.779417730052011E-005
  6.627179984078110E-002  7.934387648048693E-005
  6.609669609030856E-002  1.618567340155119E-004
  6.589235830592741E-002  2.050670946737442E-004
  6.576234808568063E-002  2.237055470518045E-004
  6.573804856203476E-002  2.389641937030911E-004
  6.575678950667541E-002  2.607336686419670E-004
  6.572543503873297E-002  2.793572722817476E-004
  6.560689369411536E-002  2.734237553872368E-004
  6.545025600309058E-002  2.271071027501957E-004
  6.533911919366515E-002  1.430847328021312E-004
  6.530721369298892E-002  4.105557652285473E-005
  6.529945240488437E-002 -5.628894966680998E-005
  6.521534653193455E-002 -1.381994086305798E-004
  6.499767847367570E-002 -2.101184056977449E-004
  6.468792192980839E-002 -2.849620168990599E-004
  6.439751449847110E-002 -3.696201522003653E-004
  6.421676345103487E-002 -4.579387247767727E-004
  6.413795735397598E-002 -5.351532499347805E-004
  6.405878500759139E-002 -5.889393758241840E-004
  6.386512197239418E-002 -6.172899823890013E-004
  6.352551454874042E-002 -6.270667882157444E-004
  6.311957209784701E-002 -6.255876787341246E-004
  6.277711854785469E-002 -6.134039156583417E-004
  6.257817647719753E-002 -5.846975253511411E-004
  6.249476701131654E-002 -5.344407528061042E-004
  6.241958027694303E-002 -4.652935336493390E-004
  6.225512603730118E-002 -3.875945004559141E-004
  6.198961758159920E-002 -3.122089681141925E-004
  6.170025259940490E-002 -2.426044578246983E-004
  6.148619233197951E-002 -1.734161443354972E-004
  6.138977831801062E-002 -9.712558879594997E-005
  6.136976995438081E-002 -1.324812381877534E-005
  6.134339129454389E-002  6.804367866082926E-005
  6.125663065547921E-002  1.314081388173489E-004
  6.112253611116052E-002  1.667718695856424E-004
  6.099901459944793E-002  1.762258858449867E-004
  6.093085165029823E-002  1.716525450035925E-004
  6.090907658100073E-002  1.649221621248493E-004
  6.088183589099602E-002  1.585560126364994E-004
  6.080363633435640E-002  1.442993043535277E-004
  6.067654383824059E-002  1.105461670085125E-004
  6.054600235392297E-002  5.244815492196765E-005
  6.045582994508812E-002 -2.338116709789180E-005
  6.040384823459904E-002 -1.030076827323730E-004
  6.033906186030308E-002 -1.744296473742869E-004
  6.020428471851221E-002 -2.344186450543125E-004
  5.998745053527800E-002 -2.878951271603017E-004
  5.973624290146766E-002 -3.411297269122478E-004
  5.952172416679049E-002 -3.948737781393124E-004
  5.938055593950350E-002 -4.429901249915322E-004
  5.928439517586058E-002 -4.771149992798975E-004
  5.916279028994707E-002 -4.928440789998334E-004
  5.896126040698627E-002 -4.921004235831510E-004
  5.868691135215330E-002 -4.800951723712702E-004
  5.840437544178813E-002 -4.601087721920978E-004
  5.818590871403741E-002 -4.309840207108508E-004
  5.805665298227507E-002 -3.894688109698377E-004
  5.797884944162542E-002 -3.350120506144677E-004
  5.788587915751728E-002 -2.723872647241399E-004
  5.773654689129275E-002 -2.095220159369276E-004
  5.754534410720294E-002 -1.522938593038938E-004
  5.736631819252366E-002 -1.008870462346769E-004
  5.724691992134991E-002 -5.105848699165475E-005
  5.719121414080867E-002  5.985512721815391E-007
  5.716121155580001E-002  5.187112744975914E-005
  5.711166669752871E-002  9.485332574635824E-005
  5.702657962424016E-002  1.209088230757343E-004
  5.692694535057510E-002  1.267337323233090E-004
  5.684603123848295E-002  1.165764935721644E-004
  5.679642338707522E-002  9.877754683547898E-005
  5.675841306303255E-002  7.941511935213077E-005
  5.669872260140572E-002  5.814806062593258E-005
  5.660121321959310E-002  2.947348611957076E-005
  5.648119426373745E-002 -1.181130002524045E-005
  5.637041336390825E-002 -6.545968402924493E-005
  5.628644127107166E-002 -1.250007061253746E-004
  5.621427828467505E-002 -1.817115699050043E-004
  5.611731765768850E-002 -2.299322159729858E-004
  5.596886596601157E-002 -2.695064813939007E-004
  5.577699805819539E-002 -3.037656314760798E-004
  5.558069701117206E-002 -3.351746219103113E-004
  5.541959689861600E-002 -3.624395696508828E-004
  5.530230098883050E-002 -3.812993226936091E-004
  5.519982540724387E-002 -3.879461217867428E-004
  5.506988463338285E-002 -3.819068187957069E-004
  5.489212360544988E-002 -3.659633369366463E-004
  5.468548149883510E-002 -3.434610094734791E-004
  5.449384923858585E-002 -3.156287687380795E-004
  5.435223457843737E-002 -2.813623668941052E-004
  5.426106109110533E-002 -2.395680275017637E-004
  5.418866894599680E-002 -1.917938069613479E-004
  5.409854525606754E-002 -1.426012133635250E-004
  5.397816415513407E-002 -9.716634206767579E-005
  5.384641529825000E-002 -5.812032117661888E-005
  5.373535343373625E-002 -2.440277173782454E-005
  5.366303813592498E-002  6.782741109253315E-006
  5.362016914308256E-002  3.650711317795173E-005
  5.358012029387128E-002  6.210467845405340E-005
  5.352190604533720E-002  7.841462347335457E-005
  5.344573787052596E-002  8.136623915306567E-005
  5.336874993958807E-002  7.101861268921387E-005
  5.330636563105733E-002  5.157986779942144E-005
  5.325680120025355E-002  2.838844296918559E-005
  5.320237037239146E-002  4.288319177641860E-006
  5.312567397261155E-002 -2.174048111904278E-005
  5.302550427811587E-002 -5.272968772363823E-005
  5.291788850902635E-002 -9.028993987869362E-005
  5.282124227700603E-002 -1.324170471429891E-004
  5.273892411960193E-002 -1.742150890586138E-004
  5.265495831621431E-002 -2.107916023290768E-004
  5.254722255266223E-002 -2.399097692911309E-004
  5.240704459016943E-002 -2.623720845558914E-004
  5.224828485716226E-002 -2.801049075094639E-004
  5.209770583165912E-002 -2.937694715005683E-004
  5.197428340798775E-002 -3.019261860038853E-004
  5.187457471759509E-002 -3.022833641750485E-004
  5.177631091777932E-002 -2.937471707655680E-004
  5.165726381997419E-002 -2.774125359843755E-004
  5.151387855113035E-002 -2.557026526391608E-004
  5.136457525426345E-002 -2.305532189305922E-004
  5.123541460952569E-002 -2.023414438171025E-004
  5.114015767425718E-002 -1.705123432354494E-004
  5.107082046145500E-002 -1.352720644608723E-004
  5.100566353494226E-002 -9.872850365057348E-005
  5.092719643594598E-002 -6.433792049497638E-005
  5.083518440579110E-002 -3.503034251315074E-005
  5.074467590461274E-002 -1.159515817399700E-005
  5.067190221487464E-002  7.258702365277056E-006
  5.062053867947257E-002  2.316631389277201E-005
  5.057951884062580E-002  3.613880330827533E-005
  5.053313728047799E-002  4.404308509641825E-005
  5.047387240253507E-002  4.401919777625729E-005
  5.040684148739413E-002  3.471046360958932E-005
  5.034279769773470E-002  1.749628286923896E-005
  5.028671050635389E-002 -4.271941770941784E-006
  5.023241908801253E-002 -2.741015406497018E-005
  5.016795634684210E-002 -5.070858152780007E-005
  5.008643146565380E-002 -7.502213139349624E-005
  4.999246148444122E-002 -1.016863670484299E-004
  4.989823358987595E-002 -1.306311142796420E-004
  4.981259259403286E-002 -1.597242832403602E-004
  4.973282983247632E-002 -1.857989463899213E-004
  4.964660618418601E-002 -2.064419460687664E-004
  4.954265098693888E-002 -2.210867225054493E-004
  4.942118171164914E-002 -2.306370309662447E-004
  4.929504351941514E-002 -2.361060742961738E-004
  4.918034143818727E-002 -2.375094639589004E-004
  4.908420424107787E-002 -2.339122988321983E-004
  4.899976673100704E-002 -2.244646731631643E-004
  4.891246379196038E-002 -2.094200484357501E-004
  4.881238940099990E-002 -1.902199016075102E-004
  4.870259928035932E-002 -1.686124982962784E-004
  4.859676912493393E-002 -1.456402581035909E-004
  4.850843866670364E-002 -1.214177408356439E-004
  4.844077464517289E-002 -9.587929164868375E-005
  4.838496199245410E-002 -6.978142541888796E-005
  4.832796943476664E-002 -4.499828158086066E-005
  4.826285636150669E-002 -2.376601283688791E-005
  4.819320097640173E-002 -7.469037640113292E-006
  4.812860064993238E-002  4.005917889107389E-006
  4.807569819322338E-002  1.177789738850293E-005
  4.803250108931033E-002  1.673159705843276E-005
  4.799040526841500E-002  1.856232382041089E-005
  4.794154010530616E-002  1.591536628791577E-005
  4.788474361947907E-002  7.523164508146398E-006
  4.782514728366811E-002 -6.584406917027461E-006
  4.776822411006725E-002 -2.478272890107311E-005
  4.771395817110654E-002 -4.470697695228037E-005
  4.765642129199718E-002 -6.456991645890585E-005
  4.758902849482282E-002 -8.390907636243654E-005
  4.751062990657348E-002 -1.032289119912245E-004
  4.742687568546396E-002 -1.229098226897492E-004
  4.734551678901403E-002 -1.423160447975169E-004
  4.726970778691898E-002 -1.598123574234047E-004
  4.719521479885900E-002 -1.736199116661467E-004
  4.711410599570978E-002 -1.827726993053872E-004
  4.702190145718073E-002 -1.874164565611172E-004
  4.692211683608359E-002 -1.882919446165159E-004
  4.682426391796450E-002 -1.859247115933118E-004
  4.673685439951989E-002 -1.802325241839966E-004
  4.666114027804790E-002 -1.708370513123931E-004
  4.659070380590111E-002 -1.577310337418730E-004
  4.651715294599268E-002 -1.416637179856958E-004
  4.643718681587058E-002 -1.238945752393084E-004
  4.635529984030227E-002 -1.055481800301724E-004
  4.628010880679573E-002 -8.715662633038747E-005
  4.621751487967755E-002 -6.879455026459213E-005
  4.616631496231382E-002 -5.066840351317037E-005
  4.611960754774987E-002 -3.360384602199290E-005
  4.607047325621366E-002 -1.895367451729046E-005
  4.601706533423838E-002 -7.955507681072648E-006
  4.596307814730415E-002 -1.060664245659387E-006
  4.591363967656577E-002  2.197116944383771E-006
  4.587042904306258E-002  2.668222166997671E-006
  4.583015582488758E-002  8.224895559038136E-007
  4.578739241233579E-002 -3.614768613849689E-006
  4.573898812628503E-002 -1.132436804236725E-005
  4.568613872775220E-002 -2.263209719913647E-005
  4.563247349797669E-002 -3.695147626525980E-005
  4.558010574598030E-002 -5.288607218789293E-005
  4.552730869177252E-002 -6.890824446422242E-005
  4.546990670321163E-002 -8.407454272649030E-005
  4.540509299959120E-002 -9.823263447990036E-005
  4.533420858307260E-002 -1.116072951156684E-004
  4.526193395330428E-002 -1.241528013686798E-004
  4.519251551148619E-002 -1.352172989621183E-004
  4.512628277213421E-002 -1.437725149574795E-004
  4.505951471484301E-002 -1.489854245640316E-004
  4.498785606665871E-002 -1.506489162921712E-004
  4.491042992540054E-002 -1.491441792333934E-004
  4.483115933378226E-002 -1.450201452261325E-004
  4.475613317511642E-002 -1.385828510515963E-004
  4.468915474512559E-002 -1.298394499581534E-004
  4.462911190200962E-002 -1.188033094363063E-004
  4.457127393347250E-002 -1.058467347080974E-004
  4.451137655492095E-002 -9.176207953782401E-005
  4.444912166305840E-002 -7.746826405387604E-005
  4.438830598284172E-002 -6.362284849689001E-005
  4.433362909110489E-002 -5.048257362501949E-005
  4.428690793891765E-002 -3.812918836019367E-005
  4.424575790806708E-002 -2.684682695778020E-005
  4.420562833429814E-002 -1.729572157929167E-005
  4.416331241706134E-002 -1.030013924840809E-005
  4.411899247280725E-002 -6.406185556124991E-006
  4.407530235452122E-002 -5.574300317577853E-006
  4.403446247137539E-002 -7.269422242981610E-006
  4.399605814242063E-002 -1.088347113787636E-005
  4.395728908799310E-002 -1.614784649298150E-005
  4.391528249296475E-002 -2.320174855970798E-005
  4.386931882406437E-002 -3.226764702535079E-005
  4.382102971650886E-002 -4.320848029658694E-005
  4.377250976377637E-002 -5.533455736249039E-005
  4.372413298825392E-002 -6.761953554073392E-005
  4.367407137230296E-002 -7.915284397693163E-005
  4.361994783656598E-002 -8.947508966976632E-005
  4.356113434958416E-002 -9.855428441794753E-005
  4.349962017502595E-002 -1.064604128461755E-004
  4.343862433505209E-002 -1.130309556269345E-004
  4.338010636066249E-002 -1.178032204735087E-004
  4.332331368308680E-002 -1.202501234486037E-004
  4.326564039100925E-002 -1.201048607102027E-004
  4.320510465411947E-002 -1.175041448103691E-004
  4.314236579465568E-002 -1.128516812642294E-004
  4.308057437920560E-002 -1.065437117920167E-004
  4.302315616557765E-002 -9.880008636791407E-005
  4.297134312959978E-002 -8.973064520065275E-005
  4.292345368892805E-002 -7.954880036832911E-005
  4.287645929403687E-002 -6.871664460693811E-005
  4.282850400078599E-002 -5.787573862030761E-005
  4.278031936762266E-002 -4.761583550920387E-005
  4.273445613641803E-002 -3.828127041371713E-005
  4.269306913996967E-002 -2.998178179688551E-005
  4.265612032723900E-002 -2.279232193272558E-005
  4.262141529591576E-002 -1.695680029421604E-005
  4.258631182863654E-002 -1.290330458728063E-005
  4.254959292008406E-002 -1.104065088108612E-005
  4.251197726936409E-002 -1.149813061898346E-005
  4.247498226592932E-002 -1.402626267858063E-005
  4.243924624275008E-002 -1.814713336769745E-005
  4.240378413277290E-002 -2.343734629935619E-005
  4.236674699602488E-002 -2.971784087600837E-005
  4.232692289737209E-002 -3.700342160752153E-005
  4.228461736281111E-002 -4.526368412956747E-005
  4.224116513651759E-002 -5.420006429923643E-005
  4.219756626947147E-002 -6.322620593783937E-005
  4.215350432694177E-002 -7.166976597713064E-005
  4.210763868815996E-002 -7.903610919038802E-005
  4.205891354550560E-002 -8.513292415350131E-005
  4.200771430846021E-002 -8.997695956036360E-005
  4.195582385802540E-002 -9.358208946469577E-005
  4.190517356721613E-002 -9.581381240747482E-005
  4.185643739985322E-002 -9.642481649127777E-005
  4.180866994184698E-002 -9.522751129593846E-005
  4.176031031157969E-002 -9.224925983106419E-005
  4.171071664681239E-002 -8.774237484236124E-005
  4.166094447952946E-002 -8.205221065392417E-005
  4.161311361727000E-002 -7.546513460688117E-005
  4.156888193466865E-002 -6.816404560230602E-005
  4.152827368390468E-002 -6.031436025281164E-005
  4.148979715089889E-002 -5.218484893119537E-005
  4.145171445752319E-002 -4.417957130401108E-005
  4.141339962271089E-002 -3.674076773710287E-005
  4.137569604513843E-002 -3.020086295702428E-005
  4.134004697387084E-002 -2.470923377626867E-005
  4.130717702444758E-002 -2.029469037560864E-005
  4.127641930192234E-002 -1.700526160400292E-005
  4.124618737092221E-002 -1.499781892217751E-005
  4.121512448952447E-002 -1.449204624196353E-005
  4.118294353772677E-002 -1.562056441105794E-005
  4.115030267603478E-002 -1.829893814532687E-005
  4.111791526832488E-002 -2.222689829037137E-005
  4.108572076151165E-002 -2.702546408399394E-005
  4.105282994145307E-002 -3.240353539264297E-005
  4.101824245637847E-002 -3.822481527628505E-005
  4.098166131752734E-002 -4.442952042208886E-005
  4.094367590024660E-002 -5.088447650364958E-005
  4.090517118491619E-002 -5.729120959429018E-005
  4.086651291600184E-002 -6.323050801978324E-005
  4.082724827937998E-002 -6.830906798869395E-005
  4.078659474821426E-002 -7.229362794647789E-005
  4.074428582478305E-002 -7.513413826511879E-005
  4.070102005905743E-002 -7.687185726844069E-005
  4.065809775650544E-002 -7.751952811418032E-005
  4.061653216476008E-002 -7.701470289794219E-005
  4.057638073948009E-002 -7.527758692996831E-005
  4.053686328323217E-002 -7.231470764527273E-005
  4.049717151593696E-002 -6.827548277576317E-005
  4.045729317896532E-002 -6.341514721513905E-005
  4.041816310485370E-002 -5.799993394405494E-005
  4.038101672507488E-002 -5.223644972953384E-005
  4.034648010121383E-002 -4.627952311442040E-005
  4.031413609051124E-002 -4.029937039395029E-005
  4.028289960601409E-002 -3.453596166165829E-005
  4.025186886796522E-002 -2.928179259801785E-005
  4.022095023301185E-002 -2.480029610025768E-005
  4.019077299160534E-002 -2.124642848555677E-005
  4.016201223418113E-002 -1.865607573864526E-005
  4.013471052343763E-002 -1.701189055087832E-005
  4.010815128252752E-002 -1.632674411996974E-005
  4.008134806003568E-002 -1.667015635226329E-005
  4.005370409157548E-002 -1.811189837588339E-005
  4.002528984913978E-002 -2.062875300894077E-005
  3.999654686600460E-002 -2.405385554622385E-005
  3.996772315471715E-002 -2.811460396705229E-005
  3.993855134372107E-002 -3.253300683948857E-005
  3.990843693415620E-002 -3.711199195527231E-005
  3.987696328441141E-002 -4.174414713226552E-005
  3.984424947749717E-002 -4.634381338771887E-005
  3.981084349580327E-002 -5.076526086610586E-005
  3.977725402452701E-002 -5.477836054621838E-005
  3.974354421424341E-002 -5.812353457785541E-005
  3.970935208243497E-002 -6.060267375079834E-005
  3.967432237671740E-002 -6.213586667369145E-005
  3.963856919323328E-002 -6.274505213072162E-005
  3.960275595737665E-002 -6.248628056694665E-005
  3.956770662728009E-002 -6.139086068245965E-005
  3.953386570330360E-002 -5.946208333220044E-005
  3.950105796777527E-002 -5.672326194230451E-005
  3.946874883869107E-002 -5.326946820453585E-005
  3.943658680472324E-002 -4.927539204136417E-005
  3.940477556114400E-002 -4.495229413080171E-005
  3.937396909008570E-002 -4.049096544282119E-005
  3.934478066566124E-002 -3.603701292006134E-005
  3.931731138873528E-002 -3.171331278831263E-005
  3.929107727126172E-002 -2.766141957323370E-005
  3.926537809333543E-002 -2.405733647054044E-005
  3.923979297059456E-002 -2.108108805883531E-005
  3.921440173668279E-002 -1.886200287305697E-005
  3.918957621400812E-002 -1.744475520589645E-005
  3.916554411248128E-002 -1.680464385841871E-005
  3.914209992877733E-002 -1.689874335166150E-005
  3.911869081732126E-002 -1.770882115475002E-005
  3.909478048272962E-002 -1.923896132713997E-005
  3.907017114209881E-002 -2.146979194658399E-005
  3.904502245195868E-002 -2.430890845454156E-005
  3.901958062467179E-002 -2.758153512313984E-005
  3.899387636990807E-002 -3.107297899213383E-005
  3.896765969398966E-002 -3.459237769639738E-005
  3.894061723037493E-002 -3.801062551484178E-005
  3.891266619291267E-002 -4.124742301525120E-005
  3.888405748772047E-002 -4.422408059519958E-005
  3.885519603015383E-002 -4.682531904460891E-005
  3.882633903912466E-002 -4.890369326502949E-005
  3.879744036756645E-002 -5.032379810916017E-005
  3.876827926651484E-002 -5.101109435695283E-005
  3.873876116368971E-002 -5.096815458281351E-005
  3.870912528226732E-002 -5.024931698601179E-005
  3.867987126524711E-002 -4.891824236795162E-005
  3.865145701226507E-002 -4.702384495082316E-005
  3.862401629290767E-002 -4.461099635082319E-005
  3.859733008066547E-002 -4.175123822099257E-005
  3.857107356182012E-002 -3.856245698143459E-005
  3.854513174251716E-002 -3.519787745037906E-005
  3.851972260595440E-002 -3.181238713320145E-005
  3.849522996553193E-002 -2.853340356113436E-005
  3.847188853055562E-002 -2.545802474214892E-005
  3.844958052017478E-002 -2.267389283645382E-005
  3.842790386290521E-002 -2.028005026460686E-005
  3.840644583848669E-002 -1.838463833120671E-005
  3.838503374111368E-002 -1.707769021393008E-005
  3.836376610889720E-002 -1.640038261657693E-005
  3.834281855170395E-002 -1.633653979283738E-005
  3.832220222710295E-002 -1.683398565932706E-005
  3.830167918502948E-002 -1.783825111773797E-005
  3.828089461596114E-002 -1.931082251764334E-005
  3.825960145464621E-002 -2.121748116524505E-005
  3.823778444032413E-002 -2.349798245165112E-005
  3.821558914797814E-002 -2.604457836036081E-005
  3.819313384021009E-002 -2.871004974107334E-005
  3.817037751556047E-002 -3.134186730212134E-005
  3.814715834470793E-002 -3.381801572531942E-005
  3.812336094219853E-002 -3.605923185277836E-005
  3.809905748704025E-002 -3.801206475566635E-005
  3.807449389957542E-002 -3.962054984434837E-005
  3.804993145727101E-002 -4.081218698939961E-005
  3.802548239581211E-002 -4.151056485279485E-005
  3.800108339602887E-002 -4.166430001190455E-005
  3.797663006408011E-002 -4.126896676541674E-005
  3.795215452719855E-002 -4.036545959333673E-005
  3.792788929292035E-002 -3.901801609574340E-005
  3.790415678433316E-002 -3.729083344598125E-005
  3.788117248420812E-002 -3.524113886053169E-005
  3.785892359942847E-002 -3.293077651372780E-005
  3.783722241401368E-002 -3.044211599949710E-005
  3.781588816058591E-002 -2.788117324205676E-005
  3.779490610072043E-002 -2.536294520081195E-005
  3.777443447948280E-002 -2.298983619812283E-005
  3.775465810646306E-002 -2.083973635836653E-005
  3.773561280867209E-002 -1.897125523545592E-005
  3.771712450520034E-002 -1.743824995494722E-005
  3.769890789077301E-002 -1.629780057491935E-005
  3.768073858601445E-002 -1.560208811168481E-005
  3.766255825384093E-002 -1.537951284295329E-005
  3.764443551058509E-002 -1.562070993764449E-005
  3.762642817299866E-002 -1.628180863173944E-005
  3.760846991490645E-002 -1.730314697002761E-005
  3.759037515640207E-002 -1.862884640629421E-005
  3.757195061834571E-002 -2.021215007219912E-005
  3.755311310766714E-002 -2.200367075183334E-005
  3.753391454118764E-002 -2.393429846305751E-005
  3.751446062093925E-002 -2.590919366821563E-005
  3.749480168082799E-002 -2.782022272426578E-005
  3.747489376663647E-002 -2.956909427651643E-005
  3.745466142049243E-002 -3.108490711876959E-005
  3.743410202007440E-002 -3.232467959359961E-005
  3.741333543359938E-002 -3.325930344702077E-005
  3.739255221539838E-002 -3.385859544573575E-005
  3.737190363422872E-002 -3.408867812708761E-005
  3.735142825883708E-002 -3.392375134305119E-005
  3.733107822448323E-002 -3.336212677207815E-005
  3.731082173471770E-002 -3.243323416400648E-005
  3.729073199026036E-002 -3.119022875163867E-005
  3.727098362573453E-002 -2.969461176686279E-005
  3.725175621909869E-002 -2.800491994527872E-005
  3.723312332720196E-002 -2.617676476750217E-005
  3.721501800384459E-002 -2.427102221715053E-005
  3.719730202429889E-002 -2.236004028612770E-005
  3.717988047662367E-002 -2.052406041755805E-005
  3.716276765371860E-002 -1.883913061902676E-005
  3.714605280355724E-002 -1.736541407034179E-005
  3.712979790077754E-002 -1.614435767558933E-005
  3.711395394497693E-002 -1.520531438398140E-005
  3.709836369724798E-002 -1.457400743528738E-005
  3.708284548287214E-002 -1.427391065637271E-005
  3.706728739802498E-002 -1.431827646650561E-005
  3.705167726361169E-002 -1.469927946426446E-005
  3.703605104688156E-002 -1.538390079848371E-005
  3.702041043730317E-002 -1.632097565489613E-005
  3.700468187361018E-002 -1.745470731464761E-005
  3.698874930416136E-002 -1.873470895232815E-005
  3.697252845107472E-002 -2.011572372894562E-005
  3.695601708160460E-002 -2.154895875300675E-005
  3.693928020769218E-002 -2.297403569713858E-005
  3.692238738008816E-002 -2.432003009385279E-005
  3.690535972678177E-002 -2.551649942710044E-005
  3.688817298901659E-002 -2.650718406737455E-005
  3.687081140775816E-002 -2.725697785337448E-005
  3.685332192004989E-002 -2.774832583604449E-005
  3.683581817397256E-002 -2.797159119581697E-005
  3.681842841085669E-002 -2.791818869620142E-005
  3.680123078023901E-002 -2.758215193086155E-005
  3.678423098736368E-002 -2.696825397948442E-005
  3.676740077680015E-002 -2.609928464266664E-005
  3.675074334489361E-002 -2.501602191710575E-005
  3.673432849216819E-002 -2.376964944889298E-005
  3.671826593937558E-002 -2.241237534958314E-005
  3.670263763958996E-002 -2.099281191415425E-005
  3.668744455928888E-002 -1.955795072611674E-005
  3.667261131917312E-002 -1.815767210688918E-005
  3.665804406746965E-002 -1.684577347249839E-005
  3.664369366505907E-002 -1.567496159541247E-005
  3.662957348991532E-002 -1.468886861089186E-005
  3.661572008040989E-002 -1.391692518752881E-005
  3.660213199026257E-002 -1.337550133054224E-005
  3.658873849368235E-002 -1.307334665235492E-005
  3.657542304427645E-002 -1.301579913922652E-005
  3.656208058487759E-002 -1.320359073021691E-005
  3.654866156306641E-002 -1.362713638451831E-005
  3.653516944192001E-002 -1.426152040645258E-005
  3.652161887698892E-002 -1.506721697904525E-005
  3.650799354979102E-002 -1.599702753156386E-005
  3.649423989139785E-002 -1.700466667672161E-005
  3.648029992945351E-002 -1.804916840154125E-005
  3.646615279594109E-002 -1.909286242814468E-005
  3.645182865441286E-002 -2.009604934213307E-005
  3.643738443014686E-002 -2.101417679802365E-005
  3.642286427541352E-002 -2.180111701497227E-005
  3.640827990625409E-002 -2.241699449717704E-005
  3.639362703931974E-002 -2.283523175651640E-005
  3.637892156624976E-002 -2.304412936099580E-005
  3.636422158744607E-002 -2.304268240749188E-005
  3.634961396958075E-002 -2.283472259178976E-005
  3.633517531687262E-002 -2.242629185330010E-005
  3.632093979506600E-002 -2.182793581802774E-005
  3.630690063580744E-002 -2.105923413476423E-005
  3.629304338569746E-002 -2.015103500080472E-005
  3.627938187711584E-002 -1.914290890211285E-005
  3.626596562042520E-002 -1.807733498557103E-005
  3.625285160481393E-002 -1.699461859842526E-005
  3.624006356589064E-002 -1.593151910617986E-005
  3.622757226856268E-002 -1.492312674879391E-005
  3.621531278086145E-002 -1.400474925060256E-005
  3.620322425090022E-002 -1.321081232808736E-005
  3.619127991486133E-002 -1.257069058216528E-005
  3.617948429917821E-002 -1.210431535243699E-005
  3.616784232534180E-002 -1.182077503991111E-005
  3.615632773851452E-002 -1.172065445181012E-005
  3.614487747782047E-002 -1.179975825217466E-005
  3.613341601679126E-002 -1.205085088124677E-005
  3.612188900454710E-002 -1.246199107692916E-005
  3.611027922468239E-002 -1.301323614924919E-005
  3.609859417837765E-002 -1.367515987770716E-005
  3.608683868622786E-002 -1.441131869087763E-005
  3.607499725270194E-002 -1.518362296752165E-005
  3.606304077352675E-002 -1.595722030791520E-005
  3.605095028536191E-002 -1.670195207012389E-005
  3.603873606674501E-002 -1.739029916545679E-005
  3.602643540573167E-002 -1.799458008978277E-005
  3.601409155264475E-002 -1.848664614663507E-005
  3.600173261942741E-002 -1.884109562177534E-005
  3.598936851074408E-002 -1.904000885166398E-005
  3.597700748956012E-002 -1.907589752710410E-005
  3.596467644646859E-002 -1.895097463214117E-005
  3.595242566175980E-002 -1.867371836477230E-005
  3.594031246982080E-002 -1.825561767433438E-005
  3.592837673698745E-002 -1.771044203683578E-005
  3.591662838012234E-002 -1.705597107629198E-005
  3.590505704075265E-002 -1.631595266178132E-005
  3.589365526440182E-002 -1.551991394817761E-005
  3.588243518836767E-002 -1.470032274782645E-005
  3.587142438626226E-002 -1.388879241198682E-005
  3.586064420949967E-002 -1.311367260492261E-005
  3.585008867395201E-002 -1.240001361835830E-005
  3.583972140404228E-002 -1.177080515450798E-005
  3.582949311392265E-002 -1.124740678366260E-005
  3.581936539463617E-002 -1.084800830543586E-005
  3.580932205018466E-002 -1.058490419306569E-005
  3.579936020869883E-002 -1.046259448268840E-005
  3.578947029226954E-002 -1.047816362543741E-005
  3.577962253527010E-002 -1.062355032903190E-005
  3.576977138715604E-002 -1.088782242577556E-005
  3.575987379722553E-002 -1.125771436012093E-005
  3.574990619543382E-002 -1.171633812172477E-005
  3.573986699360672E-002 -1.224170495125034E-005
  3.572976422555801E-002 -1.280700373460989E-005
  3.571960022948675E-002 -1.338320392011496E-005
  3.570936677726638E-002 -1.394265585172522E-005
  3.569905411455238E-002 -1.446154847638356E-005
  3.568866505123442E-002 -1.492002500806469E-005
  3.567822118352451E-002 -1.530064573967947E-005
  3.566775564659888E-002 -1.558714399714397E-005
  3.565729871335775E-002 -1.576502791682120E-005
  3.564686858609768E-002 -1.582391290938870E-005
  3.563647481263952E-002 -1.575994361079549E-005
  3.562613044538962E-002 -1.557652870122687E-005
  3.561586132744151E-002 -1.528292158417494E-005
  3.560570341114884E-002 -1.489179781047338E-005
  3.559568948894799E-002 -1.441757061152368E-005
  3.558583601135182E-002 -1.387632916585557E-005
  3.557614077759667E-002 -1.328677912692142E-005
  3.556659316924392E-002 -1.267070225473625E-005
  3.555718809171250E-002 -1.205191184766047E-005
  3.554793181502468E-002 -1.145399531522248E-005
  3.553883488720710E-002 -1.089814269645629E-005
  3.552989822530973E-002 -1.040222135560731E-005
  3.552110415708352E-002 -9.981152871843588E-006
  3.551241997695886E-002 -9.647576614951117E-006
  3.550381122856494E-002 -9.411671487156606E-006
  3.549525417155534E-002 -9.279912772274106E-006
  3.548673804227113E-002 -9.253637416667145E-006
  3.547825648594009E-002 -9.328605862940837E-006
  3.546979637911243E-002 -9.496010487228678E-006
  3.546133388806321E-002 -9.744240088525905E-006
  3.545284103747152E-002 -1.006015986343400E-005
  3.544429715596355E-002 -1.042917996121498E-005
  3.543569583548749E-002 -1.083451512849948E-005
  3.542704230714141E-002 -1.125680926407239E-005
  3.541834438389769E-002 -1.167505089981482E-005
  3.540960520357664E-002 -1.206865009292227E-005
  3.540082381000534E-002 -1.241957766691639E-005
  3.539200239039947E-002 -1.271339589350586E-005
  3.538315316363740E-002 -1.293888421599125E-005
  3.537429843017080E-002 -1.308704430545322E-005
  3.536546345282432E-002 -1.315066230885443E-005
  3.535666810932463E-002 -1.312501326135007E-005
  3.534792419244232E-002 -1.300923826103422E-005
  3.533924014742149E-002 -1.280729541585775E-005
  3.533062846931902E-002 -1.252768123263306E-005
  3.532210866473015E-002 -1.218205631594022E-005
  3.531370257503119E-002 -1.178368924573668E-005
  3.530542554053867E-002 -1.134662717069185E-005
  3.529728058061224E-002 -1.088576619085483E-005
  3.528926032390192E-002 -1.041718665254626E-005
  3.528135496871946E-002 -9.957917712403940E-006
  3.527355959188516E-002 -9.524832953452052E-006
  3.526587482026811E-002 -9.133155108904643E-006
  3.525830056266267E-002 -8.795387537398192E-006
  3.525082832725848E-002 -8.521123652335220E-006
  3.524343876383480E-002 -8.317461137121327E-006
  3.523610666433406E-002 -8.189306665384497E-006
  3.522880953830824E-002 -8.139070624218052E-006
  3.522153315787126E-002 -8.165910727722248E-006
  3.521427025302230E-002 -8.265196419999067E-006
  3.520701430280981E-002 -8.428780131831503E-006
  3.519975422202110E-002 -8.646052808328343E-006
  3.519247460159415E-002 -8.905159370169466E-006
  3.518516123083044E-002 -9.193674468588271E-006
  3.517780720933478E-002 -9.498552384131881E-006
  3.517041470217305E-002 -9.805824201915156E-006
  3.516299128563791E-002 -1.010075652971291E-005
  3.515554437258128E-002 -1.036880558516570E-005
  3.514807852566136E-002 -1.059702325427890E-005
  3.514059761365676E-002 -1.077516870858062E-005
  3.513310938481923E-002 -1.089598334980544E-005
  3.512562795683805E-002 -1.095471920116009E-005
  3.511817165711970E-002 -1.094854170256135E-005
  3.511075777920603E-002 -1.087642690616570E-005
  3.510339850067960E-002 -1.073966338204839E-005
  3.509610113917837E-002 -1.054249236625645E-005
  3.508887210509343E-002 -1.029225446989253E-005
  3.508172069731526E-002 -9.998775528471094E-006
  3.507465905710655E-002 -9.673293280771415E-006
  3.506769796663137E-002 -9.327523081353974E-006
  3.506084182561659E-002 -8.973258410980009E-006
  3.505408693467131E-002 -8.622400924024748E-006
  3.504742449979826E-002 -8.286952747920564E-006
  3.504084588090187E-002 -7.978576257287626E-006
  3.503434583055357E-002 -7.707745538979725E-006
  3.502792126385688E-002 -7.482901384023791E-006
  3.502156689733613E-002 -7.310045277118412E-006
  3.501527168672285E-002 -7.192862079400833E-006
  3.500901926002011E-002 -7.133058788752111E-006
  3.500279219043858E-002 -7.130498071876380E-006
  3.499657684170637E-002 -7.182974428143424E-006
  3.499036520326912E-002 -7.285881177669052E-006
  3.498415275575579E-002 -7.432192098617876E-006
  3.497793466929723E-002 -7.612977737541069E-006
  3.497170381423365E-002 -7.818269939493972E-006
  3.496545229173224E-002 -8.037829955146070E-006
  3.495917510390503E-002 -8.261486638165780E-006
  3.495287282814859E-002 -8.479094968018021E-006
  3.494655113636581E-002 -8.680493224267164E-006
  3.494021773785643E-002 -8.855832014501011E-006
  3.493387941745124E-002 -8.996317459321651E-006
  3.492754154370574E-002 -9.095035874770797E-006
  3.492121010574700E-002 -9.147422567331589E-006
  3.491489408192271E-002 -9.151185932733354E-006
  3.490860569456594E-002 -9.105887961044442E-006
  3.490235801233931E-002 -9.012590899466752E-006
  3.489616170884971E-002 -8.873845122682447E-006
  3.489002352325288E-002 -8.693942302764248E-006
  3.488394748389020E-002 -8.479090663266092E-006
  3.487793756912121E-002 -8.237202624695381E-006
  3.487199926563899E-002 -7.977277634250511E-006
  3.486613847831552E-002 -7.708660310065203E-006
  3.486035857279189E-002 -7.440511373122719E-006
  3.485465798875036E-002 -7.181614100029495E-006
  3.484903044124355E-002 -6.940348732255445E-006
  3.484346760517106E-002 -6.724549867852121E-006
  3.483796216232791E-002 -6.541105742162902E-006
  3.483250886859959E-002 -6.395424991240284E-006
  3.482710301973231E-002 -6.291049151174810E-006
  3.482173787922804E-002 -6.229599256957296E-006
  3.481640345486293E-002 -6.210998076977666E-006
  3.481108783178730E-002 -6.233724017880697E-006
  3.480578013382012E-002 -6.294886952687370E-006
  3.480047289093143E-002 -6.390133608004545E-006
  3.479516217163186E-002 -6.513595639809553E-006
  3.478984572880316E-002 -6.658105603490108E-006
  3.478452098101559E-002 -6.815713325592394E-006
  3.477918462316415E-002 -6.978303843703076E-006
  3.477383414184149E-002 -7.138046611187726E-006
  3.476846985265904E-002 -7.287554509033097E-006
  3.476309567786873E-002 -7.419872850673244E-006
  3.475771801249402E-002 -7.528548339356088E-006
  3.475234365067377E-002 -7.607938365582461E-006
  3.474697845656079E-002 -7.653690830288129E-006
  3.474162770056229E-002 -7.663149120107058E-006
  3.473629746248712E-002 -7.635461784806876E-006
  3.473099556903488E-002 -7.571377774871711E-006
  3.472573097419646E-002 -7.472916504204579E-006
  3.472051188679610E-002 -7.343148094924760E-006
  3.471534406527575E-002 -7.186173772567734E-006
  3.471023057120577E-002 -7.007189292923118E-006
  3.470517302830436E-002 -6.812420055252485E-006
  3.470017316114527E-002 -6.608807807662487E-006
  3.469523318301092E-002 -6.403520723835659E-006
  3.469035463030599E-002 -6.203487025293297E-006
  3.468553661047798E-002 -6.015114679930464E-006
  3.468077497140392E-002 -5.844197644577603E-006
  3.467606316220442E-002 -5.695866125832727E-006
  3.467139417587033E-002 -5.574433676197223E-006
  3.466676210905548E-002 -5.483122897884161E-006
  3.466216224632670E-002 -5.423795239552119E-006
  3.465758983557454E-002 -5.396842428383051E-006
  3.465303879822149E-002 -5.401292266257002E-006
  3.464850162650000E-002 -5.435033896363312E-006
  3.464397069140708E-002 -5.495005661313356E-006
  3.463944000951761E-002 -5.577263298521781E-006
  3.463490617186948E-002 -5.676988815322039E-006
  3.463036787089323E-002 -5.788584527817738E-006
  3.462582461368343E-002 -5.905948407760757E-006
  3.462127580610071E-002 -6.022887457257029E-006
  3.461672096772266E-002 -6.133515055070537E-006
  3.461216080407015E-002 -6.232490672270031E-006
  3.460759812133166E-002 -6.315085113675233E-006
  3.460303773031176E-002 -6.377185756102872E-006
  3.459848536810997E-002 -6.415384409431866E-006
  3.459394648292023E-002 -6.427194235410610E-006
  3.458942578429754E-002 -6.411305001987672E-006
  3.458492774185012E-002 -6.367723644400630E-006
  3.458045736976608E-002 -6.297710418615431E-006
  3.457602039908908E-002 -6.203555151682265E-006
  3.457162250178848E-002 -6.088331769226934E-006
  3.456726808414907E-002 -5.955748604519666E-006
  3.456295956517945E-002 -5.810100451813729E-006
  3.455869765918932E-002 -5.656223130714713E-006
  3.455448234127871E-002 -5.499339483517957E-006
  3.455031361720992E-002 -5.344772238583600E-006
  3.454619141912210E-002 -5.197606857117711E-006
  3.454211472663712E-002 -5.062425472314674E-006
  3.453808070044492E-002 -4.943173534735761E-006
  3.453408463057849E-002 -4.843119242981828E-006
  3.453012084001193E-002 -4.764810046009066E-006
  3.452618391127289E-002 -4.709964669831888E-006
  3.452226936640593E-002 -4.679328324584906E-006
  3.451837341281348E-002 -4.672582223846792E-006
  3.451449214862581E-002 -4.688380815702782E-006
  3.451062104507504E-002 -4.724507860531022E-006
  3.450675525268859E-002 -4.778067912915570E-006
  3.450289056462914E-002 -4.845626785283197E-006
  3.449902432329861E-002 -4.923283808942411E-006
  3.449515562074553E-002 -5.006738282221205E-006
  3.449128473693837E-002 -5.091432521675461E-006
  3.448741236393406E-002 -5.172796829472456E-006
  3.448353927632035E-002 -5.246536568014393E-006
  3.447966666294657E-002 -5.308861309954487E-006
  3.447579673691651E-002 -5.356594960788078E-006
  3.447193300355986E-002 -5.387190858489443E-006
  3.446807987310466E-002 -5.398735837160793E-006
  3.446424186880305E-002 -5.390013169455528E-006
  3.446042300848089E-002 -5.360620207246036E-006
  3.445662675665855E-002 -5.311066206504263E-006
  3.445285643026514E-002 -5.242768257348693E-006
  3.444911554897977E-002 -5.157923670219852E-006
  3.444540768773621E-002 -5.059314400367327E-006
  3.444173584564184E-002 -4.950129952865940E-006
  3.443810178877148E-002 -4.833857347281516E-006
  3.443450586962672E-002 -4.714215392686659E-006
  3.443094743813799E-002 -4.595066754520360E-006
  3.442742547519507E-002 -4.480259948575878E-006
  3.442393891447239E-002 -4.373415414253489E-006
  3.442048640862139E-002 -4.277720813992608E-006
  3.441706578922902E-002 -4.195798308220171E-006
  3.441367374572599E-002 -4.129655443662046E-006
  3.441030607702891E-002 -4.080676945964783E-006
  3.440695840215835E-002 -4.049602933210719E-006
  3.440362684857349E-002 -4.036477033000503E-006
  3.440030827252623E-002 -4.040599671175327E-006
  3.439699996320850E-002 -4.060540922495127E-006
  3.439369920107396E-002 -4.094237124015765E-006
  3.439040313389993E-002 -4.139142593069783E-006
  3.438710913845614E-002 -4.192378055904079E-006
  3.438381541294883E-002 -4.250835751701811E-006
  3.438052135192408E-002 -4.311250669320677E-006
  3.437722744081213E-002 -4.370284479716924E-006
  3.437393479910762E-002 -4.424661221215772E-006
  3.437064476291742E-002 -4.471348241551907E-006
  3.436735881827063E-002 -4.507731516960508E-006
  3.436407886188391E-002 -4.531729263342126E-006
  3.436080747258224E-002 -4.541826276898333E-006
  3.435754787170851E-002 -4.537061445814251E-006
  3.435430352541257E-002 -4.517021109638815E-006
  3.435107764851129E-002 -4.481865922937251E-006
  3.434787294369876E-002 -4.432371202357828E-006
  3.434469169564269E-002 -4.369931202725926E-006
  3.434153603107040E-002 -4.296490857526436E-006
  3.433840802279418E-002 -4.214412562376861E-006
  3.433530946894230E-002 -4.126323715660153E-006
  3.433224147991165E-002 -4.034992438049842E-006
  3.432920419128629E-002 -3.943245020396544E-006
  3.432619683155988E-002 -3.853899297412287E-006
  3.432321808796800E-002 -3.769676263184852E-006
  3.432026647781473E-002 -3.693076043957828E-006
  3.431734044629078E-002 -3.626241663879383E-006
  3.431443815983135E-002 -3.570852453709431E-006
  3.431155723322413E-002 -3.528073571242555E-006
  3.430869469166565E-002 -3.498553312491783E-006
  3.430584727645706E-002 -3.482435800549551E-006
  3.430301192107651E-002 -3.479362757725338E-006
  3.430018608973974E-002 -3.488467108055420E-006
  3.429736779071203E-002 -3.508386342994879E-006
  3.429455534382437E-002 -3.537322379866460E-006
  3.429174716979753E-002 -3.573148080810693E-006
  3.428894182619534E-002 -3.613531775086983E-006
  3.428613828710923E-002 -3.656044769486440E-006
  3.428333624869144E-002 -3.698237952220271E-006
  3.428053621861555E-002 -3.737703523881812E-006
  3.427773932528940E-002 -3.772150696299309E-006
  3.427494700404622E-002 -3.799509029386083E-006
  3.427216079563554E-002 -3.818043206883497E-006
  3.426938236966191E-002 -3.826444244124850E-006
  3.426661367667387E-002 -3.823870565966931E-006
  3.426385701938142E-002 -3.809941171688684E-006
  3.426111490828013E-002 -3.784708417615073E-006
  3.425838975766658E-002 -3.748639415874036E-006
  3.425568361607960E-002 -3.702612642982210E-006
  3.425299809322536E-002 -3.647909856169374E-006
  3.425033447605929E-002 -3.586175336983206E-006
  3.424769386986919E-002 -3.519331243927916E-006
  3.424507719116048E-002 -3.449465031915246E-006
  3.424248498261853E-002 -3.378719984195615E-006
  3.423991718961263E-002 -3.309211326075594E-006
  3.423737308584375E-002 -3.242966619169333E-006
  3.423485142219339E-002 -3.181870699960062E-006
  3.423235069589824E-002 -3.127597223500188E-006
  3.422986934778492E-002 -3.081527994288239E-006
  3.422740576775932E-002 -3.044680334883365E-006
  3.422495815920932E-002 -3.017665265142736E-006
  3.422252443617878E-002 -3.000683544249003E-006
  3.422010230060978E-002 -2.993546532511215E-006
  3.421768949606529E-002 -2.995701315811833E-006
  3.421528408791685E-002 -3.006250041955936E-006
  3.421288459950649E-002 -3.023971660852345E-006
  3.421048995221239E-002 -3.047363632934424E-006
  3.420809931182785E-002 -3.074713263215696E-006
  3.420571200535994E-002 -3.104189973766573E-006
  3.420332759474318E-002 -3.133936895056236E-006
  3.420094604829383E-002 -3.162143656438207E-006
  3.419856786167055E-002 -3.187098980458883E-006
  3.419619401931418E-002 -3.207237177777212E-006
  3.419382581586920E-002 -3.221193740967209E-006
  3.419146466303540E-002 -3.227871295045335E-006
  3.418911200313336E-002 -3.226500401952738E-006
  3.418676934587535E-002 -3.216674652978833E-006
  3.418443833357451E-002 -3.198350619944786E-006
  3.418212071764831E-002 -3.171821440980376E-006
  3.417981821118640E-002 -3.137683261221877E-006
  3.417753229401350E-002 -3.096808425176764E-006
  3.417526409058140E-002 -3.050323514656031E-006
  3.417301438100871E-002 -2.999577806871923E-006
  3.417078369596675E-002 -2.946088990131242E-006
  3.416857238252910E-002 -2.891466648718194E-006
  3.416638056437540E-002 -2.837328468647000E-006
  3.416420802264291E-002 -2.785227501336213E-006
  3.416205410332344E-002 -2.736598982356634E-006
  3.415991774489269E-002 -2.692720975412083E-006
  3.415779762686619E-002 -2.654676444895081E-006
  3.415569234594280E-002 -2.623310172413633E-006
  3.415360051074699E-002 -2.599186340825507E-006
  3.415152072073500E-002 -2.582560425134380E-006
  3.414945149520317E-002 -2.573375484422123E-006
  3.414739125985946E-002 -2.571281252391925E-006
  3.414533844778301E-002 -2.575664609562349E-006
  3.414329167344082E-002 -2.585680104633203E-006
  3.414124987579566E-002 -2.600278389939764E-006
  3.413921235031283E-002 -2.618240143714961E-006
  3.413717867720000E-002 -2.638224507078350E-006
  3.413514862978275E-002 -2.658832915501938E-006
  3.413312214998754E-002 -2.678678515923584E-006
  3.413109940873629E-002 -2.696447359965187E-006
  3.412908088898220E-002 -2.710943666538676E-006
  3.412706740568126E-002 -2.721122415768091E-006
  3.412506002715508E-002 -2.726119086900279E-006
  3.412305994046757E-002 -2.725283131856570E-006
  3.412106834262925E-002 -2.718211843715098E-006
  3.411908640869441E-002 -2.704773370336819E-006
  3.411711531677759E-002 -2.685108663944522E-006
  3.411515626120646E-002 -2.659611456299899E-006
  3.411321039933050E-002 -2.628895335482235E-006
  3.411127874012750E-002 -2.593759708165370E-006
  3.410936203789040E-002 -2.555160143549181E-006
  3.410746075427783E-002 -2.514179067444342E-006
  3.410557509799897E-002 -2.471988189095215E-006
  3.410370509097543E-002 -2.429798115127237E-006
  3.410185059503452E-002 -2.388799671778856E-006
  3.410001127580345E-002 -2.350107828886795E-006
  3.409818654274702E-002 -2.314717654041245E-006
  3.409637553225409E-002 -2.283473992515600E-006
  3.409457717053584E-002 -2.257049223354752E-006
  3.409279029094656E-002 -2.235922413556768E-006
  3.409101373906109E-002 -2.220358749618234E-006
  3.408924641280280E-002 -2.210394934506566E-006
  3.408748724131679E-002 -2.205838148948722E-006
  3.408573515699979E-002 -2.206281495545118E-006
  3.408398911797671E-002 -2.211131597325424E-006
  3.408224819233988E-002 -2.219640294722513E-006
  3.408051166044272E-002 -2.230935036336381E-006
  3.407877907355474E-002 -2.244048881212495E-006
  3.407705023994811E-002 -2.257955252895802E-006
  3.407532516404008E-002 -2.271610933985641E-006
  3.407360399469262E-002 -2.284004699709246E-006
  3.407188702130729E-002 -2.294203766937327E-006
  3.407017470807726E-002 -2.301390426625188E-006
  3.406846771968773E-002 -2.304886727874437E-006
  3.406676689651497E-002 -2.304171289739229E-006
  3.406507317799821E-002 -2.298894120706175E-006
  3.406338751345431E-002 -2.288891448230919E-006
  3.406171080594541E-002 -2.274196567129376E-006
  3.406004390321065E-002 -2.255039908834343E-006
  3.405838760882580E-002 -2.231834448846964E-006
  3.405674267201024E-002 -2.205148900816113E-006
  3.405510973747228E-002 -2.175675786750233E-006
  3.405348927616208E-002 -2.144200846528613E-006
  3.405188153901276E-002 -2.111575229665541E-006
  3.405028656058327E-002 -2.078686938458521E-006
  3.404870420161755E-002 -2.046427244187575E-006
  3.404713419181055E-002 -2.015651733600995E-006
  3.404557614003739E-002 -1.987140772231091E-006
  3.404402951314917E-002 -1.961566138869743E-006
  3.404249361659391E-002 -1.939467842978653E-006
  3.404096761294575E-002 -1.921240105405007E-006
  3.403945058572130E-002 -1.907122340022957E-006
  3.403794162024627E-002 -1.897192066250223E-006
  3.403643986087494E-002 -1.891360641615815E-006
  3.403494452456549E-002 -1.889375788050313E-006
  3.403345488665659E-002 -1.890834273497977E-006
  3.403197027545277E-002 -1.895204275288197E-006
  3.403049010114200E-002 -1.901853135697607E-006
  3.402901391196084E-002 -1.910075560664441E-006
  3.402754144432223E-002 -1.919120154086618E-006
  3.402607263546484E-002 -1.928215864442381E-006
  3.402460759457601E-002 -1.936601157479595E-006
  3.402314655766405E-002 -1.943556447713319E-006
  3.402168985849510E-002 -1.948436548524245E-006
  3.402023792810285E-002 -1.950697961524775E-006
  3.401879130676277E-002 -1.949917469515230E-006
  3.401735063942984E-002 -1.945802421281838E-006
  3.401591663860697E-002 -1.938196096942157E-006
  3.401449002529075E-002 -1.927081260735706E-006
  3.401307147583236E-002 -1.912581904588385E-006
  3.401166159610388E-002 -1.894960092386447E-006
  3.401026092080893E-002 -1.874604496568957E-006
  3.400886991595040E-002 -1.852010050970496E-006
  3.400748896319176E-002 -1.827751852726916E-006
  3.400611832470209E-002 -1.802458074866963E-006
  3.400475810821177E-002 -1.776785039587296E-006
  3.400340825594773E-002 -1.751394283430730E-006
  3.400206856462978E-002 -1.726929270917899E-006
  3.400073872120509E-002 -1.703990127181493E-006
  3.399941832978155E-002 -1.683107599246909E-006
  3.399810691686817E-002 -1.664719895939582E-006
  3.399680392415248E-002 -1.649156004203141E-006
  3.399550871150159E-002 -1.636626602840494E-006
  3.399422058623851E-002 -1.627220869115086E-006
  3.399293885385034E-002 -1.620906545067215E-006
  3.399166286794159E-002 -1.617532120494523E-006
  3.399039205794564E-002 -1.616832338766827E-006
  3.398912593090211E-002 -1.618439224558485E-006
  3.398786406328679E-002 -1.621899520074392E-006
  3.398660610410251E-002 -1.626696884471784E-006
  3.398535179743866E-002 -1.632275582157026E-006
  3.398410101302999E-002 -1.638062963756663E-006
  3.398285376369565E-002 -1.643490219696505E-006
  3.398161019664302E-002 -1.648012712246031E-006
  3.398037056412584E-002 -1.651131089055112E-006
  3.397913519215288E-002 -1.652412490792365E-006
  3.397790446326503E-002 -1.651509194162191E-006
  3.397667881398740E-002 -1.648171760875794E-006
  3.397545873306329E-002 -1.642255520872206E-006
  3.397424474519498E-002 -1.633721618449582E-006
  3.397303737730879E-002 -1.622634991538693E-006
  3.397183711927317E-002 -1.609160733176122E-006
  3.397064439571862E-002 -1.593558244883190E-006
  3.396945955651350E-002 -1.576171290234375E-006
  3.396828287883333E-002 -1.557412679420528E-006
  3.396711456630828E-002 -1.537744399035239E-006
  3.396595473653599E-002 -1.517655863599570E-006
  3.396480340180036E-002 -1.497643142631895E-006
  3.396366045710688E-002 -1.478190470538459E-006
  3.396252568657279E-002 -1.459753440675053E-006
  3.396139878652548E-002 -1.442742595964309E-006
  3.396027939230613E-002 -1.427507126023318E-006
  3.395916709536488E-002 -1.414320087579807E-006
  3.395806144787837E-002 -1.403367442552779E-006
  3.395696196451679E-002 -1.394742472356123E-006
  3.395586813452130E-002 -1.388445374692227E-006
  3.395477944903003E-002 -1.384386494084002E-006
  3.395369543572868E-002 -1.382391684133889E-006
  3.395261568630275E-002 -1.382209515708481E-006
  3.395153986725108E-002 -1.383521218447323E-006
  3.395046771690839E-002 -1.385954259581125E-006
  3.394939904066285E-002 -1.389099261935189E-006
  3.394833371494993E-002 -1.392528551867378E-006
  3.394727170029842E-002 -1.395814189050081E-006
  3.394621305349464E-002 -1.398544196947267E-006
  3.394515792738934E-002 -1.400337106232424E-006
  3.394410655500118E-002 -1.400855645972979E-006
  3.394305922527310E-002 -1.399819891085365E-006
  3.394201626217573E-002 -1.397018923089671E-006
  3.394097801360353E-002 -1.392319241176107E-006
  3.393994484661746E-002 -1.385668558716555E-006
  3.393891713964326E-002 -1.377094987814429E-006
  3.393789526507821E-002 -1.366702888711644E-006
  3.393687956456035E-002 -1.354666877082189E-006
  3.393587032612985E-002 -1.341224578768101E-006
  3.393486777174044E-002 -1.326667568656189E-006
  3.393387205596957E-002 -1.311329575484498E-006
  3.393288326904188E-002 -1.295571817804598E-006
  3.393190143600797E-002 -1.279766626266128E-006
  3.393092650993192E-002 -1.264281255579935E-006
  3.392995836476884E-002 -1.249463417053173E-006
  3.392899679635921E-002 -1.235628922592894E-006
  3.392804153524993E-002 -1.223050879104932E-006
  3.392709226695702E-002 -1.211949844825719E-006
  3.392614865072399E-002 -1.202485174038570E-006
  3.392521033059277E-002 -1.194748640016888E-006
  3.392427694018789E-002 -1.188761533945411E-006
  3.392334810848043E-002 -1.184475654118358E-006
  3.392242347299804E-002 -1.181777543465728E-006
  3.392150270027700E-002 -1.180494823444404E-006
  3.392058550655071E-002 -1.180403828829526E-006
  3.391967167046744E-002 -1.181238545185472E-006
  3.391876103494199E-002 -1.182701313177676E-006
  3.391785350252512E-002 -1.184475446181179E-006
  3.391694903188920E-002 -1.186239066627772E-006
  3.391604763973746E-002 -1.187678820748314E-006
  3.391514940571536E-002 -1.188502229381379E-006
  3.391425447354279E-002 -1.188448186509149E-006
  3.391336304318678E-002 -1.187295890537185E-006
  3.391247535492142E-002 -1.184872658438979E-006
  3.391159167140259E-002 -1.181060546754569E-006
  3.391071226409969E-002 -1.175801007472565E-006
  3.390983740568628E-002 -1.169096609155163E-006
  3.390896736455227E-002 -1.161009394718818E-006
  3.390810239609350E-002 -1.151656340284418E-006
  3.390724272894043E-002 -1.141202946104601E-006
  3.390638854956850E-002 -1.129855834613832E-006
  3.390553999116099E-002 -1.117854562079841E-006
  3.390469713014638E-002 -1.105462293251512E-006
  3.390385998872127E-002 -1.092955043483347E-006
  3.390302853831483E-002 -1.080609824860180E-006
  3.390220270012505E-002 -1.068692714194954E-006
  3.390138234336376E-002 -1.057448029168396E-006
  3.390056728565428E-002 -1.047089325276402E-006
  3.389975729979388E-002 -1.037792206749603E-006
  3.389895212702077E-002 -1.029688548275461E-006
  3.389815149250693E-002 -1.022861913694363E-006
  3.389735511777393E-002 -1.017344486028479E-006
  3.389656272789604E-002 -1.013116165872333E-006
  3.389577405595103E-002 -1.010106307811048E-006
  3.389498884929467E-002 -1.008197965834784E-006
  3.389420688014793E-002 -1.007233971485932E-006
  3.389342795855824E-002 -1.007024076249126E-006
  3.389265194282493E-002 -1.007352755403945E-006
  3.389187874345014E-002 -1.007987715656302E-006
  3.389110832072042E-002 -1.008689250146468E-006
  3.389034067974010E-002 -1.009220241641714E-006
  3.388957586711706E-002 -1.009356126531404E-006
  3.388881397042355E-002 -1.008893928613128E-006
  3.388805511777877E-002 -1.007659740524837E-006
  3.388729947364828E-002 -1.005514560398942E-006
  3.388654722920044E-002 -1.002358759580092E-006
  3.388579858930257E-002 -9.981353950605406E-007
  3.388505376030922E-002 -9.928321973242388E-007
  3.388431294156030E-002 -9.864817472452694E-007
  3.388357632017785E-002 -9.791594317251654E-007
  3.388284406623714E-002 -9.709792262723363E-007
  3.388211632576681E-002 -9.620878582684098E-007
  3.388139321182586E-002 -9.526580836626095E-007
  3.388067479658743E-002 -9.428815639740333E-007
  3.387996110758909E-002 -9.329614098069003E-007
  3.387925212892420E-002 -9.231042410360268E-007
  3.387854780522782E-002 -9.135117889705917E-007
  3.387784804533320E-002 -9.043724771415441E-007
  3.387715272418204E-002 -8.958537092269847E-007
  3.387646168438363E-002 -8.880955127061391E-007
  3.387577474024459E-002 -8.812057929500472E-007
  3.387509168588544E-002 -8.752570524505890E-007
  3.387441230625960E-002 -8.702843146907205E-007
  3.387373638788667E-002 -8.662841963902511E-007
  3.387306372658380E-002 -8.632153575709651E-007
  3.387239413198665E-002 -8.610006306925920E-007
  3.387172743104895E-002 -8.595308891352787E-007
  3.387106347299712E-002 -8.586703348738284E-007
  3.387040213622353E-002 -8.582626545423543E-007
  3.386974333508251E-002 -8.581375669888104E-007
  3.386908702366278E-002 -8.581175602178100E-007
  3.386843319508424E-002 -8.580248263600696E-007
  3.386778187744890E-002 -8.576883595658640E-007
  3.386713312912954E-002 -8.569509263182785E-007
  3.386648703540202E-002 -8.556753862940700E-007
  3.386584370621883E-002 -8.537498521683310E-007
  3.386520327312254E-002 -8.510914433894829E-007
  3.386456588341939E-002 -8.476487116236738E-007
  3.386393169160541E-002 -8.434029550966882E-007
  3.386330085002771E-002 -8.383685194207437E-007
  3.386267350120269E-002 -8.325919520168267E-007
  3.386204977280963E-002 -8.261497767751287E-007
  3.386142977439575E-002 -8.191448101103342E-007
  3.386081359395928E-002 -8.117012548926936E-007
  3.386020129348709E-002 -8.039590516142823E-007
  3.385959290432969E-002 -7.960679648075834E-007
  3.385898842437905E-002 -7.881816652379256E-007
  3.385838781842752E-002 -7.804518355688711E-007
  3.385779102134265E-002 -7.730222775296048E-007
  3.385719794228550E-002 -7.660231637522035E-007
  3.385660846829477E-002 -7.595658016304426E-007
  3.385602246700555E-002 -7.537383547310468E-007
  3.385543978976926E-002 -7.486028177552058E-007
  3.385486027667447E-002 -7.441932698009132E-007
  3.385428376373652E-002 -7.405152365218557E-007
  3.385371009088685E-002 -7.375459954890594E-007
  3.385313910874350E-002 -7.352358098668005E-007
  3.385257068302241E-002 -7.335102008739739E-007
  3.385200469709473E-002 -7.322733289623030E-007
  3.385144105422892E-002 -7.314123576287584E-007
  3.385087968064521E-002 -7.308024682885457E-007
  3.385032052906353E-002 -7.303121336728717E-007
  3.384976358120900E-002 -7.298083711190826E-007
  3.384920884779378E-002 -7.291618715793639E-007
  3.384865636576607E-002 -7.282519797457766E-007
  3.384810619404117E-002 -7.269714233899984E-007
  3.384755840935025E-002 -7.252305373262783E-007
  3.384701310298315E-002 -7.229606508258594E-007
  3.384647037785903E-002 -7.201163952044129E-007
  3.384593034469328E-002 -7.166768909352379E-007
  3.384539311657829E-002 -7.126459463747492E-007
  3.384485880254899E-002 -7.080514281961684E-007
  3.384432750157577E-002 -7.029438577293340E-007
  3.384379929819781E-002 -6.973941708606892E-007
  3.384327425991339E-002 -6.914905804108512E-007
  3.384275243543391E-002 -6.853346230528509E-007
  3.384223385281977E-002 -6.790366575183282E-007
  3.384171851736047E-002 -6.727111700707174E-007
  3.384120641005086E-002 -6.664721770599644E-007
  3.384069748776253E-002 -6.604288585485604E-007
  3.384019168549243E-002 -6.546814435317136E-007
  3.383968892000207E-002 -6.493173819813708E-007
  3.383918909364028E-002 -6.444079531432115E-007
  3.383869209758397E-002 -6.400055577864536E-007
  3.383819781471383E-002 -6.361419225248064E-007
  3.383770612299923E-002 -6.328273061914860E-007
  3.383721690002806E-002 -6.300506346872848E-007
  3.383673002839467E-002 -6.277804129807237E-007
  3.383624540084797E-002 -6.259663028632984E-007
  3.383576292409333E-002 -6.245413459854869E-007
  3.383528252094027E-002 -6.234248488882497E-007
  3.383480413142283E-002 -6.225258791806265E-007
  3.383432771382228E-002 -6.217471938417827E-007
  3.383385324598042E-002 -6.209893308901550E-007
  3.383338072640437E-002 -6.201546110465463E-007
  3.383291017420765E-002 -6.191508967973472E-007
  3.383244162729728E-002 -6.178950540232227E-007
  3.383197513909465E-002 -6.163160791674284E-007
  3.383151077474248E-002 -6.143577902912427E-007
  3.383104860767849E-002 -6.119809072809125E-007
  3.383058871675749E-002 -6.091643476761681E-007
  3.383013118340086E-002 -6.059056607942783E-007
  3.382967608814012E-002 -6.022206544746562E-007
  3.382922350646759E-002 -5.981423476794701E-007
  3.382877350461854E-002 -5.937193663631820E-007
  3.382832613617131E-002 -5.890138267487804E-007
  3.382788143995204E-002 -5.840987030662857E-007
  3.382743943902371E-002 -5.790547127655756E-007
  3.382700014012104E-002 -5.739668538902711E-007
  3.382656353308889E-002 -5.689208201225673E-007
  3.382612959047830E-002 -5.639995303377687E-007
  3.382569826790163E-002 -5.592799350458135E-007
  3.382526950564209E-002 -5.548301637252501E-007
  3.382484323143734E-002 -5.507070293092638E-007
  3.382441936379869E-002 -5.469539354150307E-007
  3.382399781514944E-002 -5.435992953648231E-007
  3.382357849451385E-002 -5.406555987163176E-007
  3.382316131005951E-002 -5.381192108855054E-007
  3.382274617199370E-002 -5.359708900174890E-007
  3.382233299597651E-002 -5.341769188140075E-007
  3.382192170663685E-002 -5.326907292019353E-007
  3.382151224046302E-002 -5.314549381051687E-007
  3.382110454755854E-002 -5.304037591694229E-007
  3.382069859232557E-002 -5.294657532695808E-007
  3.382029435359196E-002 -5.285668230168606E-007
  3.381989182467642E-002 -5.276332870299565E-007
  3.381949101343944E-002 -5.265948454087733E-007
  3.381909194190168E-002 -5.253872880912546E-007
  3.381869464493215E-002 -5.239548704210901E-007
  3.381829916788672E-002 -5.222523294376245E-007
  3.381790556359487E-002 -5.202465090619275E-007
  3.381751388932761E-002 -5.179175223415344E-007
  3.381712420415873E-002 -5.152593551001599E-007
  3.381673656666703E-002 -5.122798461222945E-007
  3.381635103262135E-002 -5.090000553904656E-007
  3.381596765239094E-002 -5.054531070745279E-007
  3.381558646822280E-002 -5.016826210711472E-007
  3.381520751186561E-002 -4.977408202482923E-007
  3.381483080300433E-002 -4.936863570317267E-007
  3.381445634861404E-002 -4.895818913243481E-007
  3.381408414295075E-002 -4.854914891525413E-007
  3.381371416778708E-002 -4.814779711933776E-007
  3.381334639274042E-002 -4.776003740185627E-007
  3.381298077589463E-002 -4.739116658208446E-007
  3.381261726505889E-002 -4.704567977424279E-007
  3.381225579980724E-002 -4.672711154092041E-007
  3.381189631406514E-002 -4.643791393379761E-007
  3.381153873877289E-002 -4.617937467342886E-007
  3.381118300425297E-002 -4.595158147362414E-007
  3.381082904224463E-002 -4.575343786372555E-007
  3.381047678785242E-002 -4.558273093421440E-007
  3.381012618164635E-002 -4.543624507620933E-007
  3.380977717186660E-002 -4.530991191288649E-007
  3.380942971637944E-002 -4.519898706308632E-007
  3.380908378397093E-002 -4.509824740010760E-007
  3.380873935480921E-002 -4.500220444956475E-007
  3.380839642025621E-002 -4.490532822519596E-007
  3.380805498238435E-002 -4.480227205411041E-007
  3.380771505342754E-002 -4.468808603870010E-007
  3.380737665509732E-002 -4.455840746859713E-007
  3.380703981749242E-002 -4.440962054274795E-007
  3.380670457739989E-002 -4.423898242419123E-007
  3.380637097607024E-002 -4.404471480950427E-007
  3.380603905680990E-002 -4.382605925742263E-007
  3.380570886276187E-002 -4.358329257880369E-007
  3.380538043503013E-002 -4.331769873586765E-007
  3.380505381103741E-002 -4.303149712466695E-007
  3.380472902291194E-002 -4.272773224395166E-007
  3.380440609584238E-002 -4.241013340534407E-007
  3.380408504658221E-002 -4.208295339119988E-007
  3.380376588240559E-002 -4.175079253626221E-007
  3.380344860070844E-002 -4.141841244159975E-007
  3.380313318920079E-002 -4.109054372833007E-007
  3.380281962645326E-002 -4.077169494698798E-007
  3.380250788258435E-002 -4.046597259518348E-007
  3.380219792006533E-002 -4.017692254816152E-007
  3.380188969479672E-002 -3.990740034695381E-007
  3.380158315761100E-002 -3.965947352076770E-007
  3.380127825617527E-002 -3.943435615092593E-007
  3.380097493705821E-002 -3.923237558862671E-007
  3.380067314766287E-002 -3.905297264533263E-007
  3.380037283786046E-002 -3.889473726113126E-007
  3.380007396137417E-002 -3.875547994382948E-007
  3.379977647707424E-002 -3.863233561120896E-007
  3.379948035026855E-002 -3.852189300795699E-007
  3.379918555388230E-002 -3.842034163403251E-007
  3.379889206928621E-002 -3.832362930939051E-007
  3.379859988657846E-002 -3.822762544393911E-007
  3.379830900431728E-002 -3.812828575904138E-007
  3.379801942888705E-002 -3.802181295820614E-007
  3.379773117371597E-002 -3.790480593447893E-007
  3.379744425843447E-002 -3.777438952961004E-007
  3.379715870789233E-002 -3.762831858216585E-007
  3.379687455089140E-002 -3.746505320026356E-007
  3.379659181859297E-002 -3.728380489342841E-007
  3.379631054273679E-002 -3.708455402102021E-007
  3.379603075391400E-002 -3.686803828608249E-007
  3.379575248008529E-002 -3.663571141734168E-007
  3.379547574537678E-002 -3.638967222622673E-007
  3.379520056905521E-002 -3.613256696215688E-007
  3.379492696458421E-002 -3.586747084032523E-007
  3.379465493878202E-002 -3.559775598654900E-007
  3.379438449122484E-002 -3.532695232635299E-007
  3.379411561405317E-002 -3.505860613090988E-007
  3.379384829222690E-002 -3.479613983637073E-007
  3.379358250412700E-002 -3.454271727094338E-007
  3.379331822233761E-002 -3.430111992810751E-007
  3.379305541450439E-002 -3.407364082115130E-007
  3.379279404428886E-002 -3.386200152350533E-007
  3.379253407250835E-002 -3.366729547665698E-007
  3.379227545850334E-002 -3.348995794138391E-007
  3.379201816164749E-002 -3.332976154340849E-007
  3.379176214281918E-002 -3.318583646453982E-007
  3.379150736566813E-002 -3.305671496597156E-007
  3.379125379762456E-002 -3.294039965995436E-007
  3.379100141071550E-002 -3.283445332051421E-007
  3.379075018227942E-002 -3.273610572077511E-007
  3.379050009559016E-002 -3.264237145423390E-007
  3.379025114029317E-002 -3.255017272205666E-007
  3.379000331251783E-002 -3.245646227048027E-007
  3.378975661460088E-002 -3.235834282524241E-007
  3.378951105448190E-002 -3.225317954355382E-007
  3.378926664491386E-002 -3.213870123956050E-007
  3.378902340261117E-002 -3.201308550776192E-007
  3.378878134736051E-002 -3.187502336753274E-007
  3.378854050103541E-002 -3.172376084165259E-007
  3.378830088645852E-002 -3.155911705744914E-007
  3.378806252614033E-002 -3.138147989615698E-007
  3.378782544101863E-002 -3.119178044667223E-007
  3.378758964934693E-002 -3.099144712256053E-007
  3.378735516581448E-002 -3.078234037236197E-007
  3.378712200088153E-002 -3.056667002339986E-007
  3.378689016026085E-002 -3.034689910284419E-007
  3.378665964450717E-002 -3.012563937586032E-007
  3.378643044875441E-002 -2.990554404015847E-007
  3.378620256268986E-002 -2.968920204266794E-007
  3.378597597082756E-002 -2.947903727811568E-007
  3.378575065305848E-002 -2.927721540192416E-007
  3.378552658538026E-002 -2.908556137347366E-007
  3.378530374070204E-002 -2.890549143700326E-007
  3.378508208967947E-002 -2.873796314273817E-007
  3.378486160160361E-002 -2.858344577683692E-007
  3.378464224538281E-002 -2.844191170628802E-007
  3.378442399060513E-002 -2.831284758234643E-007
  3.378420680859467E-002 -2.819528373892902E-007
  3.378399067334347E-002 -2.808784028859359E-007
  3.378377556224016E-002 -2.798878857545577E-007
  3.378356145659468E-002 -2.789612614181832E-007
  3.378334834201389E-002 -2.780766217538034E-007
  3.378313620867342E-002 -2.772110923252878E-007
  3.378292505147160E-002 -2.763417658876233E-007
  3.378271486999990E-002 -2.754466109364863E-007
  3.378250566826865E-002 -2.745053236099105E-007
  3.378229745418869E-002 -2.735000983468003E-007
  3.378209023888144E-002 -2.724162930274681E-007
  3.378188403591505E-002 -2.712429614973958E-007
  3.378167886053017E-002 -2.699732270806216E-007
  3.378147472885673E-002 -2.686044790672804E-007
  3.378127165709039E-002 -2.671383883469175E-007
  3.378106966061943E-002 -2.655807517767485E-007
  3.378086875314984E-002 -2.639411816788477E-007
  3.378066894591773E-002 -2.622326568523215E-007
  3.378047024706772E-002 -2.604709498358787E-007
  3.378027266122154E-002 -2.586739481418252E-007
  3.378007618920740E-002 -2.568608953676225E-007
  3.377988082790723E-002 -2.550515879329209E-007
  3.377968657021149E-002 -2.532655678528794E-007
  3.377949340511351E-002 -2.515213486309738E-007
  3.377930131798697E-002 -2.498357024676741E-007
  3.377911029105522E-002 -2.482230294298415E-007
  3.377892030400842E-002 -2.466948261728780E-007
  3.377873133469380E-002 -2.452592734789145E-007
  3.377854335981922E-002 -2.439209623231168E-007
  3.377835635565309E-002 -2.426807732684930E-007
  3.377817029873621E-002 -2.415359130036339E-007
  3.377798516661457E-002 -2.404800998237025E-007
  3.377780093856252E-002 -2.395038817671850E-007
  3.377761759623025E-002 -2.385950689238495E-007
  3.377743512414910E-002 -2.377392629183703E-007
  3.377725351006646E-002 -2.369204661379581E-007
  3.377707274512930E-002 -2.361217489317720E-007
  3.377689282395557E-002 -2.353259461410599E-007
  3.377671374461404E-002 -2.345163499841135E-007
  3.377653550849645E-002 -2.336773672861746E-007
  3.377635812004719E-002 -2.327951152118624E-007
  3.377618158633442E-002 -2.318579369379173E-007
  3.377600591648930E-002 -2.308568226363977E-007
  3.377583112107463E-002 -2.297857220163992E-007
  3.377565721144397E-002 -2.286417348349621E-007
  3.377548419912116E-002 -2.274251693889609E-007
  3.377531209519623E-002 -2.261394668955053E-007
  3.377514090972586E-002 -2.247909995041355E-007
  3.377497065114874E-002 -2.233887569319967E-007
  3.377480132575864E-002 -2.219439393533272E-007
  3.377463293728885E-002 -2.204694734576662E-007
  3.377446548664233E-002 -2.189794680669602E-007
  3.377429897176421E-002 -2.174886284157466E-007
  3.377413338762895E-002 -2.160116530288366E-007
  3.377396872631692E-002 -2.145626411700651E-007
  3.377380497717940E-002 -2.131545385773681E-007
  3.377364212710992E-002 -2.117986442116807E-007
  3.377348016093489E-002 -2.105041939908342E-007
  3.377331906190872E-002 -2.092780324408365E-007
  3.377315881226982E-002 -2.081243814296366E-007
  3.377299939380742E-002 -2.070447147056989E-007
  3.377284078840740E-002 -2.060377452851762E-007
  3.377268297857236E-002 -2.050995269037965E-007
  3.377252594792274E-002 -2.042236632053427E-007
  3.377236968167421E-002 -2.034016111033747E-007
  3.377221416706185E-002 -2.026230612468072E-007
  3.377205939366915E-002 -2.018763783503806E-007
  3.377190535363103E-002 -2.011490851253609E-007
  3.377175204170863E-002 -2.004283729081032E-007
  3.377159945525886E-002 -1.997016193954751E-007
  3.377144759412450E-002 -1.989568910062262E-007
  3.377129646045421E-002 -1.981834071208432E-007
  3.377114605844256E-002 -1.973719466218770E-007
  3.377099639397736E-002 -1.965151825951923E-007
  3.377084747420053E-002 -1.956079360111895E-007
  3.377069930701391E-002 -1.946473418173164E-007
  3.377055190057425E-002 -1.936329220778894E-007
  3.377040526281218E-002 -1.925665624862474E-007
  3.377025940098795E-002 -1.914523925392439E-007
  3.377011432128023E-002 -1.902965756296197E-007
  3.376997002840655E-002 -1.891070213153751E-007
  3.376982652529013E-002 -1.878930352802828E-007
  3.376968381280223E-002 -1.866649230587763E-007
  3.376954188960740E-002 -1.854335625762987E-007
  3.376940075212020E-002 -1.842099604291037E-007
  3.376926039456047E-002 -1.830048083938413E-007
  3.376912080908471E-002 -1.818280587170887E-007
  3.376898198597929E-002 -1.806885373359108E-007
  3.376884391391513E-002 -1.795936117568619E-007
  3.376870658026979E-002 -1.785489257273493E-007
  3.376856997151382E-002 -1.775582078423509E-007
  3.376843407363953E-002 -1.766231581392622E-007
  3.376829887259866E-002 -1.757434151834716E-007
  3.376816435471809E-002 -1.749166050176684E-007
  3.376803050707872E-002 -1.741384708443420E-007
  3.376789731785695E-002 -1.734030777916097E-007
  3.376776477663063E-002 -1.727030822413816E-007
  3.376763287464062E-002 -1.720300517013851E-007
  3.376750160498718E-002 -1.713748200710758E-007
  3.376737096273894E-002 -1.707278639752008E-007
  3.376724094494505E-002 -1.700796865011994E-007
  3.376711155055948E-002 -1.694211944883561E-007
  3.376698278029762E-002 -1.687440544684870E-007
  3.376685463644186E-002 -1.680410119753872E-007
  3.376672712260144E-002 -1.673061604701583E-007
  3.376660024342294E-002 -1.665351497652161E-007
  3.376647400425207E-002 -1.657253278736754E-007
  3.376634841076052E-002 -1.648758135729659E-007
  3.376622346856452E-002 -1.639874987635362E-007
  3.376609918286357E-002 -1.630629810064697E-007
  3.376597555811715E-002 -1.621064285480032E-007
  3.376585259776399E-002 -1.611233834399254E-007
  3.376573030398129E-002 -1.601205122683279E-007
  3.376560867748652E-002 -1.591053169352366E-007
  3.376548771739334E-002 -1.580858190970402E-007
  3.376536742113798E-002 -1.570702312563626E-007
  3.376524778448607E-002 -1.560666265195975E-007
  3.376512880161606E-002 -1.550826187578455E-007
  3.376501046526471E-002 -1.541250653283176E-007
  3.376489276691860E-002 -1.531998048498584E-007
  3.376477569704234E-002 -1.523114413909502E-007
  3.376465924534199E-002 -1.514631835567182E-007
  3.376454340106230E-002 -1.506567432268923E-007
  3.376442815330781E-002 -1.498922955129716E-007
  3.376431349136834E-002 -1.491684992601306E-007
  3.376419940502610E-002 -1.484825764454379E-007
  3.376408588482756E-002 -1.478304474389044E-007
  3.376397292231424E-002 -1.472069167881066E-007
  3.376386051021360E-002 -1.466059014252691E-007
  3.376374864258959E-002 -1.460206903631533E-007
  3.376363731494557E-002 -1.454442237816435E-007
  3.376352652426790E-002 -1.448693796477995E-007
  3.376341626900147E-002 -1.442892569243133E-007
  3.376330654895898E-002 -1.436974452260293E-007
  3.376319736517579E-002 -1.430882710621501E-007
  3.376308871972614E-002 -1.424570108809856E-007
  3.376298061551128E-002 -1.418000619226611E-007
  3.376287305602375E-002 -1.411150641833712E-007
  3.376276604508872E-002 -1.404009697331609E-007
  3.376265958658859E-002 -1.396580584005848E-007
  3.376255368418479E-002 -1.388879011982003E-007
  3.376244834105561E-002 -1.380932738228792E-007
  3.376234355966667E-002 -1.372780239141554E-007
  3.376223934158158E-002 -1.364468972177953E-007
  3.376213568731335E-002 -1.356053301554136E-007
  3.376203259621498E-002 -1.347592182523855E-007
  3.376193006641162E-002 -1.339146711168298E-007
  3.376182809478127E-002 -1.330777644608617E-007
  3.376172667699046E-002 -1.322542987073285E-007
  3.376162580758521E-002 -1.314495728317771E-007
  3.376152548012903E-002 -1.306681814098693E-007
  3.376142568737538E-002 -1.299138427339674E-007
  3.376132642146319E-002 -1.291892650290501E-007
  3.376122767412944E-002 -1.284960562663188E-007
  3.376112943693564E-002 -1.278346804159077E-007
  3.376103170150373E-002 -1.272044604559610E-007
  3.376093445975079E-002 -1.266036262817267E-007
  3.376083770410826E-002 -1.260294044853099E-007
  3.376074142771199E-002 -1.254781459796139E-007
  3.376064562455543E-002 -1.249454865154710E-007
  3.376055028960468E-002 -1.244265335388075E-007
  3.376045541887733E-002 -1.239160712315796E-007
  3.376036100948430E-002 -1.234087745818396E-007
  3.376026705963089E-002 -1.228994231492172E-007
  3.376017356857199E-002 -1.223831061175827E-007
  3.376008053652092E-002 -1.218554110912816E-007
  3.375998796451803E-002 -1.213125900168126E-007
  3.375989585427038E-002 -1.207516962073580E-007
  3.375980420797329E-002 -1.201706870386809E-007
  3.375971302812127E-002 -1.195684882718527E-007
  3.375962231731156E-002 -1.189450179394988E-007
  3.375953207804378E-002 -1.183011698605364E-007
  3.375944231252243E-002 -1.176387588600282E-007
  3.375935302247345E-002 -1.169604308724768E-007
  3.375926420898649E-002 -1.162695419813363E-007
  3.375917587239074E-002 -1.155700112357590E-007
  3.375908801216694E-002 -1.148661531562362E-007
  3.375900062689373E-002 -1.141624970794141E-007
  3.375891371422733E-002 -1.134636012140469E-007
  3.375882727091534E-002 -1.127738695551608E-007
  3.375874129284738E-002 -1.120973789303167E-007
  3.375865577514316E-002 -1.114377224566536E-007
  3.375857071227364E-002 -1.107978748433675E-007
  3.375848609820700E-002 -1.101800843207442E-007
  3.375840192656937E-002 -1.095857951467801E-007
  3.375831819081309E-002 -1.090156038804951E-007
  3.375823488438775E-002 -1.084692508317052E-007
  3.375815200091091E-002 -1.079456462511426E-007
  3.375806953433316E-002 -1.074429290866771E-007
  3.375798747908928E-002 -1.069585550227237E-007
  3.375790583022636E-002 -1.064894096299379E-007
  3.375782458350202E-002 -1.060319420811572E-007
  3.375774373545011E-002 -1.055823141368037E-007
  3.375766328341527E-002 -1.051365582801732E-007
  3.375758322555813E-002 -1.046907382976382E-007
  3.375750356083150E-002 -1.042411054178166E-007
  3.375742428892631E-002 -1.037842435937889E-007
  3.375734541018692E-002 -1.033171986433045E-007
  3.375726692549900E-002 -1.028375866233821E-007
  3.375718883615689E-002 -1.023436778996649E-007
  3.375711114371932E-002 -1.018344538082686E-007
  3.375703384986110E-002 -1.013096338870656E-007
  3.375695695622530E-002 -1.007696728238211E-007
  3.375688046427915E-002 -1.002157277737718E-007
  3.375680437517705E-002 -9.964959826082486E-008
  3.375672868963651E-002 -9.907364181376192E-008
  3.375665340783421E-002 -9.849066934553484E-008
  3.375657852932838E-002 -9.790382441907598E-008
  3.375650405301031E-002 -9.731645136266490E-008
  3.375642997708447E-002 -9.673195736809366E-008
  3.375635629907516E-002 -9.615367450167224E-008
  3.375628301585794E-002 -9.558472734259306E-008
  3.375621012371552E-002 -9.502791177585906E-008
  3.375613761841786E-002 -9.448558936876556E-008
  3.375606549532398E-002 -9.395960105472264E-008
  3.375599374950027E-002 -9.345120286472544E-008
  3.375592237584803E-002 -9.296102586106413E-008
  3.375585136923363E-002 -9.248906168431338E-008
  3.375578072461592E-002 -9.203467408918079E-008
  3.375571043716832E-002 -9.159663567716896E-008
  3.375564050239224E-002 -9.117318765941464E-008
  3.375557091621777E-002 -9.076211957565530E-008
  3.375550167508614E-002 -9.036086525155764E-008
  3.375543277600921E-002 -8.996661098315174E-008
  3.375536421660329E-002 -8.957641159734949E-008
  3.375529599509759E-002 -8.918730995385199E-008
  3.375522811031964E-002 -8.879645485409151E-008
  3.375516056165948E-002 -8.840121260176408E-008
  3.375509334901391E-002 -8.799926755522719E-008
  3.375502647271144E-002 -8.758870794227027E-008
  3.375495993341979E-002 -8.716809389743792E-008
  3.375489373204019E-002 -8.673650558284399E-008
  3.375482786959481E-002 -8.629356991773140E-008
  3.375476234711308E-002 -8.583946509145238E-008
  3.375469716552237E-002 -8.537490286113743E-008
  3.375463232554549E-002 -8.490108971008097E-008
  3.375456782760761E-002 -8.441966882429653E-008
  3.375450367175524E-002 -8.393264581137621E-008
  3.375443985759131E-002 -8.344230155613587E-008
  3.375437638423005E-002 -8.295109589277782E-008
  3.375431325027414E-002 -8.246156591656211E-008
  3.375425045381436E-002 -8.197622289236217E-008
  3.375418799244977E-002 -8.149745191557116E-008
  3.375412586332602E-002 -8.102741843169886E-008
  3.375406406319020E-002 -8.056798537077485E-008
  3.375400258846063E-002 -8.012064417186789E-008
  3.375394143531001E-002 -7.968646195468716E-008
  3.375388059975844E-002 -7.926604651395382E-008
  3.375382007777167E-002 -7.885953009403369E-008
  3.375375986535908E-002 -7.846657228201153E-008
  3.375369995866719E-002 -7.808638176913732E-008
  3.375364035406550E-002 -7.771775582664757E-008
  3.375358104822287E-002 -7.735913567542927E-008
