   1.00000000093726       0.000000000000000E+000
  0.850456304953702      -1.814379225657493E-003
  0.471659271897967      -1.063487161340372E-002
  3.188417548156037E-002 -2.323892674224885E-002
 -0.282098265521297      -2.852960658507205E-002
 -0.346729961135097      -1.862709627795747E-002
 -0.148744927201370       2.264561464467049E-003
  0.217805096145602       2.009671727016868E-002
  0.596250060355530       2.261948602634594E-002
  0.831473535403952       9.861330352951352E-003
  0.829336185982589      -6.024729949161770E-003
  0.592164192382495      -1.124719533847704E-002
  0.218620021661902      -1.704373401430179E-003
 -0.133988509956708       1.460523228765640E-002
 -0.313854477432583       2.540426667959631E-002
 -0.240849718531582       2.446875900383177E-002
  5.525208125416219E-002  1.530814690240676E-002
  0.445229329105942       5.921175113527434E-003
  0.757634385332176       6.579899287161918E-004
  0.856497620749398      -2.802503932880926E-003
  0.701876238310701      -9.044124895591255E-003
  0.364663348096721      -1.822682294944044E-002
 -8.980366392104897E-003 -2.430895306211192E-002
 -0.263758945698645      -2.027464086626260E-002
 -0.300333160900843      -5.401067345674577E-003
 -0.112470781815198       1.259048439774301E-002
  0.215349828579644       2.296085722950003E-002
  0.545055430141260       2.037065158000412E-002
  0.740792427144898       8.923980676752869E-003
  0.722821515623006      -1.566735674883434E-003
  0.499899708418293      -3.609344517684913E-003
  0.166940995710009       2.623027481796369E-003
 -0.133356939249555       1.075858787731468E-002
 -0.271174441697491       1.439884163490551E-002
 -0.186928771306187       1.208950695366486E-002
  8.135279169369405E-002  7.019712328822467E-003
  0.414689191447053       2.681518935543596E-003
  0.666769093720839      -6.896097389613676E-004
  0.729207465264860      -5.398443249501057E-003
  0.577914244913533      -1.241192582744264E-002
  0.280437595885622      -1.868578877016047E-002
 -3.646582219696223E-002 -1.884794358156669E-002
 -0.242162579088885      -1.000743445367514E-002
 -0.255733083768606       4.792904415195136E-003
 -7.673188088026883E-002  1.794811547286649E-002
  0.217081021349626       2.263581333605925E-002
  0.502515320789950       1.769575394425863E-002
  0.661168191155489       8.024494283027031E-003
  0.627899967051418       4.043686711328651E-004
  0.418294746947629      -1.504805280327754E-003
  0.122866631181287       1.047892313175568E-003
 -0.131119190573572       4.221208154922449E-003
 -0.234795568764105       5.304767726234923E-003
 -0.145497170502767       4.389562970487936E-003
  9.479861700983007E-002  2.969264545953208E-003
  0.379003061641015       1.520643954622896E-003
  0.583052739195314      -1.144016837881012E-003
  0.620127417159588      -6.063518440683324E-003
  0.476662412937327      -1.188208787003267E-002
  0.215549684039645      -1.480645402500120E-002
 -5.278444706214748E-002 -1.130614671492577E-002
 -0.217481506905339      -1.345138510634196E-003
 -0.212580201583758       1.081493520944757E-002
 -4.286719162745641E-002  1.919533156477160E-002
  0.219132911961890       2.009404352417028E-002
  0.463399774533978       1.432770254519787E-002
  0.587980137851964       6.109766098265661E-003
  0.541638214685164      -2.247899414401887E-004
  0.345701037742273      -2.869638499589998E-003
  8.509980931536465E-002 -2.719191691666824E-003
 -0.128315574690825      -1.565096196843850E-003
 -0.204431548157646      -3.705530828269868E-004
 -0.113803781886388       8.620336630877352E-004
  0.100563457726054       1.981697815335274E-003
  0.343403481580062       1.955618941301168E-003
  0.509499963888811      -4.015713552589406E-004
  0.528827279634349      -4.846848616205489E-003
  0.395066081357429      -8.991166923790912E-003
  0.166370726695047      -9.526140036186364E-003
 -6.052326344672024E-002 -4.670164766488044E-003
 -0.191148608174506       4.156792039747710E-003
 -0.172213495065567       1.292565874629472E-002
 -1.310358080258944E-002  1.750871176362450E-002
  0.218436231888827       1.620135498949492E-002
  0.424720228654019       1.042352851379953E-002
  0.519178554280082       3.330353918576397E-003
  0.462993015194934      -2.320686169425206E-003
  0.281542651056529      -5.388003117504328E-003
  5.320829646282934E-002 -6.082585007949844E-003
 -0.124795820566309      -5.004069375889994E-003
 -0.178502892251730      -2.626730295229405E-003
 -8.855304187744747E-002  4.116397594085300E-004
  0.102736754061904       2.894497453363566E-003
  0.310997096437352       3.345880071130021E-003
  0.446744132642276       1.117684820889843E-003
  0.453256717309455      -2.693600653862217E-003
  0.329499856921668      -5.532505177378218E-003
  0.129233856632198      -4.946955794962462E-003
 -6.246958912009926E-002 -3.450960876637925E-004
 -0.165120306225680       6.420800092492860E-003
 -0.136303370028326       1.213341049508789E-002
  1.086363249051815E-002  1.415440181159205E-002
  0.213481078998195       1.183234538248979E-002
  0.385551629744485       6.512856176404346E-003
  0.454505672139568       4.257002283045446E-004
  0.392029985584274      -4.541171806317525E-003
  0.225842506222141      -7.375994424571801E-003
  2.726333102738143E-002 -7.782198935635119E-003
 -0.119878225821410      -5.894785345297558E-003
 -0.155227133750754      -2.307056202386223E-003
 -6.707353206197496E-002  1.753441732423344E-003
  0.103848507131188       4.616192005663272E-003
  0.282891581996561       4.949407139974505E-003
  0.393764186780842       2.691761484407401E-003
  0.390565724051262      -6.568808932015545E-004
  0.276319799650394      -2.802270392551777E-003
  0.100770663532057      -2.069106697396523E-003
 -6.116539381229388E-002  1.513345839119053E-003
 -0.141117644528596       6.221431035404967E-003
 -0.105955412691772       9.699860054106850E-003
  2.846441216113033E-002  1.029425664736055E-002
  0.204276306456889       7.784191258150074E-003
  0.346409397094971       3.208390599462096E-003
  0.394658767087613      -1.853824119254380E-003
  0.329228882447530      -5.947653768038577E-003
  0.178738288157112      -8.050861116901807E-003
  7.372043756321256E-003 -7.653242891945545E-003
 -0.112980746386890      -4.864202352426162E-003
 -0.133332493992508      -5.595653844192786E-004
 -4.779510949570275E-002  3.706459195945949E-003
  0.104918543995477       6.253101434025690E-003
  0.258774858602504       6.124566154139277E-003
  0.348702374533138       3.701630840072221E-003
  0.337814633862220       5.713969761832062E-004
  0.232326684098634      -1.359421654086447E-003
  7.824516219764389E-002 -9.641330313337208E-004
 -5.851805466173930E-002  1.501810595202391E-003
 -0.120162992048810       4.645181546438525E-003
 -8.137285255750104E-002  6.785756512419914E-003
  4.021814497470626E-002  6.821332686686145E-003
  0.191871328965273       4.629040948429821E-003
  0.308508463623502       9.349004153734830E-004
  0.340569574629240      -3.086297353195908E-003
  0.274952689695520      -6.198975260573462E-003
  0.140106949164328      -7.401709124064018E-003
 -6.672908705178934E-003 -6.198088022086026E-003
 -0.103986201463033      -2.850234394280189E-003
 -0.112308251158055       1.549512885013335E-003
 -3.018847833127977E-002  5.390332956042967E-003
  0.105904755942304       7.225705854767182E-003
  0.237618155310087       6.499034239087984E-003
  0.309566549977098       3.855270131027779E-003
  0.292481185212907       7.970981163895735E-004
  0.195058812249532      -1.131394797350821E-003
  5.974031832512657E-002 -1.139386794778167E-003
 -5.563610148437314E-002  4.943578459742801E-004
 -0.102481837315878       2.699750476043789E-003
 -6.195725686726290E-002  4.235411676729033E-003
  4.734949638302753E-002  4.261886542417242E-003
  0.177753507064406       2.619167758931989E-003
  0.273126343563667      -2.003175514388259E-004
  0.292905304981707      -3.258066571163078E-003
  0.229137393196642      -5.456268844607716E-003
  0.109380091178040      -5.880136380565272E-003
 -1.552330503511590E-002 -4.160486431690993E-003
 -9.330054185737735E-002 -7.235048790117287E-004
 -9.229401027744839E-002  3.260909018233050E-003
 -1.440956087475246E-002  6.314199511177631E-003
  0.106261704815052       7.311476432602534E-003
  0.218279446878355       6.022830884230047E-003
  0.274703832360057       3.212245142685405E-003
  0.252722082782819       2.273891405102568E-004
  0.162876181717760      -1.678788533814021E-003
  4.414524661285131E-002 -1.911454066213088E-003
 -5.290531782845442E-002 -7.082712433311440E-004
 -8.768135575018625E-002  1.092413762129430E-003
 -4.664251951236503E-002  2.495664415157075E-003
  5.131335256833943E-002  2.768700405797858E-003
  0.163335607812015       1.691915659756614E-003
  0.241186504185321      -3.852867990816174E-004
  0.251825299968410      -2.661997187374996E-003
  0.191208415189789      -4.155219382386750E-003
  8.555859856707150E-002 -4.077928921446382E-003
 -2.019797071846361E-002 -2.209325033673960E-003
 -8.168893254561942E-002  9.237030523587353E-004
 -7.378402779938971E-002  4.197957239460830E-003
 -8.748329376063382E-004  6.360520948403323E-003
  0.105411073906597       6.597611495928126E-003
  0.199893698960792       4.906713728705680E-003
  0.243017511319182       2.072271152778039E-003
  0.217404581890382      -7.295180485522328E-004
  0.134859144921522      -2.471046261778658E-003
  3.097816655682536E-002 -2.683347583698930E-003
 -5.022381712840338E-002 -1.570712351253146E-003
 -7.505650797304698E-002  1.628124040935146E-004
 -3.426886939683973E-002  1.648041077392919E-003
  5.340596660997259E-002  2.198041850299721E-003
  0.149639937300674       1.561032259940504E-003
  0.213086070046640       1.627441266175915E-005
  0.216964000075878      -1.720183640410508E-003
  0.160176938465938      -2.773135440620974E-003
  6.737127347372167E-002 -2.489883953938454E-003
 -2.188146795033284E-002 -7.690753548729845E-004
 -7.002012624797238E-002  1.836289679969467E-003
 -5.731172131120357E-002  4.325660685835466E-003
  1.007760068118498E-002  5.689862594263561E-003
  0.103027741422140       5.368460750057653E-003
  0.182030488149947       3.494788799440290E-003
  0.213965431739913       8.145592945811204E-004
  0.185970531909037      -1.661371755145401E-003
  0.110590634222201      -3.085517277913356E-003
  2.012854766155741E-002 -3.088555900708444E-003
 -4.728355719665167E-002 -1.870469305651937E-003
 -6.388649675084383E-002 -6.917773622963655E-005
 -2.386668945972393E-002  1.515370503134767E-003
  5.454531651803968E-002  2.235972972310559E-003
  0.137194001324469       1.848467948833539E-003
  0.188725069221707       6.107444931411696E-004
  0.187568382188811      -8.191658402891758E-004
  0.134836891885346      -1.666198492927005E-003
  5.349231141960233E-002 -1.395975023019263E-003
 -2.169937431696827E-002  1.610205325453887E-005
 -5.903440417672767E-002  2.045092745928919E-003
 -4.322288243055034E-002  3.840046658419432E-003
  1.837170899800475E-002  4.608173557926401E-003
  9.913187062997783E-002  3.972063519962629E-003
  0.164664634354119       2.130397626101617E-003
  0.187416842714756      -2.409832644333585E-004
  0.158217745635617      -2.283140610208230E-003
  8.990645457657789E-002 -3.300208146445039E-003
  1.160693409146232E-002 -3.014254177696332E-003
 -4.380430377052008E-002 -1.643285592401296E-003
 -5.363533888162197E-002  2.083583485472759E-004
 -1.479581938887527E-002  1.796506055165461E-003
  5.522433439216709E-002  2.530566139760830E-003
  0.126091194287713       2.207220422801398E-003
  0.167659285180830       1.090191874033173E-003
  0.162703092837759      -2.075636371596616E-004
  0.113979232162602      -1.000917998940751E-003
  4.273772633695930E-002 -8.507519886591692E-004
 -2.054821742441653E-002  2.258977281996829E-004
 -4.920351398020823E-002  1.758082884898939E-003
 -3.157884167863231E-002  3.036713481167580E-003
  2.422387219305569E-002  3.439080110515491E-003
  9.403376550793284E-002  2.707661955616654E-003
  0.148036899698615       1.059242022191846E-003
  0.163453944013092      -9.124921401553796E-004
  0.134079277154400      -2.484734129981122E-003
  7.268479442920885E-002 -3.092711679361100E-003
  5.365258908871517E-003 -2.543011079007197E-003
 -3.966926003652532E-002 -1.078144103258188E-003
 -4.402920839203363E-002  7.257027487232131E-004
 -6.748634480929475E-003  2.187967928546330E-003
  5.559043266842932E-002  2.794248349236952E-003
  0.116142585588078       2.401555512576525E-003
  0.149293879450249       1.290018412846150E-003
  0.141446864081111       3.234950050329584E-005
  9.655968384375424E-002 -7.664863599072140E-004
  3.418936120936292E-002 -7.429756791771321E-004
 -1.901760180863250E-002  6.454180920560651E-005
 -4.069930480989408E-002  1.242310675524577E-003
 -2.217648465446894E-002  2.197965753991777E-003
  2.806553909821737E-002  2.432007047238213E-003
  8.820156739092100E-002  1.759482515476094E-003
  0.132483232469564       3.884746469426749E-004
  0.142189731210437      -1.169259104836392E-003
  0.113457319998700      -2.309622328119587E-003
  5.871566722351886E-002 -2.579916555410903E-003
  1.212503056571095E-003 -1.859323246590858E-003
 -3.495660607022320E-002 -4.078327317623258E-004
 -3.502936989268431E-002  1.235325436741805E-003
  3.377706944703112E-004  2.465950455780328E-003
  5.558575947585286E-002  2.857779496261082E-003
  0.107047300012045       2.333457523476653E-003
  0.133052362627301       1.188449291103952E-003
  0.123030419834520      -4.519364278145478E-005
  8.178767851299773E-002 -8.357700742380223E-004
  2.723088562975226E-002 -8.828485520151824E-004
 -1.740267331554380E-002 -2.386710440488720E-004
 -3.344882982784155E-002  7.308071753284188E-004
 -1.464133886253874E-002  1.521365758726756E-003
  3.041873427743344E-002  1.719184414383337E-003
  8.211808036040025E-002  1.181763925674808E-003
  0.118291885458286       9.735247451757629E-005
  0.123645619066413      -1.096096742938707E-003
  9.613654625552112E-002 -1.894440548506104E-003
  4.765749347724286E-002 -1.937251448018386E-003
 -1.183650955666104E-003 -1.159858922524901E-003
 -2.989332107529742E-002  1.739469752938909E-004
 -2.674394022763816E-002  1.573788959790634E-003
  6.404326596412247E-003  2.520032060925946E-003
  5.508850234473759E-002  2.675811059432003E-003
  9.852905358118456E-002  2.023503771601210E-003
  0.118484012149526       8.657714787527707E-004
  0.106897517302702      -3.095154371600472E-004
  6.913549805367743E-002 -1.040081917106782E-003
  2.150995600478673E-002 -1.082059196313252E-003
 -1.577873023811351E-002 -5.015095737021177E-004
 -2.723473615606660E-002  3.706904020809655E-004
 -8.543040543164751E-003  1.094851126578871E-003
  3.177736806718580E-002  1.317806554046263E-003
  7.617263384084259E-002  9.238881253576733E-004
  0.105619566501810       8.078872840269115E-005
  0.107701908337707      -8.351051420961530E-004
  8.177276686248576E-002 -1.400692601639524E-003
  3.906230306008346E-002 -1.328091125681552E-003
 -2.239602391422331E-003 -5.913427643259697E-004
 -2.477149885432109E-002  5.556505847935290E-004
 -1.932501354178262E-002  1.679447662053603E-003
  1.138084803729687E-002  2.345186352519152E-003
  5.401588514702950E-002  2.297352140378162E-003
  9.041360800970179E-002  1.565278870375357E-003
  0.105301668983257       4.476696601811256E-004
  9.269726889282692E-002 -6.162049092005699E-004
  5.828877474730364E-002 -1.231184753546710E-003
  1.685737724440710E-002 -1.206283742034586E-003
 -1.410021593928397E-002 -6.230966786967947E-004
 -2.179944686888676E-002  2.124587208235457E-004
 -3.492789406423443E-003  9.097647300281727E-004
  3.252742148227743E-002  1.162561866394972E-003
  7.060807115295351E-002  8.763942203249328E-004
  9.447083712919011E-002  2.031866474810831E-004
  9.411011571470808E-002 -5.291373268421884E-004
  6.993388684139221E-002 -9.612457087215208E-004
  3.243825779362620E-002 -8.602345381496810E-004
 -2.379257981310071E-003 -2.239737011550804E-004
 -1.986493358396122E-002  7.130519750878436E-004
 -1.288631120996998E-002  1.576031439205238E-003
  1.525753459917837E-002  2.007736960370137E-003
  5.237370119880489E-002  1.820153496169041E-003
  8.264667134324118E-002  1.074255074455162E-003
  9.336333880137841E-002  5.393789708398437E-005
  8.023182309666214E-002 -8.533796500258317E-004
  4.906900002026908E-002 -1.316879657330718E-003
  1.319680682323391E-002 -1.194651861753351E-003
 -1.229087763510374E-002 -5.838112177054969E-004
 -1.692364563536969E-002  2.294719963648133E-004
  7.991032045367700E-004  8.958280381346027E-004
  3.291672416797282E-002  1.150048301992146E-003
  6.552049387522502E-002  9.186260354890385E-004
  8.472597214894380E-002  3.440320165433162E-004
  8.254291571653039E-002 -2.827994307862723E-004
  6.016342401467995E-002 -6.522747239439055E-004
  2.731808850653966E-002 -5.727816733147144E-004
 -1.967931627995063E-003 -5.568387509743925E-005
 -1.537118965612284E-002  6.880100945517800E-004
 -7.458824703382561E-003  1.338008910542180E-003
  1.811016405789886E-002  1.602974857192668E-003
  5.025734210333648E-002  1.346605180073180E-003
  7.526829092513364E-002  6.471518897229421E-004
  8.262181317387472E-002 -2.345370030433914E-004
  6.938779803814829E-002 -9.635500842816475E-004
  4.135674477797626E-002 -1.268790600725024E-003
  1.047086986861992E-002 -1.051866202373597E-003
 -1.030460194118379E-002 -4.225127819898983E-004
 -1.246622116724195E-002  3.521388142113779E-004
  4.508894513476051E-003  9.613309349469840E-004
  3.306729365926567E-002  1.179133661391450E-003
  6.089524880829770E-002  9.542881011910631E-004
  7.619390474310758E-002  4.249526869193183E-004
  7.265510006168460E-002 -1.465493019963017E-004
  5.204042699351764E-002 -4.903670573804397E-004
  2.331070517870212E-002 -4.469546946567678E-004
 -1.273755898817933E-003 -3.557296466327732E-005
 -1.138868549555863E-002  5.556737989504636E-004
 -2.985142758362585E-003  1.053322158253806E-003
  2.008755787629291E-002  1.218758225452735E-003
  4.782117630519198E-002  9.528018260064129E-004
  6.836634364820603E-002  3.397792718766089E-004
  7.306717091562183E-002 -3.870342537930436E-004
  6.007503764549850E-002 -9.428121262409086E-004
  3.503501048183795E-002 -1.109377861149621E-003
  8.596989408862051E-003 -8.244128998230082E-004
 -8.150979746767791E-003 -2.050929108238482E-004
 -8.367741362916389E-003  5.024719730594842E-004
  7.718311655747427E-003  1.025821240231036E-003
  3.301343746994767E-002  1.177496260943079E-003
  5.665788019854168E-002  9.288991534645558E-004
  6.866759897984191E-002  4.165241160514278E-004
  6.413467356363235E-002 -1.209889283838047E-004
  4.521924731265915E-002 -4.473704767453781E-004
  2.012546444935935E-002 -4.298029507442937E-004
 -4.601623052937953E-004 -9.346057862109684E-005
 -7.925064607515681E-003  3.931539271012503E-004
  6.582207384913117E-004  7.946648951081803E-004
  2.137775955774832E-002  9.131594378399143E-004
  4.523630131070201E-002  6.750724987647623E-004
  6.202985714727510E-002  1.636081634308260E-004
  6.468064606366720E-002 -4.163548849690257E-004
  5.218653362547303E-002 -8.250210099712223E-004
  2.996042399005314E-002 -8.887663534954979E-004
  7.453917653950513E-003 -5.729075044591967E-004
 -5.891234344588970E-003  3.953352282763845E-006
 -4.628997150772202E-003  6.193343559303516E-004
  1.045059877672570E-002  1.038774702698345E-003
  3.274706305047918E-002  1.111523358545721E-003
  5.272154661360785E-002  8.301113098454883E-004
  6.196594616213325E-002  3.293992750147688E-004
  5.673280530423348E-002 -1.736188210170644E-004
  3.944369783252521E-002 -4.729613502948682E-004
  1.756979104531021E-002 -4.597998326565968E-004
  3.971179507632867E-004 -1.651864424467625E-004
 -4.925289610349215E-003  2.579289965184129E-004
  3.625728473475740E-003  6.044451453925870E-004
  2.216994079249703E-002  7.077404460851409E-004
  4.265319737628527E-002  5.120408767728677E-004
  5.631591173496659E-002  9.596595812087323E-005
  5.740899528287129E-002 -3.619650423916142E-004
  4.558298342890943E-002 -6.603585854621866E-004
  2.595990390524055E-002 -6.613327582043931E-004
  6.891294080102778E-003 -3.496635424006598E-004
 -3.616420850992588E-003  1.599971161031065E-004
 -1.279278738857016E-003  6.704728213199552E-004
  1.270811520296906E-002  9.837154103368891E-004
  3.225569347404941E-002  9.822598787903290E-004
  4.901942915190260E-002  6.763421254050388E-004
  5.595522141773482E-002  1.972949144406947E-004
  5.027093218197868E-002 -2.593003574206291E-004
  3.453912055816864E-002 -5.160291520562667E-004
  1.552822537718076E-002 -4.864740323495070E-004
  1.280040468695584E-003 -2.079497168460116E-004
 -2.305923215438298E-003  1.787955075504804E-004
  6.068887622673593E-003  4.930986298467519E-004
  2.262462186754656E-002  5.932014001188513E-004
  4.017885482443258E-002  4.365840030332907E-004
  5.123540141614513E-002  9.657498365970083E-005
  5.115971489991986E-002 -2.710063659618157E-004
  4.009751265180948E-002 -4.962016023078489E-004
  2.284425747928479E-002 -4.687595497108641E-004
  6.750820315753906E-003 -1.860686324112504E-004
 -1.420715665026073E-003  2.449367155312958E-004
  1.652973792468829E-003  6.523871449986064E-004
  1.450060408465937E-002  8.714504453388131E-004
  3.154547219975323E-002  8.130950165632886E-004
  4.551856729208708E-002  5.006738585955904E-004
  5.055106909952466E-002  5.922293138583129E-005
  4.463022593115459E-002 -3.374783104070969E-004
  3.039096524442574E-002 -5.392430510518509E-004
  1.393367923732325E-002 -4.805103176269325E-004
  2.196815239319848E-003 -2.046707546875122E-004
  1.541667269136300E-005  1.577487732764791E-004
  8.112593494669152E-003  4.468267552177287E-004
  2.285827838019378E-002  5.417772763415179E-004
  3.787062665478260E-002  4.111260839918707E-004
  4.675581353994766E-002  1.237331984848086E-004
  4.581148641840860E-002 -1.832218128702810E-004
  3.555199161990386E-002 -3.649485885788886E-004
  2.042837207897980E-002 -3.322157741019225E-004
  6.888289483660257E-003 -9.007290376610633E-005
  6.203495290204641E-004  2.641108408066496E-004
  4.159405475571030E-003  5.821123282821030E-004
  1.585946649659137E-002  7.278977830754303E-004
  3.064814818164780E-002  6.353180095213747E-004
  4.221785460069654E-002  3.360414827308429E-004
  4.570704057342491E-002 -5.383075228462560E-005
  3.973183585743800E-002 -3.823983088793081E-004
  2.691950112318621E-002 -5.249448381748841E-004
  1.274047962068762E-002 -4.346182767093499E-004
  3.157427359138449E-003 -1.597720226733168E-004
  2.101614462800165E-003  1.786662596203476E-004
  9.845032976600780E-003  4.395048479059831E-004
  2.294233201109479E-002  5.207198730690684E-004
  3.574353947650885E-002  4.009091287851595E-004
  4.281495093899922E-002  1.457158572320405E-004
  4.123180129758560E-002 -1.227678226439070E-004
  3.177600588935495E-002 -2.799684709851579E-004
  1.854932602728575E-002 -2.528719797467206E-004
  7.189135001507123E-003 -5.115343708846783E-005
  2.461595698833063E-003  2.375647968916519E-004
  6.258581862589623E-003  4.858953913093090E-004
  1.683884841347587E-002  5.816890159425420E-004
  2.961580937016458E-002  4.762653023540023E-004
  3.913638631393898E-002  2.054117280126452E-004
  4.139742658024911E-002 -1.255185727396506E-004
  3.551613170192348E-002 -3.857559207229477E-004
  2.405828405166342E-002 -4.735650727750633E-004
  1.190527727249518E-002 -3.579643341796276E-004
  4.159941406851607E-003 -9.038626375724366E-005
  3.989804844895760E-003  2.181296630441051E-004
  1.131958241614764E-002  4.440727535672903E-004
  2.291245117012448E-002  5.027533087054116E-004
  3.378502516184869E-002  3.821944515343073E-004
  3.933839408915342E-002  1.457575969226656E-004
  3.729434060811091E-002 -9.697530132478777E-005
  2.862178308506307E-002 -2.381629098000487E-004
  1.707727163635632E-002 -2.178708570493047E-004
  7.574506018747736E-003 -4.889143225280080E-005
  4.089338369101905E-003  1.899930104185384E-004
  7.992432305583752E-003  3.889688787412284E-004
  1.750778570491140E-002  4.550877092067519E-004
  2.850927905830665E-002  3.525138987444950E-004
  3.629894496028695E-002  1.180530806737760E-004
  3.760112689062119E-002 -1.543915804162559E-004
  3.192675567074733E-002 -3.535242460968911E-004
  2.174052424733761E-002 -3.974677174352043E-004
  1.137782429732818E-002 -2.678480037806984E-004
  5.187268718815254E-003 -1.695757000960825E-005
  5.694770743272183E-003  2.546622988344634E-004
  1.256430702305652E-002  4.404050999113370E-004
  2.278250052625919E-002  4.715815547967078E-004
  3.197087938419982E-002  3.447600258324587E-004
  3.625477092871989E-002  1.213089826608003E-004
  3.389118415531293E-002 -1.001482045426236E-004
  2.597175301267873E-002 -2.262671282885156E-004
  1.591774373312395E-002 -2.082878562543491E-004
  7.998619776108050E-003 -6.156014551006518E-005
  5.514678396821465E-003  1.426229002305668E-004
  9.416616036825434E-003  3.089304935757611E-004
  1.793876207761794E-002  3.596747972389253E-004
  2.738587313269097E-002  2.683631472410025E-004
  3.372391757574156E-002  7.093477971689966E-005
  3.429075436265874E-002 -1.498265082571983E-004
  2.890205255895741E-002 -2.997676897364797E-004
  1.989399933489992E-002 -3.134570720441052E-004
  1.110031125533284E-002 -1.818637123158811E-004
  6.211355872696401E-003  4.393655502256563E-005
  7.217647939631416E-003  2.743276203491340E-004
  1.359399488221260E-002  4.186274318276012E-004
  2.255800314793079E-002  4.225367088814821E-004
  3.027789166400026E-002  2.898603744957879E-004
  3.350542261043195E-002  7.963892988416882E-005
  3.093798241198810E-002 -1.196987447331198E-004
  2.373861124189896E-002 -2.279053063847431E-004
  1.500696908372162E-002 -2.061961740445538E-004
  8.440434051698783E-003 -7.230589896099961E-005
  6.763047232428506E-003  1.086840766202977E-004
  1.058945439848722E-002  2.534026592204102E-004
  1.819727330334837E-002  2.964434269471029E-004
  2.629047721260943E-002  2.182904680417650E-004
  3.141646316177694E-002  5.317387992254612E-005
  3.142829689065267E-002 -1.261905338461042E-004
  2.637355604316498E-002 -2.401734021881575E-004
  1.844261936758696E-002 -2.364928337199509E-004
  1.101207959844945E-002 -1.125859050608582E-004
  7.200759454222184E-003  8.326768475423247E-005
  8.555586211581766E-003  2.723279079663909E-004
  1.442062117081045E-002  3.784553680574618E-004
  2.224577297412189E-002  3.597840446398087E-004
  2.869097376703851E-002  2.257021056475081E-004
  3.104770702759388E-002  3.220060039534231E-005
  2.837280387335123E-002 -1.421459847041154E-004
  2.185993550061558E-002 -2.291822445163670E-004
  1.430326691474450E-002 -1.991497156361163E-004
  8.893359545160096E-003 -7.197560525813981E-005
  7.863883300184506E-003  9.256043679060002E-005
  1.156298168404754E-002  2.212260038538706E-004
  1.833518880452575E-002  2.588301004468710E-004
  2.525162992513586E-002  1.913868431172890E-004
  2.936730692198150E-002  5.127911316796111E-005
  2.896636874246295E-002 -9.746485802166064E-005
  2.426935967764856E-002 -1.872139385131884E-004
  1.731156908204499E-002 -1.759828980807871E-004
  1.105614484437141E-002 -6.543683739857854E-005
  8.128021237794800E-003  9.986737578228387E-005
  9.709220868357484E-003  2.514790236148713E-004
  1.505993066785446E-002  3.260547414979657E-004
  2.185851819082852E-002  2.919967458726784E-004
  2.720482668333149E-002  1.625102053821897E-004
  2.885318150842246E-002 -1.026632191862260E-005
  2.615090603824902E-002 -1.573518605518401E-004
  2.029029260129496E-002 -2.217300992600305E-004
  1.377777625682211E-002 -1.816754599829036E-004
  9.356133987709054E-003 -5.889598019074104E-005
  8.843064643966836E-003  9.165838423601571E-005
  1.237793067261265E-002  2.056964611110389E-004
  1.838870738396661E-002  2.368712478912216E-004
  2.428230458109667E-002  1.758785317108823E-004
  2.755580028434657E-002  5.345596813587934E-005
  2.685282090675996E-002 -7.369049432349775E-005
  2.251956731007394E-002 -1.477684352362550E-004
  1.643301368335886E-002 -1.348499048282449E-004
  1.118469769743686E-002 -3.928713800531093E-005
  8.974552533383128E-003  9.839356689308698E-005
  1.068649032835356E-002  2.190222407333113E-004
  1.553367487215655E-002  2.701205802476831E-004
  2.141499264335473E-002  2.282126041749337E-004
  2.582166612352286E-002  1.086944387798145E-004
  2.690290636263860E-002 -4.077587507338748E-005
  2.423808288797960E-002 -1.603942908835634E-004
  1.899354622052147E-002 -2.031961712316330E-004
  1.340693095842392E-002 -1.543389093287140E-004
  9.826693681725599E-003 -3.666384496145241E-005
  9.719136845846242E-003  9.958096150016981E-005
  1.306278736183449E-002  1.982729053404172E-004
  1.838014054870628E-002  2.209538514995945E-004
  2.338383307757335E-002  1.624387730185401E-004
  2.595510653577183E-002  5.206997260813362E-005
  2.503626168102815E-002 -5.964114493955804E-005
  2.106137704438501E-002 -1.230680261932574E-004
  1.575023359077433E-002 -1.107248137898793E-004
  1.136202600631967E-002 -2.872104105895471E-005
  9.732238266776418E-003  8.629797717222824E-005
  1.150286818740166E-002  1.832182582482900E-004
  1.586840849778583E-002  2.185324571066934E-004
  2.093730539889349E-002  1.749714675435451E-004
  2.454709889641451E-002  6.882258113289486E-005
  2.518215978649418E-002 -5.704418401633715E-005
  2.260477316388609E-002 -1.513346921303728E-004
  1.793716240361321E-002 -1.758785687984271E-004
  1.316787162213699E-002 -1.214410177274756E-004
  1.029949110751213E-002 -1.121626634778156E-005
  1.050301017770265E-002  1.092949056585969E-004
  1.363587722000231E-002  1.915668120799505E-004
  1.832192159049602E-002  2.042448507135909E-004
  2.255101733056493E-002  1.457573028880092E-004
  2.453745331267363E-002  4.417752947743751E-005
  2.347058115387908E-002 -5.537054649777656E-005
  1.984227840594162E-002 -1.102230519588497E-004
  1.521923669985219E-002 -9.823640816128176E-005
  1.156458551169161E-002 -2.678264624783234E-005
  1.040219311028874E-002  7.097697116611448E-005
  1.217908269360850E-002  1.507535785267930E-004
  1.609241362186408E-002  1.763356374134541E-004
  2.044724303471367E-002  1.351128193818295E-004
  2.338604516319382E-002  4.337003394861449E-005
  2.367625033179837E-002 -6.077320858761790E-005
  2.122218934392566E-002 -1.336415395606398E-004
  1.708919091443769E-002 -1.445027392591546E-004
  1.303681744100153E-002 -8.844058403512041E-005
  1.076564186167832E-002  1.176560486723103E-005
  1.119996716717461E-002  1.154105224523126E-004
  1.410894472704005E-002  1.810162809793228E-004
  1.822112660802627E-002  1.835540086981009E-004
  2.177675694150627E-002  1.244978254236097E-004
  2.327802882919922E-002  3.060490790450403E-005
  2.211747396338989E-002 -5.787156372962041E-005
  1.882088882269835E-002 -1.043892937880700E-004
  1.480795329978789E-002 -9.139661020428686E-005
  1.177887986208559E-002 -2.727369032319661E-005
  1.099179457019652E-002  5.784783536856329E-005
  1.273776575025731E-002  1.254226680228930E-004
  1.623232455439389E-002  1.451795562052799E-004
  1.996310581484779E-002  1.080235429747930E-004
  2.233994222081891E-002  2.972858487935277E-005
  2.236823886293529E-002 -5.602218109962772E-005
  2.006075494440477E-002 -1.121571896374911E-004
  1.641765698252570E-002 -1.140459246209558E-004
  1.298962555710184E-002 -5.991352680285902E-005
  1.121473429213435E-002  2.850458035577148E-005
  1.181258095262382E-002  1.152313386761477E-004
  1.449077960609064E-002  1.652108261614694E-004
  1.808319903695354E-002  1.589036028634269E-004
  2.105518337467555E-002  1.001821371363666E-004
  2.215692785475091E-002  1.430522036892420E-005
  2.094684331980341E-002 -6.302250995876115E-005
  1.796579013369502E-002 -1.007601799128788E-004
  1.449379497704388E-002 -8.538264639388559E-005
  1.199824580492054E-002 -2.610436674140933E-005
  1.151126210009253E-002  4.958895023171848E-005
  1.320031353870673E-002  1.080391900841421E-004
  1.631058807202191E-002  1.238935228313215E-004
  1.949790303739866E-002  9.078889497400085E-005
  2.140568016318023E-002  2.377479894635877E-005
  2.123857055224300E-002 -4.742684731639563E-005
  1.909040509244064E-002 -9.133113218203140E-005
  1.589153623239640E-002 -8.820485825674163E-005
  1.300344257592813E-002 -3.844345381943211E-005
  1.163708647639068E-002  3.768007665247745E-005
  1.234337006227362E-002  1.086871706492439E-004
  1.478990753043551E-002  1.452215806373180E-004
  1.791420869281189E-002  1.323502223067533E-004
  2.038302084377133E-002  7.566329401486028E-005
  2.115927979475989E-002 -1.313720211495077E-006
  1.993560050826669E-002 -6.718567480935266E-005
  1.725318439953509E-002 -9.588692670696932E-005
  1.426059057301267E-002 -7.741525008949664E-005
  1.221961978093036E-002 -2.162781196918119E-005
  1.197078758652334E-002  4.637758264310917E-005
  1.358477092938951E-002  9.720025085412316E-005
  1.634428077321123E-002  1.096659493209433E-004
  1.905907749867854E-002  7.962647930190291E-005
  2.057606939638453E-002  2.137188529570556E-005
  2.026607498487743E-002 -3.881910331228727E-005
  1.828193830715890E-002 -7.413019522677061E-005
  1.548233757207178E-002 -6.872596780232694E-005
  1.305843811667273E-002 -2.444747721171587E-005
  1.202553758723973E-002  4.009297231166146E-005
  1.279649131085833E-002  9.753911317732464E-005
  1.501594830730576E-002  1.234530648599408E-004
  1.772159397156769E-002  1.066340140708691E-004
  1.975946522256799E-002  5.374789673423100E-005
  2.027414469209444E-002 -1.361661980159492E-005
  1.906565536133033E-002 -6.812826460688634E-005
  1.666426585382092E-002 -8.817977214553598E-005
  1.409578091731010E-002 -6.678381765946164E-005
  1.244104292928104E-002 -1.419645053060665E-005
  1.237875947395440E-002  4.673385585018304E-005
  1.390500603607868E-002  9.041181579173444E-005
  1.634524723725376E-002  9.929942756011057E-005
  1.864942967960228E-002  7.110747078318487E-005
  1.984126196671525E-002  1.940343221184881E-005
  1.942958197097346E-002 -3.250555662377736E-005
  1.760858847704843E-002 -6.171133443752679E-005
  1.516549023867828E-002 -5.550344396524985E-005
  1.313894634591645E-002 -1.667794563436997E-005
  1.237631497320211E-002  3.783047852473542E-005
  1.317828439962951E-002  8.432078959434315E-005
  1.517974745281519E-002  1.024966938697940E-004
  1.751376593758977E-002  8.408990585307308E-005
  1.918517656657960E-002  3.630206818689656E-005
  1.949290579849328E-002 -2.132872955483067E-005
  1.832186037738343E-002 -6.523342244714293E-005
  1.618300575661361E-002 -7.772056095297097E-005
  1.398841592133759E-002 -5.429144949223033E-005
  1.266023105106604E-002 -5.318229892242258E-006
  1.274115615918477E-002  4.853791450794800E-005
  1.417099788416136E-002  8.514348166483541E-005
  1.632115794384396E-002  9.016581260443905E-005
  1.826867084839159E-002  6.289173498607636E-005
  1.919045904372520E-002  1.620064385176849E-005
  1.870947168933606E-002 -2.919368675345399E-005
  1.704720591902352E-002 -5.370051227033949E-005
  1.492106928503007E-002 -4.716628092932727E-005
  1.323375232832258E-002 -1.303662022005799E-005
  1.268894800483166E-002  3.333122587535260E-005
  1.349687500594379E-002  7.140115853579664E-005
  1.529269421916742E-002  8.430766643157844E-005
  1.729913673886747E-002  6.603916133976740E-005
  1.866102045244364E-002  2.393057657060087E-005
  1.880778124100601E-002 -2.453276615479979E-005
  1.769043633490103E-002 -5.917792398188323E-005
  1.579471636449998E-002 -6.566665188525909E-005
  1.392811554615624E-002 -4.146551888190214E-005
  1.287415194932892E-002  3.221184459301040E-006
  1.306184651049516E-002  4.988069441023071E-005
  1.438981019359689E-002  7.954206265314307E-005
  1.627695336057267E-002  8.069270853784678E-005
  1.791503356675583E-002  5.392940378949821E-005
  1.861336573903474E-002  1.144023838370162E-005
  1.808871763935356E-002 -2.837625186186639E-005
  1.657875498905149E-002 -4.880243818679234E-005
  1.473374928994560E-002 -4.182980941153715E-005
  1.333560652854146E-002 -1.136969944449955E-005
  1.296549318499245E-002  2.864704157505921E-005
  1.376124701789323E-002  6.039325149704392E-005
  1.536572907165592E-002  6.983041849144241E-005
  1.708510159359403E-002  5.267334953290895E-005
  1.818704390884128E-002  1.612888028399235E-005
  1.821083339800551E-002 -2.427217185896080E-005
  1.715810228608067E-002 -5.134408957483250E-005
  1.548543461190812E-002 -5.354832809862492E-005
  1.390485182266347E-002 -2.983148225870979E-005
  1.307930756959672E-002  1.001473467908843E-005
  1.334337922876071E-002  4.956655225613134E-005
  1.456677458536657E-002  7.271755347649042E-005
  1.621620123613975E-002  7.039917646178453E-005
  1.758652910323701E-002  4.424648763340263E-005
  1.810109362363939E-002  5.713298843256505E-006
  1.755326667128852E-002 -2.891808504106738E-005
  1.618813126333678E-002 -4.546332748654777E-005
  1.459214387440268E-002 -3.774754623094877E-005
  1.344025740543086E-002 -1.002638857321372E-005
  1.320945524552787E-002  2.504522581121253E-005
  1.398021460651657E-002  5.196236396532353E-005
  1.540846270827854E-002  5.903088534879535E-005
  1.687733400347124E-002  4.330092378314113E-005
  1.776193695269970E-002  1.170853577040154E-005
  1.769358618099555E-002 -2.200322972713561E-005
  1.671186594927007E-002 -4.321967664387946E-005
  1.524193497741128E-002 -4.269223986100277E-005
  1.390924243621278E-002 -2.043211052406737E-005
  1.327233582853629E-002  1.435910051565730E-005
  1.358785277777514E-002  4.724293766965935E-005
  1.470650556324739E-002  6.466291530903778E-005
  1.614206761896927E-002  5.961872722767984E-005
  1.728166566705885E-002  3.451002365112691E-005
  1.764645736448140E-002 -8.034198165168051E-009
  1.709183675547554E-002 -2.961644462359720E-005
  1.586349855789413E-002 -4.238493730911528E-005
  1.448782266523924E-002 -3.371370487158467E-005
  1.354534717257655E-002 -8.101332719437407E-006
  1.342475958318665E-002  2.295235753151405E-005
  1.416161613931699E-002  4.595753771688108E-005
  1.542865590552653E-002  5.119343867964532E-005
  1.667954011725960E-002  3.676768352899912E-005
  1.738300422579149E-002  9.285561988603735E-006
  1.724715046448995E-002 -1.910095030557466E-005
  1.633926381816544E-002 -3.595925423436353E-005
  1.505207810055721E-002 -3.389155819955578E-005
  1.393301908261204E-002 -1.364573441041590E-005
  1.345059706726953E-002  1.626756496483918E-005
  1.379757677833986E-002  4.324465487114994E-005
  1.481354107594761E-002  5.595127603151299E-005
  1.605780287258258E-002  4.908978657874050E-005
  1.699964539302162E-002  2.556585715641723E-005
  1.724379345299066E-002 -4.824824506656919E-006
  1.669534997906057E-002 -2.958834845166874E-005
  1.559542200463612E-002 -3.879578835496194E-005
  1.441430419053194E-002 -2.918556701122382E-005
  1.364945405971786E-002 -5.395981347869350E-006
  1.361501012834962E-002  2.214450299556887E-005
  1.431188752506704E-002  4.172444054290830E-005
  1.543212347092662E-002  4.531278514003562E-005
  1.649363459700376E-002  3.187567980127601E-005
  1.704651349657542E-002  7.672974346935410E-006
  1.686264580075428E-002 -1.654104805940247E-005
  1.602878743113277E-002 -3.017811556391365E-005
  1.490521377367037E-002 -2.733464132025058E-005
  1.396940795496097E-002 -9.255747966606185E-006
  1.361253546876363E-002  1.627065021384785E-005
  1.397539518777111E-002  3.829123407441218E-005
  1.489257474306445E-002  4.736912923747040E-005
  1.596680684384384E-002  3.957168230776242E-005
  1.674019107930671E-002  1.808647769334456E-005
  1.688851619585528E-002 -8.186793382534633E-006
  1.635624974975479E-002 -2.843465153720188E-005
  1.537604659225327E-002 -3.448416825146867E-005
  1.436624281277142E-002 -2.418339179777990E-005
  1.375144173113694E-002 -2.201201795038615E-006
  1.378311802913827E-002  2.205077846892855E-005
  1.443601702589573E-002  3.845336915331215E-005
  1.542298291064504E-002  4.044014104437132E-005
  1.632018837712952E-002  2.768318578224163E-005
  1.674822026640260E-002  6.097819787911718E-006
  1.653169137927626E-002 -1.479063067522336E-005
  1.577027052685732E-002 -2.596111997124841E-005
  1.479244288039236E-002 -2.272761914469251E-005
  1.401328144907487E-002 -6.668935237559839E-006
  1.375774695896674E-002  1.513102148607534E-005
  1.412468367944144E-002  3.317140034209693E-005
  1.494837058422445E-002  3.960980841175325E-005
  1.587242919781196E-002  3.158510058566735E-005
  1.650320172757540E-002  1.239046177195009E-005
  1.657662538107877E-002 -9.971850625601034E-006
  1.606790298460010E-002 -2.620942400011947E-005
  1.519848224968099E-002 -2.966253967226159E-005
  1.433891148557162E-002 -1.906883262505094E-005
  1.385014749981501E-002  9.800251555381647E-007
  1.393126129345556E-002  2.204902389691570E-005
  1.453777773211281E-002  3.545414515981152E-005
  1.540409488042567E-002  3.590190945505705E-005
  1.615896613259945E-002  2.364022277998292E-005
  1.648387953759780E-002  4.238478840475282E-006
  1.624679320949500E-002 -1.387087539109322E-005
  1.555510052550015E-002 -2.301427056662433E-005
  1.470665441597756E-002 -1.951310687376601E-005
  1.406105995304800E-002 -5.172157694059423E-006
  1.388679760355684E-002  1.358151426004851E-005
  1.424912452763715E-002  2.850808618807593E-005
  1.498550912801379E-002  3.309369769502207E-005
  1.577767936852455E-002  2.530857617764751E-005
  1.628841331981763E-002  8.426885349675361E-006
  1.630432026908788E-002 -1.041290796447563E-005
  1.582419972930579E-002 -2.326814054040591E-005
  1.505645163376431E-002 -2.475718272268425E-005
  1.432797435265443E-002 -1.430365099372515E-005
  1.394434403931904E-002  3.673178539637252E-006
  1.406106135351749E-002  2.167423913746023E-005
  1.462009124988416E-002  3.230555365518661E-005
  1.537753602837585E-002  3.137156802768322E-005
  1.600940107843980E-002  1.957514879392684E-005
  1.624961746696312E-002  2.129837799967261E-006
  1.600153974172231E-002 -1.351869830245678E-005
  1.537621546269196E-002 -2.087041738177409E-005
  1.464235131385641E-002 -1.709236975354913E-005
  1.411042768127983E-002 -4.142488582480835E-006
  1.400089845446916E-002  1.215281819747848E-005
  1.435239354722693E-002  2.464405977864179E-005
  1.500811085910527E-002  2.792422394127680E-005
  1.568498452970995E-002  2.060850228047317E-005
  1.609517742883821E-002  5.874129884032063E-006
  1.606779177324198E-002 -9.943609020074890E-006
  1.561937201675145E-002 -2.007782622456139E-005
  1.494417011274229E-002 -2.020690915111643E-005
  1.432947147522599E-002 -1.026257862951633E-005
  1.403286123494501E-002  5.581353845655116E-006
  1.417384360140517E-002  2.071080418994920E-005
  1.468538803041372E-002  2.887918153428164E-005
  1.534498527920316E-002  2.682285679335445E-005
  1.587091801862976E-002  1.558445805845445E-005
  1.604211338841158E-002  5.409008813229018E-009
  1.579060036848453E-002 -1.337052495654652E-005
  1.522792382787211E-002 -1.907428692581682E-005
  1.459533974395920E-002 -1.498766382285712E-005
  1.415996463748252E-002 -3.166822151494664E-006
  1.410155363684797E-002  1.111030525734264E-005
  1.443787623576488E-002  2.164119136573166E-005
  1.501964000521219E-002  2.394759979908409E-005
  1.559607143233939E-002  1.715014110620462E-005
  1.592239652185215E-002  4.287155092517005E-006
  1.586318951720516E-002 -9.033660635192840E-006
  1.544798689816446E-002 -1.705551436938265E-005
  1.485637730450876E-002 -1.632452022241742E-005
  1.433991063411794E-002 -7.134746884686903E-006
  1.411475320433452E-002  6.631815456837353E-006
  1.427087260826810E-002  1.918146087958667E-005
  1.473587505501315E-002  2.527263272255872E-005
  1.530796525188960E-002  2.241632406708723E-005
  1.574308356816091E-002  1.188794896492013E-005
  1.585860938072833E-002 -1.859452496106242E-006
  1.560957834028987E-002 -1.311020244545618E-005
  1.510562533729353E-002 -1.730228060060929E-005
  1.456237587382900E-002 -1.291895768999151E-005
  1.420879282985893E-002 -2.066799119643951E-006
  1.419027210990086E-002  1.048244484338463E-005
  1.450848520118302E-002  1.935675198116316E-005
  1.502283391109339E-002  2.086568632286947E-005
  1.551198508981011E-002  1.453167930231345E-005
  1.576859499582296E-002  3.235458610847429E-006
  1.568671134471671E-002 -8.064034819804821E-006
  1.530503633416567E-002 -1.447153605851351E-005
  1.478842799198151E-002 -1.323940919358090E-005
  1.435637138138283E-002 -4.911990426442108E-006
  1.418942569954186E-002  6.941106124096231E-006
  1.435349851903969E-002  1.727058922821916E-005
  1.477367672535004E-002  2.170090511602388E-005
  1.526793774739081E-002  1.837282039133631E-005
  1.562561454308218E-002  8.700736634796704E-006
  1.569680505045758E-002 -3.260370034617040E-006
  1.545479377955336E-002 -1.255205435104073E-005
  1.500551586582921E-002 -1.540528970071294E-005
  1.454085010905352E-002 -1.080164774642710E-005
  1.425630386616201E-002 -8.527953198024946E-007
  1.426838972062033E-002  1.014329390675558E-005
  1.456660004741832E-002  1.755050410636352E-005
  1.501975177519390E-002  1.835304182645936E-005
  1.543321179728686E-002  1.239595531737204E-005
  1.563207118487039E-002  2.395589185146744E-006
  1.553474492077469E-002 -7.264536639948685E-006
  1.518604662910152E-002 -1.242391401680822E-005
  1.473636787629344E-002 -1.091088341161334E-005
  1.437655920146395E-002 -3.438560022645204E-006
  1.425668231416389E-002  6.735677951962262E-006
  1.442319905040190E-002  1.522530444520482E-005
  1.480086119476715E-002  1.839033997026722E-005
  1.522629118361427E-002  1.487356239143071E-005
  1.551830224933010E-002  6.151999578194987E-006
  1.555470668121369E-002 -4.116243131342896E-006
  1.532306767852543E-002 -1.165766534130484E-005
  1.492433972852371E-002 -1.338811321948181E-005
  1.452855646168671E-002 -8.691802655314044E-006
  1.430199469229252E-002  3.571865123180287E-007
  1.433700502144327E-002  9.908659758746388E-006
  1.461411040307123E-002  1.598283391937042E-005
  1.501190372171926E-002  1.614407729595900E-005
  1.535985285741879E-002  1.049564611965328E-005
  1.551106865537599E-002  1.586731161487738E-006
  1.540399901684456E-002 -6.711293397581828E-006
  1.508715171003572E-002 -1.086807830827906E-005
  1.469695194777862E-002 -9.185352923104841E-006
  1.439878634010792E-002 -2.487949485213299E-006
  1.431668789483506E-002  6.265275787744758E-006
  1.448153758551360E-002  1.326974716737618E-005
  1.481939195943452E-002  1.550419261645010E-005
  1.518427359968699E-002  1.200592029116465E-005
  1.542091258650879E-002  4.257482521618273E-006
  1.543048861331610E-002 -4.466773291326955E-006
  1.521155482111232E-002 -1.050391771968403E-005
  1.485922113465234E-002 -1.135229102250799E-005
  1.452355909289834E-002 -6.711431297679721E-006
  1.434540298118270E-002  1.419795668657584E-006
  1.439700181012239E-002  9.614912692098264E-006
  1.465252070647625E-002  1.447967480624597E-005
  1.500041012801847E-002  1.407576638302203E-005
  1.529179652924886E-002  8.708695042540956E-006
  1.540391810693991E-002  7.576443818289797E-007
  1.529158512785320E-002 -6.365666109660125E-006
  1.500510461254614E-002 -9.675741331596734E-006
  1.466759641112586E-002 -7.867028827404239E-006
  1.442188783466745E-002 -1.836218593060313E-006
  1.436987426387129E-002  5.736061317764837E-006
  1.453007594196080E-002  1.155256790585604E-005
  1.483105180688350E-002  1.311043208024994E-005
  1.514292060537673E-002  9.754979141305468E-006
  1.533310692250294E-002  2.935452674986066E-006
  1.532240123970219E-002 -4.434350947335625E-006
  1.511764481859716E-002 -9.227624633195885E-006
  1.480757644233512E-002 -9.430551167317903E-006
  1.452414032218664E-002 -4.981177652983402E-006
  1.438611180995591E-002  2.226642594375983E-006
  1.444911795755963E-002  9.164418181653262E-006
  1.468307190144272E-002  1.295718152183609E-005
  1.498614779503229E-002  1.208855522839133E-005
  1.522885146324051E-002  7.015765737044777E-006
  1.530912388860036E-002 -5.580550107631603E-008
  1.519503676049283E-002 -6.130491905623173E-006
  1.493722883092541E-002 -8.697135515443944E-006
  1.464627956328050E-002 -6.777930375746044E-006
  1.444509985471726E-002 -1.312239333413055E-006
  1.441682376403583E-002  5.276033877030962E-006
  1.457028140572435E-002  1.013169051639165E-005
  1.483737786169606E-002  1.118703014221365E-005
  1.510301116129146E-002  8.028084529898323E-006
  1.525440636681361E-002  2.047054978418763E-006
  1.522873486153181E-002 -4.173073848975560E-006
  1.503892581898840E-002 -7.970271665888400E-006
  1.476708789607504E-002 -7.734114625091886E-006
  1.452879973237117E-002 -3.576758940345416E-006
  1.442378658555922E-002  2.733221935957475E-006
  1.449402202243061E-002  8.536122316692869E-006
  1.470684526033424E-002  1.141265206357448E-005
  1.496985626290608E-002  1.019893265347242E-005
  1.517082600216396E-002  5.458284847397313E-006
  1.522539193670507E-002 -7.813271226146825E-007
  1.511227535067891E-002 -5.902564756613494E-006
  1.488132897309463E-002 -7.808296003414580E-006
  1.463141882381396E-002 -5.793917678287755E-006
  1.446793189782432E-002 -8.181933980105850E-007
  1.445816275281988E-002  4.932099090493343E-006
  1.460345695599030E-002  8.988613597455556E-006
  1.483962997849682E-002  9.651027590404334E-006
  1.506506397005259E-002  6.694545576087541E-006
  1.518420100843301E-002  1.441468099337857E-006
  1.514782938232469E-002 -3.823740390633480E-006
  1.497319045687299E-002 -6.838572975416777E-006
  1.473571066918815E-002 -6.323488968333733E-006
  1.453627227880042E-002 -2.513452424023594E-006
  1.445821264039054E-002  2.958888420664416E-006
  1.453237090208457E-002  7.770021396930651E-006
  1.472482991992255E-002  9.895474039075225E-006
  1.495219636243589E-002  8.460620873604804E-006
  1.511755651284133E-002  4.094990896628652E-006
  1.515161238362656E-002 -1.352515928280337E-006
  1.504154389085590E-002 -5.608189944360971E-006
  1.483558656719390E-002 -6.935231012327213E-006
  1.462175113805136E-002 -4.854524531926764E-006
  1.449005813840751E-002 -3.241822861942271E-007
  1.449448554249028E-002  4.689453359219623E-006
  1.463070812965779E-002  8.058740427687243E-006
  1.483879742119078E-002  8.395484984203439E-006
  1.502937034393845E-002  5.624279239242640E-006
  1.512179133539181E-002  9.913836930478304E-007
  1.507810985892014E-002 -3.485753733155244E-006
  1.491845926805443E-002 -5.886915883999313E-006
  1.471168678052608E-002 -5.203285550561305E-006
  1.454554080547917E-002 -1.753667270164974E-006
  1.448931406307656E-002  2.967604986200317E-006
  1.456483687932348E-002  6.938655396687835E-006
  1.473795177078232E-002  8.472909790511477E-006
  1.493376801699227E-002  6.928952403561770E-006
  1.506889984881014E-002  2.969456763256460E-006
  1.508681762109532E-002 -1.733970805830927E-006
  1.498133167028318E-002 -5.217665305998853E-006
  1.479846383508240E-002 -6.055937588388577E-006
  1.461623610232884E-002 -3.952420042942707E-006
  1.451124160483205E-002  1.531950715958630E-007
  1.452631542489463E-002  4.500737166391738E-006
  1.465294564614313E-002  7.264142522709152E-006
  1.483563576859285E-002  7.321416157517690E-006
  1.499604936701724E-002  4.714804922254001E-006
  1.506644319995394E-002  6.118224599449994E-007
  1.501812697232221E-002 -3.208505083752219E-006
  1.487300080361471E-002 -5.119604932379709E-006
  1.469354784873145E-002 -4.334669522881817E-006
  1.455582999307760E-002 -1.227804996619399E-006
  1.451714761232549E-002  2.841352227121695E-006
  1.459210560773311E-002  6.118051209388555E-006
  1.474707271793713E-002  7.202088380454480E-006
  1.491510245964036E-002  5.637315550073852E-006
  1.502470901380240E-002  2.093901723733357E-006
  1.503013601209580E-002 -1.928067039586615E-006
  1.493030859808697E-002 -4.741765860096233E-006
  1.476862972493535E-002 -5.187080071064092E-006
  1.461399021872382E-002 -3.112108546322573E-006
  1.453129292529954E-002  5.771763653279140E-007
  1.455409799621734E-002  4.313767551626678E-006
  1.467091340359329E-002  6.538916168083482E-006
  1.483071953609238E-002  6.357428342300720E-006
  1.496510853533498E-002  3.902743256891108E-006
  1.501743915707469E-002  2.622857826345773E-007
  1.496658681429420E-002 -2.998470665739094E-006
  1.483533616345217E-002 -4.505925134402161E-006
  1.468009916661432E-002 -3.656195279414296E-006
  1.456657993829845E-002 -8.581111992861909E-007
  1.454187593541596E-002  2.656217951835190E-006
  1.461485481604855E-002  5.366586890050378E-006
  1.475297440183346E-002  6.114079398711424E-006
  1.489664534705783E-002  4.588249576594459E-006
  1.498480858374072E-002  1.448317243603548E-006
  1.498075553658992E-002 -1.967720967859275E-006
  1.488727913481924E-002 -4.217303674030640E-006
  1.474491267145921E-002 -4.364180115228020E-006
  1.461425076936008E-002 -2.367328741330501E-006
  1.455005662015705E-002  9.132248207644978E-007
  1.457821544772437E-002  4.090708004664415E-006
  1.468522787675786E-002  5.842572508116255E-006
  1.482449576512515E-002  5.465611961031457E-006
  1.493649612806969E-002  3.161580889409789E-006
  1.497411494679925E-002 -6.306867145975632E-008
  1.492236242502858E-002 -2.835061949507788E-006
  1.480422477555421E-002 -3.999718942792711E-006
  1.467038659196816E-002 -3.104454650762698E-006
  1.457740533995380E-002 -5.777694911663255E-007
  1.456372986739299E-002  2.467125883102408E-006
  1.463372615593961E-002  4.715223772613370E-006
  1.475633990261963E-002  5.210593152819074E-006
  1.487874360753583E-002  3.756818131700479E-006
  1.494898026359575E-002  9.899778042748162E-007
  1.493790380612918E-002 -1.901953521224944E-006
  1.485115740549683E-002 -3.689542568975035E-006
  1.472627660828287E-002 -3.623058090838864E-006
  1.461636137024848E-002 -1.743866363492802E-006
  1.456741377383381E-002  1.142617110066562E-006
  1.459900908258813E-002  3.816255187031708E-006
  1.469641637447635E-002  5.161729112574989E-006
  1.481732783901885E-002  4.636542205012300E-006
  1.491013759090686E-002  2.490736738805030E-006
  1.493587715670632E-002 -3.507042686960465E-007
  1.488448710393046E-002 -2.688075997032899E-006
  1.477863521453240E-002 -3.556611538855918E-006
  1.466365324217680E-002 -2.628822016693102E-006
  1.458804961115463E-002 -3.413706787129260E-007
  1.458297038394604E-002  2.302769084160636E-006
  1.464930079286930E-002  4.168217112916232E-006
  1.475774277052110E-002  4.470122723521808E-006
  1.486164290016359E-002  3.101229195904898E-006
  1.491696202318125E-002  6.671326753520031E-007
  1.490084390589671E-002 -1.780816777399641E-006
  1.482095896311361E-002 -3.197548334821513E-006
  1.471181230360332E-002 -2.987357300777248E-006
  1.461976899725187E-002 -1.250771855565150E-006
  1.458329006812842E-002  1.266421705055068E-006
  1.461679979115701E-002  3.496272980193258E-006
  1.470494602614486E-002  4.503541236127747E-006
  1.480952452269447E-002  3.878356192574496E-006
  1.488595452873102E-002  1.901754184799605E-006
  1.490220420034638E-002 -5.825088204200561E-007
  1.485213465767117E-002 -2.531469889671960E-006
  1.475770842889894E-002 -3.144912474908439E-006
  1.465929457978780E-002 -2.198102331291367E-006
  1.459834269349262E-002 -1.265807332315895E-007
  1.459985818920446E-002  2.168926312570998E-006
  1.466208504864241E-002  3.710755653811040E-006
  1.475764729854698E-002  3.858733419987778E-006
  1.484549671060525E-002  2.575293412044604E-006
  1.488845874460208E-002  4.315544108280939E-007
  1.486888106888989E-002 -1.644249137439783E-006
  1.479580184466882E-002 -2.765715086822862E-006
  1.470073523244570E-002 -2.463679433378155E-006
  1.462402345871040E-002 -8.796380136577274E-007
  1.459766117558066E-002  1.302004381563070E-006
  1.463190062748507E-002  3.150492519285232E-006
  1.471124056248492E-002  3.885480232125619E-006
  1.480135452052626E-002  3.204893035216819E-006
  1.486386963398893E-002  1.406342760005586E-006
  1.487263633973237E-002 -7.462591521829150E-007
  1.482459379677879E-002 -2.350924413866805E-006
  1.474072104140711E-002 -2.749280412422362E-006
  1.465681902652189E-002 -1.799869815776806E-006
  1.460816836944633E-002  7.064065307441493E-008
  1.461463480353818E-002  2.056576243456119E-006
  1.467250767828553E-002  3.319190408652239E-006
  1.475641921739315E-002  3.340968806692094E-006
  1.483038396307690E-002  2.138575241189186E-006
  1.486315928593090E-002  2.467007414361371E-007
  1.484137365949462E-002 -1.516806579865429E-006
  1.477490971982620E-002 -2.401896765793587E-006
  1.469238300134862E-002 -2.043215987336246E-006
  1.462877347395272E-002 -6.094495014087971E-007
  1.461055163399832E-002  1.275578054699004E-006
  1.464462012900351E-002  2.803355271578937E-006
  1.471568623666374E-002  3.325564129456684E-006
  1.479305036362959E-002  2.626505028274891E-006
  1.484380320610795E-002  1.008930887022156E-006
  1.484676136728113E-002 -8.403506267553235E-007
  1.480124327635285E-002 -2.145215765509263E-006
  1.472705439462614E-002 -2.368550460839872E-006
  1.465581816259796E-002 -1.435068780937660E-006
  1.461744310798291E-002  2.438796403665517E-007
  1.462751505122803E-002  1.951045650617442E-006
  1.468092668563025E-002  2.970199780962761E-006
  1.475434305145922E-002  2.887790205074129E-006
  1.481633018316875E-002  1.762100882377457E-006
  1.484075434038835E-002  9.055132976037268E-008
  1.481774279658535E-002 -1.407916046921219E-006
  1.475761204526724E-002 -2.100567113386617E-006
  1.468620843101880E-002 -1.707299376478420E-006
  1.463375717051138E-002 -4.137743393114314E-007
  1.462202705425176E-002  1.214257165659744E-006
  1.465525833853175E-002  2.476244341970790E-006
  1.471863070939051E-002  2.835660562915024E-006
  1.478480677388951E-002  2.145212909721467E-006
  1.482566697255520E-002  7.042609202934217E-007
  1.482420137216005E-002 -8.734459833639694E-007
  1.478153213595524E-002 -1.923126242441673E-006
  1.471617204384174E-002 -2.010287374912904E-006
  1.465594726557919E-002 -1.110927322578315E-006
  1.462610526324440E-002  3.840262145451133E-007
  1.463868811335296E-002  1.839362850479063E-006
  1.468764165088752E-002  2.646724259221484E-006
  1.475164146721183E-002  2.480303830039709E-006
  1.480332745731855E-002  1.429435115442981E-006
  1.482095076159511E-002 -4.600935978040224E-008
  1.479747714825513E-002 -1.315852543343305E-006
  1.474333896788968E-002 -1.848528313530089E-006
  1.468176749718064E-002 -1.434039398127186E-006
  1.463878777247936E-002 -2.674742837773144E-007
  1.463218195499796E-002  1.140070461163437E-006
  1.466409909820639E-002  2.182883500796890E-006
  1.472037930245395E-002  2.418753140045428E-006
  1.477677814777151E-002  1.754110979397426E-006
  1.480935942588322E-002  4.789780468374031E-007
  1.480460375238987E-002 -8.608932766697158E-007
  1.476496668212637E-002 -1.698292293883911E-006
  1.470760560516054E-002 -1.684693716574400E-006
  1.465691442584709E-002 -8.347033691028743E-007
  1.463411151407008E-002  4.848591270152675E-007
  1.464832318526846E-002  1.714409160918203E-006
  1.469290733769033E-002  2.340110464913084E-006
  1.474849265975915E-002  2.109613841851032E-006
  1.479134996204802E-002  1.134300588191506E-006
  1.480348016510247E-002 -1.634212367168482E-007
  1.478013191271478E-002 -1.233176829661965E-006
  1.473161123637466E-002 -1.630778375492855E-006
  1.467870356688969E-002 -1.203832598105624E-006
  1.464373693005131E-002 -1.511751152712865E-007
  1.464112642554292E-002  1.067023789022436E-006
  1.467140221109519E-002  1.928202305725413E-006
  1.472119217574111E-002  2.069653065143597E-006
  1.476907820191992E-002  1.439768237514270E-006
  1.479476476378386E-002  3.153969292963862E-007
  1.478763727403895E-002 -8.200489503718761E-007
  1.475110358255184E-002 -1.484166850109562E-006
  1.470094697456887E-002 -1.399811828151635E-006
  1.465847520034874E-002 -6.097211346176971E-007
  1.464143691662681E-002  5.456562901975578E-007
  1.465657606158868E-002  1.575810995163512E-006
  1.469694536666337E-002  2.049141662123761E-006
  1.474504342913454E-002  1.774109890855401E-006
  1.478036381423139E-002  8.764989552181793E-007
  1.478810171776902E-002 -2.583127337777919E-007
  1.476532296807564E-002 -1.151693837398192E-006
  1.472202697981805E-002 -1.434878675754817E-006
  1.467673040772597E-002 -1.002570441332089E-006
  1.464851849864937E-002 -5.294528889841477E-008
  1.464897445484543E-002  1.001084750463127E-006
  1.467739803214301E-002  1.709888763232935E-006
  1.472128441539989E-002  1.777837768735085E-006
  1.476178293089787E-002  1.185944607511908E-006
  1.478175555635650E-002  1.956225793044111E-007
  1.477299220676352E-002 -7.662374602268580E-007
  1.473954709244881E-002 -1.290516228811076E-006
  1.469584417920286E-002 -1.158953415441462E-006
  1.466042969034103E-002 -4.340355689296787E-007
  1.464807553504104E-002  5.711201705416256E-007
  1.466359413421215E-002  1.428438918823378E-006
  1.469995230697615E-002  1.777274532489955E-006
  1.474141735295809E-002  1.475783884230958E-006
  1.477033171557674E-002  6.577941863536608E-007
  1.477460050599118E-002 -3.274864756256328E-007
  1.475271823919925E-002 -1.065753668561702E-006
  1.471424774641199E-002 -1.253120183397878E-006
  1.467561639766012E-002 -8.223993270106412E-007
  1.465307495834756E-002  3.240311910631414E-008
  1.465583566149354E-002  9.421784514362793E-007
  1.468228560257437E-002  1.521346907844769E-006
  1.472082941370783E-002  1.530931179891561E-006
  1.475493646774400E-002  9.771256272269687E-007
  1.477019795547297E-002  1.047071938806997E-007
  1.476038267697794E-002 -7.103234404274407E-007
  1.472994808125568E-002 -1.121967513090492E-006
  1.469199834514129E-002 -9.603552728176804E-007
  1.466261968760254E-002 -3.012158662636831E-007
  1.465403979662422E-002  5.695597347985566E-007
  1.466951872646062E-002  1.279758744759047E-006
  1.470210403546989E-002  1.529465213358382E-006
  1.473771882639094E-002  1.216917081953341E-006
  1.476121392735581E-002  4.788869046221876E-007
  1.476278351447954E-002 -3.702489527139074E-007
  1.474202848555471E-002 -9.735598027153921E-007
  1.470798586419655E-002 -1.082627398263142E-006
  1.467517160085173E-002 -6.606172602990195E-007
  1.465736757326809E-002  1.054446895846964E-007
  1.466181087840130E-002  8.870137058944113E-007
  1.468623412960915E-002  1.354798343907939E-006
  1.471996474004442E-002  1.317644884317951E-006
  1.474855853539709E-002  8.009222020346286E-007
  1.475995775140069E-002  3.223273392954569E-008
  1.474954932848497E-002 -6.580928068305608E-007
  1.472200294017422E-002 -9.783717015485927E-007
  1.468916008556607E-002 -7.984329702334889E-007
  1.466492464755261E-002 -2.023134495570131E-007
  1.465935797418489E-002  5.504451015603321E-007
  1.467448491454006E-002  1.137186339244380E-006
  1.470355725176952E-002  1.309623743657789E-006
  1.473403445964512E-002  9.979333685083616E-007
  1.475296742958422E-002  3.379355295275256E-007
  1.475247513933086E-002 -3.890193917755002E-007
  1.473299921104273E-002 -8.768101781045889E-007
  1.470299436651843E-002 -9.240656808512594E-007
  1.467523835164437E-002 -5.176203386271712E-007
  1.466137029536916E-002  1.646630838704692E-007
  1.466699101284944E-002  8.317090199649990E-007
  1.468938676561220E-002  1.203635348923032E-006
  1.471879913982581E-002  1.129535375308768E-006
  1.474265196580806E-002  6.490140437250281E-007
  1.475090574660369E-002 -2.764499621365894E-008
  1.474026090017384E-002 -6.110615499183641E-007
  1.471545125987039E-002 -8.563106431541592E-007
  1.468712460627922E-002 -6.657601531235415E-007
  1.466725629478110E-002 -1.280559470191478E-007
  1.466407016024674E-002  5.222561307183328E-007
  1.467861973831969E-002  1.006213381924534E-006
  1.470444948094496E-002  1.119214980669031E-006
  1.473043340743352E-002  8.166259791219613E-007
  1.474554484370169E-002  2.305002262189755E-007
  1.474351357353520E-002 -3.886504953264485E-007
  1.472540458883445E-002 -7.793505759353385E-007
  1.469905980725271E-002 -7.797858802287940E-007
  1.467568508205953E-002 -3.947775396226207E-007
  1.466506663289407E-002  2.085553798814967E-007
  1.467145803266288E-002  7.735775990758758E-007
  1.469186534753756E-002  1.063631343139383E-006
  1.471741930991770E-002  9.614737429135573E-007
  1.473720907322715E-002  5.168300435116788E-007
  1.474292148358203E-002 -7.723158990022012E-008
  1.473231408408968E-002 -5.680506168753883E-007
  1.471007201470677E-002 -7.509711942352413E-007
  1.468572565972487E-002 -5.549820781011964E-007
  1.466955238126716E-002 -7.056119752553494E-008
  1.466822360087482E-002  4.911576706470155E-007
  1.468203992941490E-002  8.895989948544397E-007
  1.470489881716597E-002  9.570297294881096E-007
  1.472696783777448E-002  6.685120119824837E-007
  1.473889409748922E-002  1.504308656868557E-007
  1.473574865621665E-002 -3.751073014552009E-007
  1.471904350511086E-002 -6.855679481910264E-007
  1.469599756490849E-002 -6.521204264454034E-007
  1.467640255720821E-002 -2.928434229405864E-007
  1.466844835452081E-002  2.368887735628284E-007
  1.467528683658465E-002  7.118724465213964E-007
  1.469377492294319E-002  9.330602005358331E-007
  1.471589549378995E-002  8.111171207751295E-007
  1.473221623846349E-002  4.024504333354372E-007
  1.473589503779704E-002 -1.167940254027020E-007
  1.472553172343795E-002 -5.268630011578802E-007
  1.470567862456221E-002 -6.577580608699436E-007
  1.468482897495092E-002 -4.601485477916982E-007
  1.467177041427630E-002 -2.423270635187762E-008
  1.467186831655455E-002  4.606244349114666E-007
  1.468485009985473E-002  7.875229803965357E-007
  1.470500425765816E-002  8.198117889721692E-007
  1.472367417932362E-002  5.478339391796621E-007
  1.473295915698179E-002  9.111582462210043E-008
  1.472904112713461E-002 -3.541134692954303E-007
  1.471373726787909E-002 -5.990807232375792E-007
  1.469364884164219E-002 -5.422653202290277E-007
  1.467730150159082E-002 -2.111673901846623E-007
  1.467151494653979E-002  2.510561843587347E-007
  1.467854702599539E-002  6.476455465384992E-007
  1.469520731937016E-002  8.120613761379367E-007
  1.471428548151834E-002  6.778545458015659E-007
  1.472765664421608E-002  3.052757129769397E-007
  1.472972714055722E-002 -1.459789273488330E-007
  1.471975986992499E-002 -4.855841858418967E-007
  1.470211357907395E-002 -5.732928971125426E-007
  1.468432592375129E-002 -3.772817525342372E-007
  1.467388210848806E-002  1.416042309573798E-008
  1.467505368836101E-002  4.318291875728279E-007
  1.468714193000143E-002  6.983580622336019E-007
  1.470484696798771E-002  7.032881027913519E-007
  1.472057524094209E-002  4.487042723741545E-007
  1.472768164019282E-002  4.660147409764559E-008
  1.472326282211558E-002 -3.301793890995983E-007
  1.470932827929742E-002 -5.220132321493081E-007
  1.469187850470451E-002 -4.498734885939449E-007
  1.467831073371092E-002 -1.476502464694222E-007
  1.467427304429976E-002  2.537450069403520E-007
  1.468130402257281E-002  5.830694746687940E-007
  1.469624350460389E-002  7.016857271114000E-007
  1.471263708870604E-002  5.616910097337813E-007
  1.472351152805928E-002  2.248951023426639E-007
  1.472432821150549E-002 -1.648017463994816E-007
  1.471486438974969E-002 -4.432860274394132E-007
  1.469924331927939E-002 -4.957319413733138E-007
  1.468412803703585E-002 -3.042684165909718E-007
  1.467586903494909E-002  4.598746446414364E-008
  1.467782630539043E-002  4.044526804647868E-007
  1.468899445886262E-002  6.196548671098281E-007
  1.470449238500338E-002  6.031833923271272E-007
  1.471768291857322E-002  3.660152987668726E-007
  1.472300285432029E-002  1.229174204242212E-008
  1.471829721395301E-002 -3.061800517120821E-007
  1.470567899849087E-002 -4.548803145709337E-007
  1.469057310151750E-002 -3.732428035524942E-007
  1.467937523863529E-002 -9.920598718776608E-008
  1.467673545532780E-002  2.482532110470932E-007
  1.468361940121274E-002  5.206031626120762E-007
  1.469695488123969E-002  6.030013297243594E-007
  1.471098950478099E-002  4.623979358915972E-007
  1.471976051936071E-002  1.603907114939082E-007
  1.471961694368869E-002 -1.740908245224391E-007
  1.471072773324576E-002 -4.001501679725414E-007
  1.469695387498536E-002 -4.245451509292226E-007
  1.468416269501884E-002 -2.403248556190093E-007
  1.467771959274955E-002  7.152367734567080E-008
  1.468022900883852E-002  3.775654593966795E-007
  1.469047524847069E-002  5.490048145069690E-007
  1.470399280105003E-002  5.159411837579912E-007
  1.471500104271646E-002  2.959262495851093E-007
  1.471886575804874E-002 -1.484766710713437E-008
  1.471403979109608E-002 -2.834384885198167E-007
  1.470267072703135E-002 -3.969260224332217E-007
  1.468963867557981E-002 -3.098524793962061E-007
  1.468045395523927E-002 -6.242514469920680E-008
  1.467891974250443E-002  2.377741385712112E-007
  1.468555061480060E-002  4.622994357491969E-007
  1.469740388204084E-002  5.164954408324988E-007
  1.470937401269713E-002  3.790755937625274E-007
  1.471638161598610E-002  1.101154220479831E-007
  1.471551895856594E-002 -1.754584721504597E-007
  1.470724626407119E-002 -3.571815159592777E-007
  1.469514747587725E-002 -3.600016834641894E-007
  1.468437001085240E-002 -1.853210984455893E-007
  1.467942713954050E-002  9.069145408040771E-008
  1.468230082647925E-002  3.503243073260923E-007
  1.469164202759490E-002  4.845881798594825E-007
  1.470338999998064E-002  4.390456856986671E-007
  1.471252794775806E-002  2.359207845388060E-007
  1.471521647611218E-002 -3.649035235238659E-008
  1.471039797473353E-002 -2.621408862672709E-007
  1.470020201496023E-002 -3.466821521280205E-007
  1.468899830008117E-002 -2.569838168714166E-007
  1.468151733088807E-002 -3.417978176714632E-008
  1.468084656131362E-002  2.248728956279572E-007
  1.468715043252983E-002  4.094124375721141E-007
  1.469764427842482E-002  4.418468099807437E-007
  1.470781452442783E-002  3.101096784744960E-007
  1.471335120630917E-002  7.183866256624449E-008
  1.471196582892232E-002 -1.709776396418966E-007
  1.470432828759699E-002 -3.157387130703583E-007
  1.469374009664197E-002 -3.026068018957183E-007
  1.468470070130972E-002 -1.391955007064075E-007
  1.468098894952455E-002  1.035864558349707E-007
  1.468407740014841E-002  3.223605913693921E-007
  1.469254441300856E-002  4.253643190864915E-007
  1.470271759055992E-002  3.709846507488752E-007
  1.471025849084928E-002  1.845509549698893E-007
  1.471200519300181E-002 -5.337982194794470E-008
  1.470729050415228E-002 -2.418714050210459E-007
  1.469818671673419E-002 -3.025257950016136E-007
  1.468858945155047E-002 -2.122235344586729E-007
  1.468254484967692E-002 -1.201243510874084E-008
  1.468253802632597E-002  2.112488599511528E-007
  1.468846641134767E-002  3.623253741566633E-007
  1.469772152941419E-002  3.780132842798387E-007
  1.470632822100413E-002  2.533997321729696E-007
  1.471064433827531E-002  4.308723474504809E-008
  1.470889454497041E-002 -1.627645171042840E-007
  1.470189270771686E-002 -2.770831766120082E-007
  1.469265972634797E-002 -2.526671106408480E-007
  1.468511462949800E-002 -1.015898632285761E-007
  1.468240563168145E-002  1.107212496273155E-007
  1.468559154677004E-002  2.938627037420073E-007
  1.469322541004969E-002  3.709739168383619E-007
  1.470200283656440E-002  3.109801508624482E-007
  1.470818543192818E-002  1.410340982618916E-007
  1.470918644464549E-002 -6.580566576803687E-008
  1.470464639807557E-002 -2.220888148316567E-007
  1.469655186990866E-002 -2.630862848940527E-007
  1.468836143828541E-002 -1.737464572901838E-007
  1.468352277056336E-002  5.735852030615751E-009
  1.468401634591483E-002  1.977662892339287E-007
  1.468954062163771E-002  3.207210754363676E-007
  1.469767335007220E-002  3.235084841694612E-007
  1.470492640744546E-002  2.067012244433531E-007
  1.470823525326765E-002  2.151165168050314E-008
  1.470624733489118E-002 -1.526261475437051E-007
  1.469986811978773E-002 -2.420751568273546E-007
  1.469184508924566E-002 -2.100659682722032E-007
  1.468557970683128E-002 -7.173066168855929E-008
  1.468368070581994E-002  1.130192280969186E-007
  1.468687370958614E-002  2.654382750983442E-007
  1.469372254423959E-002  3.214796038872279E-007
  1.470126794639867E-002  2.586371076276595E-007
  1.470630024303683E-002  1.048562869287558E-007
  1.470671895840320E-002 -7.398751044707964E-008
  1.470240369205757E-002 -2.024400389564010E-007
  1.469523561336338E-002 -2.274418992953455E-007
  1.468827308999393E-002 -1.403695823749179E-007
  1.468444225267913E-002  2.001491852534212E-008
  1.468530286153052E-002  1.846646252319709E-007
  1.469040971423725E-002  2.838740197920173E-007
  1.469753052968847E-002  2.767290730285919E-007
  1.470361554863856E-002  1.679433938318757E-007
  1.470609808206800E-002  5.158057626255230E-009
  1.470397167109050E-002 -1.418601047384716E-007
  1.469819211905543E-002 -2.110604189491746E-007
  1.469124457104121E-002 -1.742443703325663E-007
  1.468607091905402E-002 -4.850478453973063E-008
  1.468482015034139E-002  1.116498299649163E-007
  1.468795219416428E-002  2.378741033133731E-007
  1.469406861597376E-002  2.770740505977220E-007
  1.470053090929289E-002  2.136329783182373E-007
  1.470459350849421E-002  7.548431310557126E-008
  1.470456524456883E-002 -7.829871933265091E-008
  1.470050816022304E-002 -1.828843152631211E-007
  1.469418532673268E-002 -1.951240333899477E-007
  1.468829084241631E-002 -1.114358803611953E-007
  1.468529794435968E-002  3.128165101754164E-008
  1.468641751109087E-002  1.718377010983900E-007
  1.469110529685212E-002  2.509471934000939E-007
  1.469731792297333E-002  2.362248530149970E-007
  1.470239837068176E-002  1.354372460960402E-007
  1.470420755502910E-002 -7.407385008164891E-009
  1.470202029124428E-002 -1.312207285542881E-007
  1.469681064562578E-002 -1.839222084947273E-007
  1.469081518497878E-002 -1.443259634484297E-007
  1.468656934886763E-002 -3.064082939067049E-008
  1.468583185562387E-002  1.078097790094654E-007
  1.468885319919830E-002  2.119005485242964E-007
  1.469429216549253E-002  2.378505214271799E-007
  1.469980602808543E-002  1.755197907756829E-007
  1.470305510145859E-002  5.222493105744639E-008
  1.470269112668597E-002 -7.932783269697498E-008
  1.469891217829804E-002 -1.636620615893312E-007
  1.469335609430996E-002 -1.659937577455895E-007
  1.468838725609835E-002 -8.661451595817549E-008
  1.468608701340049E-002  3.974601070438851E-008
  1.468737864408803E-002  1.590871717211245E-007
  1.469165451336725E-002  2.212131565184022E-007
  1.469705548877373E-002  2.008548547216119E-007
  1.470127489510898E-002  1.079472308020669E-007
  1.470253959561955E-002 -1.711509381498500E-008
  1.470035111295485E-002 -1.210137965325832E-007
  1.469567726380977E-002 -1.602341442508716E-007
  1.469052150623582E-002 -1.193041385099336E-007
  1.468706116679799E-002 -1.690687360369174E-008
  1.468672500736556E-002  1.025350114345262E-007
  1.468960072141419E-002  1.880298843125585E-007
  1.469441777422647E-002  2.036815122715477E-007
  1.469910430254376E-002  1.436548037535275E-007
  1.470167429224887E-002  3.421672499962722E-008
  1.470106533944946E-002 -7.782078369549249E-008
  1.469757380732852E-002 -1.451737174363105E-007
  1.469270951132442E-002 -1.400693543350046E-007
  1.468853992650618E-002 -6.569900348086498E-008
  1.468680852724248E-002  4.557295394725380E-008
  1.468820306780574E-002  1.462929321879279E-007
  1.469208069661621E-002  1.941655912904539E-007
  1.469675925501081E-002  1.698228234529686E-007
  1.470024330383965E-002  8.464726519020573E-008
  1.470107171968116E-002 -2.450494763045082E-008
  1.469892699079514E-002 -1.112570064729811E-007
  1.469475235227618E-002 -1.394416734456056E-007
  1.469033458076262E-002 -9.821833488279183E-008
  1.468753662854552E-002 -6.260513504400457E-009
  1.468750947076691E-002  9.659086110708660E-008
  1.469021643385598E-002  1.664937432371643E-007
  1.469446631926083E-002  1.742052923321299E-007
  1.469843378017796E-002  1.172346937172667E-007
  1.470043988499728E-002  2.050820179706683E-008
  1.469965925136200E-002 -7.456524331363071E-008
  1.469645610358195E-002 -1.278366632477911E-007
  1.469221278449449E-002 -1.173707478508518E-007
  1.468873069292408E-002 -4.845858456016290E-008
  1.468746306372825E-002  4.900243298906926E-008
  1.468890619986437E-002  1.334845690835752E-007
  1.469240398404822E-002  1.695286771731700E-007
  1.469644212718004E-002  1.426211813932789E-007
  1.469930058603881E-002  6.500766232119877E-008
  1.469978322452871E-002 -2.987771884930771E-008
  1.469771532783166E-002 -1.018448617636366E-007
  1.469400223913807E-002 -1.210147531429072E-007
  1.469023085997048E-002 -8.027335715421992E-008
  1.468798914418212E-002  2.078331978646745E-009
  1.468819525159731E-002  9.044990371223975E-008
  1.469071961895475E-002  1.472680846800925E-007
  1.469445525888511E-002  1.488895700131804E-007
  1.469779993711687E-002  9.538745690375307E-008
  1.469934041699835E-002  1.016732949084669E-008
  1.469844670829982E-002 -7.027367849298839E-008
  1.469552660900855E-002 -1.119712887672626E-007
  1.469183804445575E-002 -9.781989462471014E-008
  1.468894504014030E-002 -3.456506934854296E-008
  1.468805244127021E-002  5.038456233509441E-008
  1.468950222984776E-002  1.208301730732269E-007
  1.469264182797688E-002  1.471972765674952E-007
  1.469611450872986E-002  1.189284378594562E-007
  1.469844297138930E-002  4.866387352756518E-008
  1.469865520161951E-002 -3.343481423797765E-008
  1.469668759432613E-002 -9.267468842390860E-008
  1.469339834352459E-002 -1.045406966483160E-007
  1.469019122400853E-002 -6.488643260854886E-008
  1.468841447844605E-002  8.629785917058203E-009
  1.468879208710193E-002  8.433866068164706E-008
  1.469112720024077E-002  1.301528014151553E-007
  1.469439897976552E-002  1.271296597457736E-007
  1.469720610053000E-002  7.727516973585173E-008
  1.469836440745646E-002  2.377417149467127E-009
  1.469740395672975E-002 -6.550275941893747E-008
  1.469475695485447E-002 -9.774166651179984E-008
  1.469156178445244E-002 -8.120731532031686E-008
  1.468917160231026E-002 -2.358899766900317E-008
  1.468857948843399E-002  5.015132562294732E-008
  1.469000423471151E-002  1.085760359705426E-007
  1.469280937866268E-002  1.271489898558874E-007
  1.469578474658752E-002  9.850316043999901E-008
  1.469766619221716E-002  3.530661939397146E-008
  1.469767043345812E-002 -3.537524879687887E-008
  1.469581881988373E-002 -8.371491838410163E-008
  1.469291638458657E-002 -8.975257339999827E-008
  1.469020014218708E-002 -5.167184757973799E-008
  1.468881011544508E-002  1.370885579921342E-008
  1.468930918494339E-002  7.832074862730633E-008
  1.469145387692336E-002  1.148680649979027E-007
  1.469430919650142E-002  1.083425832254404E-007
  1.469665388925592E-002  6.217319418575902E-008
  1.469750061727213E-002 -3.506679088427662E-009
  1.469650959374366E-002 -6.062357625365243E-008
  1.469412251483038E-002 -8.515205984378897E-008
  1.469136435848160E-002 -6.721279364831524E-008
  1.468940170943228E-002 -1.504166087228886E-008
  1.468904781159440E-002  4.875655857161897E-008
  1.469042423324724E-002  9.697299253716246E-008
  1.469291975527452E-002  1.093631478148380E-007
  1.469545944335890E-002  8.110434792648413E-008
  1.469696563350009E-002  2.461428116246793E-008
  1.469681323907123E-002 -3.594041630543494E-008
  1.469508711658314E-002 -7.501854359113053E-008
  1.469253569964687E-002 -7.650769630843280E-008
  1.469024499217708E-002 -4.038715987995607E-008
  1.468917478977689E-002  1.750257354656052E-008
  1.468975509622904E-002  7.238404961450841E-008
  1.469171233611923E-002  1.011368320432845E-007
  1.469419537094711E-002  9.203212498097211E-008
  1.469614363489863E-002  4.950942569221934E-008
  1.469673827818175E-002 -7.947972041995595E-009
  1.469574449967301E-002 -5.583759195698770E-008
  1.469360206402158E-002 -7.408397197056233E-008
  1.469122950062128E-002 -5.545679880442178E-008
  1.468962895029426E-002 -8.434483448548057E-009
  1.468946155287262E-002  4.661404937743276E-008
  1.469077319375246E-002  8.621672345693579E-008
  1.469298423998154E-002  9.376803468572389E-008
  1.469514368677385E-002  6.645081381399895E-008
  1.469633642702693E-002  1.623000711738143E-008
  1.469606931896696E-002 -3.541445424928096E-008
  1.469447326908278E-002 -6.669853712938692E-008
  1.469223868688761E-002 -6.473959554470284E-008
  1.469031553205911E-002 -3.086781414245771E-008
  1.468950816055239E-002  2.014268404576685E-008
  1.469013768790569E-002  6.650860218202692E-008
  1.469191350356156E-002  8.873648161887922E-008
  1.469406511293227E-002  7.781603407252862E-008
  1.469567474876050E-002  3.886388185026179E-008
  1.469606726136533E-002 -1.125322394415905E-008
  1.469509172843446E-002 -5.122163122751364E-008
  1.469317742459203E-002 -6.435170596371926E-008
  1.469114385459521E-002 -4.555810926971490E-008
  1.468984875190939E-002 -3.331869331810141E-009
  1.468982515189176E-002  4.405400318549071E-008
  1.469106102247499E-002  7.641607688278977E-008
  1.469301243404844E-002  8.022248070534295E-008
  1.469484124045279E-002  5.421711566747002E-008
  1.469577353066154E-002  9.772917830706213E-009
  1.469542562897803E-002 -3.409744686401146E-008
  1.469396040337045E-002 -5.888673748028195E-008
  1.469201036433219E-002 -5.440634336506482E-008
  1.469040349939847E-002 -2.297140575911547E-008
  1.468981059085137E-002  2.175694006755208E-008
  1.469046417301548E-002  6.070461235138580E-008
  1.469206679431433E-002  7.751647942878614E-008
  1.469392453175141E-002  6.541993301190009E-008
  1.469524601374557E-002  2.994006825577050E-008
  1.469547817393649E-002 -1.361858786251718E-008
  1.469453635167576E-002 -4.678213656639022E-008
  1.469283310058685E-002 -5.575611765505773E-008
  1.469109652169656E-002 -3.717930174293973E-008
  1.469005798986433E-002  6.165905084708653E-010
  1.469014313255728E-002  4.130603491798828E-008
  1.469129656009324E-002  6.759067775276376E-008
  1.469301240644197E-002  6.852611599000555E-008
  1.469455472484735E-002  4.405415484184098E-008
  1.469527181390921E-002  4.866972805967214E-009
  1.469487029114101E-002 -3.227027458751246E-008
  1.469353372626597E-002 -5.169489420944360E-008
  1.469183802175055E-002 -4.545138775753823E-008
  1.469050230267483E-002 -1.654316500097460E-008
  1.469008299333466E-002  2.249340670871847E-008
  1.469074116225535E-002  5.502152488006620E-008
  1.469218033561333E-002  6.738923815467230E-008
  1.469377852242932E-002  5.465023222388685E-008
  1.469485579721995E-002  2.252383783772928E-008
  1.469496238895822E-002 -1.517795066476216E-008
  1.469406526863877E-002 -4.250245445894443E-008
  1.469255591697725E-002 -4.812314013667632E-008
  1.469107864359712E-002 -3.005109415916699E-008
  1.469025464687969E-002  3.668125987635163E-009
  1.469041993286126E-002  3.850648470963743E-008
  1.469148760438670E-002  5.969019712253884E-008
  1.469299085149666E-002  5.844626089634473E-008
  1.469428580026532E-002  3.561959293930974E-008
  1.469482615350951E-002  1.171737019359640E-009
  1.469439253437493E-002 -3.016574774361158E-008
  1.469318031677735E-002 -4.518951375837300E-008
  1.469171093702858E-002 -3.778406852069305E-008
  1.469060677175240E-002 -1.140451299326820E-008
  1.469032671001460E-002  2.252138006843590E-008
  1.469097471210594E-002  4.953662100277902E-008
  1.469226114844651E-002  5.830627785535461E-008
  1.469363098592605E-002  4.536012776288661E-008
  1.469450219482406E-002  1.644393231357661E-008
  1.469451202604538E-002 -1.604148610262188E-008
  1.469366700146426E-002 -3.837388197660940E-008
  1.469233468167016E-002 -4.132209724858696E-008
  1.469108303565507E-002 -2.397534755377324E-008
  1.469043753156838E-002  5.998516360693383E-009
  1.469065978648530E-002  3.572153074017563E-008
  1.469164096506712E-002  5.262385584059556E-008
  1.469295325846682E-002  4.974858825926561E-008
  1.469403535042321E-002  2.860540255075862E-008
  1.469443153149293E-002 -1.595864101954417E-009
  1.469398265034598E-002 -2.795380366655349E-008
  1.469288894812869E-002 -3.938419284929939E-008
  1.469162013172421E-002 -3.127898446463764E-008
  1.469071294218475E-002 -7.359507235194170E-009
  1.469054340588722E-002  2.201771081120625E-008
  1.469117035824483E-002  4.433432765891809E-008
  1.469231528770189E-002  5.023175398629418E-008
  1.469348499367786E-002  3.742003732032947E-008
  1.469418312322179E-002  1.154339249269121E-008
  1.469411990369635E-002 -1.631852240415736E-008
  1.469333149572798E-002 -3.440852421111009E-008
  1.469215988557344E-002 -3.526592795341716E-008
  1.469110387961446E-002 -1.881252959610779E-008
  1.469060606036694E-002  7.724886023881457E-009
  1.469086665462113E-002  3.297574354802595E-008
  1.469176254612793E-002  4.628942110661255E-008
  1.469290408612666E-002  4.222175981705910E-008
  1.469380365749127E-002  2.275488818818693E-008
  1.469408312395636E-002 -3.653416274142761E-009
  1.469363194978235E-002 -2.574179735882915E-008
  1.469264992342277E-002 -3.424679583947843E-008
  1.469155814847851E-002 -2.578826845994477E-008
  1.469081785877510E-002 -4.210730525093462E-009
  1.469073496784430E-002  2.114836018897584E-008
  1.469133313400241E-002  3.948614880176953E-008
  1.469234794949942E-002  4.312204824198359E-008
  1.469334291228366E-002  3.069883747099785E-008
  1.469389638131578E-002  7.665086185832200E-009
  1.469377948230783E-002 -1.612493646477161E-008
  1.469304994071320E-002 -3.063751317440235E-008
  1.469202344836433E-002 -2.989965577739482E-008
  1.469113647602547E-002 -1.446186458078499E-008
  1.469076009692451E-002  8.930548636164701E-009
  1.469104419849896E-002  3.027742005130237E-008
  1.469185744467320E-002  4.059445369404182E-008
  1.469284693137992E-002  3.569106695102534E-008
  1.469359055812153E-002  1.786703437462113E-008
  1.469377637038525E-002 -5.157626524747645E-009
  1.469333270912369E-002 -2.358612891851471E-008
  1.469245491515383E-002 -2.971535707908624E-008
  1.469151884197300E-002 -2.115908253391104E-008
  1.469091939338035E-002 -1.776354728740874E-009
  1.469090340899911E-002  2.005297594565038E-008
  1.469146758017683E-002  3.503752512743528E-008
  1.469236355777467E-002  3.691544459226651E-008
  1.469320650408674E-002  2.505714524903356E-008
  1.469363969608630E-002  4.649699159857419E-009
  1.469348481086595E-002 -1.557935373291717E-008
  1.469281461642769E-002 -2.710087224643698E-008
  1.469191850972483E-002 -2.518452233694291E-008
  1.469117704947964E-002 -1.084173247430523E-008
  1.469089983744115E-002  9.685166585669108E-009
  1.469119577927344E-002  2.763562024234563E-008
  1.469193005356296E-002  3.546696800270973E-008
  1.469278468150345E-002  3.002075889054685E-008
  1.469339557281700E-002  1.379034923891552E-008
  1.469350701818548E-002 -6.217351770272331E-009
  1.469307810376779E-002 -2.150931581617535E-008
  1.469229680606152E-002 -2.571599914139236E-008
  1.469149718244282E-002 -1.724964810898246E-008
  1.469101607833038E-002  9.745024100807476E-011
  1.469105078306119E-002  1.883673867886371E-008
  1.469157775442447E-002  3.100376769831829E-008
  1.469236584116032E-002  3.153167242334766E-008
  1.469307701563323E-002  2.035011156566701E-008
  1.469341076334710E-002  2.341697644073283E-009
  1.469323048333405E-002 -1.479398911125029E-008
  1.469261876740855E-002 -2.383541642470258E-008
  1.469183925986883E-002 -2.108388031213523E-008
  1.469122259558611E-002 -7.875328095205476E-009
  1.469102572843638E-002  1.005691939877462E-008
  1.469132447210378E-002  2.506767869747278E-008
  1.469198415737017E-002  3.085644383598462E-008
  1.469271964339447E-002  2.510797216668224E-008
  1.469321800587863E-002  1.041066131820025E-008
  1.469327114261499E-002 -6.909646087379340E-009
  1.469286212983780E-002 -1.951686066863495E-008
  1.469216953405344E-002 -2.217766700440946E-008
  1.469148907497775E-002 -1.393968789563571E-008
  1.469110695947356E-002  1.531321132133645E-009
  1.469117911400918E-002  1.757017765356057E-008
  1.469166724683280E-002  2.737383622387536E-008
  1.469235790752249E-002  2.687832969026617E-008
  1.469295526072937E-002  1.643537443512341E-008
  1.469320728768897E-002  5.981154007400316E-010
  1.469301160493081E-002 -1.386539571767788E-008
  1.469245649863972E-002 -2.086538540772653E-008
  1.469178080026018E-002 -1.755436534735729E-008
  1.469127075781712E-002 -5.483482075554067E-009
  1.469113840471538E-002  1.011660975560454E-008
  1.469143308427795E-002  2.259890984751303E-008
  1.469202301533596E-002  2.672842213282398E-008
  1.469265364795522E-002  2.087254112540793E-008
  1.469305701794088E-002  7.637615920988026E-009
  1.469306514662592E-002 -7.294228365953929E-009
  1.469267951989527E-002 -1.761003265687360E-008
  1.469206794631737E-002 -1.904096988766001E-008
  1.469149119889390E-002 -1.113404438646651E-008
  1.469119147240907E-002  2.614365707920539E-009
  1.469129034432052E-002  1.629508705173457E-008
  1.469173920489960E-002  2.411883023359608E-008
  1.469234231910445E-002  2.286019301965577E-008
  1.469284169998018E-002  1.318182314509678E-008
  1.469302702133293E-002 -7.039882182770005E-010
  1.469282376496172E-002 -1.286855078984978E-008
  1.469232268697241E-002 -1.819807748518778E-008
  1.469173902538129E-002 -1.454316945927783E-008
  1.469131972416313E-002 -3.583931569322568E-009
  1.469123863860431E-002  9.935834419089223E-009
  1.469152417144439E-002  2.025773966282680E-008
  1.469204942946958E-002  2.305656960119786E-008
  1.469258813184609E-002  1.724669961466746E-008
  1.469291167638735E-002  5.393481328689571E-009
  1.469288574732051E-002 -7.423610538926795E-009
  1.469252565902339E-002 -1.579297483597626E-008
  1.469198766755925E-002 -1.626087416784076E-008
  1.469150087017347E-002 -8.760537436234569E-009
  1.469126934321104E-002  3.410476026439440E-009
  1.469138630198589E-002  1.503348393966287E-008
  1.469179636761673E-002  2.120167708054420E-008
  1.469232116759944E-002  1.938787726195256E-008
  1.469273651543425E-002  1.047604783987029E-008
  1.469286779922851E-002 -1.663730354457110E-009
  1.469266301177527E-002 -1.185552992881991E-008
  1.469221290188126E-002 -1.582450392379709E-008
  1.469171051836790E-002 -1.199020991698928E-008
  1.469136813671395E-002 -2.094775639071812E-009
  1.469132729540621E-002  9.582235783173783E-009
  1.469160004997766E-002  1.806962175243449E-008
  1.469206579938925E-002  1.981546189893718E-008
  1.469252420132434E-002  1.416738717347998E-008
  1.469278099021861E-002  3.606098017493406E-009
  1.469272995577866E-002 -7.348147446463387E-009
  1.469239650668086E-002 -1.407455260035874E-008
  1.469192498544738E-002 -1.380472407456147E-008
  1.469151592755552E-002 -6.764375384628103E-009
  1.469134051224249E-002  3.966455242367066E-009
  1.469146868378444E-002  1.379661761744210E-008
  1.469184110581213E-002  1.858524100044710E-008
  1.469229614640073E-002  1.638361451403057E-008
  1.469263967762726E-002  8.225048861402452E-009
  1.469272756738382E-002 -2.356728604219116E-009
  1.469252582619343E-002 -1.085822289194033E-008
  1.469212333128026E-002 -1.372358531327814E-008
  1.469169245612034E-002 -9.832975237361181E-009
  1.469141501058704E-002 -9.394443533533424E-010
  1.469140529333654E-002  9.114609465387462E-009
  1.469166280629352E-002  1.605225348273037E-008
  1.469207416735374E-002  1.697601171739541E-008
  1.469246268357201E-002  1.157224983247765E-008
  1.469266393545646E-002  2.206095357278565E-009
  1.469259505554016E-002 -7.116844041592637E-009
  1.469228852758530E-002 -1.246660346014184E-008
  1.469187675389640E-002 -1.164783252902097E-008
  1.469153464043974E-002 -5.101635570785539E-009
  1.469140507751674E-002  4.319498569887209E-009
  1.469153905061412E-002  1.259193355162945E-008
  1.469187546479675E-002  1.623736498030733E-008
  1.469226861683275E-002  1.378343435089648E-008
  1.469255100260083E-002  6.355321732175845E-009
  1.469260440245292E-002 -2.838631581346726E-009
  1.469240909151920E-002 -9.893503063721608E-009
  1.469205071044134E-002 -1.186783303922341E-008
  1.469168252212132E-002 -8.011780890401127E-009
  1.469145966118312E-002 -5.098791590575179E-011
  1.469147356830026E-002  8.579710146342385E-009
  1.469171430523328E-002  1.421334754948794E-008
  1.469207625722836E-002  1.450404991179009E-008
  1.469240417017683E-002  9.399034547222881E-009
  1.469255947556154E-002  1.127313989448847E-009
  1.469247858286545E-002 -6.775589985917620E-009
  1.469219863255422E-002 -1.098063231169210E-008
  1.469184031268335E-002 -9.768781186489921E-009
  1.469155563508673E-002 -3.733764566667839E-009
  1.469146325300415E-002  4.502513729999960E-009
  1.469159883027204E-002  1.142709131811395E-008
  1.469190120559122E-002  1.413264952285723E-008
  1.469223966594720E-002  1.153625157737437E-008
  1.469247019771906E-002  4.809438090893558E-009
  1.469249652222216E-002 -3.150278856274442E-009
  1.469231006008860E-002 -8.969020324203406E-009
  1.469199225400757E-002 -1.022865907636997E-008
  1.469167882700287E-002 -6.473776531606868E-009
  1.469150164017604E-002  6.255731796518522E-010
  1.469153304467529E-002  8.011462867578740E-009
  1.469175619965192E-002  1.255102769236749E-008
  1.469207351032141E-002  1.236148225334239E-008
  1.469234905591749E-002  7.587230169148929E-009
  1.469246657938049E-002  3.088696856336673E-010
  1.469237830982795E-002 -6.364593530371630E-009
  1.469212412839751E-002 -9.624694325697931E-009
  1.469181342056947E-002 -8.145910423800278E-009
  1.469157783495284E-002 -2.624126660938924E-009
  1.469151533733063E-002  4.546827752342205E-009
  1.469164932373412E-002  1.031119942216724E-008
  1.469191984210930E-002  1.225170372744306E-008
  1.469221015484662E-002  9.601053167860479E-009
  1.469239689660351E-002  3.541602542824381E-009
  1.469240228812911E-002 -3.322916718280370E-009
  1.469222631771021E-002 -8.088146381938018E-009
  1.469194559224108E-002 -8.780121334039325E-009
  1.469167983770997E-002 -5.174926721997779E-009
  1.469154068098311E-002  1.133115278335598E-009
  1.469158461305027E-002  7.432331546029197E-009
  1.469178994254693E-002  1.105610883790766E-008
  1.469206711972141E-002  1.050888459616644E-008
  1.469229757436925E-002  6.080563598186779E-009
  1.469238423743403E-002 -3.026089103941925E-010
  1.469229222980754E-002 -5.916367770222076E-009
  1.469206267494664E-002 -8.401526698472433E-009
  1.469179419872424E-002 -6.755630957722394E-009
  1.469160041128295E-002 -1.736724799205452E-009
  1.469156168917131E-002  4.482670181391592E-009
  1.469169171222892E-002  9.254106342188161E-009
  1.469193267309400E-002  1.057903247272625E-008
  1.469218075788855E-002  7.943508791202309E-009
  1.469233068472051E-002  2.513492859037695E-009
  1.469232020188955E-002 -3.382345545250032E-009
  1.469215574796254E-002 -7.253265239512892E-009
  1.469190871293883E-002 -7.500701215736421E-009
  1.469168431604954E-002 -4.080000893869483E-009
  1.469157665404395E-002  1.504038447513013E-009
  1.469162911509493E-002  6.856030494727934E-009
  1.469181680199423E-002  9.715194341954118E-009
  1.469205806350397E-002  8.908347710983840E-009
  1.469224983056431E-002  4.829187326508700E-009
  1.469231147626157E-002 -7.515630387083428E-010
  1.469221854424228E-002 -5.454969118241180E-009
  1.469201224711766E-002 -7.308245174459653E-009
  1.469178108163017E-002 -5.572448703858325E-009
  1.469162274096961E-002 -1.036578019956932E-009
  1.469160270686745E-002  4.338282906289520E-009
  1.469172706375088E-002  8.264812694711376E-009
  1.469194080886149E-002  9.100691664925478E-009
  1.469215199412212E-002  6.533050850475379E-009
  1.469227111779576E-002  1.691207396031483E-009
  1.469224889857274E-002 -3.351496543269665E-009
  1.469209649823999E-002 -6.467280338450339E-009
  1.469187991008456E-002 -6.373360155642006E-009
  1.469169126682854E-002 -3.161148627868710E-009
  1.469160953148351E-002  1.762830443471475E-009
  1.469166733487446E-002  6.290616917848828E-009
  1.469183787824200E-002  8.513608089127613E-009
  1.469204713630529E-002  7.525686490876787E-009
  1.469220583023050E-002  3.790874071330407E-009
  1.469224737011438E-002 -1.073309785497024E-009
  1.469215564946336E-002 -4.996560880224986E-009
  1.469197110030958E-002 -6.337339543081287E-009
  1.469177277345122E-002 -4.570132428450055E-009
  1.469164436977274E-002 -4.909547577938939E-010
  1.469163881098309E-002  4.138580876952810E-009
  1.469175633874932E-002  7.349928515431202E-009
  1.469194519373061E-002  7.802511034233220E-009
  1.469212425275737E-002  5.340993118719416E-009
  1.469221773528169E-002  1.043587155673790E-009
  1.469218713816500E-002 -3.251499308870794E-009
  1.469204694888474E-002 -5.733709529300544E-009
  1.469185773961076E-002 -5.384495811458095E-009
  1.469169989504460E-002 -2.395841185309055E-009
  1.469163936002153E-002  1.928731430350493E-009
  1.469169999528212E-002  5.741177824893103E-009
  1.469185412179214E-002  7.437517481695798E-009
  1.469203497839803E-002  6.331584435664928E-009
  1.469216550498272E-002  2.931049072298301E-009
  1.469219104940376E-002 -1.294966231206686E-009
  1.469210212284383E-002 -4.550938744274215E-009
  1.469193773812108E-002 -5.478392852227699E-009
  1.469176820873184E-002 -3.723308442497666E-009
  1.469166497995414E-002 -7.069582160270044E-011
  1.469167042939688E-002  3.904082192749227E-009
  1.469178039537842E-002  6.512751707327684E-009
  1.469194662532913E-002  6.669241654078987E-009
  1.469209781440808E-002  4.339779829349110E-009
  1.469217007070902E-002  5.417298941139139E-010
  1.469213379703283E-002 -3.101667770307775E-009
  1.469200568600734E-002 -5.055976802542557E-009
  1.469184098192619E-002 -4.522501449306864E-009
  1.469170957098592E-002 -1.764881305795738E-009
  1.469166624054735E-002  2.017889325477562E-009
  1.469172775800063E-002  5.211666604896732E-009
  1.469186635121126E-002  6.475015893315790E-009
  1.469202210148650E-002  5.301674047131278E-009
  1.469212873308939E-002  2.221883935857351E-009
  1.469214170572163E-002 -1.437078613378704E-009
  1.469205670805314E-002 -4.123469581694277E-009
  1.469191088204030E-002 -4.719907697402681E-009
  1.469176651700272E-002 -3.008872239174488E-009
  1.469168436202529E-002  2.489020497955695E-010
  1.469169798499507E-002  3.650489263570503E-009
  1.469179999489902E-002  5.753153215070216E-009
  1.469194577186380E-002  5.684592630928078E-009
  1.469207286945489E-002  3.503112662760470E-009
  1.469212766014841E-002  1.592607613880236E-010
  1.469208785999837E-002 -2.918962407869312E-009
  1.469197147793411E-002 -4.436503795791272E-009
  1.469182861034260E-002 -3.776494384650476E-009
  1.469171980178060E-002 -1.250935332329545E-009
  1.469169031268289E-002  2.044720040490253E-009
