  0.999999992576824       0.000000000000000E+000
  0.824848081278855      -2.705658803626509E-003
  0.449506453127271      -1.603793020346617E-002
  0.175508261967381      -3.559097918079885E-002
  0.200752426941960      -4.517119227195537E-002
  0.465494643476285      -3.350904412292647E-002
  0.724859210640729      -7.868975791486290E-003
  0.770256161158083       9.706223203067160E-003
  0.598575912629104       1.417262369529688E-003
  0.388009672805588      -2.901116222751582E-002
  0.319485220954449      -5.716662291889835E-002
  0.416070318693581      -5.738012485715673E-002
  0.542994033111685      -2.441798039046941E-002
  0.554502833064280       2.137042598817802E-002
  0.439542823796899       5.007700376508499E-002
  0.327736911924092       4.584792317051211E-002
  0.355021298136700       1.829852322759231E-002
  0.521960264199671      -7.111942124000578E-003
  0.682934979742425      -1.053135081750764E-002
  0.679194390199144       7.508505822013021E-003
  0.492025513279036       2.946306278316196E-002
  0.271459738049054       3.748533990683733E-002
  0.209598884948542       2.785461284475246E-002
  0.370456431055862       1.116530078395666E-002
  0.629223082516761       1.026156989567496E-004
  0.776340374489805      -2.507854291576659E-003
  0.694975158911182      -4.292859841510788E-003
  0.456731760775304      -1.318301829130172E-002
  0.255033957575185      -2.746675664256661E-002
  0.239072380682646      -3.633304611080448E-002
  0.394753352834978      -3.058454667184576E-002
  0.571295582885554      -1.299521948284905E-002
  0.620592371958091       2.264581450876663E-003
  0.520921357202595       1.527240435291735E-003
  0.379394467430454      -1.563498129322968E-002
  0.321938196715921      -3.467869545521397E-002
  0.378599822457685      -3.761850486161915E-002
  0.467949331441650      -1.817254736686813E-002
  0.486823500056555       1.256036345502560E-002
  0.414216570842534       3.484595746273338E-002
  0.329825271524109       3.599856628058200E-002
  0.332308305261044       1.976548635661500E-002
  0.438006215291140       1.961769959928872E-003
  0.558422700068321      -3.171081012260356E-003
  0.579595731876709       6.075784797687371E-003
  0.470069495629829       1.937593314995374E-002
  0.316340316186626       2.464402836004773E-002
  0.250664865475800       1.825704920800201E-002
  0.334702922902324       6.478241921979927E-003
  0.503254952373751      -1.986654802016182E-003
  0.618698645288424      -4.424189834817040E-003
  0.588019551543787      -5.547448180832372E-003
  0.439730542324283      -1.121676546386890E-002
  0.295297924231019      -2.121935968118503E-002
  0.263514588893686      -2.854869961721442E-002
  0.351899409300427      -2.608674992947600E-002
  0.469815360565638      -1.422703406709276E-002
  0.514269282640281      -1.813211204119383E-003
  0.458127418132755       1.073947948043741E-003
  0.364007221507417      -7.780826347215161E-003
  0.318169330292347      -2.007682241405891E-002
  0.350243086341466      -2.356047333083581E-002
  0.412511021088950      -1.234183277726806E-002
  0.433185631279324       7.932973963034469E-003
  0.389022379720835       2.451962246943052E-002
  0.327371166222466       2.777482667727014E-002
  0.318101293577533       1.844055197335256E-002
  0.382821234117825       6.124350656776239E-003
  0.469783177009419       8.042242458378708E-004
  0.499334563039020       4.932989033912039E-003
  0.438264746980723       1.262330193339886E-002
  0.333855336794712       1.582126911362389E-002
  0.275002808728147       1.140976331410550E-002
  0.314403573673873       3.002752785580848E-003
  0.421397267750182      -3.473290097912688E-003
  0.507601197318693      -5.637447536547271E-003
  0.502447784699933      -6.309314411309801E-003
  0.412042343679020      -9.732586883891236E-003
  0.310907820095038      -1.644378397752662E-002
  0.276279178287320      -2.204922625196364E-002
  0.324097249331604      -2.126082649364034E-002
  0.401441425880399      -1.335028772309543E-002
  0.438013441299664      -3.657695156838158E-003
  0.407699689778816       6.171175649362780E-004
  0.345791695616083      -3.251932240025715E-003
  0.310480602611249      -1.079574411786892E-002
  0.327700410473750      -1.388069215843027E-002
  0.370617990387986      -7.574641292809961E-003
  0.390099845600343       5.570867062854973E-003
  0.364517667946892       1.750534483807481E-002
  0.320765082457709       2.116974516252212E-002
  0.307214161253697       1.592422245717954E-002
  0.345281279093366       7.459312513056576E-003
  0.406210233629999       2.627813961893094E-003
  0.435673410198923       3.890938172356498E-003
  0.403844827779532       8.035490711302207E-003
  0.334588152204623       9.778104745299044E-003
  0.286284026816485       6.616644463892673E-003
  0.300920305123043       5.687376477842922E-004
  0.366931952170558      -4.366052230168896E-003
  0.428880578325334      -6.212270770832667E-003
  0.435124514777217      -6.583865775792853E-003
  0.381246056414658      -8.494619058421941E-003
  0.311757646451564      -1.278326490752189E-002
  0.280250431214114      -1.680047979003277E-002
  0.304288112297562      -1.674968068409705E-002
  0.354108210629127      -1.149250990728741E-002
  0.382555699476910      -4.129351922296257E-003
  0.367216705702097       3.361766749262793E-004
  0.326976487609164      -7.022126913036345E-004
  0.300495941249807      -5.046219290388336E-003
  0.308972747158307      -7.433393363970526E-003
  0.338199281303838      -4.003701282162057E-003
  0.355100995902382       4.361196901297757E-003
  0.341279640920513       1.269574446400783E-002
  0.311051925423112       1.598602534878312E-002
  0.297184625137221       1.308825367021091E-002
  0.318421966420804       7.272497741196210E-003
  0.359939240879718       3.163686474695642E-003
  0.385541194133015       2.915566835936905E-003
  0.370659775639547       4.886265626590026E-003
  0.325735201444712       5.665638054785592E-003
  0.288215634724637       3.334641011387481E-003
  0.289994639888893      -1.033136992525956E-003
  0.329372734402001      -4.764239934810443E-003
  0.372472759473182      -6.283250302278872E-003
  0.382586240478808      -6.456059536543370E-003
  0.351295418670540      -7.382918071851275E-003
  0.304332767114845      -9.955188971932016E-003
  0.278129910221268      -1.265434296483858E-002
  0.288715377355118      -1.283678352988016E-002
  0.320202949274168      -9.327400452670775E-003
  0.341490567253938      -3.837573151623211E-003
  0.334573673258883       2.392595101719304E-004
  0.308760965437627       6.803587835591752E-004
  0.289336600818227      -1.603888772142169E-003
  0.292850248050198      -3.297751436161129E-003
  0.312493580492366      -1.518306208406729E-003
  0.326380030538058       3.688844895132252E-003
  0.319724320474687       9.343219561027474E-003
  0.299373729181709       1.197400858034600E-002
  0.287045398052209       1.037588291604953E-002
  0.297998972168629       6.357350862900004E-003
  0.325526596662645       2.990908048869360E-003
  0.346075470284055       2.026771346671088E-003
  0.340511555255366       2.717433059087114E-003
  0.311995159194357       2.899849120372341E-003
  0.283953590196380       1.150161581054808E-003
  0.279755711784576      -2.002936950519616E-003
  0.302251860335597      -4.791557184778010E-003
  0.331364732963887      -5.997347354414179E-003
  0.341642726460480      -6.037383375826845E-003
  0.324018067709570      -6.348401504649261E-003
  0.292744907787437      -7.748577977089523E-003
  0.272119884497943      -9.429070621046618E-003
  0.275461044866090      -9.602073551768288E-003
  0.294952752763008      -7.228388818606490E-003
  0.310426070741471      -3.186950644143348E-003
  0.308047217239610       2.727689962072530E-004
  0.291738922114719       1.379347748836447E-003
  0.277761368425930       3.557331721820471E-004
  0.278603672220413      -7.685944133644148E-004
  0.291616130069113       8.422457542455571E-005
  0.302576081018271       3.235586655470950E-003
  0.300075642658887       6.954808121488683E-003
  0.286723123311109       8.894669744402780E-003
  0.276589385563973       7.985694284668023E-003
  0.281499683617351       5.177072097969396E-003
  0.299234925551057       2.480346573419086E-003
  0.314844919713475       1.252305566899177E-003
  0.314024910813472       1.232660447649934E-003
  0.296306637714423       1.075971410863786E-003
  0.275941338034698      -2.471183799375402E-004
  0.269558906796183      -2.512217512841592E-003
  0.281643984407997      -4.564662959427951E-003
  0.300744836254045      -5.486097988050948E-003
  0.309606806700401      -5.436331908326138E-003
  0.300050898054767      -5.380304927209403E-003
  0.279505012705013      -6.011029798004989E-003
  0.263873118450201      -6.948388132302364E-003
  0.263597744394673      -7.018610458329822E-003
  0.275378903511932      -5.378473921884223E-003
  0.286367076864276      -2.428222823602449E-003
  0.286276218038113       3.738379098317577E-004
  0.276156370122827       1.680130529551097E-003
  0.266271866899736       1.380203942562551E-003
  0.265795439489752       6.752169497060468E-004
  0.274275642843097       1.019937651193660E-003
  0.282651664230042       2.852670898370688E-003
  0.282395786248240       5.211250933329339E-003
  0.273863130321205       6.543441024665629E-003
  0.265948872419062       5.981976182583182E-003
  0.267482765360293       3.986957243568890E-003
  0.278543036085760       1.857216946564825E-003
  0.289897594416896       6.102593629623306E-004
  0.291193667552702       2.341088648688525E-004
  0.280414961679768      -8.913679115734627E-005
  0.265947813031644      -1.087749252159941E-003
  0.259333161448585      -2.699323206964094E-003
  0.265201512747180      -4.180643225782570E-003
  0.277351828359035      -4.855012773088953E-003
  0.284332342873985      -4.744349824209989E-003
  0.279406184852167      -4.484920855739594E-003
  0.266075915538670      -4.633873804400391E-003
  0.254556376466304      -5.057743297381409E-003
  0.252709088402400      -5.010207304456358E-003
  0.259626257778556      -3.845667836348363E-003
  0.267277119688839      -1.703642938757090E-003
  0.268209628214479       4.916594680327497E-004
  0.262066102754989       1.750522525477768E-003
  0.255189105057991       1.828644558392003E-003
  0.254162831422875       1.407936951915097E-003
  0.259584991654479       1.481825989368309E-003
  0.265811439203524       2.482620533348386E-003
  0.266632389929351       3.908153278292491E-003
  0.261328507727399       4.754976349172554E-003
  0.255368060098070       4.359489075378106E-003
  0.255148590273006       2.914917104406440E-003
  0.261773854674870       1.248759664386898E-003
  0.269723863097721       1.052829169411206E-004
  0.271709384387002      -4.149910981740143E-004
  0.265285099435477      -7.954345515476229E-004
  0.255182580338991      -1.541726448642830E-003
  0.249231530392798      -2.671308450717742E-003
  0.251536617062034      -3.714193298002150E-003
  0.258994823422838      -4.182184016924018E-003
  0.264163643056219      -4.031186350599593E-003
  0.261802305321212      -3.673048444945761E-003
  0.253254230703488      -3.539249125001542E-003
  0.244949881480219      -3.628693527704635E-003
  0.242626306598957      -3.484182287079063E-003
  0.246537592842011      -2.632904969470879E-003
  0.251772067889827      -1.083250548723248E-003
  0.253046887825087       5.930337381483178E-004
  0.249418888317509       1.689558261062231E-003
  0.244708214004765       1.933774382637950E-003
  0.243545637298672       1.691683990917890E-003
  0.246932493046723       1.626684167011194E-003
  0.251444851066010       2.113044284273199E-003
  0.252662906967187       2.915047069769635E-003
  0.249461157899020       3.399688790173331E-003
  0.245090386448427       3.080476363001058E-003
  0.244067595798950       2.013437065788199E-003
  0.247822455336351       7.188928915987187E-004
  0.253185456925849      -2.694069954078152E-004
  0.255149419400714      -8.123457487346061E-004
  0.251390323244159      -1.185292796287485E-003
  0.244426398935615      -1.733494505550122E-003
  0.239456931496040      -2.508392296605497E-003
  0.239833228842365      -3.219321221989698E-003
  0.244209533326583      -3.521273785555991E-003
  0.247852765751202      -3.345454871375425E-003
  0.246848452882209      -2.953512888412570E-003
  0.241426565145468      -2.670207252959745E-003
  0.235546325369692      -2.557705311910951E-003
  0.233289126336107      -2.348764134672461E-003
  0.235386054533995      -1.709814954388463E-003
  0.238908725152065      -5.918722490747334E-004
  0.240182627601143       6.608038604660215E-004
  0.238116258059662       1.556361552437672E-003
  0.234937301801536       1.844505591455099E-003
  0.233841648811399       1.705710397247068E-003
  0.235893566687988       1.573932756826017E-003
  0.239083104027140       1.750633550825351E-003
  0.240329154267498       2.147935868677296E-003
  0.238454681509838       2.377570879939117E-003
  0.235310949660238       2.095098694511066E-003
  0.234013739882994       1.292423358789996E-003
  0.235963454097675       2.924475310411204E-004
  0.239438220335804      -5.282615131554904E-004
  0.241077536123531      -1.029608098565021E-003
  0.238906971993393      -1.360621560962874E-003
  0.234149373608846      -1.753383173570774E-003
  0.230185118740481      -2.268958730113635E-003
  0.229608489229034      -2.732779882936031E-003
  0.232017977363493      -2.906126152857469E-003
  0.234473364912249      -2.717673338973276E-003
  0.234141458681563      -2.330555288606605E-003
  0.230736772219705      -1.983731374343510E-003
  0.226634923129924      -1.762767624358104E-003
  0.224676177280335      -1.521373086866365E-003
  0.225708550157997      -1.032085165926978E-003
  0.228040469677250      -2.281198747670744E-004
  0.229160011020937       6.898059622508497E-004
  0.228040302457699       1.386884828229363E-003
  0.225924970185887       1.654711755892271E-003
  0.224979775786714       1.569586754233331E-003
  0.226169959010118       1.409903320461385E-003
  0.228365796872046       1.407467872499580E-003
  0.229461221089533       1.551480757692408E-003
  0.228396245975174       1.611866328912519E-003
  0.226163629672044       1.352174744519432E-003
  0.224865997937730       7.394897982504025E-004
  0.225718353566715      -2.845947826169623E-005
  0.227861805262597      -6.897193393736246E-004
  0.229092297219057      -1.120220573431108E-003
  0.227841580463512      -1.394466360941880E-003
  0.224606887496760      -1.666232193067008E-003
  0.221538753822314      -1.994221314669465E-003
  0.220569355890365      -2.277817867578963E-003
  0.221763905926585      -2.355543016233753E-003
  0.223343940990769      -2.164142968686445E-003
  0.223311523900102      -1.803461909066335E-003
  0.221192192972471      -1.446109711003895E-003
  0.218366900484204      -1.179532992176952E-003
  0.216773027730172      -9.317134443258843E-004
  0.217202935680211      -5.526185137083250E-004
  0.218719515784927       2.291369212509793E-005
  0.219633446707254       6.825921050489586E-004
  0.219069884014977       1.203447542656591E-003
  0.217679792779600       1.422408754663098E-003
  0.216904319063194       1.360827943630596E-003
  0.217548081416875       1.194016716644509E-003
  0.219014790148994       1.094535223077271E-003
  0.219892389824369       1.087797943937276E-003
  0.219301166684463       1.043612084872337E-003
  0.217724988015469       8.043892939283381E-004
  0.216552645655753       3.321344225444470E-004
  0.216766482224847      -2.537412313399663E-004
  0.218001351243494      -7.733088888839869E-004
  0.218845799121014      -1.124322357474134E-003
  0.218111113872754      -1.338997026587123E-003
  0.215912395505458      -1.517879406915900E-003
  0.213586180986414      -1.712229284793239E-003
  0.212528532250640      -1.867606718222646E-003
  0.213002053680350      -1.877536670268415E-003
  0.213964849926143      -1.690759336791023E-003
  0.214039550563918      -1.367322713262986E-003
  0.212729185851197      -1.030019715951506E-003
  0.210803703716936      -7.577544573982277E-004
  0.209559694713836      -5.220893046330087E-004
  0.209665123766528      -2.274528667095376E-004
  0.210631203699917       1.816189277479837E-004
  0.211339803432528       6.458701332155806E-004
  0.211088949273210       1.020112744063813E-003
  0.210184091379689       1.182418640434463E-003
  0.209566240581599       1.127900746338190E-003
  0.209870694347710       9.650353719853364E-004
  0.210813836725932       8.192712570667842E-004
  0.211467384464418       7.296271049117028E-004
  0.211139310845031       6.273073453280976E-004
  0.210024879385986       4.104369761551018E-004
  0.209021587328192       4.477146101070527E-005
  0.208886636375083      -3.986368391454037E-004
  0.209521860198265      -7.976679390393885E-004
  0.210046655474992      -1.071991436101601E-003
  0.209591744890923      -1.231127766104568E-003
  0.208089990097065      -1.340050473648394E-003
  0.206350441943539      -1.441156335394361E-003
  0.205356557745620      -1.508108745323214E-003
  0.205424759354733      -1.472809570835729E-003
  0.205969178432671      -1.296321203399832E-003
  0.206059649183494      -1.014221693774372E-003
  0.205252179979715      -7.127614876622799E-004
  0.203950998707403      -4.582879612509199E-004
  0.203007581992704      -2.463700209554055E-004
  0.202950935193669      -1.846363753465020E-005
  0.203550074186803       2.691101292609787E-004
  0.204076706536809       5.879192880269608E-004
  0.203990338652240       8.457223018373280E-004
  0.203403651557768       9.546730007307150E-004
  0.202918730021541       8.996048617825398E-004
  0.203017900400569       7.465705054062067E-004
  0.203592907938046       5.851783195534361E-004
  0.204046105304140       4.562897787223051E-004
  0.203854129132900       3.276310021366749E-004
  0.203058484104034       1.355368843695960E-004
  0.202225939281634      -1.474372245725300E-004
  0.201919737307454      -4.797083990742130E-004
  0.202173945314795      -7.793719375010935E-004
  0.202455459969598      -9.855270180553553E-004
  0.202147173328866      -1.096558145727053E-003
  0.201110836070419      -1.154056347629267E-003
  0.199821075345527      -1.191926110602820E-003
  0.198955399750011      -1.200351042613423E-003
  0.198813996316299      -1.137441040293401E-003
  0.199085751412459      -9.751845456147858E-004
  0.199154670893682      -7.344592495227124E-004
  0.198655946625493      -4.752107136651215E-004
  0.197781792142923      -2.506885115784008E-004
  0.197080491249756      -6.841438916528343E-005
  0.196953142403335       1.058158112071373E-004
  0.197310640399651       3.046647662075578E-004
  0.197686444814751       5.169191678692477E-004
  0.197677105483619       6.856483658113896E-004
  0.197294532992833       7.496336442489487E-004
  0.196915317528625       6.917119045697749E-004
  0.196894583213478       5.515700574369307E-004
  0.197216329309989       3.923937683080298E-004
  0.197504559825733       2.513664165364829E-004
  0.197375720765078       1.170130920950891E-004
  0.196797263653114      -4.886596248628074E-005
  0.196118116903651      -2.666959969433509E-004
  0.195745494019920      -5.126169267805043E-004
  0.195768901540403      -7.323826249688471E-004
  0.195877360108288      -8.811557508912236E-004
  0.195644053667861      -9.527370998136751E-004
  0.194917486519683      -9.735968719386947E-004
  0.193965216396414      -9.702671622787305E-004
  0.193244470052545      -9.421608692131606E-004
  0.193010372046469      -8.648672988741877E-004
  0.193111970901632      -7.192647903509415E-004
  0.193149101078445      -5.176063178197665E-004
  0.192837523097529      -3.011908430654763E-004
  0.192251627424202      -1.113282502840443E-004
  0.191736997436554       3.961262585143440E-005
  0.191587753303300       1.704022892809712E-004
  0.191788008396196       3.045693979488558E-004
  0.192044181180544       4.400074878133711E-004
  0.192062519636467       5.428550140847456E-004
  0.191807794452121       5.718235807512492E-004
  0.191509411584313       5.115867109275040E-004
  0.191422254233471       3.857887241772652E-004
  0.191573953431117       2.385824710499941E-004
  0.191734215354387       1.013919981348429E-004
  0.191629389395557      -2.614669430478150E-005
  0.191197895047295      -1.657604646940852E-004
  0.190648340066981      -3.318362940502871E-004
  0.190268159209711      -5.110320822544740E-004
  0.190160987885434      -6.679271418491981E-004
  0.190154174203457      -7.703666993868451E-004
  0.189959573217379      -8.110713910523444E-004
  0.189439490228425      -8.068878741291841E-004
  0.188736659173536      -7.782953074808187E-004
  0.188153577598209      -7.294489285075266E-004
  0.187893274990011      -6.472793014406998E-004
  0.187894242190729      -5.194655506162023E-004
  0.187901563170207      -3.533142076860760E-004
  0.187701956788017      -1.770701952658894E-004
  0.187308222569149      -2.193617282142844E-005
  0.186932925226696       9.881705761861154E-005
  0.186785861809057       1.945720642934278E-004
  0.186885059780043       2.818153569508779E-004
  0.187049391696959       3.628611780829245E-004
  0.187069430949544       4.185912777763860E-004
  0.186892720927220       4.221251321471685E-004
  0.186654560555134       3.613540486876130E-004
  0.186533863771502       2.503640821028616E-004
  0.186574699081163       1.198338296977884E-004
  0.186640585170793      -4.870884556507022E-006
  0.186540959868077      -1.187911085384546E-004
  0.186209044550034      -2.333487512378781E-004
  0.185765183109077      -3.582247839847114E-004
  0.185408033818702      -4.862359876037805E-004
  0.185235061858977      -5.946479669824467E-004
  0.185157194785369      -6.609846802462362E-004
  0.184984444537918      -6.785879121093781E-004
  0.184602967563822      -6.582710416765928E-004
  0.184082628348082      -6.157129546930246E-004
  0.183619587583026      -5.571302918468793E-004
  0.183368236187186      -4.765654091214966E-004
  0.183314058492772      -3.666397286181481E-004
  0.183297981918762      -2.318751000041141E-004
  0.183164503711369      -9.146785344515368E-005
  0.182897334813228       3.153624803825600E-005
  0.182623421342986       1.249575397222048E-004
  0.182488819374633       1.927588823767046E-004
  0.182523985277351       2.462688628048832E-004
  0.182619687008519       2.896198176357209E-004
  0.182629370655191       3.128820400020579E-004
  0.182498977505655       2.992745830710055E-004
  0.182305014562169       2.400334747738693E-004
  0.182170564745810       1.436625807653731E-004
  0.182141889011608       3.142113255288532E-005
  0.182141546157189      -7.684863715985691E-005
  0.182039864364187      -1.741852434128832E-004
  0.181776211670210      -2.658216328558019E-004
  0.181416861315672      -3.580117133344772E-004
  0.181096504199250      -4.471290112688229E-004
  0.180898059851393      -5.189024759177777E-004
  0.180781104216100      -5.580426237958856E-004
  0.180623362050206      -5.591901759937063E-004
  0.180336146984690      -5.294249952342362E-004
  0.179948494833192      -4.807024724359983E-004
  0.179584946197547      -4.197638334693130E-004
  0.179358898013526      -3.449121553442181E-004
  0.179278200770821      -2.521900907459863E-004
  0.179245797115662      -1.445639426767155E-004
  0.179150903475662      -3.500532422305117E-005
  0.178966139684488       5.980269263694211E-005
  0.178764491137827       1.296081838631347E-004
  0.178645367787764       1.754658412558325E-004
  0.178640690655014       2.050731129121892E-004
  0.178686370012195       2.230101338086158E-004
  0.178681594278424       2.248993431823419E-004
  0.178577998517524       2.008319365569661E-004
  0.178416345923068       1.449519588383274E-004
  0.178279731197298       6.255741478727934E-005
  0.178209921822817      -3.162124226221513E-005
  0.178165667407847      -1.224174602196216E-004
  0.178060751200021      -2.026634672140684E-004
  0.177845005712039      -2.740722026065772E-004
  0.177552587245120      -3.405349885206352E-004
  0.177273183367110      -4.004486556299505E-004
  0.177073169966904      -4.451268853081878E-004
  0.176939056978726      -4.644896884475612E-004
  0.176794169076680      -4.546066115609549E-004
  0.176572285699025      -4.202673013542165E-004
  0.176280839865564      -3.705780307957367E-004
  0.175997063663219      -3.119781901080276E-004
  0.175801890230564      -2.451568794878274E-004
  0.175711873640513      -1.684047914832252E-004
  0.175669280250426      -8.380637468246397E-005
  0.175596699456851      -7.444558953475371E-008
  0.175465022187911       7.094352028640568E-005
  0.175314034202981       1.211123024231424E-004
  0.175209918117293       1.501015609587999E-004
  0.175181091364742       1.631332536705509E-004
  0.175191246220132       1.645703995220019E-004
  0.175172168170384       1.532535163492755E-004
  0.175083836582083       1.238058957850372E-004
  0.174946002109367       7.265696155583927E-005
  0.174813759401848       3.280262398496122E-006
  0.174721910271277      -7.409759712860106E-005
  0.174650687207445      -1.480925231830429E-004
  0.174544153478017      -2.122120204733443E-004
  0.174363226601059      -2.663245889164096E-004
  0.174123700387334      -3.127726708546402E-004
  0.173884261461113      -3.510833194964348E-004
  0.173695849686328      -3.762088502652584E-004
  0.173558812561071      -3.817606748585024E-004
  0.173426464308572      -3.651013638652482E-004
  0.173250957929502      -3.296167498217262E-004
  0.173029285057163      -2.822489910512800E-004
  0.172808033742868      -2.287392419659128E-004
  0.172643522952575      -1.709662234663755E-004
  0.172553905821811      -1.086067935853320E-004
  0.172505850494798      -4.321870454556201E-005
  0.172446161306874       1.938857866329149E-005
  0.172348387443512       7.096567944439180E-005
  0.172232473619750       1.053505512154507E-004
  0.172141492281931       1.217021407291193E-004
  0.172098644525374       1.235983104542347E-004
  0.172084330406248       1.149076684409450E-004
  0.172053144350926       9.622297267885935E-005
  0.171973634794479       6.505073042823052E-005
  0.171853736253936       1.948797066140190E-005
  0.171729339549437      -3.803689547595288E-005
  0.171628004217711      -1.004006997939584E-004
  0.171542189908889      -1.591876464369718E-004
  0.171436586297677      -2.089333178136704E-004
  0.171282076612048      -2.486729484270723E-004
  0.171084475663282      -2.797844271191493E-004
  0.170881522336412      -3.024100000675084E-004
  0.170711085680885      -3.138352934311353E-004
  0.170579742634001      -3.102271862963153E-004
  0.170460053276048      -2.900007688721322E-004
  0.170318369734616      -2.556702942742363E-004
  0.170147451362288      -2.125381761183786E-004
  0.169974440866803      -1.655024885717097E-004
  0.169837607532429      -1.168968665467484E-004
  0.169753386701596      -6.717909054081047E-005
  0.169703229688640      -1.756098579458309E-005
  0.169651113968254       2.812316131146484E-005
  0.169574890471078       6.425296877553800E-005
  0.169483082328277       8.635117911591517E-005
  0.169403043646107       9.352951403170852E-005
  0.169352688667995       8.829531942397803E-005
  0.169322189953661       7.394708461573891E-005
  0.169281836883187       5.193273153528111E-005
  0.169207840103239       2.151109897285130E-005
  0.169101901718436      -1.808256113554418E-005
  0.168986997515329      -6.503896155892216E-005
  0.168884188690413      -1.143781639918790E-004
  0.168792486646315      -1.599637506578693E-004
  0.168690316949518      -1.974223332555803E-004
  0.168556766632750      -2.255346406132571E-004
  0.168392617615965      -2.451116899104051E-004
  0.168221708731418      -2.566159692361579E-004
  0.168071478943356      -2.587979146752620E-004
  0.167950532113335      -2.495484728563321E-004
  0.167843454454134      -2.280766979650575E-004
  0.167727128807241      -1.963377781923248E-004
  0.167593334597853      -1.583901335879819E-004
  0.167457152441718      -1.182839199609846E-004
  0.167343976108686      -7.838024444980173E-005
  0.167267294445593      -3.951224945377164E-005
  0.167217269868067      -2.636671151055981E-006
  0.167169826384362       2.975434158515234E-005
  0.167107340911935       5.392958455617659E-005
  0.167032097547010       6.676933884850348E-005
  0.166960992404941       6.755230793411917E-005
  0.166907309119241       5.809661341912641E-005
  0.166866737731908       4.115135508689522E-005
  0.166820196845257       1.848857288450321E-005
  0.166750242623435      -9.634988638940227E-006
  0.166655619555493      -4.326162437237381E-005
  0.166550782301238      -8.097512948519948E-005
  0.166451405698418      -1.192833242425876E-004
  0.166359680656853      -1.537717374988348E-004
  0.166262964704451      -1.810751055963033E-004
  0.166146718073285      -2.000254690774707E-004
  0.166009490756184      -2.111237275000495E-004
  0.165866058728278      -2.149842321831471E-004
  0.165735873790587      -2.112494990995142E-004
  0.165627414580864      -1.989382858487682E-004
  0.165532555235969      -1.778193247220544E-004
  0.165435738959381      -1.494687710688556E-004
  0.165329311727849      -1.169976002335133E-004
  0.165221067338710      -8.367502628452312E-005
  0.165127435790888      -5.166138048915960E-005
  0.165058805840137      -2.190791175207236E-005
  0.165010303718097       4.835629348721245E-006
  0.164966026189247       2.698802537861278E-005
  0.164912441474215       4.215368372546693E-005
  0.164848695085192       4.825960993341009E-005
  0.164784882019666       4.482259806452814E-005
  0.164730544552259       3.321643197357718E-005
  0.164684340765003       1.570113299270274E-005
  0.164634275623855      -5.927049974496713E-006
  0.164567901162291      -3.090145411673945E-005
  0.164482838078426      -5.884800836260026E-005
  0.164388025295081      -8.862586582354097E-005
  0.164294893455940      -1.177832249745830E-004
  0.164206889371203      -1.431895644786255E-004
  0.164117026959259      -1.623428501079418E-004
  0.164015507425524      -1.742662722960874E-004
  0.163900148899402      -1.793069125335339E-004
  0.163779920558340      -1.781348020580685E-004
  0.163668344705115      -1.709108792580653E-004
  0.163572811566349      -1.573626226912740E-004
  0.163489449310476      -1.376252915560113E-004
  0.163407982783148      -1.129987973780469E-004
  0.163321929828322      -8.586859185465521E-005
  0.163234824503843      -5.882122864873097E-005
  0.163156996846877      -3.371301116217205E-005
  0.163096074423342      -1.146164761676238E-005
  0.163049893238094       7.359985517090800E-006
  0.163008059053997       2.178751096568490E-005
  0.162960455176420       3.035355268171434E-005
  0.162904876623483       3.176244943933525E-005
  0.162847104126253       2.576448214846180E-005
  0.162793814686285       1.344135622547169E-005
  0.162745149959444      -3.365023089742201E-006
  0.162693763833834      -2.299126665467916E-005
  0.162630997373941      -4.446478714126255E-005
  0.162554307030409      -6.720796433059514E-005
  0.162469130153104      -9.029307060716740E-005
  0.162383670345303      -1.120020642668641E-004
  0.162301594756263      -1.301511311391040E-004
  0.162219389006206      -1.429411546063342E-004
  0.162130657147048      -1.496302665798996E-004
  0.162033223243799      -1.505000173612693E-004
  0.161932401439805      -1.462210520467344E-004
  0.161837420325931      -1.372323217060319E-004
  0.161754273962651      -1.236817157863570E-004
  0.161681453858153      -1.059220419741836E-004
  0.161612286825269      -8.503650943448128E-005
  0.161541580843240      -6.285170975796252E-005
  0.161470487306839      -4.137799024830474E-005
  0.161405277903261      -2.213946236908280E-005
  0.161351331108664      -5.940731707231282E-006
  0.161307877373981       6.798294367035697E-006
  0.161268187193582       1.552884288675409E-005
  0.161224855704145       1.941623846394001E-005
  0.161175307258831       1.772190697313601E-005
  0.161122663059221       1.039032319628073E-005
  0.161071491503859      -1.696958357537736E-006
  0.161022584376352      -1.704793787556336E-005
  0.160971593335538      -3.420318591685125E-005
  0.160912648034538      -5.216420497936651E-005
  0.160843488195371      -7.028925243130789E-005
  0.160767372454104      -8.782787797801952E-005
  0.160690115315615      -1.035839264750502E-004
  0.160615096497335      -1.160643867099409E-004
  0.160540849436547      -1.240213431443734E-004
  0.160463343601128      -1.269400489597434E-004
  0.160380719388880      -1.250811234591462E-004
  0.160296032688762      -1.190843869900224E-004
  0.160215467500334      -1.095150826202626E-004
  0.160143648763141      -9.674798808453349E-005
  0.160080289629082      -8.124484297091869E-005
  0.160021119876801      -6.390865601181931E-005
  0.159962129049743      -4.613324334212670E-005
  0.159903220612171      -2.945493592122801E-005
  0.159848029739763      -1.507977466082762E-005
  0.159800208269727      -3.666621448575990E-006
  0.159759642051579       4.495158953896291E-006
  0.159722010858737       9.134079845915984E-006
  0.159681989853914       9.836665420189907E-006
  0.159637128428416       6.248902866921553E-006
  0.159588964591016      -1.540862266240034E-006
  0.159540564120803      -1.279694476237313E-005
  0.159492923762486      -2.631698666185083E-005
  0.159443591208222      -4.086667811231037E-005
  0.159388695664717      -5.552026993579355E-005
  0.159326421715029      -6.965681206100958E-005
  0.159258700378496      -8.267863525241999E-005
  0.159189613512376      -9.376336552729215E-005
  0.159122047054602      -1.019167270713218E-004
  0.159055677543385      -1.063096641797013E-004
  0.158988068694304      -1.066223972916705E-004
  0.158917762306710      -1.031128271968154E-004
  0.158846446718871      -9.637239808655042E-005
  0.158778186704155      -8.699958095370075E-005
  0.158716414336374      -7.547002526957106E-005
  0.158661401483706      -6.227952747313368E-005
  0.158610448217774      -4.817584725390395E-005
  0.158560532454359      -3.421634956002806E-005
  0.158510974623814      -2.155526151832426E-005
  0.158463742285674      -1.111598970932089E-005
  0.158421220205651      -3.407775351294070E-006
  0.158383554819715       1.388413929490448E-006
  0.158347993367462       3.182874243977897E-006
  0.158310765803996       1.833973169440923E-006
  0.158269762444115      -2.758244444534807E-006
  0.158225620977880      -1.041031439921982E-005
  0.158180365543724      -2.050054467997626E-005
  0.158134977431399      -3.206506145422992E-005
  0.158088176358477      -4.408831177633799E-005
  0.158037491152458      -5.576420000517357E-005
  0.157981564075368      -6.653896746891472E-005
  0.157921534407477      -7.594748419034430E-005
  0.157860247556806      -8.343619894424514E-005
  0.157800052111325      -8.836667076658140E-005
  0.157741209737491      -9.021907983923671E-005
  0.157682324789832      -8.882813088173726E-005
  0.157622317813090      -8.445255097176256E-005
  0.157562067395889      -7.762631993084430E-005
  0.157504188203548      -6.892655506573232E-005
  0.157451142794268      -5.885097899905281E-005
  0.157403396620729      -4.788110192915094E-005
  0.157359255942588      -3.662897953974753E-005
  0.157316481786125      -2.588991187558335E-005
  0.157274185407830      -1.651537961853760E-005
  0.157233312997417      -9.189967382405369E-006
  0.157195354538267      -4.285577941295393E-006
  0.157160521163594      -1.896321698085949E-006
  0.157127070745406      -1.996266062779381E-006
  0.157092372179252      -4.559158572456306E-006
  0.157054718666396      -9.526554448726138E-006
  0.157014268466816      -1.666121841387572E-005
  0.156972341274731      -2.543619228259999E-005
  0.156929807705044      -3.508342905583269E-005
  0.156886091273140      -4.478590725220477E-005
  0.156839677409749      -5.387245364012150E-005
  0.156789610382915      -6.187701052128034E-005
  0.156736567414017      -6.844817497063441E-005
  0.156682522536614      -7.322577213592836E-005
  0.156629323842972      -7.582168335597352E-005
  0.156577486634062      -7.593783845845534E-005
  0.156526270724649      -7.352340431028956E-005
  0.156474910304428      -6.883436087365375E-005
  0.156423817024855      -6.234352259371504E-005
  0.156374629569817      -5.457703872593816E-005
  0.156329059380403      -4.600828470238624E-005
  0.156287579749689      -3.707599531970193E-005
  0.156249129780998      -2.827365545789100E-005
  0.156212069207090      -2.019254022358932E-005
  0.156175498075313      -1.344798431066071E-005
  0.156139762720169      -8.530341904496624E-006
  0.156105743645976      -5.694224183176272E-006
  0.156073630943074      -4.967040615655260E-006
  0.156042329255896      -6.253034709875575E-006
  0.156010028123079      -9.429223472661456E-006
  0.155975407172963      -1.434672657783549E-005
  0.155938395543111      -2.074658137681712E-005
  0.155899847256613      -2.818393890505437E-005
  0.155860493172801      -3.605121765146927E-005
  0.155820163058499      -4.370394635012585E-005
  0.155777979879211      -5.060287018540733E-005
  0.155733310514249      -5.637371209624169E-005
  0.155686567872460      -6.076069096273437E-005
  0.155639117612359      -6.354207027712124E-005
  0.155592377576492      -6.450272317299286E-005
  0.155546929573895      -6.349855402675638E-005
  0.155502428881142      -6.055794485433850E-005
  0.155458349643630      -5.592801696893538E-005
  0.155414843087870      -5.002028199588278E-005
  0.155372902003406      -4.329624306663646E-005
  0.155333677039440      -3.618019703586414E-005
  0.155297567377540      -2.905380013326814E-005
  0.155263903427685      -2.230792312056630E-005
  0.155231491581363      -1.637549212588780E-005
  0.155199515462132      -1.169040979791446E-005
  0.155167989752852      -8.590043009441578E-006
  0.155137394994508      -7.234203399514022E-006
  0.155107871962913      -7.601650558876259E-006
  0.155078736859483      -9.558374268259402E-006
  0.155048762255959      -1.293235228767770E-005
  0.155016963064166      -1.753094620823039E-005
  0.154983181245617      -2.309642877602084E-005
  0.154947969440286      -2.925663109769271E-005
  0.154911921873099      -3.553511285095698E-005
  0.154875089260917      -4.143285469008281E-005
  0.154837007484294      -4.652989554878665E-005
  0.154797286136795      -5.053816723538987E-005
  0.154756189127946      -5.328028184840952E-005
  0.154714660080085      -5.463253558796825E-005
  0.154673764790263      -5.449657317491890E-005
  0.154634053915027      -5.283111491807061E-005
  0.154595408132410      -4.971493411288807E-005
  0.154557474951901      -4.538020264751960E-005
  0.154520266890507      -4.017939475620103E-005
  0.154484357016283      -3.450561004019522E-005
  0.154450490200149      -2.872344083137255E-005
  0.154418966388660      -2.315281060970974E-005
  0.154389354549712      -1.809708486051130E-005
  0.154360788789377      -1.386700160011899E-005
  0.154332572874323      -1.075921076281582E-005
  0.154304555551024      -8.994047575869224E-006
  0.154276965758525      -8.658309711274573E-006
  0.154249893999182      -9.697582758363649E-006
  0.154222917359479      -1.196109150842255E-005
  0.154195217465588      -1.525885806459928E-005
  0.154166082843871      -1.938526383133866E-005
  0.154135343340569      -2.409892777033130E-005
  0.154103360256559      -2.909230929946641E-005
  0.154070607792300      -3.399572357894657E-005
  0.154037245028979      -3.842989559036545E-005
  0.154003066092295      -4.207734096203133E-005
  0.153967853494579      -4.472563107104012E-005
  0.153931787298521      -4.625984849624731E-005
  0.153895519415657      -4.662443268985278E-005
  0.153859837137055      -4.579731639165069E-005
  0.153825215845690      -4.380236496121574E-005
  0.153791654242316      -4.074649050217135E-005
  0.153758919407179      -3.684209175613747E-005
  0.153726955136178      -3.238647145662741E-005
  0.153696067440832      -2.770650058260196E-005
  0.153666715955058      -2.310525233035660E-005
  0.153639104844309      -1.884244237639297E-005
  0.153612947245067      -1.514811507620378E-005
  0.153587615158548      -1.223953058968373E-005
  0.153562537981516      -1.031122867250410E-005
  0.153537497143775      -9.496570401818333E-006
  0.153512571512786      -9.828739758010092E-006
  0.153487811216107      -1.123286176953421E-005
  0.153462958395763      -1.355569174871118E-005
  0.153437478301948      -1.660876038457693E-005
  0.153410873285635      -2.019268687790562E-005
  0.153382996302139      -2.409127497221385E-005
  0.153354089118185      -2.805409947505348E-005
  0.153324526272038      -3.179789832431541E-005
  0.153294508981243      -3.504004711980625E-005
  0.153263985520849      -3.754779348143394E-005
  0.153232855197372      -3.917183096347595E-005
  0.153201249770880      -3.984548734738719E-005
  0.153169619721559      -3.955921852371587E-005
  0.153138537393512      -3.833844140188719E-005
  0.153108389346019      -3.624513142744357E-005
  0.153079227343702      -3.339803836374340E-005
  0.153050897650244      -2.998667116628201E-005
  0.153023314426480      -2.625803259015875E-005
  0.152996618164563      -2.247824794935107E-005
  0.152971073747799      -1.889223902325555E-005
  0.152946805277667      -1.570466886847773E-005
  0.152923613091371      -1.308531535684544E-005
  0.152901040906031      -1.118074740557160E-005
  0.152878634069985      -1.011096312806815E-005
  0.152856162383442      -9.946660206589501E-006
  0.152833621728783      -1.068370476875840E-005
  0.152811034241534      -1.223676366482335E-005
  0.152788246453711      -1.445926707658380E-005
  0.152764917958670      -1.717570247950860E-005
  0.152740712601147      -2.020396883191978E-005
  0.152715519053613      -2.335719198932092E-005
  0.152689505182104      -2.643480111339966E-005
  0.152662965355742      -2.922298646042721E-005
  0.152636105729470      -3.151576204642405E-005
  0.152608960416115      -3.314827835678858E-005
  0.152581502986910      -3.402177103065737E-005
  0.152553835589805      -3.410552786227530E-005
  0.152526269418874      -3.341971915080054E-005
  0.152499214082921      -3.201707003652220E-005
  0.152472970040198      -2.997881791020304E-005
  0.152447605004944      -2.742425450382243E-005
  0.152423015769219      -2.451857029584251E-005
  0.152399107894685      -2.146388640186677E-005
  0.152375922858284      -1.847266816813896E-005
  0.152353596754629      -1.573780263780301E-005
  0.152332192698484      -1.341588680154550E-005
  0.152311564641714      -1.162816439641334E-005
  0.152291380073452      -1.046853503709037E-005
  0.152271284442413      -1.000378813887738E-005
  0.152251064856311      -1.026107186941826E-005
  0.152230676822688      -1.121199968633261E-005
  0.152210125563836      -1.276829233199992E-005
  0.152189323659790      -1.479551868327083E-005
  0.152168062186889      -1.713714001874558E-005
  0.152146123407250      -1.963376981506983E-005
  0.152123432360997      -2.212867875294471E-005
  0.152100111238848      -2.446413338603241E-005
  0.152076391028486      -2.648163118156813E-005
  0.152052463421143      -2.803493239315607E-005
  0.152028404860413      -2.901210901845974E-005
  0.152004232512655      -2.935336780928760E-005
  0.151980028434169      -2.905368887636456E-005
  0.151956007184193      -2.815107510746464E-005
  0.151932457095762      -2.671172050331858E-005
  0.151909602905366      -2.482344120026585E-005
  0.151887508826631      -2.259876397513814E-005
  0.151866102832378      -2.017856974798880E-005
  0.151845292635802      -1.772570668808444E-005
  0.151825063524421      -1.540658286838982E-005
  0.151805469634490      -1.336933024053179E-005
  0.151786531084263      -1.173008359867035E-005
  0.151768136059354      -1.057184062517791E-005
  0.151750041457245      -9.949993254137999E-006
  0.151731975628180      -9.894396899396031E-006
  0.151713755802867      -1.040328884889457E-005
  0.151695322880666      -1.143407753477115E-005
  0.151676673624402      -1.290088061420507E-005
  0.151657762383695      -1.468426492171660E-005
  0.151638467887802      -1.664909201529492E-005
  0.151618656831358      -1.866042129216668E-005
  0.151598285685618      -2.059031185889055E-005
  0.151577447944702      -2.231720189231364E-005
  0.151556324881999      -2.372615157983152E-005
  0.151535084950086      -2.471670345490853E-005
  0.151513820256961      -2.521708401526527E-005
  0.151492570468055      -2.519643417544396E-005
  0.151471402364715      -2.466711486548326E-005
  0.151450463155427      -2.367645211344192E-005
  0.151429952031709      -2.229488770444638E-005
  0.151410031069637      -2.060867666871431E-005
  0.151390752283692      -1.871931128840809E-005
  0.151372062379148      -1.674447029184475E-005
  0.151353876271731      -1.481325652102922E-005
  0.151336150087752      -1.305347214729970E-005
  0.151318888407181      -1.157594268460222E-005
  0.151302083379603      -1.046378741684187E-005
  0.151285646407413      -9.770564452238753E-006
  0.151269399294784      -9.524183362777174E-006
  0.151253137132556      -9.729790791196949E-006
  0.151236710803584      -1.036763442720597E-005
  0.151220061147305      -1.138833109425139E-005
  0.151203182198650      -1.271193402339878E-005
  0.151186054617569      -1.423505859358483E-005
  0.151168614504157      -1.584410185276067E-005
  0.151150787033147      -1.742797569527764E-005
  0.151132553216387      -1.888487067342558E-005
  0.151113987787639      -2.012321215694697E-005
  0.151095233088125      -2.106193276262195E-005
  0.151076431676584      -2.163501866921365E-005
  0.151057675840596      -2.180032882541456E-005
  0.151039013959600      -2.154760893689780E-005
  0.151020500133582      -2.090008598404982E-005
  0.151002234401289      -1.990847097867301E-005
  0.150984351271041      -1.864156399652807E-005
  0.150966963203475      -1.717919165315577E-005
  0.150950107509143      -1.560975663479835E-005
  0.150933742017309      -1.402959653172044E-005
  0.150917790838942      -1.253931757811567E-005
  0.150902197562304      -1.123502799742313E-005
  0.150886939028140      -1.019727741750598E-005
  0.150871991009921      -9.483003812883872E-006
  0.150857281861440      -9.123689126411885E-006
  0.150842680827138      -9.128241229719490E-006
  0.150828035623582      -9.486121726146409E-006
  0.150813229320205      -1.016751073123027E-005
  0.150798210039432      -1.112145808864563E-005
  0.150782972524734      -1.227605300033303E-005
  0.150767513814937      -1.354379280500282E-005
  0.150751806653194      -1.483136087561144E-005
  0.150735815410484      -1.604957737622870E-005
  0.150719538726764      -1.711945321489388E-005
  0.150703038254044      -1.797380530288623E-005
  0.150686425771474      -1.855751032493679E-005
  0.150669818628093      -1.882994092205625E-005
  0.150653301042587      -1.877015586053195E-005
  0.150636921657755      -1.838184482913338E-005
  0.150620723557343      -1.769416516636932E-005
  0.150604773611195      -1.675722268055846E-005
  0.150589159996753      -1.563465656582981E-005
  0.150573957269597      -1.439729413821621E-005
  0.150559188815959      -1.311993341830822E-005
  0.150544819206565      -1.187987911476783E-005
  0.150530782162620      -1.075407644559255E-005
  0.150517018595972      -9.813110695514289E-006
  0.150503491845808      -9.113554859461759E-006
  0.150490169692919      -8.692155662520709E-006
  0.150476993767109      -8.564335542239494E-006
  0.150463868247398      -8.726426865927009E-006
  0.150450681675215      -9.158730532660311E-006
  0.150437345462952      -9.826921927791003E-006
  0.150423817931691      -1.068196214130337E-005
  0.150410096254433      -1.166097838580214E-005
  0.150396187398701      -1.269140480639294E-005
  0.150382086708120      -1.369820105427661E-005
  0.150367783774010      -1.461146979385928E-005
  0.150353288840355      -1.537152912443416E-005
  0.150338653686206      -1.593064758861332E-005
  0.150323965991440      -1.625322570645003E-005
  0.150309320240439      -1.631690208340003E-005
  0.150294788871967      -1.611534574581883E-005
  0.150280416072388      -1.566104180378370E-005
  0.150266235260560      -1.498547867201211E-005
  0.150252289937794      -1.413562490839030E-005
  0.150238635559770      -1.316809470470405E-005
  0.150225318639614      -1.214370581225681E-005
  0.150212350917293      -1.112414692867457E-005
  0.150199701360954      -1.017019597820848E-005
  0.150187312944491      -9.339478973640538E-006
  0.150175129437162      -8.682409096555447E-006
  0.150163109610112      -8.237017015955816E-006
  0.150151218944771      -8.024922849717688E-006
  0.150139410018376      -8.050293668560539E-006
  0.150127612916627      -8.301667029993574E-006
  0.150115747418367      -8.754781939645349E-006
  0.150103748592090      -9.374559893967771E-006
  0.150091585311917      -1.011600837152171E-005
  0.150079257738361      -1.092549428514170E-005
  0.150066778533755      -1.174398693686820E-005
  0.150054156245609      -1.251237102037555E-005
  0.150041395803589      -1.317716863224168E-005
  0.150028514243526      -1.369458749506238E-005
  0.150015555318699      -1.403208806859534E-005
  0.150002587611906      -1.416845796276791E-005
  0.149989685763783      -1.409409411400476E-005
  0.149976909449294      -1.381225104967502E-005
  0.149964296175124      -1.334036242234498E-005
  0.149951870978500      -1.270974168740378E-005
  0.149939660921847      -1.196276035518320E-005
  0.149927698726302      -1.114826961026817E-005
  0.149916010808475      -1.031708376087189E-005
  0.149904599997192      -9.518887443273716E-006
  0.149893438523850      -8.800447294311462E-006
  0.149882477908637      -8.203880956281715E-006
  0.149871667592406      -7.763958975590211E-006
  0.149860967085619      -7.504718795132247E-006
  0.149850343163651      -7.436807780224337E-006
  0.149839757689624      -7.556883450728739E-006
  0.149829160066344      -7.849165262844305E-006
  0.149818493676033      -8.287967140980249E-006
  0.149807712564196      -8.839848705236612E-006
  0.149796795163637      -9.465003276820525E-006
  0.149785744469929      -1.011868819213819E-005
  0.149774576041346      -1.075378207794572E-005
  0.149763305441230      -1.132467625013111E-005
  0.149751946133228      -1.179149328322622E-005
  0.149740518352893      -1.212318901503940E-005
  0.149729058971948      -1.229882411507423E-005
  0.149717621377799      -1.230751947517191E-005
  0.149706263508441      -1.214824356575486E-005
  0.149695032830379      -1.183010094642081E-005
  0.149683959533279      -1.137270370675786E-005
  0.149673061549151      -1.080555020219722E-005
  0.149662354449874      -1.016572453362391E-005
  0.149651855478720      -9.494315361480905E-006
  0.149641577140600      -8.832761686464785E-006
  0.149631515982598      -8.220167516571228E-006
  0.149621647025546      -7.691681061589061E-006
  0.149611929495858      -7.277187902483343E-006
  0.149602319652102      -6.999570402805005E-006
  0.149592780635398      -6.872584086818761E-006
  0.149583282558777      -6.899217882594410E-006
  0.149573795229950      -7.071467034701691E-006
  0.149564282498897      -7.371689698919117E-006
  0.149554705363309      -7.774819605562859E-006
  0.149545032604140      -8.250453340549549E-006
  0.149535250627318      -8.764400470847049E-006
  0.149525364736824      -9.280108763237792E-006
  0.149515391537505      -9.760679163130648E-006
  0.149505349621988      -1.017169475745418E-005
  0.149495256445611      -1.048426986930960E-005
  0.149485132928405      -1.067733810992130E-005
  0.149475009872560      -1.073859678537393E-005
  0.149464928545833      -1.066435018922964E-005
  0.149454933150228      -1.045901641936787E-005
  0.149445060278894      -1.013485016232724E-005
  0.149435333106525      -9.711733079303755E-006
  0.149425763710874      -9.216372136355703E-006
  0.149416359735609      -8.680407693346227E-006
  0.149407128164595      -8.137624334677776E-006
  0.149398072265214      -7.621056795858246E-006
  0.149389184560399      -7.160766080724537E-006
  0.149380442702106      -6.782468088238997E-006
  0.149371812754781      -6.506579181303676E-006
  0.149363257952857      -6.347145967017176E-006
  0.149354746398459      -6.310599664428364E-006
  0.149346252500538      -6.394845974166203E-006
  0.149337752831259      -6.589321448374996E-006
  0.149329222044435      -6.876194341373133E-006
  0.149320634112764      -7.232263109356905E-006
  0.149311968927294      -7.630855284143118E-006
  0.149303219139630      -8.043346167633679E-006
  0.149294391691495      -8.440477772445930E-006
  0.149285503028088      -8.793934958438378E-006
  0.149276572284045      -9.078379789825288E-006
  0.149267617991538      -9.273606325200167E-006
  0.149258660117312      -9.366162401002925E-006
  0.149249724067096      -9.349988281097715E-006
  0.149240841440922      -9.226166963293307E-006
  0.149232045357601      -9.002289721991641E-006
  0.149223363182258      -8.691874122306427E-006
  0.149214811874379      -8.313830370792146E-006
  0.149206398840162      -7.891589193744088E-006
  0.149198126372434      -7.451544479440342E-006
  0.149189994904931      -7.020893584004922E-006
  0.149182001903972      -6.625389041322148E-006
  0.149174137663516      -6.287565062162836E-006
  0.149166382421711      -6.025638687638849E-006
  0.149158708235058      -5.852844193792389E-006
  0.149151084918469      -5.776828286773631E-006
  0.149143485896466      -5.799002077470864E-006
  0.149135890113204      -5.914135325665898E-006
  0.149128279826250      -6.110608729079415E-006
  0.149120637738694      -6.371478208883428E-006
  0.149112947239514      -6.676079318759643E-006
  0.149105196356457      -7.001682060020441E-006
  0.149097382364205      -7.324871720711736E-006
  0.149089513171999      -7.622706551588525E-006
  0.149081604304111      -7.873934907695411E-006
  0.149073673961256      -8.060435909517018E-006
  0.149065739983017      -8.168701266325757E-006
  0.149057820418679      -8.190932591643309E-006
  0.149049935900382      -8.125420981391770E-006
  0.149042110334442      -7.976229340441701E-006
  0.149034368045750      -7.752506428240772E-006
  0.149026728849867      -7.467768896346614E-006
  0.149019204499651      -7.139216618082045E-006
  0.149011798803869      -6.786868578209974E-006
  0.149004510570437      -6.432287342052613E-006
  0.148997336282808      -6.096919583313970E-006
  0.148990270062696      -5.800381732489866E-006
  0.148983301314247      -5.559091967732022E-006
  0.148976412822916      -5.385432081611737E-006
  0.148969581837251      -5.287313525545296E-006
  0.148962784077002      -5.267890903840393E-006
  0.148955998082814      -5.325309355028850E-006
  0.148949207129402      -5.452632199765417E-006
  0.148942398168707      -5.638213403811873E-006
  0.148935559854515      -5.866634818345714E-006
  0.148928682289972      -6.120043605719395E-006
  0.148921759278153      -6.379549131595793E-006
  0.148914791317137      -6.626416573796826E-006
  0.148907786694587      -6.843041266612910E-006
  0.148900759564958      -7.013871933524480E-006
  0.148893726392437      -7.126409260911412E-006
  0.148886703341440      -7.172189492020996E-006
  0.148879706070311      -7.147482792869442E-006
  0.148872751041362      -7.053468706048042E-006
  0.148865856067922      -6.895876542191399E-006
  0.148859038606740      -6.684304697271521E-006
  0.148852312483413      -6.431472335872111E-006
  0.148845685282554      -6.152495367380599E-006
  0.148839158153630      -5.864081458495555E-006
  0.148832727764137      -5.583495195346877E-006
  0.148826388437294      -5.327295485953756E-006
  0.148820132652065      -5.110053207031265E-006
  0.148813949860181      -4.943329413199805E-006
  0.148807825313815      -4.835067616092356E-006
  0.148801740711022      -4.789340513553694E-006
  0.148795676888788      -4.806275906191508E-006
  0.148789616995435      -4.882055519835508E-006
  0.148783548184977      -5.009050032462611E-006
  0.148777461205912      -5.176251443425992E-006
  0.148771349057490      -5.370089328002661E-006
  0.148765206526294      -5.575531194790347E-006
  0.148759031366373      -5.777231730970376E-006
  0.148752826162361      -5.960525650203333E-006
  0.148746599108846      -6.112218570530742E-006
  0.148740362761917      -6.221271245954383E-006
  0.148734131486584      -6.279471015959812E-006
  0.148727919314523      -6.282052977298881E-006
  0.148721739378506      -6.228104753685773E-006
  0.148715604557931      -6.120591297717978E-006
  0.148709527876188      -5.965977213117486E-006
  0.148703521509964      -5.773585873419140E-006
  0.148697594662774      -5.554883599148330E-006
  0.148691751716593      -5.322784288661501E-006
  0.148685991951142      -5.090932874182477E-006
  0.148680310851491      -4.872876487029965E-006
  0.148674701784178      -4.681115656147495E-006
  0.148669156720475      -4.526165012217514E-006
  0.148663665767925      -4.415815633636971E-006
  0.148658216510394      -4.354719729998250E-006
  0.148652794416142      -4.344273663614201E-006
  0.148647384640318      -4.382680204652332E-006
  0.148641974298704      -4.465097847811335E-006
  0.148636553862069      -4.583893058768920E-006
  0.148631117079471      -4.729087847147509E-006
  0.148625660067782      -4.889060886491937E-006
  0.148620180788073      -5.051441066577359E-006
  0.148614679571579      -5.204032163206596E-006
  0.148609160210816      -5.335612633268861E-006
  0.148603630461314      -5.436556315573168E-006
  0.148598101206460      -5.499324679303073E-006
  0.148592584628931      -5.518898581490077E-006
  0.148587092507428      -5.493141088393136E-006
  0.148581635534087      -5.422993647869225E-006
  0.148576223565863      -5.312397268166352E-006
  0.148570865897320      -5.167916672646195E-006
  0.148565570712917      -4.998158674164214E-006
  0.148560343745761      -4.813123173120851E-006
  0.148555187016701      -4.623574218815577E-006
  0.148550098576858      -4.440425009841482E-006
  0.148545073398534      -4.274084341134844E-006
  0.148540104674320      -4.133754549972404E-006
  0.148535184587193      -4.026759994100194E-006
  0.148530304253769      -3.958035088850579E-006
  0.148525453406027      -3.929862372621392E-006
  0.148520620669175      -3.941854199875854E-006
  0.148515794762995      -3.991097020677817E-006
  0.148510966103795      -4.072381760629974E-006
  0.148506127893365      -4.178510901787701E-006
  0.148501276192643      -4.300730395123982E-006
  0.148496409300827      -4.429322685765157E-006
  0.148491527246943      -4.554322627365265E-006
  0.148486631931306      -4.666246300141512E-006
  0.148481727706203      -4.756716897194056E-006
  0.148476821658742      -4.818935728427324E-006
  0.148471923030681      -4.848022765951731E-006
  0.148467041909098      -4.841275227936978E-006
  0.148462187904896      -4.798350717363319E-006
  0.148457369484585      -4.721321171999688E-006
  0.148452594004553      -4.614529023772618E-006
  0.148447867892081      -4.484228427241504E-006
  0.148443196368083      -4.338072130083545E-006
  0.148438582634329      -4.184544994252511E-006
  0.148434027049502      -4.032418980503849E-006
  0.148429526938390      -3.890241481823625E-006
  0.148425077214891      -3.765829279454884E-006
  0.148420671381945      -3.665759031651111E-006
  0.148416302256355      -3.594901252027055E-006
  0.148411962129352      -3.556082410174052E-006
  0.148407642662916      -3.549940177850077E-006
  0.148403335092914      -3.574972852368623E-006
  0.148399031025159      -3.627727386363232E-006
  0.148394723543864      -3.703064279887197E-006
  0.148390408026409      -3.794478057001807E-006
  0.148386082264612      -3.894494033623526E-006
  0.148381746033429      -3.995161787042850E-006
  0.148377400631237      -4.088620658620554E-006
  0.148373048808239      -4.167662731198008E-006
  0.148368695021794      -4.226209011408174E-006
  0.148364345560428      -4.259654077821622E-006
  0.148360008124210      -4.265089125426342E-006
  0.148355690887099      -4.241437849904909E-006
  0.148351401492084      -4.189518528315332E-006
  0.148347146460868      -4.112006069013794E-006
  0.148342931122335      -4.013253116411692E-006
  0.148338759731890      -3.898958975477053E-006
  0.148334635356726      -3.775727375433604E-006
  0.148330559412349      -3.650586411887048E-006
  0.148326531153175      -3.530531872307927E-006
  0.148322547556401      -3.422113371730054E-006
  0.148318603771915      -3.331050690325494E-006
  0.148314693888938      -3.261873021865010E-006
  0.148310811573509      -3.217607903470515E-006
  0.148306950325913      -3.199573746734642E-006
  0.148303103501525      -3.207320797860462E-006
  0.148299264466825      -3.238723635689447E-006
  0.148295427122222      -3.290186544588997E-006
  0.148291586653445      -3.356912801337609E-006
  0.148287740117536      -3.433212506307126E-006
  0.148283886559254      -3.512853534366608E-006
  0.148280026702205      -3.589465229461004E-006
  0.148276162549160      -3.656978306683305E-006
  0.148272297203893      -3.710050743533764E-006
  0.148268434928826      -3.744419544364611E-006
  0.148264581162439      -3.757142403922948E-006
  0.148260742204521      -3.746731873335148E-006
  0.148256924544749      -3.713206617731377E-006
  0.148253134112085      -3.658075445527963E-006
  0.148249375785989      -3.584244513511238E-006
  0.148245653285614      -3.495825443736579E-006
  0.148241969251032      -3.397838434375697E-006
  0.148238325223942      -3.295838845873601E-006
  0.148234721410047      -3.195520314582666E-006
  0.148231156388884      -3.102342869685191E-006
  0.148227627063501      -3.021207081765944E-006
  0.148224128996644      -2.956170286800329E-006
  0.148220656997263      -2.910199352692913E-006
  0.148217205657222      -2.884974207587766E-006
  0.148213769634361      -2.880775164521841E-006
  0.148210343737011      -2.896483541301794E-006
  0.148206923046332      -2.929698240451579E-006
  0.148203503254765      -2.976940829357473E-006
  0.148200081162772      -3.033910753456127E-006
  0.148196655083344      -3.095765501953546E-006
  0.148193224930905      -3.157421528128883E-006
  0.148189791991250      -3.213878696159207E-006
  0.148186358582082      -3.260556746442418E-006
  0.148182927832523      -3.293610230950556E-006
  0.148179503628777      -3.310179890874151E-006
  0.148176090566266      -3.308553027906696E-006
  0.148172693707048      -3.288232319349476E-006
  0.148169318099588      -3.249930895369614E-006
  0.148165968227501      -3.195509295346317E-006
  0.148162647623792      -3.127854270814325E-006
  0.148159358757785      -3.050689263210680E-006
  0.148156103094823      -2.968314764207724E-006
  0.148152881130919      -2.885298880270713E-006
  0.148149692297039      -2.806156362384532E-006
  0.148146534816453      -2.735053526152650E-006
  0.148143405705066      -2.675558593060740E-006
  0.148140301030562      -2.630437986899029E-006
  0.148137216360439      -2.601494421882557E-006
  0.148134147199962      -2.589453318521473E-006
  0.148131089261552      -2.593916645307999E-006
  0.148128038574009      -2.613402484663979E-006
  0.148124991577936      -2.645471608966041E-006
  0.148121945339731      -2.686921074986040E-006
  0.148118897869301      -2.734015011240121E-006
  0.148115848386239      -2.782729752176376E-006
  0.148112797375251      -2.829004980500149E-006
  0.148109746407428      -2.868999660687571E-006
  0.148106697856226      -2.899344518865307E-006
  0.148103654671756      -2.917368911317428E-006
  0.148100620270261      -2.921273350764441E-006
  0.148097598451461      -2.910227693802099E-006
  0.148094593208638      -2.884393558713892E-006
  0.148091608386211      -2.844884189792738E-006
  0.148088647281853      -2.793676163479504E-006
  0.148085712354089      -2.733477976625032E-006
  0.148082805125237      -2.667552818477119E-006
  0.148079926230209      -2.599496585762907E-006
  0.148077075479527      -2.532986019018356E-006
  0.148074251849236      -2.471524467976588E-006
  0.148071453433446      -2.418213556852897E-006
  0.148068677479437      -2.375567401809284E-006
  0.148065920592345      -2.345371853061125E-006
  0.148063179076850      -2.328585533314460E-006
  0.148060449285899      -2.325284608687153E-006
  0.148057727857274      -2.334661297965470E-006
  0.148055011824137      -2.355086524280784E-006
  0.148052298687586      -2.384236503901229E-006
  0.148049586546673      -2.419268335593328E-006
  0.148046874292251      -2.457021538454947E-006
  0.148044161771309      -2.494225909372580E-006
  0.148041449811462      -2.527706012051986E-006
  0.148038740076757      -2.554579062470369E-006
  0.148036034832517      -2.572440214383883E-006
  0.148033336734466      -2.579520855755381E-006
  0.148030648696952      -2.574800794814936E-006
  0.148027973796623      -2.558060431737431E-006
  0.148025315123045      -2.529871713979241E-006
  0.148022675535996      -2.491537962107673E-006
  0.148020057383728      -2.444995265776243E-006
  0.148017462289604      -2.392682788338749E-006
  0.148014891078014      -2.337383595975047E-006
  0.148012343818361      -2.282038810260824E-006
  0.148009819900794      -2.229546204530450E-006
  0.148007318074644      -2.182562943678262E-006
  0.148004836458988      -2.143333397868584E-006
  0.148002372598671      -2.113555414693182E-006
  0.147999923628518      -2.094287993467328E-006
  0.147997486533264      -2.085897711773378E-006
  0.147995058419546      -2.088043182692820E-006
  0.147992636712640      -2.099701783807868E-006
  0.147990219255679      -2.119243706281162E-006
  0.147987804362421      -2.144551888454507E-006
  0.147985390890854      -2.173176405994982E-006
  0.147982978352866      -2.202505584661529E-006
  0.147980567006162      -2.229937594270615E-006
  0.147978157853935      -2.253043064718476E-006
  0.147975752525201      -2.269714749987696E-006
  0.147973353081711      -2.278299886565329E-006
  0.147970961831447      -2.277706141742777E-006
  0.147968581196364      -2.267468859670781E-006
  0.147966213616014      -2.247770443991208E-006
  0.147963861430622      -2.219411335966945E-006
  0.147961526710773      -2.183740517420957E-006
  0.147959211062350      -2.142556435743537E-006
  0.147956915476969      -2.097986335551948E-006
  0.147954640281419      -2.052347836758003E-006
  0.147952385179801      -2.007996428671790E-006
  0.147950149332496      -1.967167306006055E-006
  0.147947931419134      -1.931825574244757E-006
  0.147945729681593      -1.903540014170678E-006
  0.147943541990002      -1.883390665802563E-006
  0.147941365975416      -1.871912881646023E-006
  0.147939199226768      -1.869075531246530E-006
  0.147937039499045      -1.874291192043743E-006
  0.147934884870179      -1.886459055061022E-006
  0.147932733823262      -1.904042119704764E-006
  0.147930585282408      -1.925176394394126E-006
  0.147928438648806      -1.947803192512637E-006
  0.147926293854496      -1.969810942244292E-006
  0.147924151404639      -1.989173451174959E-006
  0.147922012359390      -2.004076199333761E-006
  0.147919878232890      -2.013026718346661E-006
  0.147917750835885      -2.014945958514912E-006
  0.147915632116880      -2.009235118745947E-006
  0.147913524040766      -1.995810415578275E-006
  0.147911428500421      -1.975100171757992E-006
  0.147909347226345      -1.948004411018294E-006
  0.147907281668985      -1.915823356396943E-006
  0.147905232867446      -1.880164005682440E-006
  0.147903201349503      -1.842832483712095E-006
  0.147901187101841      -1.805716905001516E-006
  0.147899189611346      -1.770664667375428E-006
  0.147897207941701      -1.739360595376744E-006
  0.147895240805797      -1.713215839307546E-006
  0.147893286624108      -1.693278320175718E-006
  0.147891343592757      -1.680172251589380E-006
  0.147889409790684      -1.674068764679430E-006
  0.147887483327981      -1.674685503291375E-006
  0.147885562502329      -1.681312334036883E-006
  0.147883645919651      -1.692861884839000E-006
  0.147881732557978      -1.707944363552423E-006
  0.147879821789269      -1.724963900709173E-006
  0.147877913390903      -1.742229381292164E-006
  0.147876007563460      -1.758069415580856E-006
  0.147874104940435      -1.770941195819067E-006
  0.147872206558820      -1.779526170290605E-006
  0.147870313773236      -1.782809041926917E-006
  0.147868428128638      -1.780137975640586E-006
  0.147866551228809      -1.771262896176573E-006
  0.147864684631214      -1.756347614589156E-006
  0.147862829770632      -1.735952708648137E-006
  0.147860987890667      -1.710989960792501E-006
  0.147859159964314      -1.682653617359673E-006
  0.147857346608899      -1.652336079882126E-006
  0.147855548023324      -1.621534967750210E-006
  0.147853763975061      -1.591756375643024E-006
  0.147851993840505      -1.564418091702070E-006
  0.147850236676009      -1.540757654220037E-006
  0.147848491290617      -1.521752157586608E-006
  0.147846756308910      -1.508057285385903E-006
  0.147845030235861      -1.499970855572959E-006
  0.147843311542872      -1.497422202777738E-006
  0.147841598778547      -1.499985379215396E-006
  0.147839890684018      -1.506913088445240E-006
  0.147838186282570      -1.517189026852659E-006
  0.147836484926274      -1.529596900087334E-006
  0.147834786306574      -1.542803198034274E-006
  0.147833090450195      -1.555448139421696E-006
  0.147831397714751      -1.566236947960022E-006
  0.147829708778370      -1.574023578352046E-006
  0.147828024604317      -1.577881228544389E-006
  0.147826346368091      -1.577156777285326E-006
  0.147824675355293      -1.571507803460584E-006
  0.147823012855277      -1.560920667091297E-006
  0.147821360073833      -1.545707567303496E-006
  0.147819718070248      -1.526481256218713E-006
  0.147818087706744      -1.504108654993961E-006
  0.147816469596715      -1.479647754500818E-006
  0.147814864052609      -1.454274039360933E-006
  0.147813271050236      -1.429202416469489E-006
  0.147811690228254      -1.405609111709087E-006
  0.147810120926972      -1.384556909866731E-006
  0.147808562252203      -1.366927407488720E-006
  0.147807013143133      -1.353365015817903E-006
  0.147805472433045      -1.344237740034251E-006
  0.147803938907833      -1.339618251865197E-006
  0.147802411374313      -1.339285938109232E-006
  0.147800888742027      -1.342747998689830E-006
  0.147799370106449      -1.349276553118623E-006
  0.147797854813193      -1.357959009108610E-006
  0.147796342489741      -1.367759406852141E-006
  0.147794833047451      -1.377587890917174E-006
  0.147793326668086      -1.386373870889894E-006
  0.147791823786705      -1.393136980380400E-006
  0.147790325069986      -1.397049898854699E-006
  0.147788831378970      -1.397488672378823E-006
  0.147787343707573      -1.394068341030162E-006
  0.147785863101389      -1.386663129686095E-006
  0.147784390573448      -1.375410720932525E-006
  0.147782927034161      -1.360699932307089E-006
  0.147781473241536      -1.343141627463822E-006
  0.147780029765129      -1.323524370143698E-006
  0.147778596954129      -1.302758487094973E-006
  0.147777174908244      -1.281813598434059E-006
  0.147775763461001      -1.261654603829699E-006
  0.147774362187816      -1.243180010795942E-006
  0.147772970442547      -1.227165476051324E-006
  0.147771587413488      -1.214215273297940E-006
  0.147770212183767      -1.204724852421683E-006
  0.147768843786316      -1.198857732790303E-006
  0.147767481254482      -1.196538909729484E-006
  0.147766123675482      -1.197464931807914E-006
  0.147764770249908      -1.201128821729369E-006
  0.147763420350259      -1.206857000288088E-006
  0.147762073565048      -1.213855422894713E-006
  0.147760729718409      -1.221262493043881E-006
  0.147759388865884      -1.228206124778134E-006
  0.147758051275872      -1.233861447332183E-006
  0.147756717406108      -1.237504769418973E-006
  0.147755387876725      -1.238559426414342E-006
  0.147754063433942      -1.236630271294074E-006
  0.147752744898763      -1.231525238899670E-006
  0.147751433103094      -1.223263694751079E-006
  0.147750128824293      -1.212071740286474E-006
  0.147748832730675      -1.198364664165074E-006
  0.147747545343652      -1.182717076133095E-006
  0.147746267013215      -1.165822339409249E-006
  0.147744997900070      -1.148444364648787E-006
  0.147743737962180      -1.131365823621713E-006
  0.147742486950836      -1.115336834343941E-006
  0.147741244424068      -1.101027353482001E-006
  0.147740009780289      -1.088985614196668E-006
  0.147738782306425      -1.079604565535479E-006
  0.147737561229827      -1.073098348291160E-006
  0.147736345765821      -1.069490777416019E-006
  0.147735135159971      -1.068617033203510E-006
  0.147733928729170      -1.070138329209915E-006
  0.147732725904059      -1.073567847153780E-006
  0.147731526268936      -1.078305380323781E-006
  0.147730329590431      -1.083678066665351E-006
  0.147729135827767      -1.088984871044908E-006
  0.147727945124366      -1.093542496021101E-006
  0.147726757787110      -1.096729977165529E-006
  0.147725574260544      -1.098028743987195E-006
  0.147724395098606      -1.097054993177308E-006
  0.147723220931097      -1.093582063045130E-006
  0.147722052421443      -1.087551771942398E-006
  0.147720890217022      -1.079074763431474E-006
  0.147719734899305      -1.068420417498350E-006
  0.147718586942705      -1.055997014711930E-006
  0.147717446686958      -1.042323080007321E-006
  0.147716314321570      -1.027991509448047E-006
  0.147715189877684      -1.013629024319325E-006
  0.147714073224930      -9.998541722604344E-007
  0.147712964075605      -9.872370918002367E-007
  0.147711862000886      -9.762636384374564E-007
  0.147710766461109      -9.673057022926435E-007
  0.147709676846397      -9.605990777372104E-007
  0.147708592520075      -9.562301166724741E-007
  0.147707512858369      -9.541322466120336E-007
  0.147706437284624      -9.540928710071237E-007
  0.147705365300200      -9.557701569698959E-007
  0.147704296513934      -9.587181379540605E-007
  0.147703230668202      -9.624178893281970E-007
  0.147702167656129      -9.663124399661356E-007
  0.147701107524992      -9.698433096113811E-007
  0.147700050465313      -9.724866948435481E-007
  0.147698996789858      -9.737871860013140E-007
  0.147697946908142      -9.733866892532099E-007
  0.147696901299274      -9.710463434361110E-007
  0.147695860482233      -9.666598570363597E-007
  0.147694824981604      -9.602576587490571E-007
  0.147693795289498      -9.520021332439466E-007
  0.147692771828333      -9.421747077397612E-007
  0.147691754920723      -9.311557247564786E-007
  0.147690744770282      -9.193982003099044E-007
  0.147689741452848      -9.073969751306431E-007
  0.147688744914901      -8.956553527415986E-007
  0.147687754976862      -8.846517484132624E-007
  0.147686771341999      -8.748088491768540E-007
  0.147685793613574      -8.664673036556470E-007
  0.147684821321506      -8.598653182266804E-007
  0.147683853956093      -8.551250586853503E-007
  0.147682891003491      -8.522465257808343E-007
  0.147681931977880      -8.511093827107120E-007
  0.147680976448365      -8.514827933747262E-007
  0.147680024061600      -8.530426217081979E-007
  0.147679074561523      -8.553945732196737E-007
  0.147678127805332      -8.581013564472360E-007
  0.147677183772437      -8.607118542023493E-007
  0.147676242563117      -8.627904851400549E-007
  0.147675304386397      -8.639451240425092E-007
  0.147674369540028      -8.638519745577419E-007
  0.147673438386798      -8.622757495754529E-007
  0.147672511329875      -8.590836619807825E-007
  0.147671588787322      -8.542522171390456E-007
  0.147670671164766      -8.478665291486191E-007
  0.147669758826658      -8.401125787376791E-007
  0.147668852069135      -8.312632626607879E-007
  0.147667951098749      -8.216592563765982E-007
  0.147667056019955      -8.116858193684944E-007
  0.147666166831286      -8.017469031689371E-007
  0.147665283427985      -7.922382642587713E-007
  0.147664405609034      -7.835215355736207E-007
  0.147663533088406      -7.759011587150676E-007
  0.147662665511848      -7.696056974132333E-007
  0.147661802479871      -7.647745230099555E-007
  0.147660943575307      -7.614504202703109E-007
  0.147660088391676      -7.595783964752620E-007
  0.147659236558567      -7.590107771422376E-007
  0.147658387762164      -7.595183590564342E-007
  0.147657541761281      -7.608069007002959E-007
  0.147656698399884      -7.625376942711765E-007
  0.147655857615902      -7.643506022931217E-007
  0.147655019444443      -7.658878788389424E-007
  0.147654184013403      -7.668172609780272E-007
  0.147653351531101      -7.668530228079304E-007
  0.147652522267966      -7.657737997701530E-007
  0.147651696535444      -7.634360530266844E-007
  0.147650874664514      -7.597822056633377E-007
  0.147650056984444      -7.548428624330374E-007
  0.147649243801385      -7.487330735911209E-007
  0.147648435377095      -7.416431407505660E-007
  0.147647631909680      -7.338248198032787E-007
  0.147646833519218      -7.255739275969239E-007
  0.147646040240348      -7.172104240434841E-007
  0.147645252021938      -7.090571556652016E-007
  0.147644468732223      -7.014186252729518E-007
  0.147643690167686      -6.945612778306637E-007
  0.147642916065054      -6.886967180587643E-007
  0.147642146116872      -6.839689671585627E-007
  0.147641379990947      -6.804464350925858E-007
  0.147640617352500      -6.781188968721633E-007
  0.147639857886394      -6.768994998741477E-007
  0.147639101316644      -6.766316412138969E-007
  0.147638347421585      -6.771003214306503E-007
  0.147637596044752      -6.780472468209211E-007
  0.147636847102178      -6.791885901298569E-007
  0.147636100586227      -6.802340726387521E-007
  0.147635356565035      -6.809059974435765E-007
  0.147634615176359      -6.809570109044445E-007
  0.147633876615670      -6.801855737173646E-007
  0.147633141119911      -6.784482805913030E-007
  0.147632408949324      -6.756682814710987E-007
  0.147631680369317      -6.718392213676599E-007
  0.147630955633212      -6.670244115777070E-007
  0.147630234965822      -6.613513548519295E-007
  0.147629518548052      -6.550021534368247E-007
  0.147628806503693      -6.482006103967108E-007
  0.147628098890277      -6.411969562513527E-007
  0.147627395695429      -6.342511663335279E-007
  0.147626696838849      -6.276158731009604E-007
  0.147626002178760      -6.215199503687598E-007
  0.147625311521380      -6.161538869571311E-007
  0.147624624632621      -6.116579773467376E-007
  0.147623941251989      -6.081141054515182E-007
  0.147623261108714      -6.055415508377227E-007
  0.147622583939259      -6.038969191922309E-007
  0.147621909504393      -6.030780631107085E-007
  0.147621237603776      -6.029316931777714E-007
  0.147620568086773      -6.032642086868858E-007
  0.147619900859392      -6.038550550541854E-007
  0.147619235887868      -6.044716786510585E-007
  0.147618573199191      -6.048849921798335E-007
  0.147617912878207      -6.048842573184138E-007
  0.147617255060678      -6.042904236405423E-007
  0.147616599922265      -6.029671539580016E-007
  0.147615947664513      -6.008289351611833E-007
  0.147615298499582      -5.978458095781710E-007
  0.147614652635366      -5.940444164594847E-007
  0.147614010261832      -5.895052642050637E-007
  0.147613371538697      -5.843564565290931E-007
  0.147612736584604      -5.787643966466615E-007
  0.147612105468477      -5.729222065018909E-007
  0.147611478204226      -5.670366883173361E-007
  0.147610854749765      -5.613146644755785E-007
  0.147610235010405      -5.559495242311457E-007
  0.147609618845779      -5.511088124131057E-007
  0.147609006079097      -5.469236812665421E-007
  0.147608396507930      -5.434809300128339E-007
  0.147607789916231      -5.408181503564307E-007
  0.147607186087454      -5.389222195868258E-007
  0.147606584818165      -5.377311154133324E-007
  0.147605985930865      -5.371388247390225E-007
  0.147605389284574      -5.370029802050534E-007
  0.147604794782195      -5.371547355917730E-007
  0.147604202374514      -5.374102485612599E-007
  0.147603612061234      -5.375829929051270E-007
  0.147603023889422      -5.374960312865981E-007
  0.147602437949315      -5.369933943327806E-007
  0.147601854367257      -5.359498312498660E-007
  0.147601273295851      -5.342783685958713E-007
  0.147600694902113      -5.319352775298447E-007
  0.147600119354953      -5.289221874209378E-007
  0.147599546813258      -5.252852227325873E-007
  0.147598977415335      -5.211112196154869E-007
  0.147598411269921      -5.165212994529263E-007
  0.147597848448847      -5.116622943327806E-007
  0.147597288981762      -5.066966738718837E-007
  0.147596732853588      -5.017916841885783E-007
  0.147596180005322      -4.971084006158018E-007
  0.147595630338173      -4.927913613211375E-007
  0.147595083720403      -4.889594161226069E-007
  0.147594539995887      -4.856983797311303E-007
  0.147593998993659      -4.830559815616698E-007
  0.147593460538018      -4.810394352729287E-007
  0.147592924459012      -4.796157329866869E-007
  0.147592390602804      -4.787145555496971E-007
  0.147591858841081      -4.782335250388871E-007
  0.147591329078461      -4.780454152925343E-007
  0.147590801257205      -4.780068508816411E-007
  0.147590275359087      -4.779679384078066E-007
  0.147589751404764      -4.777821909670689E-007
  0.147589229451008      -4.773160622138571E-007
  0.147588709585959      -4.764574372343212E-007
  0.147588191922388      -4.751225338346882E-007
  0.147587676589123      -4.732608177299683E-007
  0.147587163721246      -4.708576838106856E-007
  0.147586653450039      -4.679347839207551E-007
  0.147586145893672      -4.645480016477075E-007
  0.147585641149254      -4.607832125187799E-007
  0.147585139286486      -4.567501268089354E-007
  0.147584640342952      -4.525746658628492E-007
  0.147584144321258      -4.483904294504519E-007
  0.147583651188382      -4.443298489632406E-007
  0.147583160877580      -4.405155994688407E-007
  0.147582673292792      -4.370527946510684E-007
  0.147582188315036      -4.340224356865222E-007
  0.147581705810036      -4.314765240039896E-007
  0.147581225636386      -4.294351554445914E-007
  0.147580747653858      -4.278857759452768E-007
  0.147580271731602      -4.267846082448848E-007
  0.147579797755884      -4.260600925024214E-007
  0.147579325636789      -4.256180537206768E-007
  0.147578855313172      -4.253482241171793E-007
  0.147578386755389      -4.251316921970347E-007
  0.147577919965688      -4.248488028176395E-007
  0.147577454976552      -4.243869921558368E-007
  0.147576991847340      -4.236480301600530E-007
  0.147576530659483      -4.225541820834106E-007
  0.147576071510337      -4.210528959229229E-007
  0.147575614505898      -4.191197501539363E-007
  0.147575159752841      -4.167595260814188E-007
  0.147574707350618      -4.140053812778165E-007
  0.147574257384346      -4.109162017324884E-007
  0.147573809919009      -4.075723143005853E-007
  0.147573364995152      -4.040698531773898E-007
  0.147572922626110      -4.005141788493019E-007
  0.147572482796829      -3.970128178164098E-007
  0.147572045464456      -3.936684091916299E-007
  0.147571610560843      -3.905721146830993E-007
  0.147571177996890      -3.877978934980844E-007
  0.147570747668304      -3.853979824978970E-007
  0.147570319462175      -3.833998548603632E-007
  0.147569893263783      -3.818048471937254E-007
  0.147569468963270      -3.805885333311600E-007
  0.147569046461914      -3.797027919337159E-007
  0.147568625677771      -3.790793874354687E-007
  0.147568206550273      -3.786347849353998E-007
  0.147567789043337      -3.782758576599656E-007
  0.147567373146655      -3.779061111544757E-007
  0.147566958875110      -3.774320272383616E-007
  0.147566546266560      -3.767691193520632E-007
  0.147566135378314      -3.758472994100827E-007
  0.147565726282573      -3.746152008082819E-007
  0.147565319061018      -3.730431847045176E-007
  0.147564913798750      -3.711248645055342E-007
  0.147564510577957      -3.688770920486794E-007
  0.147564109471822      -3.663384447446041E-007
  0.147563710539235      -3.635663343626595E-007
  0.147563313820710      -3.606329352308873E-007
  0.147562919335634      -3.576202068634576E-007
  0.147562527080884      -3.546143544063805E-007
  0.147562137030771      -3.517001123329582E-007
  0.147561749138377      -3.489552399984032E-007
  0.147561363338309      -3.464455841975062E-007
  0.147560979550757      -3.442210080786027E-007
  0.147560597686529      -3.423124238154537E-007
  0.147560217652573      -3.407301009370804E-007
  0.147559839357520      -3.394633485823560E-007
  0.147559462716917      -3.384815808281456E-007
  0.147559087657922      -3.377366747572861E-007
  0.147558714123291      -3.371664351797927E-007
  0.147558342074383      -3.366989074905319E-007
  0.147557971492916      -3.362572367473504E-007
  0.147557602381252      -3.357647533266167E-007
  0.147557234761226      -3.351499616831797E-007
  0.147556868671691      -3.343511149342877E-007
  0.147556504165102      -3.333200791026864E-007
  0.147556141303384      -3.320252360291121E-007
  0.147555780153304      -3.304532450821694E-007
  0.147555420781535      -3.286095727839242E-007
  0.147555063249707      -3.265177883012155E-007
  0.147554707609820      -3.242177014005964E-007
  0.147554353900432      -3.217624829300462E-007
  0.147554002143898      -3.192149645233892E-007
  0.147553652344786      -3.166433645632701E-007
  0.147553304489446      -3.141167297760057E-007
  0.147552958546667      -3.117004036355498E-007
  0.147552614469409      -3.094518257695284E-007
  0.147552272197554      -3.074169316174210E-007
  0.147551931661565      -3.056273691595488E-007
  0.147551592786771      -3.040986904602907E-007
  0.147551255497900      -3.028296161273597E-007
  0.147550919723492      -3.018024075859001E-007
  0.147550585399909      -3.009843123379933E-007
  0.147550252474754      -3.003299720290596E-007
  0.147549920909574      -2.997846143102248E-007
  0.147549590681699      -2.992877975413343E-007
  0.147549261785018      -2.987774494779370E-007
  0.147548934229622      -2.981939348935523E-007
  0.147548608040299      -2.974838945566704E-007
  0.147548283254084      -2.966036142915202E-007
  0.147547959917100      -2.955217104204424E-007
  0.147547638080951      -2.942209610879316E-007
  0.147547317798855      -2.926991734260074E-007
  0.147546999121710      -2.909690484185181E-007
  0.147546682094300      -2.890570771868349E-007
  0.147546366751932      -2.870015639003001E-007
  0.147546053117778      -2.848499201181390E-007
  0.147545741201131      -2.826554137488795E-007
  0.147545430996654      -2.804735881561585E-007
  0.147545122484573      -2.783585903786533E-007
  0.147544815631757      -2.763596545101900E-007
  0.147544510393585      -2.745179734828113E-007
  0.147544206716551      -2.728641581279736E-007
  0.147543904541451      -2.714164342130332E-007
  0.147543603806954      -2.701796757975736E-007
  0.147543304453246      -2.691453203824573E-007
  0.147543006425464      -2.682921592146029E-007
  0.147542709676687      -2.675879415234814E-007
  0.147542414170352      -2.669916765977788E-007
  0.147542119881988      -2.664564686692911E-007
  0.147541826800200      -2.659326840419193E-007
  0.147541534926792      -2.653712347015173E-007
  0.147541244276008      -2.647267632654397E-007
  0.147540954872902      -2.639605290148941E-007
  0.147540666751026      -2.630428157911219E-007
  0.147540379949623      -2.619547126737641E-007
  0.147540094510563      -2.606891572276965E-007
  0.147539810475189      -2.592511827022678E-007
  0.147539527881240      -2.576573669895213E-007
  0.147539246760010      -2.559345379704318E-007
  0.147538967133957      -2.541178373390758E-007
  0.147538689014932      -2.522482813849358E-007
  0.147538412403185      -2.503699831542150E-007
  0.147538137287192      -2.485272188021433E-007
  0.147537863644241      -2.467615311125896E-007
  0.147537591441699      -2.451090615468368E-007
  0.147537320638876      -2.435982852118151E-007
  0.147537051189367      -2.422482909723108E-007
  0.147536783043771      -2.410677068794640E-007
  0.147536516152603      -2.400543250223722E-007
  0.147536250469158      -2.391954357927115E-007
  0.147535985952125      -2.384688386789358E-007
  0.147535722567755      -2.378444556431625E-007
  0.147535460291495      -2.372864337636692E-007
  0.147535199109009      -2.367555898292267E-007
  0.147534939016563      -2.362120276357163E-007
  0.147534680020730      -2.356177513193551E-007
  0.147534422137410      -2.349391048512617E-007
  0.147534165390217      -2.341488851038204E-007
  0.147533909808385      -2.332279994742369E-007
  0.147533655424347      -2.321665679638924E-007
  0.147533402271193      -2.309644047651458E-007
  0.147533150380159      -2.296308559802898E-007
  0.147532899778268      -2.281840150112615E-007
  0.147532650486261      -2.266493807549642E-007
  0.147532402516952      -2.250580590066293E-007
  0.147532155874134      -2.234446335025823E-007
  0.147531910552117      -2.218448492745433E-007
  0.147531666535937      -2.202932597334252E-007
  0.147531423802152      -2.188209902996593E-007
  0.147531182320171      -2.174537642903907E-007
  0.147530942053981      -2.162103180491736E-007
  0.147530702964207      -2.151013032203588E-007
  0.147530465010375      -2.141287379396126E-007
  0.147530228153226      -2.132860300116690E-007
  0.147529992356939      -2.125585585549165E-007
  0.147529757591053      -2.119247670690797E-007
  0.147529523831997      -2.113576899747328E-007
  0.147529291064120      -2.108268074029974E-007
  0.147529059280208      -2.103001008867648E-007
  0.147528828481470      -2.097461698677089E-007
  0.147528598676984      -2.091362677313122E-007
  0.147528369882641      -2.084461260347340E-007
  0.147528142119631      -2.076574537239271E-007
  0.147527915412604      -2.067590217218461E-007
  0.147527689787637      -2.057472696626077E-007
  0.147527465270178      -2.046264018981481E-007
  0.147527241883078      -2.034079736936195E-007
  0.147527019644835      -2.021100028932827E-007
  0.147526798568131      -2.007556750340053E-007
  0.147526578658754      -1.993717359686277E-007
  0.147526359914997      -1.979866830992112E-007
  0.147526142327570      -1.966288757311352E-007
  0.147525925880029      -1.953246872335207E-007
  0.147525710549679      -1.940968176245640E-007
  0.147525496308840      -1.929628747223850E-007
  0.147525283126411      -1.919343137438074E-007
  0.147525070969616      -1.910157990984275E-007
  0.147524859805848      -1.902050222118060E-007
  0.147524649604482      -1.894929769270980E-007
  0.147524440338546      -1.888646651858416E-007
  0.147524231986107      -1.883001794684530E-007
  0.147524024531291      -1.877760863243230E-007
  0.147523817964882      -1.872670167653371E-007
  0.147523612284478      -1.867473562863773E-007
  0.147523407494228      -1.861929205747431E-007
  0.147523203604150      -1.855825066690329E-007
  0.147523000629080      -1.848992202678103E-007
  0.147522798587313      -1.841314978197860E-007
  0.147522597499028      -1.832737637555012E-007
  0.147522397384621      -1.823266870250195E-007
  0.147522198263072      -1.812970260806511E-007
  0.147522000150449      -1.801970785207814E-007
  0.147521803058626      -1.790437775484007E-007
  0.147521606994290      -1.778575014677599E-007
  0.147521411958295      -1.766606805820305E-007
  0.147521217945397      -1.754762964993737E-007
  0.147521024944416      -1.743263731633781E-007
  0.147520832938786      -1.732305568948522E-007
  0.147520641907460      -1.722048755249264E-007
  0.147520451826082      -1.712607547346430E-007
  0.147520262668341      -1.704043527730266E-007
  0.147520074407423      -1.696362517196705E-007
  0.147519887017480      -1.689515193386592E-007
  0.147519700475022      -1.683401293042448E-007
  0.147519514760140      -1.677877052283979E-007
  0.147519329857471      -1.672765339668025E-007
  0.147519145756837      -1.667867785260815E-007
  0.147518962453525      -1.662978088068083E-007
  0.147518779948216      -1.657895614525456E-007
  0.147518598246569      -1.652438385662953E-007
  0.147518417358505      -1.646454607764955E-007
  0.147518237297217      -1.639832015730587E-007
  0.147518058077985      -1.632504467177659E-007
  0.147517879716862      -1.624455415995340E-007
  0.147517702229333      -1.615718100095673E-007
  0.147517525629049      -1.606372481458498E-007
  0.147517349926716      -1.596539189102862E-007
  0.147517175129190      -1.586370905765151E-007
  0.147517001238842      -1.576041811953007E-007
  0.147516828253216      -1.565735820565757E-007
  0.147516656165004      -1.555634395700182E-007
  0.147516484962349      -1.545904756421219E-007
  0.147516314629444      -1.536689218016704E-007
  0.147516145147392      -1.528096340693364E-007
  0.147515976495241      -1.520194430754003E-007
  0.147515808651133      -1.513007784921085E-007
  0.147515641593480      -1.506515881976032E-007
  0.147515475302113      -1.500655518887767E-007
  0.147515309759328      -1.495325695231014E-007
  0.147515144950749      -1.490394868636617E-007
  0.147514980865974      -1.485710064913878E-007
  0.147514817498926      -1.481107222130638E-007
  0.147514654847926      -1.476422079533681E-007
  0.147514492915469      -1.471500891967453E-007
  0.147514331707744      -1.466210269372954E-007
  0.147514171233932      -1.460445508642571E-007
  0.147514011505316      -1.454136896101583E-007
  0.147513852534271      -1.447253611864316E-007
  0.147513694333193      -1.439805030650498E-007
  0.147513536913444      -1.431839383657120E-007
  0.147513380284392      -1.423439914688137E-007
  0.147513224452606      -1.414718818334503E-007
  0.147513069421250      -1.405809389888961E-007
  0.147512915189707      -1.396856935529265E-007
  0.147512761753453      -1.388009062070845E-007
  0.147512609104182      -1.379405997548180E-007
  0.147512457230185      -1.371171570783654E-007
  0.147512306116948      -1.363405421457220E-007
  0.147512155747929      -1.356176922782764E-007
  0.147512006105449      -1.349521181151067E-007
  0.147511857171643      -1.343437342893518E-007
  0.147511708929396      -1.337889283021287E-007
  0.147511561363217      -1.332808587304792E-007
  0.147511414460004      -1.328099589164909E-007
  0.147511268209637      -1.323646090002331E-007
  0.147511122605372      -1.319319293757029E-007
  0.147510977644002      -1.314986419326478E-007
  0.147510833325777      -1.310519422943847E-007
  0.147510689654110      -1.305803260479089E-007
  0.147510546635075      -1.300743156228405E-007
  0.147510404276759      -1.295270417500301E-007
  0.147510262588486      -1.289346437883170E-007
  0.147510121579975      -1.282964663873679E-007
  0.147509981260487      -1.276150436057384E-007
  0.147509841638012      -1.268958758713041E-007
  0.147509702718558      -1.261470175909541E-007
  0.147509564505589      -1.253785055516059E-007
  0.147509426999644      -1.246016676093394E-007
  0.147509290198147      -1.238283593555454E-007
  0.147509154095426      -1.230701798791226E-007
  0.147509018682927      -1.223377188044822E-007
  0.147508883949618      -1.216398829357305E-007
  0.147508749882553      -1.209833447699018E-007
  0.147508616467553      -1.203721463726352E-007
  0.147508483689951      -1.198074815066713E-007
  0.147508351535367      -1.192876673916333E-007
  0.147508219990426      -1.188083049466343E-007
  0.147508089043424      -1.183626137946196E-007
  0.147507958684856      -1.179419166861666E-007
  0.147507828907806      -1.175362388569243E-007
  0.147507699708165      -1.171349808874815E-007
  0.147507571084650      -1.167276201512483E-007
  0.147507443038641      -1.163043948930770E-007
  0.147507315573853      -1.158569268206691E-007
  0.147507188695856      -1.153787424561134E-007
  0.147507062411488      -1.148656608217148E-007
  0.147506936728206      -1.143160242781570E-007
  0.147506811653398      -1.137307603710702E-007
  0.147506687193711      -1.131132741023171E-007
  0.147506563354444      -1.124691806006736E-007
  0.147506440139038      -1.118058988673204E-007
  0.147506317548699      -1.111321349382837E-007
  0.147506195582180      -1.104572901143906E-007
  0.147506074235727      -1.097908341201442E-007
  0.147505953503182      -1.091416850472273E-007
  0.147505833376243      -1.085176364909515E-007
  0.147505713844866      -1.079248687327871E-007
  0.147505594897766      -1.073675737910817E-007
  0.147505476523006      -1.068477169103927E-007
  0.147505358708604      -1.063649471445475E-007
  0.147505241443144      -1.059166606196096E-007
  0.147505124716331      -1.054982098607620E-007
  0.147505008519464      -1.051032428782504E-007
  0.147504892845797      -1.047241475259341E-007
  0.147504777690780      -1.043525700688889E-007
  0.147504663052138      -1.039799725469638E-007
  0.147504548929813      -1.035981920801063E-007
  0.147504435325752      -1.031999658386500E-007
  0.147504322243571      -1.027793880617095E-007
  0.147504209688123      -1.023322706228787E-007
  0.147504097664984      -1.018563849090467E-007
  0.147503986179919      -1.013515714882524E-007
  0.147503875238330      -1.008197125020114E-007
  0.147503764844747      -1.002645714699926E-007
  0.147503655002375      -9.969151345268757E-008
  0.147503545712750      -9.910712581931271E-008
  0.147503436975498      -9.851876617682470E-008
  0.147503328788234      -9.793406787845334E-008
  0.147503221146597      -9.736043621269439E-008
  0.147503114044401      -9.680456844830736E-008
  0.147503007473914      -9.627202886822523E-008
  0.147502901426224      -9.576690541708144E-008
  0.147502795891686      -9.529156890413142E-008
  0.147502690860405      -9.484654846689862E-008
  0.147502586322729      -9.443052914869296E-008
