   1.00000001348242       0.000000000000000E+000
  0.843260040258262      -1.938274415347703E-003
  0.449112816081082      -1.143062157367552E-002
 -1.984911553735651E-004 -2.521431806213198E-002
 -0.305731278557706      -3.151531545246367E-002
 -0.342582168137946      -2.167845728914685E-002
 -0.109795722578455       1.866710914366507E-004
  0.278235897392473       1.910211565010965E-002
  0.647834532795537       2.144857021153139E-002
  0.840962251054961       6.695089026057456E-003
  0.778436280839026      -1.185581444929191E-002
  0.489618116905659      -1.800216811483646E-002
  9.954066116482162E-002 -5.736824749753292E-003
 -0.222084529583812       1.655457537577603E-002
 -0.332256270679934       3.371480854894916E-002
 -0.178481263245183       3.599792539774610E-002
  0.174139966077452       2.534700663240077E-002
  0.568704963797076       1.137395501744135E-002
  0.826977863037239       1.957732036885880E-003
  0.832430362560620      -2.561551456093691E-003
  0.584938246148787      -6.970275509999600E-003
  0.199515043443868      -1.405614434789504E-002
 -0.149697811866842      -2.043532504915653E-002
 -0.311123550049404      -1.959461271818571E-002
 -0.222867530059714      -9.058089359574459E-003
  6.473888807015930E-002  5.595294762077809E-003
  0.417390388746501       1.425755893923811E-002
  0.678825000411659       1.063023344897326E-002
  0.737651765461251      -2.021558755095855E-003
  0.571917356775885      -1.299535455510296E-002
  0.255727682169078      -1.254785243445887E-002
 -7.296784209408412E-002  4.873567758950061E-004
 -0.270570178161435       1.809565505381558E-002
 -0.249359372171863       2.959107101486385E-002
 -1.690929567048121E-002  2.946366500105292E-002
  0.325089338595928       2.022334226104189E-002
  0.624623605279993       8.735815315990917E-003
  0.747781895109089       1.450453518925268E-004
  0.640349315782324      -5.106164853065515E-003
  0.352725356841006      -9.238994862281200E-003
  1.570263329058820E-002 -1.304714710643385E-002
 -0.220928940275802      -1.429773350239755E-002
 -0.256834904214595      -1.024932431335050E-002
 -8.429831903718218E-002 -1.548185058077654E-003
  0.212317117501667       6.776323681918125E-003
  0.497669363507401       8.773873721094824E-003
  0.646242187258382       2.696418579962885E-003
  0.595638409202319      -6.861571031911010E-003
  0.370891428567742      -1.202336727972657E-002
  7.161723456169181E-002 -7.589248048931489E-003
 -0.171387474753695       4.954575596420199E-003
 -0.252112165895012       1.857320711571693E-002
 -0.135048989745441       2.585085104560827E-002
  0.128724375939372       2.391143543962948E-002
  0.423046626767897       1.541624370982453E-002
  0.617682727811939       5.525954166701996E-003
  0.626748657401370      -2.055945822986699E-003
  0.447715545820276      -6.663240745717152E-003
  0.162305568594090      -9.241936965301338E-003
 -0.101473797894981      -1.009808307465504E-002
 -0.228110605624374      -8.376872939215704E-003
 -0.166324750539078      -3.680123759144968E-003
  4.994099037814546E-002  2.178375729757881E-003
  0.319536134151730       5.554984861048334E-003
  0.521072053277917       3.665279516006286E-003
  0.566603933172838      -2.680243750449655E-003
  0.438551785716427      -8.938441194340216E-003
  0.195187649265129      -9.825306435994713E-003
 -5.612393331496591E-002 -3.230204697355661E-003
 -0.205754366380814       8.059709541251452E-003
 -0.188955380099193       1.819685911984259E-002
 -1.368575932008448E-002  2.218608990129300E-002
  0.242782114684361       1.885992655359825E-002
  0.467537509927996       1.090207261621626E-002
  0.561847763814005       2.402053563511945E-003
  0.485170577734261      -3.792894104207569E-003
  0.273237349065148      -6.984501688380236E-003
  2.155149591176153E-002 -7.706285867299945E-003
 -0.158247623160867      -6.462035436840581E-003
 -0.188850993502856      -3.508571149438154E-003
 -6.122052920102512E-002  3.601893752597590E-004
  0.163117863852442       3.296785538012916E-003
  0.381417818250767       3.202297387151156E-003
  0.496310227603944      -5.284179369370412E-004
  0.458350888142404      -5.891625754282589E-003
  0.286217370926854      -9.094369766092123E-003
  5.687733082149245E-002 -7.023802683836838E-003
 -0.128934749654406       4.248475927091635E-004
 -0.190617771069978       1.000150515124569E-002
 -0.102307612257927       1.707467999060816E-002
  9.632965647629824E-002  1.847746978151908E-002
  0.317666871420790       1.419157275685183E-002
  0.464614326453407       6.863230204843761E-003
  0.473405337030523      -1.653607870939856E-004
  0.341733629563876      -4.694180680517264E-003
  0.129455897708148      -6.225440079170675E-003
 -6.864604074189841E-002 -5.357139019626215E-003
 -0.165674235253941      -2.978640433752739E-003
 -0.121375646138843      -2.496044605190056E-005
  4.075261222813599E-002  2.336397489485136E-003
  0.245335974344315       2.785091398444337E-003
  0.399851509704693       5.735664560429127E-004
  0.435978347341727      -3.576152811937056E-003
  0.339059551127089      -7.353151093964841E-003
  0.153227995251632      -7.993314239203037E-003
 -3.914917940179941E-002 -4.080271187921176E-003
 -0.154035535878481       3.285602929022029E-003
 -0.142234537553037       1.091065081903151E-002
 -1.027833729485282E-002  1.532573685199307E-002
  0.183000161043977       1.476263431966701E-002
  0.352550427497646       9.976193349465642E-003
  0.424501903787956       3.504811886876104E-003
  0.368551397617091      -1.927075499063179E-003
  0.211028314327588      -4.717829888604576E-003
  2.275328318926950E-002 -4.726077171991273E-003
 -0.112899699462320      -2.799988403145503E-003
 -0.137300445388290      -1.386976575461339E-004
 -4.233366824876434E-002  2.067417819960258E-003
  0.126856635872358       2.787731839051657E-003
  0.292986175547037       1.415013998732811E-003
  0.381611218327975      -1.790918413618608E-003
  0.354016338652701      -5.452238452292951E-003
  0.223516844156702      -7.481803210428275E-003
  4.852004804286419E-002 -6.170229207367855E-003
 -9.393140026728987E-002 -1.336146541436007E-003
 -0.142122624128499       5.302300544887540E-003
 -7.630123820729634E-002  1.092101056566559E-002
  7.332680590418461E-002  1.311366197808801E-002
  0.240384664966101       1.117443736111667E-002
  0.351693975696021       6.344584150890216E-003
  0.359363630659053       9.630446780574318E-004
  0.261564466596732      -2.829786808583724E-003
  0.102873113025534      -4.019094047694377E-003
 -4.592886407972110E-002 -2.868951199218567E-003
 -0.119540869764605      -4.740546190433427E-004
 -8.707976603257654E-002  1.839490461473649E-003
  3.468709162087304E-002  2.955184386172449E-003
  0.189563759862001       2.239896713497083E-003
  0.307583117355660      -2.396293208103947E-004
  0.336301400767372      -3.590478036385181E-003
  0.263681148096359      -6.266139361363081E-003
  0.122639335283530      -6.677957873789393E-003
 -2.427113107749158E-002 -4.052372623126528E-003
 -0.112829442525290       9.726184483404119E-004
 -0.105267104316740       6.483620732298418E-003
 -6.330093613366074E-003  1.019719769869887E-002
  0.139434973966829       1.063806744458482E-002
  0.267680637751093       7.878757316604966E-003
  0.322633691258657       3.409635675296460E-003
  0.281405184920806      -7.259720900332822E-004
  0.163637409428687      -2.964779757852247E-003
  2.234228321177565E-002 -2.845798482721973E-003
 -7.991338799593721E-002 -9.948188429828261E-004
 -9.882091154523001E-002  1.351776307769646E-003
 -2.773111113580093E-002  2.934722924424699E-003
  9.993087054615452E-002  2.921168836542793E-003
  0.226112586214032       1.153160344940688E-003
  0.294289524433383      -1.784893464908584E-003
  0.274494616043512      -4.704178720747965E-003
  0.176127464133143      -6.209841002105619E-003
  4.313422093263049E-002 -5.307501504154060E-003
 -6.592481436640651E-002 -1.966793641515548E-003
 -0.103829945461514       2.708368119036811E-003
 -5.519601421260720E-002  6.900179435937710E-003
  5.731636268338401E-002  8.933657980178599E-003
  0.183502095145756       8.108657279410375E-003
  0.267972038854090       5.025877181837220E-003
  0.274460316108597       1.226396903629691E-003
  0.201446240192732      -1.621292232556634E-003
  8.234521095794992E-002 -2.510869345869348E-003
 -2.967145940775688E-002 -1.462812998890253E-003
 -8.540231128334209E-002  6.399358622263992E-004
 -6.131775303062401E-002  2.558839529273984E-003
  3.036913670433936E-002  3.254828710437169E-003
  0.147615491006868       2.275311549350619E-003
  0.237619866096798      -1.048170197232653E-004
  0.260384733969042      -2.982646908398859E-003
  0.206230632607052      -5.140545586916098E-003
  9.960252801675253E-002 -5.515807496834492E-003
 -1.225490356472526E-002 -3.685562674126118E-003
 -8.045826993678794E-002 -1.440598384242027E-004
 -7.598041685924715E-002  3.822483651219849E-003
 -2.049865264218619E-003  6.675144285952520E-003
  0.107790725876168       7.338666758457527E-003
  0.204854442719511       5.717306921363056E-003
  0.246861142747341       2.719976517887148E-003
  0.216359443007897      -2.193046348748765E-004
  0.128006899466885      -1.853380244101122E-003
  2.165650157120021E-002 -1.682905690638464E-003
 -5.555267596701437E-002 -1.031318595673951E-004
 -7.009484919503438E-002  1.876921371599131E-003
 -1.668664980185932E-002  3.146564344169077E-003
  7.976037743583639E-002  2.979077405930623E-003
  0.175583604749916       1.307882825862723E-003
  0.227964940854078      -1.268500608923519E-003
  0.213872369929590      -3.722651411456226E-003
  0.139959634999828      -4.994091132859536E-003
  3.918900581870168E-002 -4.423171279246145E-003
 -4.409848257186305E-002 -2.064325443769354E-003
 -7.387047585577754E-002  1.275964816368710E-003
 -3.809704613622517E-002  4.341072857843860E-003
  4.636470448663042E-002  5.966537955850806E-003
  0.141636142390776       5.613422933204844E-003
  0.205761693112146       3.616282051085251E-003
  0.211164386493637       1.005932329382876E-003
  0.156511007339293      -1.003626545420598E-003
  6.688581358208841E-002 -1.593624079132382E-003
 -1.764480768228470E-002 -6.913597318014715E-004
 -5.990441453862293E-002  1.058748488475289E-003
 -4.196868462956067E-002  2.650402918171847E-003
  2.718232287840027E-002  3.196442609497213E-003
  0.115999893604981       2.312449923833333E-003
  0.184625815594722       2.607878381255874E-004
  0.202634552501221      -2.171306607766741E-003
  0.162354799078847      -3.992747661110967E-003
  8.193915663489820E-002 -4.407983134390260E-003
 -3.015399574630687E-003 -3.151838708861918E-003
 -5.540714275161155E-002 -6.267599672294747E-004
 -5.297140545417495E-002  2.233959804817332E-003
  2.176105049599343E-003  4.346255601803284E-003
  8.486779403814408E-002  4.946304138322677E-003
  0.158308762818081       3.932989376824283E-003
  0.190412148694002       1.905852312630006E-003
  0.167802106273840      -1.300346041899146E-004
  0.101382567171242      -1.247286138350010E-003
  2.115641209947890E-002 -1.024828536107977E-003
 -3.727662181489468E-002  2.852126182983908E-004
 -4.849451699250883E-002  1.916108690595193E-003
 -8.325773069223569E-003  2.970813174138263E-003
  6.460143133595592E-002  2.837447423914516E-003
  0.137397436098930       1.452000096211170E-003
  0.177635548547443      -6.866013536186491E-004
  0.167672306746891      -2.733692803214884E-003
  0.112237958771653      -3.849188544325519E-003
  3.603939447120341E-002 -3.543185466942532E-003
 -2.741416654943020E-002 -1.884668221688598E-003
 -5.069224576152008E-002  5.131250935819897E-004
 -2.441016018911816E-002  2.736684974634322E-003
  3.893782406402339E-002  3.955326042804723E-003
  0.110825930334941       3.780404503885573E-003
  0.159489809856350       2.432800939897463E-003
  0.163929989697946       6.314054988909184E-004
  0.122958748453340      -7.502839499714071E-004
  5.539812892082668E-002 -1.094465466076406E-003
 -8.522112603512258E-003 -3.171241356753591E-004
 -4.065715893920200E-002  1.115350719393105E-003
 -2.732694667416326E-002  2.426884123375271E-003
  2.485203368395337E-002  2.903071731394156E-003
  9.216586528161912E-002  2.216257123298272E-003
  0.144503310801284       5.646825815547716E-004
  0.158735018642874      -1.420344588452126E-003
  0.128828205113767      -2.945930567106185E-003
  6.827548386695842E-002 -3.389095123680618E-003
  3.875982044904301E-003 -2.554603269010484E-003
 -3.625749481755618E-002 -7.575590064989575E-004
 -3.508640126736424E-002  1.304088976478613E-003
  6.036241728558093E-003  2.839673426008385E-003
  6.825828562915119E-002  3.300417576187183E-003
  0.123801606327911       2.612870370718872E-003
  0.148318109790677       1.202091107577860E-003
  0.131535219912028      -2.116273566645009E-004
  8.154087741608992E-002 -9.505824294643185E-004
  2.092622790608332E-002 -6.926356608262518E-004
 -2.339298668113652E-002  3.887111998784775E-004
 -3.210612123671783E-002  1.719387333608672E-003
 -1.914058103762826E-003  2.602671471343179E-003
  5.323953110242310E-002  2.544098901401248E-003
  0.108556075462306       1.474105813045783E-003
  0.139469627016182      -2.246423824011184E-004
  0.132480078524045      -1.886653137263522E-003
  9.095630850088961E-002 -2.848535100919379E-003
  3.341946036346342E-002 -2.726695380052242E-003
 -1.482791187652680E-002 -1.574467114042633E-003
 -3.293625075648006E-002  1.433002551929371E-004
 -1.361063755029093E-002  1.746948962134710E-003
  3.389706222622228E-002  2.629081331660768E-003
  8.812520476611030E-002  2.510893359929330E-003
  0.125040502862250       1.555321754298803E-003
  0.128650349425183       2.839276224166322E-004
  9.790590379540781E-002 -6.675310750500022E-004
  4.691986152479204E-002 -8.435017277034490E-004
 -1.491384917321720E-003 -1.761391569353535E-004
 -2.599793725935548E-002  9.902435377838498E-004
 -1.613956709752610E-002  2.066198346770220E-003
  2.321623653835432E-002  2.493739303641618E-003
  7.423406377142308E-002  2.002534067494400E-003
  0.114153105759211       7.308831520502020E-004
  0.125389326119607      -8.367941503517062E-004
  0.103215615105781      -2.081323364889569E-003
  5.766776179145064E-002 -2.512834452216809E-003
  8.917929801309517E-003 -1.974489270382117E-003
 -2.174988196902696E-002 -7.026789715724430E-004
 -2.131911778904876E-002  7.783195854067916E-004
  9.363902258006408E-003  1.881201299069014E-003
  5.618452957268405E-002  2.204642239487418E-003
  9.818458868244066E-002  1.699933116709803E-003
  0.116895689151564       6.822499356384069E-004
  0.104426415277207      -3.194617022635603E-004
  6.676452781417822E-002 -8.073679734966928E-004
  2.091705942734929E-002 -5.431273785394322E-004
 -1.275697997979638E-002  3.450949861510011E-004
 -1.957348040396237E-002  1.425541960294001E-003
  3.083807190079036E-003  2.164703169092058E-003
  4.477994175316240E-002  2.173125081926378E-003
  8.681004506155802E-002  1.382478683567312E-003
  0.110557164079413       7.619435583939125E-005
  0.105694157254812      -1.235484543023626E-003
  7.461786244664839E-002 -2.036474137601100E-003
  3.121509864741253E-002 -2.023572876616662E-003
 -5.414128592868165E-003 -1.229871408455014E-003
 -1.943646078869806E-002 -3.322282013342626E-006
 -5.198803506440071E-003  1.147179734317838E-003
  3.044633380578661E-002  1.770858870387582E-003
  7.135714623497934E-002  1.665257702134311E-003
  9.935723106198004E-002  9.559579230550618E-004
  0.102270422043914       3.145762264303817E-005
  7.918588883300257E-002 -6.378599626349495E-004
  4.067938243141632E-002 -7.156518082107837E-004
  3.972230365756845E-003 -1.528334764718543E-004
 -1.476257942616050E-002  7.914580959931981E-004
 -7.516736251731354E-003  1.670001702098807E-003
  2.213899529163175E-002  2.052635154964259E-003
  6.079112108064878E-002  1.722059437243248E-003
  9.123103148253477E-002  7.720878330999952E-004
  0.100088439121418      -4.335505873198662E-004
  8.366577801476856E-002 -1.420256226157240E-003
  4.942937271188088E-002 -1.806754679837358E-003
  1.256312244643312E-002 -1.464807181697560E-003
 -1.082518382886557E-002 -5.671441059215515E-004
 -1.080272574237091E-002  4.938622430046631E-004
  1.211601144982285E-002  1.279041776265473E-003
  4.736237252470295E-002  1.491143529842679E-003
  7.912715919892642E-002  1.098173975899379E-003
  9.340597322997007E-002  3.387987105376066E-004
  8.413860853683686E-002 -3.915087800571882E-004
  5.575301309679767E-002 -7.225741194551979E-004
  2.104962232414943E-002 -4.784011770861960E-004
 -4.570213582956876E-003  2.430255765722458E-004
 -9.934322473078131E-003  1.114739764666403E-003
  7.035153419745095E-003  1.729584261572919E-003
  3.853448006520130E-002  1.784699565526722E-003
  7.045539343673754E-002  1.218143242068232E-003
  8.868757064685745E-002  2.370474794173717E-004
  8.533158852411289E-002 -7.733362247789014E-004
  6.208765810737465E-002 -1.417113163460749E-003
  2.936878833120263E-002 -1.456678938198757E-003
  1.591382206307936E-003 -9.097278875441981E-004
 -9.226315643374377E-003 -3.435373848021531E-005
  1.286723302788484E-003  7.884545391989706E-004
  2.805231491068749E-002  1.221933042961596E-003
  5.892937734237182E-002  1.117249190439016E-003
  8.017319900482921E-002  5.720937307407891E-004
  8.251560548581889E-002 -1.200388828497622E-004
  6.517833199445805E-002 -6.063461248698159E-004
  3.608386960729561E-002 -6.359140819993093E-004
  8.229523205432293E-003 -1.737131578030760E-004
 -6.119617733719995E-003  5.833967504711289E-004
 -8.282370335795728E-004  1.295404935304077E-003
  2.149196104171566E-002  1.632195168427928E-003
  5.075643226415061E-002  1.421716495535642E-003
  7.395482544021852E-002  7.269748102380507E-004
  8.092062361379521E-002 -1.815942320975587E-004
  6.876503501440802E-002 -9.445039077890071E-004
  4.304239575737229E-002 -1.268528310053547E-003
  1.518193338314088E-002 -1.050196527340587E-003
 -2.628100887826942E-003 -4.144812592351031E-004
 -2.813240991248057E-003  3.459668175174722E-004
  1.432739203476985E-002  9.022399425744349E-004
  4.087802087847223E-002  1.032668463001859E-003
  6.491318265738517E-002  7.159016320431040E-004
  7.581470521901938E-002  1.340509807758721E-004
  6.893034653668466E-002 -4.139998959081531E-004
  4.753204319933773E-002 -6.498044841192781E-004
  2.125252063672874E-002 -4.418800863460608E-004
  1.742666544646227E-003  1.346049332481800E-004
 -2.495354237461484E-003  8.312160017215028E-004
  1.018890156736788E-002  1.337309510903180E-003
  3.396396635839487E-002  1.418690850929218E-003
  5.819089811756595E-002  1.021793440343182E-003
  7.217579024000093E-002  2.973266986242064E-004
  6.987714856693973E-002 -4.661291621603588E-004
  5.249623787435460E-002 -9.679166154846322E-004
  2.784122126243273E-002 -1.024135819051998E-003
  6.792884146996246E-003 -6.430846971956920E-004
 -1.528738410042586E-003 -1.562853884855120E-005
  6.250903544475378E-003  5.732506124848457E-004
  2.636672915166462E-002  8.713271789038078E-004
  4.968521165338509E-002  7.682918319398121E-004
  6.581261247708488E-002  3.399674066846633E-004
  6.769497794109815E-002 -1.905083278717274E-004
  5.467599595038194E-002 -5.561172793944664E-004
  3.268910838753919E-002 -5.675365104296216E-004
  1.154278300390380E-002 -1.988560050940580E-004
  5.388239424611042E-004  4.003178038496736E-004
  4.378927107254627E-003  9.712718754987789E-004
  2.115813409780068E-002  1.261092559522535E-003
  4.329775040020593E-002  1.134662656482430E-003
  6.096320880593790E-002  6.340532112481143E-004
  6.642507482130788E-002 -4.047220311741969E-005
  5.742914983154707E-002 -6.184756821520059E-004
  3.810668275501282E-002 -8.765879729770161E-004
  1.706060343220046E-002 -7.329970731046227E-004
  3.512541674033676E-003 -2.782875253933649E-004
  3.236151515357009E-003  2.694214213028322E-004
  1.607062043881816E-002  6.636724101956138E-004
  3.608544314446306E-002  7.385847716076780E-004
  5.428367626647700E-002  4.796191729268127E-004
  6.261440584320815E-002  2.596594333412957E-005
  5.750699329031060E-002 -3.952293568735890E-004
  4.137737036677529E-002 -5.727482306879897E-004
  2.147346627718814E-002 -4.069091504154077E-004
  6.608545903535143E-003  4.532581529380709E-005
  3.253249321300808E-003  5.953107513688341E-004
  1.271735030621104E-002  1.006166837570990E-003
  3.064623814822309E-002  1.097331222794329E-003
  4.901938622590275E-002  8.237593039732184E-004
  5.973357195973037E-002  2.950040025463865E-004
  5.816959022994752E-002 -2.735785595850661E-004
  4.517242385038023E-002 -6.551037574806943E-004
  2.659682514457586E-002 -7.087684593678398E-004
  1.065486111734447E-002 -4.379227122267798E-004
  4.266258599636017E-003  1.603031509427515E-005
  1.003352348913568E-002  4.398279749441047E-004
  2.516436384424570E-002  6.442768775394423E-004
  4.278647038743912E-002  5.471772237909630E-004
  5.503929636378966E-002  2.070910013869904E-004
  5.655400363453028E-002 -2.059512463405347E-004
  4.678268118162503E-002 -4.888094491417393E-004
  3.016805628089240E-002 -4.973403555917429E-004
  1.411141647746153E-002 -2.113666391596070E-004
  5.666976622936643E-003  2.559511262288344E-004
  8.437905331249447E-003  7.079961887656311E-004
  2.103820431835406E-002  9.512976804599533E-004
  3.777452091187896E-002  8.803016069362465E-004
  5.121457158332827E-002  5.229347000693594E-004
  5.548312413117611E-002  2.730610953872449E-005
  4.882352455318234E-002 -4.038673144886144E-004
  3.430805512217901E-002 -6.015370382556322E-004
  1.841220740631853E-002 -5.021727722763288E-004
  8.112742678217384E-003 -1.719762520798430E-004
  7.809510764084130E-003  2.261923586834289E-004
  1.742908090881520E-002  5.074354256056528E-004
  3.252738009674312E-002  5.473006747039065E-004
  4.631584819715179E-002  3.356644728664630E-004
  5.268953850643004E-002 -2.116978030876812E-005
  4.890811833382002E-002 -3.501624123291330E-004
  3.675391081887395E-002 -4.902549607184028E-004
  2.167966983501821E-002 -3.649296650008335E-004
  1.035162722893755E-002 -1.661106210555050E-005
  7.694117421946580E-003  4.119010427031259E-004
  1.474500667379433E-002  7.402771350287998E-004
  2.825439870884727E-002  8.296651998472052E-004
  4.217736333257717E-002  6.429083676099717E-004
  5.037511879462432E-002  2.596856135691112E-004
  4.931727261592570E-002 -1.595271508484486E-004
  3.959539787968318E-002 -4.441358444172932E-004
  2.559947343865038E-002 -4.871783170933452E-004
  1.352736038250898E-002 -2.897260592457301E-004
  8.628909838841421E-003  4.299525791954564E-005
  1.290974331284366E-002  3.510897182266976E-004
  2.429888409908655E-002  4.923725481826978E-004
  3.762463482172455E-002  4.052953242091675E-004
  4.694151759521752E-002  1.348355620787889E-004
  4.816288638287957E-002 -1.894215394216082E-004
  4.083488651225267E-002 -4.125480206277716E-004
  2.828314431156679E-002 -4.241469700036686E-004
  1.609190184259619E-002 -2.078171728989159E-004
  9.610449858880004E-003  1.514081118046748E-004
  1.159974225562700E-002  5.044938234148510E-004
  2.105365385335805E-002  7.037637951196506E-004
  3.369650498078065E-002  6.671440201950206E-004
  4.391275129082503E-002  4.130702654397776E-004
  4.723774160124888E-002  5.109653122268568E-005
  4.230448294020408E-002 -2.670641120690614E-004
  3.139750682905084E-002 -4.139806028216556E-004
  1.939102294811493E-002 -3.409770323965099E-004
  1.156332676356367E-002 -9.693604014044229E-005
  1.126682878257270E-002  1.961500103703591E-004
  1.848188529479300E-002  3.992693167869882E-004
  2.987790956884045E-002  4.187767053745659E-004
  4.033203801567230E-002  2.474133302946553E-004
  4.521441722353305E-002 -3.379257086243097E-005
  4.242189497648319E-002 -2.929486359328747E-004
  3.326799862373683E-002 -4.069134636261758E-004
  2.185423931774893E-002 -3.164525972812791E-004
  1.322233985068621E-002 -5.262612738187460E-005
  1.111946321847348E-002  2.769103518710251E-004
  1.636651801892513E-002  5.352228521870376E-004
  2.653918097090532E-002  6.158551043347925E-004
  3.708252314054351E-002  4.886349092706883E-004
  4.334699364944647E-002  2.116095183022409E-004
  4.263549227798624E-002 -9.565398902849586E-005
  3.536007626943862E-002 -3.051087748355574E-004
  2.481247763544100E-002 -3.359074905729825E-004
  1.567045755979325E-002 -1.882286866993385E-004
  1.191683538194579E-002  5.921596723584230E-005
  1.509644294243092E-002  2.862104310181829E-004
  2.367348446890900E-002  3.856202249675493E-004
  3.375567630003807E-002  3.111072998672797E-004
  4.084557398782077E-002  9.699559012903188E-005
  4.183218298339950E-002 -1.580532058525485E-004
  3.634192435404270E-002 -3.357943392723984E-004
  2.686341245712167E-002 -3.514060289977431E-004
  1.760936429239322E-002 -1.912238292597711E-004
  1.263575437473997E-002  8.126606143041921E-005
  1.405769496796769E-002  3.534514358566355E-004
  2.114636143614392E-002  5.129189743490018E-004
  3.069152045899606E-002  4.961622429467203E-004
  3.845110289279312E-002  3.153161782836508E-004
  4.103325063814260E-002  5.150795423109040E-005
  3.737567395996035E-002 -1.817528546974642E-004
  2.917705594319484E-002 -2.886008938229093E-004
  2.010642340916945E-002 -2.320683504742862E-004
  1.415714167711862E-002 -4.859218034545029E-005
  1.388332052595798E-002  1.701196980719407E-004
  1.929706332308112E-002  3.192700017307794E-004
  2.790222058761443E-002  3.281440004828641E-004
  3.583261403299466E-002  1.913280909563808E-004
  3.957673628827583E-002 -2.958589464666319E-005
  3.752039876390682E-002 -2.341293531279448E-004
  3.063050724110711E-002 -3.280671249230741E-004
  2.199157491556496E-002 -2.653358588444813E-004
  1.541621254655261E-002 -6.833964998907485E-005
  1.375538837866000E-002  1.820831197269512E-004
  1.765712245723606E-002  3.822452207105530E-004
  2.531358193611723E-002  4.508013231472681E-004
  3.329317241845039E-002  3.635942980095921E-004
  3.807496990436585E-002  1.630311659534876E-004
  3.759930990129971E-002 -6.172967496878868E-005
  3.215156787427736E-002 -2.146169788392086E-004
  2.420008931281549E-002 -2.346854959169072E-004
  1.727548723372707E-002 -1.218447514906657E-004
  1.439934865100854E-002  6.475106722015279E-005
  1.676114706363039E-002  2.344520532833281E-004
  2.322230515972309E-002  3.062912110221030E-004
  3.085334224207237E-002  2.451623739897922E-004
  3.625194601326166E-002  7.706743696555659E-005
  3.704964842197607E-002 -1.230087466465737E-004
  3.294059955360997E-002 -2.648568430824007E-004
  2.578640734427237E-002 -2.832336242759560E-004
  1.876462718055205E-002 -1.666626920594477E-004
  1.495018287298360E-002  3.771068107285651E-005
  1.596293127411284E-002  2.450531174988843E-004
  2.127597980837645E-002  3.700403447196296E-004
  2.847947103396437E-002  3.637789164237179E-004
  3.436936339280861E-002  2.342713020343621E-004
  3.636939955953854E-002  4.170965505561701E-005
  3.365513454380704E-002 -1.289268565623567E-004
  2.748960697036375E-002 -2.055600849536306E-004
  2.063479407078435E-002 -1.602491139918166E-004
  1.611203297757889E-002 -2.034678062723321E-005
  1.586716461063361E-002  1.449848029764078E-004
  1.992972715289627E-002  2.565227474575109E-004
  2.642905744858137E-002  2.606616314594760E-004
  3.244729494410187E-002  1.531761331453425E-004
  3.532098433066781E-002 -1.927455545929513E-005
  3.381121944558025E-002 -1.802622072335865E-004
  2.862886275077790E-002 -2.576977545983307E-004
  2.209310999492068E-002 -2.157101845890823E-004
  1.708668873598529E-002 -7.026896258383318E-005
  1.577831498309367E-002  1.181239192296675E-004
  1.867849329712713E-002  2.711645721920854E-004
  2.443946792525269E-002  3.269041190971448E-004
  3.047626536898605E-002  2.662469213047227E-004
  3.412303174351159E-002  1.202943517762406E-004
  3.380744485497672E-002 -4.437166253660688E-005
  2.972581345867957E-002 -1.556320617194743E-004
  2.372915758071936E-002 -1.675819589676450E-004
  1.848239526924616E-002 -8.009144769504879E-005
  1.627793164246518E-002  6.222802466764887E-005
  1.803138961761787E-002  1.908435049617768E-004
  2.289904679863457E-002  2.443831976668215E-004
  2.867611112205762E-002  1.960760322842917E-004
  3.278867013045673E-002  6.546019912916326E-005
  3.343348342306649E-002 -9.060433601220991E-005
  3.036135571487763E-002 -2.033779746221609E-004
  2.496435812873741E-002 -2.226973693596771E-004
  1.963885315231802E-002 -1.389531684263918E-004
  1.671564706061916E-002  1.298011510516388E-005
  1.743487433691891E-002  1.693546755494442E-004
  2.141636812755572E-002  2.655787028416232E-004
  2.685131215517779E-002  2.641890552630373E-004
  3.131994968627618E-002  1.705044188223901E-004
  3.286586455070695E-002  2.929724342489396E-005
  3.084992851380815E-002 -9.573178479583582E-005
  2.621122631501242E-002 -1.503612224089352E-004
  2.102904300758346E-002 -1.135057645778215E-004
  1.758939617631387E-002 -5.785492707944292E-006
  1.737472044598100E-002  1.205159158003416E-004
  2.042284340652731E-002  2.053648159444444E-004
  2.533202893885338E-002  2.079758301386484E-004
  2.990015430518931E-002  1.249075552347875E-004
  3.210697254797650E-002 -8.626314249645242E-006
  3.100166991608146E-002 -1.345917539408697E-004
  2.710619719284702E-002 -1.979067818021745E-004
  2.216394942487019E-002 -1.706617286190942E-004
  1.835423705656952E-002 -6.414121262539217E-005
  1.732645632541123E-002  7.647901462174504E-005
  1.948197015389241E-002  1.921928655461489E-004
  2.381620845791348E-002  2.359649731295133E-004
  2.838210215619256E-002  1.928681032671312E-004
  3.116143299887420E-002  8.581794989691541E-005
  3.095426249497426E-002 -3.536634697700962E-005
  2.789451666229077E-002 -1.164808375469310E-004
  2.337034560984126E-002 -1.229284123345310E-004
  1.939334458197474E-002 -5.459225470892018E-005
  1.770277683819907E-002  5.481354540352974E-005
  1.900333158302355E-002  1.533764993756292E-004
  2.267013573591142E-002  1.944603370186184E-004
  2.704392651078604E-002  1.575268269369699E-004
  3.017751932530533E-002  5.713374293147832E-005
  3.069802329872965E-002 -6.371336311914141E-005
  2.840330617004211E-002 -1.527218479116513E-004
  2.433396554402323E-002 -1.713778107234537E-004
  2.029693031339188E-002 -1.117085548322506E-004
  1.805867679228782E-002  5.482887068395510E-007
  1.856827793078944E-002  1.175739175858612E-004
  2.155196627751932E-002  1.905760351607215E-004
  2.565215933419258E-002  1.909692813116964E-004
  2.904153400932036E-002  1.223361769939267E-004
  3.023458637833271E-002  1.807529424732316E-005
  2.873632820090302E-002 -7.398224287927458E-005
  2.524492555539707E-002 -1.129952313448515E-004
  2.132579345683064E-002 -8.303613057127202E-005
  1.870867309997945E-002  3.276083203641202E-007
  1.852297548914733E-002  9.751512837714431E-005
  2.080911510063996E-002  1.629529798264931E-004
  2.451692298429228E-002  1.655142523246378E-004
  2.798453192978333E-002  1.023064660305376E-004
  2.967961002472595E-002 -1.971775743351345E-007
  2.887254269820205E-002 -9.802131820793228E-005
  2.594608354892397E-002 -1.491506025275946E-004
  2.221052210785863E-002 -1.319209559093352E-004
  1.931314864228375E-002 -5.426349554944212E-005
  1.850813390613905E-002  5.013475566985094E-005
  2.011042257931761E-002  1.368775725908397E-004
  2.337134798824287E-002  1.703389572093265E-004
  2.682439152682465E-002  1.389567525309085E-004
  2.894174583850298E-002  5.969788222966726E-005
  2.880787224206707E-002 -3.007965009683996E-005
  2.651318749130886E-002 -8.957006541415844E-005
  2.309874214355670E-002 -9.265623183809033E-005
  2.008304468912601E-002 -3.922363897399789E-005
  1.878574216045472E-002  4.523030783481134E-005
  1.974910238504770E-002  1.213372165137218E-004
  2.251064117609423E-002  1.535927855359748E-004
  2.582177596296480E-002  1.261636862987231E-004
  2.820951925727228E-002  4.980784700761686E-005
  2.862868499184570E-002 -4.303290295628170E-005
  2.691600033545688E-002 -1.126533230288924E-004
  2.384908122147648E-002 -1.295441252559360E-004
  2.079019961076319E-002 -8.716844976206435E-005
  1.907792516707724E-002 -4.504744311525740E-006
  1.943831006497959E-002  8.261218120367087E-005
  2.167460195441451E-002  1.373801556779805E-004
  2.476792368483009E-002  1.380595142834890E-004
  2.733838986158346E-002  8.710420927652333E-005
  2.825816561930415E-002  9.500771444705236E-006
  2.714420303002873E-002 -5.876774015274975E-005
  2.451548307645691E-002 -8.688392071400180E-005
  2.155058514883563E-002 -6.278219354436777E-005
  1.955839159514427E-002  1.794169801087894E-006
  1.939937629646021E-002  7.686568712021940E-005
  2.111311812800900E-002  1.277993937703839E-004
  2.391301110874061E-002  1.307869879370516E-004
  2.654500215830505E-002  8.335534925363810E-005
  2.784690706868831E-002  5.333975469277636E-006
  2.725896570539352E-002 -7.002517076456587E-005
  2.506150736983127E-002 -1.107364839234377E-004
  2.223913597853410E-002 -1.000378955889351E-004
  2.003682963654782E-002 -4.349133415860146E-005
  1.940804386742796E-002  3.379297168845997E-005
  2.059946332059782E-002  9.843950122382892E-005
  2.305319508352230E-002  1.235093549907008E-004
  2.566468616198209E-002  1.001091007496062E-004
  2.727742082176621E-002  4.085859028255282E-005
  2.719297317095466E-002 -2.616737015971891E-005
  2.547156535494217E-002 -7.019319196129014E-005
  2.289393096885084E-002 -7.145863043384295E-005
  2.060639307213867E-002 -2.982970238852771E-005
  1.961025352920059E-002  3.541806754804242E-005
  2.032273591811698E-002  9.441708287780241E-005
  2.240179513734027E-002  1.201084763276670E-004
  2.490800518718466E-002  1.002452392776360E-004
  2.672718024259338E-002  4.271766509053599E-005
  2.706369593678363E-002 -2.806126049430015E-005
  2.578618770039933E-002 -8.200210550355045E-005
  2.347558759774775E-002 -9.654773064325152E-005
  2.115879772789172E-002 -6.640492570491586E-005
  1.984998908496881E-002 -5.574096063949098E-006
  2.010440074309777E-002  5.909750305694518E-005
  2.178093119724925E-002  9.987428061671320E-005
  2.411491577267453E-002  1.002603792317189E-004
  2.606436057187764E-002  6.196526346488151E-005
  2.677303272967314E-002  3.731594448271621E-006
  2.594470476562111E-002 -4.731999442944508E-005
  2.396507786691627E-002 -6.788946997423897E-005
  2.172149502885810E-002 -4.880047678350229E-005
  2.020440372248034E-002  1.110989439013616E-006
  2.006938705492697E-002  5.914411006031420E-005
  2.135326178138236E-002  9.897041642026894E-005
  2.346698110796778E-002  1.023564602987517E-004
  2.546432707564020E-002  6.717827465020728E-005
  2.646392906389672E-002  8.241556576870226E-006
  2.603645327321402E-002 -4.935974832503907E-005
  2.438696633125727E-002 -8.132398020663113E-005
  2.225522832735627E-002 -7.472808576324073E-005
  2.058204861418308E-002 -3.347559250535295E-005
  2.009213578535740E-002  2.370874574360845E-005
  2.097838669458897E-002  7.173960740952825E-005
  2.282510722469524E-002  9.026565018731186E-005
  2.480036905581122E-002  7.247835511427140E-005
  2.602873033925863E-002  2.779978736612853E-005
  2.597745611562765E-002 -2.263027369193400E-005
  2.468594326092113E-002 -5.555899609998318E-005
  2.273967317946475E-002 -5.599785188972722E-005
  2.100401422050390E-002 -2.377995936266315E-005
  2.023873236558483E-002  2.654113593421136E-005
  2.076479149232151E-002  7.231113442259303E-005
  2.232941859416142E-002  9.290036157041146E-005
  2.422589855162188E-002  7.881937918095102E-005
  2.561152843344463E-002  3.581823083791128E-005
  2.588073710595575E-002 -1.777066457905267E-005
  2.492822392581966E-002 -5.918589369864277E-005
  2.318788100358398E-002 -7.122523112356799E-005
  2.143371871554722E-002 -4.965307942130119E-005
  2.043402965968838E-002 -4.812413632514082E-006
  2.061328544456663E-002  4.317582818946548E-005
  2.187053210995520E-002  7.341311351073140E-005
  2.363189320114419E-002  7.339806241901285E-005
  2.511052491701089E-002  4.433744548466055E-005
  2.565641051319780E-002  3.205279285500052E-007
  2.504058835535373E-002 -3.817743603168489E-005
  2.354962421670155E-002 -5.350551690909265E-005
  2.185157847786648E-002 -3.865385683416623E-005
  2.069593967300997E-002 -2.463764339564547E-007
  2.058218207729134E-002  4.454265443061859E-005
  2.154340183682387E-002  7.570257248123547E-005
  2.313860543611012E-002  7.926430584697901E-005
  2.465392660312089E-002  5.341199070058076E-005
  2.542102883099814E-002  9.172207780154291E-006
  2.511071671726581E-002 -3.454949486992294E-005
  2.387282582545586E-002 -5.932346874055063E-005
  2.226309171213905E-002 -5.522148319350556E-005
  2.099239903747663E-002 -2.499225397214576E-005
  2.061149924408280E-002  1.738696755591626E-005
  2.127100273075127E-002  5.305569778141229E-005
  2.266119861602143E-002  6.664260853171393E-005
  2.415548865480899E-002  5.294866067307140E-005
  2.509119492650475E-002  1.902733662938556E-005
  2.506200022665062E-002 -1.917839751511384E-005
  2.409305066013974E-002 -4.407134616156405E-005
  2.262336800882786E-002 -4.425415132680330E-005
  2.130621697433907E-002 -1.952545812305988E-005
  2.071808908194158E-002  1.914647610597952E-005
  2.110585100159747E-002  5.459100239559309E-005
  2.228285266205829E-002  7.108423717325528E-005
  2.371752427626351E-002  6.127133492359999E-005
  2.477256427351400E-002  2.932165481534638E-005
  2.498712723222253E-002 -1.102110336260762E-005
  2.427709705589008E-002 -4.256516907847886E-005
  2.296647878265126E-002 -5.222042373021787E-005
  2.163862012289469E-002 -3.663323284012421E-005
  2.087548622273675E-002 -3.460815106337095E-006
  2.100148390473441E-002  3.220477371601625E-005
  2.194457525825181E-002  5.461151709106286E-005
  2.327407128031787E-002  5.428808778381254E-005
  2.439579448408328E-002  3.209227831020191E-005
  2.481628605160215E-002 -1.368737209690189E-006
  2.435865583134125E-002 -3.061600694168389E-005
  2.323573748632298E-002 -4.225488131196742E-005
  2.195047516170840E-002 -3.090766294540441E-005
  2.107001082590804E-002 -1.518523406110478E-006
  2.097486864718017E-002  3.293583916866322E-005
  2.169407893811010E-002  5.725690137417407E-005
  2.289757240103929E-002  6.074675929445891E-005
  2.404684213745541E-002  4.186812089944857E-005
  2.463515400184491E-002  8.818402622353759E-006
  2.441017950426601E-002 -2.417764414656560E-005
  2.348127346578831E-002 -4.316531354314840E-005
  2.226588687845535E-002 -4.054145515734773E-005
  2.130113045258199E-002 -1.825156438554305E-005
  2.100549762368769E-002  1.325629103033859E-005
  2.149642542862777E-002  3.979154531906046E-005
  2.254319091746598E-002  4.974002869678529E-005
  2.367384378642807E-002  3.913435941675957E-005
  2.438675783263401E-002  1.326260352076124E-005
  2.437205372042885E-002 -1.583830381717485E-005
  2.364522416177984E-002 -3.483415568832972E-005
  2.253542903204716E-002 -3.503944355603803E-005
  2.153579881805889E-002 -1.622575282559580E-005
  2.108374904166944E-002  1.335819509602736E-005
  2.136911230727307E-002  4.071161507036334E-005
  2.225417615027542E-002  5.385858806766385E-005
  2.333916929418163E-002  4.710371843027191E-005
  2.414217975781190E-002  2.345976169776826E-005
  2.431255787102774E-002 -6.781240401374007E-006
  2.378332523736543E-002 -3.064952322412926E-005
  2.279638976164445E-002 -3.820226573694337E-005
  2.179137494105375E-002 -2.680770619174109E-005
  2.120907100293385E-002 -2.148654118216886E-006
  2.129734677738529E-002  2.444242243931550E-005
  2.200495538347449E-002  4.108414949870710E-005
  2.300867322634863E-002  4.059741877421766E-005
  2.385980853203855E-002  2.359128377943784E-005
  2.418375552533473E-002 -1.942038652667238E-006
  2.384390684130595E-002 -2.428980816037918E-005
  2.299826784590834E-002 -3.327336781872747E-005
  2.202544959025252E-002 -2.475214297401872E-005
  2.135459569694373E-002 -2.399902224743018E-006
  2.127558918742074E-002  2.399264649561421E-005
  2.181342497927878E-002  4.289315698242594E-005
  2.272111645649461E-002  4.611659318009636E-005
  2.359248621236317E-002  3.237741395530241E-005
  2.404337404990301E-002  7.763661494892042E-006
  2.388043714256956E-002 -1.703112229141675E-005
  2.318339480790873E-002 -3.145320578875325E-005
  2.226580150802999E-002 -2.969545126889457E-005
  2.153345014491618E-002 -1.314313971224223E-005
  2.130430184111101E-002  1.038147201522778E-005
  2.166981977019571E-002  3.019111662003120E-005
  2.245814823775655E-002  3.750347122417420E-005
  2.331381625575835E-002  2.928844034793953E-005
  2.385710651398807E-002  9.511655628620981E-006
  2.385170019534887E-002 -1.273356831383269E-005
  2.330663707445446E-002 -2.733435576913300E-005
  2.246867070218807E-002 -2.766054478713727E-005
  2.171003026462782E-002 -1.346867276202215E-005
  2.136259031920813E-002  9.051200944716684E-006
  2.157228724828330E-002  3.006732821459076E-005
  2.223759691980022E-002  4.046781769230893E-005
  2.305791002575406E-002  3.584980874167439E-005
  2.366885527306562E-002  1.838622093582865E-005
  2.380367381052971E-002 -4.220215295286179E-006
  2.340918984588762E-002 -2.219252733272255E-005
  2.266599078288508E-002 -2.798897587207574E-005
  2.190537178841317E-002 -1.955883455458338E-005
  2.146117455472211E-002 -1.130001570641674E-006
  2.152274766795540E-002  1.877776290551107E-005
  2.205376508985440E-002  3.119409416788932E-005
  2.281166120112253E-002  3.067168546308396E-005
  2.345760615973341E-002  1.763877699675901E-005
  2.370722248354594E-002 -1.881692276308041E-006
  2.345504988837750E-002 -1.902237143082789E-005
  2.281833410092988E-002 -2.604120890644661E-005
  2.208206406460482E-002 -1.974149111572172E-005
  2.157094526428682E-002 -2.841227408280964E-006
  2.150578990413374E-002  1.728364179327642E-005
  2.190780544879030E-002  3.189237390306353E-005
  2.259221622644744E-002  3.473063452859310E-005
  2.325268908535832E-002  2.473721603153953E-005
  2.359802258926591E-002  6.432365671104513E-006
  2.348012162525246E-002 -1.214854550311375E-005
  2.295703301395182E-002 -2.303020077984807E-005
  2.226426069552562E-002 -2.178612439930850E-005
  2.170837377058741E-002 -9.408482493774847E-006
  2.153093072580676E-002  8.237329481488380E-006
  2.180309269599785E-002  2.309389860125312E-005
  2.239687454543636E-002  2.851327835204320E-005
  2.304453970491665E-002  2.217676395345534E-005
  2.345865260469298E-002  7.056054831497109E-006
  2.345900170992462E-002 -9.978436674528863E-006
  2.305038877242516E-002 -2.125332503829147E-005
  2.241776057951744E-002 -2.170167457404496E-005
  2.184206654265525E-002 -1.107780990338683E-005
  2.157508819661661E-002  5.982449894772029E-006
  2.172898213642128E-002  2.205295883064680E-005
  2.222896193205151E-002  3.020908208634014E-005
  2.284901176049174E-002  2.705458659889883E-005
  2.331365938465030E-002  1.415604948797429E-005
  2.341999916430905E-002 -2.722250064593208E-006
  2.312592608979200E-002 -1.621304477321887E-005
  2.256623408477918E-002 -2.060110366292941E-005
  2.199057576476215E-002 -1.429673900395098E-005
  2.165178209732103E-002 -4.523214310793054E-007
  2.169447237374504E-002  1.451942239958239E-005
  2.209300547797054E-002  2.383886730129397E-005
  2.266535532823257E-002  2.336706532243961E-005
  2.315565603089550E-002  1.339951605440504E-005
  2.334802859068158E-002 -1.526635770953610E-006
  2.316108622347608E-002 -1.469750302540900E-005
  2.268178498731305E-002 -2.022147690768545E-005
  2.212462034384069E-002 -1.562640175476708E-005
  2.173525905956011E-002 -2.915436829122341E-006
  2.168188070642982E-002  1.236230153609169E-005
  2.198226661496662E-002  2.358939048660112E-005
  2.249821029081435E-002  2.599370425488315E-005
  2.299870153758593E-002  1.871001980947541E-005
  2.326302755917032E-002  5.095731356141609E-006
  2.317778892543828E-002 -8.811536680822661E-006
  2.278519945254859E-002 -1.698732586105715E-005
  2.226213382755918E-002 -1.606204306176057E-005
  2.184019337076434E-002 -6.749664376631068E-006
  2.170288066584702E-002  6.545790277563810E-006
  2.190551167262480E-002  1.774336593036329E-005
  2.235279367704492E-002  2.180499766546713E-005
  2.284307563509994E-002  1.695187188025213E-005
  2.315877889430829E-002  5.407444604553613E-006
  2.316248589629327E-002 -7.638798842132558E-006
  2.285628141141107E-002 -1.636396804481118E-005
  2.237876174958041E-002 -1.689360951296486E-005
  2.194196325034283E-002 -8.991016330390654E-006
  2.173688772503347E-002  3.877965627243051E-006
  2.184970235602446E-002  1.611046366018762E-005
  2.222535922278927E-002  2.245027917028370E-005
  2.269394484918666E-002  2.028384783847408E-005
  2.304721466707847E-002  1.074156497352343E-005
  2.313085499997454E-002 -1.861597271172627E-006
  2.291160687504217E-002 -1.197440113481076E-005
  2.249007088168904E-002 -1.526776941233409E-005
  2.205437251488553E-002 -1.051360726033684E-005
  2.179598432500896E-002 -6.639475507812809E-008
  2.182534655962049E-002  1.124211570475072E-005
  2.212445025846667E-002  1.828287202404436E-005
  2.255670922569344E-002  1.790635497350300E-005
  2.292891111170645E-002  1.031067051954520E-005
  2.307717989849667E-002 -1.089054843796932E-006
  2.293872883004544E-002 -1.121060549815097E-005
  2.257801487874470E-002 -1.557018650748286E-005
  2.215645914376673E-002 -1.225469024879697E-005
  2.185991428267278E-002 -2.735741042863237E-006
  2.181645573660835E-002  8.816747707449338E-006
  2.204084611565296E-002  1.739804432692512E-005
  2.242972986308440E-002  1.937221324240670E-005
  2.280891302035334E-002  1.404168204338954E-005
  2.301112498207815E-002  3.902211891195059E-006
  2.294955998675578E-002 -6.508456054432671E-006
  2.265487639439720E-002 -1.263971487856036E-005
  2.225991064926954E-002 -1.192824397117604E-005
  2.193962555693747E-002 -4.889299419786073E-006
  2.183341383067347E-002  5.166896308656559E-006
  2.198424044832568E-002  1.364692527374342E-005
  2.232117270449227E-002  1.672855051424321E-005
  2.269233929944665E-002  1.304348660790671E-005
  2.293304445487677E-002  4.251891241503091E-006
  2.293850980549451E-002 -5.728671847881919E-006
  2.270913713127645E-002 -1.248055335760178E-005
  2.234876912566449E-002 -1.304100619306814E-005
  2.201741847823134E-002 -7.190606273902175E-006
  2.185996588059566E-002  2.482961665468691E-006
  2.194258823302865E-002  1.175640350941020E-005
  2.222479729553802E-002  1.664425881880030E-005
  2.257886792707108E-002  1.513988441348935E-005
  2.284738835182213E-002  8.060377146283571E-006
  2.291301577876754E-002 -1.362259175369065E-006
  2.274953529707855E-002 -8.944160130190530E-006
  2.243201854041157E-002 -1.140639626193747E-005
  2.210222467605264E-002 -7.801950894162735E-006
  2.190515527877314E-002  1.086576766458477E-007
  2.192513898737505E-002  8.681984905986463E-006
  2.214960203830151E-002  1.403433738957217E-005
  2.247606428060318E-002  1.376571133601035E-005
  2.275862973111819E-002  8.003476065169283E-006
  2.287290290680483E-002 -6.845643642383540E-007
  2.277046364611320E-002 -8.453183387289311E-006
  2.249906506680067E-002 -1.189089101888987E-005
  2.218017287366301E-002 -9.517505139180861E-006
  2.195437709723271E-002 -2.411570131833780E-006
  2.191919831092327E-002  6.296168275589517E-006
  2.208679175872470E-002  1.282391221226546E-005
  2.237987701845257E-002  1.440502023215559E-005
  2.266711146739472E-002  1.048248490557011E-005
  2.282173700760260E-002  2.913649057896139E-006
  2.277732340652896E-002 -4.889355578546964E-006
  2.255610391173572E-002 -9.488376496638310E-006
  2.225783750945121E-002 -8.933654528299597E-006
  2.201469752462363E-002 -3.597227001206244E-006
  2.193256542050201E-002  4.031106673098829E-006
  2.204478926554285E-002  1.047919110421900E-005
  2.229858491686829E-002  1.284446719023656E-005
  2.257957847612994E-002  1.007184570474128E-005
  2.276310809546377E-002  3.397967410139842E-006
  2.276928901854861E-002 -4.222051841372027E-006
  2.259753362544508E-002 -9.438232137799345E-006
  2.232563129577810E-002 -9.985851728223713E-006
  2.207432447643159E-002 -5.667954796442820E-006
  2.195349878584167E-002  1.585181175496261E-006
  2.201396017100123E-002  8.592395824092260E-006
  2.222595170155604E-002  1.233446187536335E-005
  2.249346903184501E-002  1.127387771290450E-005
  2.269753217228223E-002  6.002609507299965E-006
  2.274892211318682E-002 -1.056625475819359E-006
  2.262701577278673E-002 -6.749132866613599E-006
  2.238782639528628E-002 -8.590724052684295E-006
  2.213817238397288E-002 -5.851504335074599E-006
  2.198786078900281E-002  1.514770945237228E-007
  2.200127524831653E-002  6.669401059965038E-006
  2.216969879305764E-002  1.075959997432577E-005
  2.241624945685248E-002  1.059103265525665E-005
  2.263076511357315E-002  6.240639373653778E-006
  2.271882399219542E-002 -3.632057104053815E-007
  2.264309924867652E-002 -6.313058039677398E-006
  2.243894937199147E-002 -9.014615490123891E-006
  2.219776449206510E-002 -7.323661444030039E-006
  2.202588624155479E-002 -2.029414586797816E-006
  2.199755880255645E-002  4.518936079396582E-006
  2.212272025804091E-002  9.465542548556686E-006
  2.234359529757031E-002  1.070750153923363E-005
  2.256115678635144E-002  7.803559335998225E-006
  2.267935380326402E-002  2.137661828349749E-006
  2.264736161361844E-002 -3.722861241424565E-006
  2.248127715812276E-002 -7.179212318669408E-006
  2.225601515727042E-002 -6.747829078697996E-006
  2.207142257159846E-002 -2.696797218505361E-006
  2.200792298902545E-002  3.100574650570143E-006
  2.209138332609789E-002  8.018511298877261E-006
  2.228253761624688E-002  9.851267708221401E-006
  2.249525703584583E-002  7.783654467602713E-006
  2.263518669755990E-002  2.734610867675277E-006
  2.264142733378826E-002 -3.068651002650655E-006
  2.251285902542885E-002 -7.087338949614901E-006
  2.230774406317954E-002 -7.591479800653393E-006
  2.211718447573722E-002 -4.408967512347458E-006
  2.202451544735362E-002  1.021001946347830E-006
  2.206872818798736E-002  6.303337723741332E-006
  2.222796952097124E-002  9.152326468701710E-006
  2.243008277800647E-002  8.391910700114102E-006
  2.258514124648359E-002  4.451951363006818E-006
  2.262531607188897E-002 -8.499614101267431E-007
  2.253441096789057E-002 -5.133817523769086E-006
  2.235421253059128E-002 -6.516613966629418E-006
  2.216520861313865E-002 -4.435531711369448E-006
  2.205055235841764E-002  1.242313893830587E-007
  2.205939467598380E-002  5.088309675635520E-006
  2.218574372082274E-002  8.226090412684806E-006
  2.237192887638152E-002  8.139374756206115E-006
  2.253477431312940E-002  4.870090896047233E-006
  2.260261413394808E-002 -1.353426375512525E-007
  2.254668456626026E-002 -4.680123125026655E-006
  2.239315217298444E-002 -6.792698972176195E-006
  2.221077122820902E-002 -5.589750213149310E-006
  2.207997141715229E-002 -1.648331141907004E-006
  2.205726788328550E-002  3.269313625817048E-006
  2.215073698120869E-002  7.007467501412927E-006
  2.231719132642173E-002  7.969022516724863E-006
  2.248197178463724E-002  5.806583572914725E-006
  2.257230000113356E-002  1.552586067266459E-006
  2.254929934638144E-002 -2.860001530204709E-006
  2.242460258483267E-002 -5.465737580854667E-006
  2.225446435427190E-002 -5.135058418648516E-006
  2.211430995340431E-002 -2.060269563089895E-006
  2.206522378186613E-002  2.349200354939641E-006
  2.212725768274277E-002  6.107228838023929E-006
  2.227121228088614E-002  7.536838589808240E-006
  2.243223367330583E-002  6.007346489538885E-006
  2.253890995590884E-002  2.200050779996239E-006
  2.254482064510631E-002 -2.207869480667065E-006
  2.244860763590495E-002 -5.293683765902133E-006
  2.229390058963069E-002 -5.737042089701181E-006
  2.214943182070637E-002 -3.390871270540254E-006
  2.207839515079039E-002  6.718794790591835E-007
  2.211070406319212E-002  4.648335329127205E-006
  2.223032249283963E-002  6.808835976766361E-006
  2.238302079530171E-002  6.254929941165414E-006
  2.250083393302719E-002  3.299383534078805E-006
  2.253219940446720E-002 -6.931182295660603E-007
  2.246441691280489E-002 -3.925954742553369E-006
  2.232865417798462E-002 -4.970937165480488E-006
  2.218555700487692E-002 -3.393594499065096E-006
  2.209809287592109E-002  6.954860490379306E-008
  2.210378011800976E-002  3.853116469448711E-006
  2.219854267495568E-002  6.265922531296319E-006
  2.233912661952133E-002  6.239714148094470E-006
  2.246273562316226E-002  3.792949490883098E-006
  2.251497941147030E-002  9.340318477380181E-009
  2.247370185298714E-002 -3.452427980641640E-006
  2.235825658874788E-002 -5.095157476779930E-006
  2.222036359983056E-002 -4.238023642843997E-006
  2.212084982730304E-002 -1.302909009659986E-006
  2.210272887436617E-002  2.388262713954639E-006
  2.217252996403070E-002  5.208577438414110E-006
  2.229797443026555E-002  5.945699809235303E-006
  2.242277698101085E-002  4.327371820946639E-006
  2.249179568595428E-002  1.124577048754878E-006
  2.247529904540391E-002 -2.206426742666709E-006
  2.238167626518267E-002 -4.178330020416674E-006
  2.225316700501534E-002 -3.930402860374336E-006
  2.214674670098794E-002 -1.599640948872925E-006
  2.210880902375839E-002  1.753868655989009E-006
  2.215488895934846E-002  4.627852259327913E-006
  2.226328115599630E-002  5.747093462070820E-006
  2.238515560839657E-002  4.623327095938795E-006
  2.246646814153245E-002  1.760651826755220E-006
  2.247183927266378E-002 -1.578923419419546E-006
  2.239985567103247E-002 -3.940206861154723E-006
  2.228318423689445E-002 -4.316420159271291E-006
  2.217367652612076E-002 -2.584178153134649E-006
  2.211924871482375E-002  4.564390264483120E-007
  2.214284232605108E-002  3.448342316714113E-006
  2.223269970967915E-002  5.082914506343649E-006
  2.234806653718618E-002  4.674345864392170E-006
  2.243757780992218E-002  2.450504788583221E-006
  2.246203940188559E-002 -5.632909789679840E-007
  2.241150603248858E-002 -3.010060087937172E-006
  2.230922029639623E-002 -3.805871272101042E-006
  2.220087560603835E-002 -2.614857128967846E-006
  2.213415243765730E-002  1.289998416357918E-008
  2.213768659922337E-002  2.896387947853763E-006
  2.220874078581702E-002  4.753421487845897E-006
  2.231487844668294E-002  4.767670926476101E-006
  2.240869271085139E-002  2.942580159830253E-006
  2.244890783597494E-002  8.934767732380722E-008
  2.241846450149128E-002 -2.540441446314035E-006
  2.233166954000758E-002 -3.810626197066210E-006
  2.222742559489121E-002 -3.197328135388664E-006
  2.215173132157862E-002 -1.009113447500241E-006
  2.213731996870085E-002  1.762205898071169E-006
  2.218944615667167E-002  3.888800325911576E-006
  2.228398761483552E-002  4.450637927599705E-006
  2.237851250428768E-002  3.235003095499986E-006
  2.243124320528710E-002  8.180626658200351E-007
  2.241944610973270E-002 -1.702495258072421E-006
  2.234915712931839E-002 -3.200565460771097E-006
  2.225209004817657E-002 -3.019717567536789E-006
  2.217128201550615E-002 -1.256657964477453E-006
  2.214196735450845E-002  1.291696985266103E-006
  2.217617482745892E-002  3.489268902284188E-006
  2.225777606497518E-002  4.366386880869548E-006
  2.235000908417214E-002  3.545026866065128E-006
  2.241197635139699E-002  1.397566413164804E-006
  2.241671699824678E-002 -1.126991220248153E-006
  2.236287065886616E-002 -2.927963909986920E-006
  2.227489249271939E-002 -3.238369896135566E-006
  2.219189664771508E-002 -1.956246852210413E-006
  2.215021219665276E-002  3.215353720087626E-007
  2.216742814082764E-002  2.573277920924020E-006
  2.223493139813125E-002  3.808916373653336E-006
  2.232209613884267E-002  3.505173984141758E-006
  2.239010415344470E-002  1.828137141813986E-006
  2.240916484738938E-002 -4.514723468641749E-007
  2.237149997208476E-002 -2.308257118249602E-006
  2.229443821681099E-002 -2.919068151788685E-006
  2.221240545463543E-002 -2.023892421927230E-006
  2.216150510628562E-002 -3.306286286539875E-008
  2.216359094434835E-002  2.162732544811679E-006
  2.221685451851528E-002  3.591582450575462E-006
  2.229697485243388E-002  3.629732501663879E-006
  2.236816562012937E-002  2.271637193820955E-006
  2.239910612595507E-002  1.240746902217854E-007
  2.237666687196913E-002 -1.869048642966928E-006
  2.231141821248922E-002 -2.846099364882459E-006
  2.223261956814259E-002 -2.404602112848219E-006
  2.217505394340692E-002 -7.704117495775503E-007
  2.216362820917132E-002  1.312086133774069E-006
  2.220255455068777E-002  2.916108788011425E-006
  2.227380849859639E-002  3.343462417538090E-006
  2.234540300117995E-002  2.428257175986941E-006
  2.238568693373471E-002  6.012519255410688E-007
  2.237728030012795E-002 -1.309826957897919E-006
  2.232451442552429E-002 -2.451971139487351E-006
  2.225119804158218E-002 -2.324173780008733E-006
  2.218983847565402E-002 -9.939370964995646E-007
  2.216719341878608E-002  9.400522136212082E-007
  2.219257155135843E-002  2.618925274221976E-006
  2.225399330506520E-002  3.305513155586619E-006
  2.232378465587683E-002  2.707283860676330E-006
  2.237099890391878E-002  1.098978061907708E-006
  2.237509347429429E-002 -8.061152555153841E-007
  2.233481975884395E-002 -2.175868131092655E-006
  2.226848292161530E-002 -2.426451906588803E-006
  2.220558693309025E-002 -1.474626669096119E-006
  2.217367374150490E-002  2.340826971060180E-007
  2.218622469620871E-002  1.930264359674119E-006
  2.223693630369890E-002  2.864748340233377E-006
  2.230279530076697E-002  2.638301738210466E-006
  2.235446637527714E-002  1.371909960486630E-006
  2.236930773750260E-002 -3.549147130808995E-007
  2.234124287202230E-002 -1.767072448778995E-006
  2.228318811100627E-002 -2.239146211672213E-006
  2.222107875457743E-002 -1.569600993608857E-006
  2.218225089915937E-002 -6.411274286616176E-008
  2.218338050019876E-002  1.605902807377915E-006
  2.222329807401766E-002  2.703958958214422E-006
  2.228377033086985E-002  2.753608573406012E-006
  2.233778496461621E-002  1.744467570918810E-006
  2.236157740502400E-002  1.301904470032813E-007
  2.234504687624839E-002 -1.377634295752430E-006
  2.229599884646212E-002 -2.125909940124082E-006
  2.223643832089600E-002 -1.805860523188837E-006
  2.219266585813999E-002 -5.829441730044099E-007
  2.218363108716875E-002  9.839238159884984E-007
  2.221269891212812E-002  2.195016225976685E-006
  2.226640314884375E-002  2.520401052831604E-006
  2.232063134345110E-002  1.830818052136663E-006
  2.235140516706020E-002  4.483458834225808E-007
  2.234543951568678E-002 -1.002714454045399E-006
  2.230583331132845E-002 -1.876008928186549E-006
  2.225045886174129E-002 -1.788919058587931E-006
  2.220386879219344E-002 -7.879354223363687E-007
  2.218638215903388E-002  6.774949325571855E-007
  2.220519866455071E-002  1.958333197787711E-006
  2.225142389360697E-002  2.494365579052049E-006
  2.230422696270413E-002  2.059416353340917E-006
  2.234019252192439E-002  8.560279289638117E-007
  2.234367057954928E-002 -5.798424516300732E-007
  2.231355121862225E-002 -1.619324644484443E-006
  2.226353443230323E-002 -1.818300256914532E-006
  2.221587403242930E-002 -1.109465071756891E-006
  2.219144886994028E-002  1.744263989962134E-007
  2.220058913714993E-002  1.453755722213729E-006
  2.223868641346259E-002  2.161489859875865E-006
  2.228844879568509E-002  1.992979225732041E-006
  2.232770798012158E-002  1.036214374090315E-006
  2.233925651315778E-002 -2.730258995059347E-007
  2.231835227402743E-002 -1.348724595107792E-006
  2.227462018492549E-002 -1.715531195526850E-006
  2.222759776847114E-002 -1.217102659729608E-006
  2.219798177486750E-002 -8.084441277555448E-008
  2.219849547277505E-002  1.187376491967883E-006
  2.222840439649184E-002  2.029689470662326E-006
  2.227404107204761E-002  2.082349433407918E-006
  2.231501744622014E-002  1.332878990539662E-006
  2.233330371952769E-002  1.203658727399252E-007
  2.232113231251529E-002 -1.018871741669774E-006
  2.228426381459207E-002 -1.589994120376338E-006
  2.223924635590608E-002 -1.356379854690082E-006
  2.220596566517390E-002 -4.393378807073433E-007
  2.219883752453866E-002  7.412955680374154E-007
  2.222054182017165E-002  1.657058806324666E-006
  2.226101944945672E-002  1.905617444556004E-006
  2.230209467507635E-002  1.386270391717456E-006
  2.232560261383021E-002  3.397873088964717E-007
  2.232138974929776E-002 -7.629265481078092E-007
  2.229166586487679E-002 -1.432012438690963E-006
  2.224984556118472E-002 -1.375142615852354E-006
  2.221447230718869E-002 -6.238350869768472E-007
  2.220097474332294E-002  4.847352218857443E-007
  2.221491834300471E-002  1.460307549175334E-006
  2.224970197119571E-002  1.877331508954811E-006
  2.228964705368776E-002  1.561133644011735E-006
  2.231703794577521E-002  6.609684828446751E-007
  2.231995365038159E-002 -4.205099596687358E-007
  2.229743000367712E-002 -1.208149310045567E-006
  2.225971909701245E-002 -1.364274117469553E-006
  2.222360541239145E-002 -8.348682266452376E-007
  2.220491574918435E-002  1.314038989885112E-007
  2.221156372926893E-002  1.097747891542569E-006
  2.224018401114381E-002  1.634854546909347E-006
  2.227778450663237E-002  1.510168162664982E-006
  2.230761348973381E-002  7.875184851950746E-007
  2.231659431047707E-002 -2.054300995804003E-007
  2.230102983317732E-002 -1.025588718539057E-006
  2.226809029361528E-002 -1.311594289071732E-006
  2.223249262422893E-002 -9.421097646143667E-007
  2.220990588632127E-002 -8.609932363853028E-008
  2.221003623325133E-002  8.754885863575696E-007
  2.223244161001874E-002  1.520256770953716E-006
  2.226687841224580E-002  1.570668311295570E-006
  2.229795939594190E-002  1.013876332899623E-006
  2.231200678838612E-002  1.033218600696389E-007
  2.230304958781353E-002 -7.568213157602872E-007
  2.227533678051989E-002 -1.191713596573693E-006
  2.224131207290267E-002 -1.020181534200324E-006
  2.221601030653004E-002 -3.312148505946449E-007
  2.221039716154451E-002  5.596982205516587E-007
  2.222660121360803E-002  1.253316548292520E-006
  2.225710968154573E-002  1.444075865306553E-006
  2.228822245225161E-002  1.053505531221001E-006
  2.230617918671992E-002  2.615115872785336E-007
  2.230322090041752E-002 -5.767285429627633E-007
  2.228091741948364E-002 -1.089939502268206E-006
  2.224933632614622E-002 -1.054731178615666E-006
  2.222248182759622E-002 -4.920740207287718E-007
  2.221206828509038E-002  3.452425844112292E-007
  2.222239554965977E-002  1.087047779188536E-006
  2.224856645772658E-002  1.410233710386024E-006
  2.227878131150584E-002  1.180070567364094E-006
  2.229963764331410E-002  5.065328227058354E-007
  2.230205615324959E-002 -3.078751101748975E-007
  2.228521369711023E-002 -9.041812929382088E-007
  2.225678124772063E-002 -1.025722643619966E-006
  2.222941760573681E-002 -6.293888380256415E-007
  2.221511932528354E-002  9.891463678450308E-008
  2.221994737314227E-002  8.299199103319863E-007
  2.224144723291680E-002  1.238488448869124E-006
  2.226985814397813E-002  1.147021552804932E-006
  2.229252195291150E-002  6.016637402083542E-007
  2.229950179525105E-002 -1.512716060951459E-007
  2.228791790998772E-002 -7.767827122183927E-007
  2.226311031877377E-002 -1.000147378657363E-006
  2.223616395710696E-002 -7.271967716651574E-007
  2.221894080686698E-002 -8.333517377349953E-008
  2.221884431033164E-002  6.446871189574675E-007
  2.223562582819168E-002  1.137176444745097E-006
  2.226160890028547E-002  1.182504177774167E-006
  2.228518121443102E-002  7.684610109628905E-007
  2.229596736181193E-002  8.449372582732152E-008
  2.228937909494187E-002 -5.648076926783441E-007
  2.226854856475580E-002 -8.955353120840542E-007
  2.224283251485642E-002 -7.690495473643812E-007
  2.222359775206412E-002 -2.506441640976352E-007
  2.221918485001811E-002  4.225314553139546E-007
  2.223128042844114E-002  9.487734446565738E-007
  2.225427448501621E-002  1.095931943596618E-006
  2.227784093807045E-002  8.028341981384355E-007
  2.229155644725067E-002  2.038228643050241E-007
  2.228949271921328E-002 -4.332585081028416E-007
  2.227276020374852E-002 -8.270289006080804E-007
  2.224891367608086E-002 -8.067778847485030E-007
  2.222852859948537E-002 -3.861425386207199E-007
  2.222049851550008E-002  2.454533947608803E-007
  2.222814368495429E-002  8.086164764859357E-007
  2.224783253469409E-002  1.058129257763734E-006
  2.227068527405906E-002  8.902021851541217E-007
  2.228656311848658E-002  3.858760171344085E-007
  2.228855195866011E-002 -2.275616668096553E-007
  2.227595848195225E-002 -6.789106644989014E-007
  2.225452165219363E-002 -7.731145798439578E-007
  2.223378829577096E-002 -4.759063677663356E-007
  2.222285123050239E-002  7.368904300118871E-008
  2.222635149008496E-002  6.273973408362451E-007
  2.224250130358878E-002  9.389044751668300E-007
  2.226396814130418E-002  8.725230806761362E-007
  2.228118748773141E-002  4.614738770240783E-007
  2.228660887899914E-002 -1.091473934650887E-007
  2.227799119674656E-002 -5.860979387460042E-007
  2.225931022274120E-002 -7.605410946661830E-007
  2.223891460939984E-002 -5.594216384969502E-007
  2.222578368762255E-002 -7.573076653176038E-008
  2.222556366602805E-002  4.747651079121049E-007
  2.223813118950604E-002  8.501901548250769E-007
  2.225773430847437E-002  8.892679775747215E-007
  2.227561005454544E-002  5.809502909798291E-007
  2.228388864891935E-002  6.687784518507080E-008
  2.227904562777623E-002 -4.233858516123807E-007
  2.226338839810805E-002 -6.748058833614385E-007
  2.224395211654100E-002 -5.813246116310590E-007
  2.222933010655788E-002 -1.908378647827057E-007
  2.222586575928237E-002  3.183540879390484E-007
  2.223489261486167E-002  7.182037881560837E-007
  2.225222234859745E-002  8.322831115988636E-007
  2.227007237245332E-002  6.128857547694771E-007
  2.228054746714474E-002  1.602552817554287E-007
  2.227911876471813E-002 -3.236754883067084E-007
  2.226656795324573E-002 -6.256874863144103E-007
  2.224856350899743E-002 -6.153490122627020E-007
  2.223309113420869E-002 -3.012733930694945E-007
  2.222690224913725E-002  1.746545038626311E-007
  2.223255935280681E-002  6.016209314736997E-007
  2.224737049094537E-002  7.935950302075625E-007
  2.226465370060029E-002  6.707161203632483E-007
  2.227673956659442E-002  2.927169621570447E-007
  2.227836346476796E-002 -1.695998426421498E-007
  2.226894771835261E-002 -5.113274830212649E-007
  2.225278531572292E-002 -5.842319189450815E-007
  2.223707584095612E-002 -3.611530975148971E-007
  2.222871089190709E-002  5.393123390402856E-008
  2.223124349764790E-002  4.737852881180647E-007
  2.224337345158234E-002  7.117682181582976E-007
  2.225959284648531E-002  6.641750182239635E-007
  2.227267505665113E-002  3.548084971802349E-007
  2.227688331116968E-002 -7.729523775908129E-008
  2.227047497538875E-002 -4.407408063707026E-007
  2.225640921768032E-002 -5.768059355512141E-007
  2.224097337700251E-002 -4.288549559505519E-007
  2.223096422676873E-002 -6.579712213610657E-008
  2.223068719585950E-002  3.500570741201914E-007
  2.224009780500287E-002  6.357606120797151E-007
  2.225488665430253E-002  6.684733260794043E-007
  2.226844132639351E-002  4.385197832711878E-007
  2.227479298724181E-002  5.182586786806439E-008
  2.227123522085652E-002 -3.185652774659808E-007
  2.225946670943319E-002 -5.097705457359330E-007
  2.224477672726353E-002 -4.406661162404804E-007
  2.223366158897425E-002 -1.463606483232668E-007
  2.223094536506232E-002  2.390780636908414E-007
  2.223768036609081E-002  5.432504227444705E-007
  2.225074031570685E-002  6.320435678269084E-007
  2.226425994936534E-002  4.682449701945684E-007
  2.227225929413532E-002  1.265945707830518E-007
  2.227127908924353E-002 -2.407116917165631E-007
  2.226186652883298E-002 -4.721407133883808E-007
  2.224827426409159E-002 -4.680658719911830E-007
  2.223653205135514E-002 -2.337159887442983E-007
  2.223176472303150E-002  1.246611249913517E-007
  2.223594895100361E-002  4.480332506296426E-007
  2.224709011412903E-002  5.953155986680860E-007
  2.226016042912360E-002  5.051227644313386E-007
  2.226935872556290E-002  2.214925571231437E-007
  2.227067680745793E-002 -1.271935356456054E-007
  2.226363758206559E-002 -3.860959013548768E-007
  2.225145194643988E-002 -4.425545181433920E-007
  2.223954911772265E-002 -2.750846445387104E-007
  2.223315210874031E-002  3.855281802847973E-008
  2.223498047306394E-002  3.571424580838543E-007
  2.224409013077395E-002  5.392390315520251E-007
  2.225634413845187E-002  5.055602114076853E-007
  2.226628257405076E-002  2.730714183308167E-007
  2.226954701604569E-002 -5.383404646172652E-008
  2.226478353790168E-002 -3.305410377195509E-007
  2.225419396503348E-002 -4.364470196936123E-007
  2.224251291759409E-002 -3.276860465614338E-007
  2.223488478611574E-002 -5.529808351571989E-008
  2.223459213094030E-002  2.586399361275657E-007
  2.224163813366428E-002  4.757821988092468E-007
  2.225279454279156E-002  5.026043455740653E-007
  2.226307197050629E-002  3.308261055233637E-007
  2.226794364908128E-002  3.968480733562491E-008
  2.226533198899738E-002 -2.403583098651270E-007
  2.225648663364146E-002 -3.859070678927248E-007
  2.224538398566315E-002 -3.349071522942688E-007
  2.223693488499483E-002 -1.130638600822122E-007
  2.223480770027506E-002  1.788155073811224E-007
  2.223983133568393E-002  4.103904687596085E-007
  2.224967276541862E-002  4.796990184142425E-007
  2.225991196595160E-002  3.577148577296519E-007
  2.226601985267886E-002  1.001190496190661E-007
  2.226535456937138E-002 -1.784146694832644E-007
  2.225829668476943E-002 -3.555414353189987E-007
  2.224803628610016E-002 -3.551938759887359E-007
  2.223912597780254E-002 -1.803640806847506E-007
  2.223545557336826E-002  8.939824229685962E-008
  2.223854910000780E-002  3.341403832503869E-007
  2.224692925816186E-002  4.468895764669380E-007
  2.225681317793661E-002  3.805015618495242E-007
  2.226381305197048E-002  1.674484408519133E-007
  2.226487758697760E-002 -9.575381025171339E-008
  2.225961564537867E-002 -2.920806011604429E-007
  2.225042843738510E-002 -3.358966136687845E-007
  2.224140995994372E-002 -2.102295724124231E-007
  2.223651844932463E-002  2.677867224438255E-008
  2.223783510473638E-002  2.686220465639862E-007
  2.224467563996631E-002  4.080994433571766E-007
  2.225393312968746E-002  3.845909293991410E-007
  2.226148266595790E-002  2.101202558609656E-007
  2.226401326321978E-002 -3.696274486997818E-008
  2.226047382145553E-002 -2.474185802431919E-007
  2.225250214109546E-002 -3.296365816065701E-007
  2.224366332484662E-002 -2.496770403695308E-007
  2.223785085374216E-002 -4.533362097225040E-008
  2.223756707241880E-002  1.915851191478586E-007
  2.224284215688858E-002  3.564751971392635E-007
  2.225125804623938E-002  3.781545888477573E-007
  2.225905018755987E-002  2.496542677362197E-007
  2.226278568668539E-002  3.026057005336150E-008
  2.226087014677559E-002 -1.816517801778924E-007
  2.225422216159016E-002 -2.925861230282998E-007
  2.224583093057463E-002 -2.550687993812054E-007
  2.223940861293537E-002 -8.789047853942742E-008
  2.223774453560680E-002  1.331586745974978E-007
  2.224149055088952E-002  3.095366718636924E-007
  2.224890600218858E-002  3.637203358789366E-007
  2.225666020319433E-002  2.730755548620729E-007
  2.226132313420134E-002  7.905436827518879E-008
  2.226087751519337E-002 -1.319667332875555E-007
  2.225558601794552E-002 -2.673485343910700E-007
  2.224784138359045E-002 -2.690369307048686E-007
  2.224108073025725E-002 -1.385792816679930E-007
  2.223825624191223E-002  6.446695856380793E-008
  2.224054240206517E-002  2.496314784215882E-007
  2.224684554161221E-002  3.358181002146205E-007
  2.225431963140352E-002  2.868435448485155E-007
  2.225964603860871E-002  1.266521548503345E-007
  2.226050216030676E-002 -7.218346524389836E-008
  2.225656931084352E-002 -2.212045907534796E-007
  2.224964291616515E-002 -2.553070585469492E-007
  2.224280997984029E-002 -1.610965745964052E-007
  2.223907008659672E-002  1.796892310977104E-008
  2.224001562201541E-002  2.015676518869224E-007
  2.224515155713306E-002  3.084528104806053E-007
  2.225214476174358E-002  2.922731974344693E-007
  2.225787908806744E-002  1.614989654093925E-007
  2.225983946348418E-002 -2.508815655337252E-008
  2.225721049721076E-002 -1.849918026025821E-007
  2.225121006454974E-002 -2.486449639788103E-007
  2.224452245062431E-002 -1.898167295475295E-007
  2.224009422135435E-002 -3.648814243439557E-008
  2.223983268776672E-002  1.422966026578913E-007
  2.224378161457790E-002  2.674509560584833E-007
  2.225013001128496E-002  2.848093732021244E-007
  2.225603760928138E-002  1.885783040333135E-007
  2.225890120884690E-002  2.312337360722157E-008
  2.225749757055182E-002 -1.373645850835285E-007
  2.225250137756348E-002 -2.220326119493698E-007
  2.224615955127648E-002 -1.945556080923058E-007
  2.224127803254301E-002 -6.864300361080484E-008
  2.223997758608637E-002  9.873418169709134E-008
  2.224277004819262E-002  2.330798457609450E-007
  2.224835702921939E-002  2.754537033894260E-007
  2.225422887273503E-002  2.082161215506278E-007
  2.225778807056052E-002  6.220658327118292E-008
  2.225749450565784E-002 -9.753010652889100E-008
  2.225352783244415E-002 -2.008653901915055E-007
  2.224768253779268E-002 -2.035122173037276E-007
  2.224255342493410E-002 -1.061112290981217E-007
  2.224038089013444E-002  4.674672509082919E-008
  2.224206963743810E-002  1.868277836251496E-007
  2.224681037600445E-002  2.526575170603646E-007
  2.225246203725285E-002  2.164782846498052E-007
  2.225651475045092E-002  9.594305770557910E-008
  2.225720075249110E-002 -5.437210280376882E-008
  2.225426176312480E-002 -1.675923065122956E-007
  2.224904003621239E-002 -1.942141041593429E-007
  2.224386315257984E-002 -1.236755543625361E-007
  2.224100410712787E-002  1.155475890150866E-008
  2.224168105343597E-002  1.509101742637620E-007
  2.224553662704689E-002  2.328190391655647E-007
  2.225081895236166E-002  2.218439956918906E-007
  2.225517407940507E-002  1.239135634361689E-007
  2.225669167878477E-002 -1.688513079093773E-008
  2.225473966909413E-002 -1.382657989757666E-007
  2.225022338037964E-002 -1.874160793981301E-007
  2.224516376480443E-002 -1.440845429295326E-007
  2.224179063999876E-002 -2.898613064496479E-008
  2.224155758334000E-002  1.059526356263556E-007
  2.224451348926350E-002  2.009381823655774E-007
  2.224930219054118E-002  2.147584625896392E-007
  2.225378086766143E-002  1.426415027178087E-007
  2.225597559683989E-002  1.778959197567160E-008
  2.225494814500278E-002 -1.038389489652068E-007
  2.225119360793600E-002 -1.685437530583503E-007
  2.224640082174887E-002 -1.485257411564040E-007
  2.224269063891266E-002 -5.376493018763673E-008
  2.224167538007448E-002  7.292401387322559E-008
  2.224375636920001E-002  1.752300304391491E-007
  2.224796534393526E-002  2.083458771831120E-007
  2.225241141613142E-002  1.585351783752675E-007
  2.225512764664317E-002  4.872972181933321E-008
  2.225493840241789E-002 -7.209986914063573E-008
  2.225196520268544E-002 -1.508774804416848E-007
  2.224755371318059E-002 -1.538323058509289E-007
  2.224366273753817E-002 -8.105757836490174E-008
  2.224199237570419E-002  3.405887480280863E-008
  2.224323922377116E-002  1.400521345693021E-007
  2.224680471157172E-002  1.903225738708764E-007
  2.225107821253216E-002  1.635827914741884E-007
  2.225416160354223E-002  7.284220729119449E-008
  2.225470954237539E-002 -4.085401528105728E-008
  2.225251366384249E-002 -1.269433640860421E-007
  2.224857726182292E-002 -1.477796847860170E-007
  2.224465522336717E-002 -9.504106266296698E-008
  2.224246986402205E-002  7.026017024087322E-009
  2.224295288216740E-002  1.127592275995739E-007
  2.224584688572134E-002  1.755032792891011E-007
  2.224983657914886E-002  1.681703911595058E-007
  2.225314388111092E-002  9.488147804363852E-008
  2.225431791585246E-002 -1.130546174414659E-008
  2.225286904149218E-002 -1.033717276035366E-007
  2.224947003520764E-002 -1.412345250405511E-007
  2.224564233833471E-002 -1.092742282907733E-007
  2.224307327591013E-002 -2.282620746009427E-008
  2.224287048996288E-002  7.905388843451592E-008
  2.224508287424221E-002  1.511573321970112E-007
  2.224869498244379E-002  1.621291204045320E-007
  2.225209025440940E-002  1.080663907844392E-007
  2.225377200786941E-002  1.381638555196901E-008
  2.225302079545046E-002 -7.841180204963376E-008
  2.225019958162761E-002 -1.279141288644689E-007
  2.224657763085530E-002 -1.134138853698769E-007
  2.224375789837709E-002 -4.215853295203548E-008
  2.224296605921117E-002  5.368451353693318E-008
  2.224451636731000E-002  1.315567042887044E-007
  2.224768692555977E-002  1.574003610267374E-007
  2.225105314870684E-002  1.205289181376566E-007
  2.225312568063175E-002  3.798697541661851E-008
  2.225300725586597E-002 -5.336271760685274E-008
  2.225077894183983E-002 -1.133572380182467E-007
  2.224744972909992E-002 -1.162542297169808E-007
  2.224449823177584E-002 -6.183497086688140E-008
  2.224321446162539E-002  2.489871280667682E-008
  2.224413456050721E-002  1.051271325271070E-007
  2.224681603555338E-002  1.435251695989724E-007
  2.225004736403895E-002  1.237704341440335E-007
  2.225239312825788E-002  5.544421036452018E-008
  2.225282955893908E-002 -3.058433164452270E-008
  2.225118923360507E-002 -9.608395921775173E-008
  2.224822195113681E-002 -1.124231281205374E-007
  2.224525074003166E-002 -7.305052235163200E-008
  2.224358057765918E-002  3.936392510432792E-009
  2.224392393671101E-002  8.411867186083928E-008
  2.224609589640842E-002  1.321493670418786E-007
  2.224910904281212E-002  1.273287124518400E-007
  2.225162035937456E-002  7.249950095504678E-008
  2.225252801101393E-002 -7.554519856553527E-009
  2.225145294859240E-002 -7.734469723471928E-008
  2.224889496828500E-002 -1.064558431084368E-007
  2.224599939044032E-002 -8.285121334281316E-008
  2.224404296375428E-002 -1.788326780311753E-008
  2.224386962069433E-002  5.907036856453316E-008
  2.224552532932553E-002  1.138261559344428E-007
  2.224824985894424E-002  1.225282389545542E-007
  2.225082372058854E-002  8.200212831374574E-008
  2.225211215078919E-002  1.084032698727308E-008
  2.225156360552005E-002 -5.911867266401977E-008
  2.224944390970993E-002 -9.702031580654139E-008
  2.224670691384759E-002 -8.657913903402546E-008
  2.224456408165227E-002 -3.304465148147897E-008
  2.224394708597307E-002  3.942174896620111E-008
  2.224510169358612E-002  9.866085954431950E-008
  2.224748982017713E-002  1.187907432279219E-007
  2.225003826152663E-002  9.150635774741456E-008
  2.225161935271346E-002  2.947250985980345E-008
  2.225154839057202E-002 -3.956534273168531E-008
  2.224987850508339E-002 -8.521982271512318E-008
  2.224736616378371E-002 -8.787429699185938E-008
  2.224512745120304E-002 -4.714900355858863E-008
  2.224414114440742E-002  1.823226827937371E-008
  2.224481973144867E-002  7.898576602858480E-008
  2.224683627386790E-002  1.083315450000118E-007
  2.224927951694049E-002  9.375534919200112E-008
  2.225106400306493E-002  4.230769694164143E-008
  2.225141074103609E-002 -2.279659118469856E-008
  2.225018568286539E-002 -7.264990410318198E-008
  2.224794907835299E-002 -8.547590490136370E-008
  2.224569831504233E-002 -5.612221240383345E-008
  2.224442210182328E-002  1.909877938116085E-009
  2.224466516813714E-002  6.268151778913101E-008
  2.224629502742273E-002  9.941787816681344E-008
  2.224857048676993E-002  9.630583957807054E-008
  2.225047719853197E-002  5.528981183105158E-008
  2.225117846632623E-002 -5.051707896170616E-009
  2.225038104078370E-002 -5.793511392619794E-008
  2.224845608793790E-002 -8.028469935534147E-008
  2.224626573602293E-002 -6.283154161877810E-008
  2.224477601419492E-002 -1.397888390610616E-008
  2.224462985460395E-002  4.417361637585597E-008
  2.224586880709184E-002  8.577701138488211E-008
  2.224792378766340E-002  9.268021189775748E-008
  2.224987489126258E-002  6.231259429856274E-008
  2.225086180300112E-002  8.583694807299299E-009
  2.225046179859220E-002 -4.449143076435413E-008
  2.224886934846953E-002 -7.352429248309823E-008
  2.224680120801503E-002 -6.605012924720693E-008
  2.224517291610616E-002 -2.586109787833352E-008
  2.224469260615310E-002  2.889953062268241E-008
  2.224555225737135E-002  7.393501049612581E-008
  2.224735089525666E-002  8.958070633022525E-008
  2.224928007925762E-002  6.938951999202180E-008
  2.225048604905562E-002  2.276973257779889E-008
  2.225044638744881E-002 -2.939681503947313E-008
  2.224919510117026E-002 -6.412101076675445E-008
  2.224729927329554E-002 -6.645774548357680E-008
  2.224560130350319E-002 -3.596032807413110E-008
  2.224484377633724E-002  1.334818739142092E-008
  2.224534392899825E-002  5.937588489688959E-008
  2.224686033716752E-002  8.181955150137753E-008
  2.224870764127535E-002  7.108497414734730E-008
  2.225006505971160E-002  3.235498183085913E-008
  2.225033990691768E-002 -1.691377141574023E-008
  2.224942519552111E-002 -5.486422192567048E-008
  2.224773946508359E-002 -6.493420314851199E-008
  2.224603456822925E-002 -4.307605581244845E-008
  2.224505955097702E-002  6.423662037242131E-010
  2.224523081606450E-002  4.667667015397439E-008
  2.224645373463234E-002  7.474887943151411E-008
  2.224817199300670E-002  7.278303642756148E-008
  2.224961952102825E-002  4.209593438703140E-008
  2.225016100988245E-002 -3.386316842267419E-009
  2.224956972568799E-002 -4.345089372156773E-008
  2.224812121340171E-002 -6.059236492827668E-008
  2.224646439149582E-002 -4.767742930732913E-008
  2.224533015303118E-002 -1.092518329640153E-008
  2.224520824713799E-002  3.303858978615932E-008
  2.224613521876457E-002  6.466609120654588E-008
  2.224768512879162E-002  7.014600985330949E-008
  2.224916409374197E-002  4.740441312733886E-008
  2.224991990648017E-002  6.844702286715529E-009
  2.224962865099115E-002 -3.342047594355974E-008
  2.224843243100197E-002 -5.566280693921321E-008
  2.224686979311050E-002 -5.034285843470752E-008
  2.224563260021450E-002 -2.019249137152344E-008
  2.224525903516950E-002  2.116732234535898E-008
  2.224589889499851E-002  5.538304361935196E-008
  2.224725345361824E-002  6.751702085353431E-008
  2.224871375469368E-002  5.256994461664654E-008
  2.224963344952375E-002  1.752974654037028E-008
  2.224961400153089E-002 -2.188782409038435E-008
  2.224867646870352E-002 -4.829157228967613E-008
  2.224724591645785E-002 -5.029736056845755E-008
  2.224595814183416E-002 -2.744813169986188E-008
  2.224537649819710E-002  9.753427275129895E-009
  2.224574488184383E-002  4.464002470324462E-008
  2.224688512170531E-002  6.181782767477126E-008
  2.224828179156466E-002  5.393146074240035E-008
  2.224931427682048E-002  2.478625822181452E-008
  2.224953168042784E-002 -1.249291212982252E-008
  2.224884885516739E-002 -4.138104907629998E-008
  2.224757841414021E-002 -4.928251787280967E-008
  2.224628708593156E-002 -3.302143559322865E-008
  2.224554231426476E-002 -1.023354256787759E-010
  2.224566234815043E-002  3.475093563195961E-008
  2.224657982989525E-002  5.618335608095702E-008
  2.224787725124384E-002  5.497602160275030E-008
  2.224897608053884E-002  3.201007207095815E-008
  2.224939396088343E-002 -2.275928925873172E-009
  2.224895568731755E-002 -3.262819610701268E-008
  2.224786574418480E-002 -4.576781167452661E-008
  2.224661253834429E-002 -3.620761329785464E-008
  2.224574903353826E-002 -8.548939978497864E-009
  2.224564825211696E-002  2.470003546270766E-008
  2.224634169890552E-002  4.875587630353503E-008
  2.224751061924682E-002  5.310891668792812E-008
  2.224863164445721E-002  3.609132937176599E-008
  2.224921036230348E-002  5.481815430747351E-009
  2.224899862653059E-002 -2.506014417918720E-008
  2.224810014620534E-002 -4.209764125369948E-008
  2.224691953147298E-002 -3.833129727816559E-008
  2.224597958753980E-002 -1.572361136191428E-008
  2.224568929962393E-002  1.550156133473803E-008
  2.224616542861429E-002  4.148212627246877E-008
  2.224718548076574E-002  5.087341150019989E-008
  2.224829078948184E-002  3.980281960023261E-008
  2.224899205667100E-002  1.345988780133848E-008
  2.224898529429963E-002 -1.632761946439784E-008
  2.224828290998777E-002 -3.640355769848950E-008
  2.224720348240388E-002 -3.809727021839346E-008
  2.224622685339364E-002 -2.097351169791371E-008
  2.224578037850697E-002  7.101865276888894E-009
  2.224605150586547E-002  3.355376486209241E-008
  2.224690882809777E-002  4.671009543582021E-008
  2.224796474609592E-002  4.093204502420529E-008
  2.224875001947992E-002  1.900988457046189E-008
  2.224892165034031E-002 -9.190051460439051E-009
  2.224841204711926E-002 -3.117525981038423E-008
  2.224745465879730E-002 -3.736772283606258E-008
  2.224647664573995E-002 -2.527886489242045E-008
  2.224590785226823E-002 -5.005981382366910E-010
  2.224599146646998E-002  2.587634885181749E-008
  2.224667972680834E-002  4.222644644911432E-008
  2.224765932813316E-002  4.151410707751589E-008
  2.224849338942610E-002  2.432015393057202E-008
  2.224881570952727E-002 -1.530986159614851E-009
  2.224849097547203E-002 -2.452783633489784E-008
  2.224767087992504E-002 -3.459784403457134E-008
  2.224672299829057E-002 -2.752163841015039E-008
  2.224606566044201E-002 -6.702258035574717E-009
  2.224598295242980E-002  1.844994105028076E-008
  2.224650162016675E-002  3.675434046753499E-008
  2.224738315663478E-002  4.021340471929310E-008
  2.224823282665206E-002  2.748979532907929E-008
  2.224867585753068E-002  4.397812630750072E-009
  2.224852219190430E-002 -1.876267082307226E-008
  2.224784741722991E-002 -3.180841099311754E-008
  2.224695548979963E-002 -2.915534886867430E-008
  2.224624144529736E-002 -1.220923011844367E-008
  2.224601606042911E-002  1.135717819473874E-008
  2.224637025583526E-002  3.107533841341908E-008
  2.224713835967808E-002  3.833085431127227E-008
  2.224797492494014E-002  3.012678727835709E-008
  2.224850956389476E-002  1.031662080157972E-008
  2.224851043865602E-002 -1.219783724837744E-008
  2.224798427696012E-002 -2.746414937024714E-008
  2.224716982051305E-002 -2.887881973400002E-008
  2.224642919300646E-002 -1.604507229017884E-008
  2.224608656355262E-002  5.146534562191446E-009
  2.224628595034449E-002  2.520831949520918E-008
  2.224693050035010E-002  3.528993394174074E-008
  2.224772876208178E-002  3.106877757883590E-008
  2.224832596527165E-002  1.458795409091568E-008
  2.224846121456517E-002 -6.737075885026427E-009
  2.224808097967019E-002 -2.346335104778717E-008
  2.224735955740459E-002 -2.830853510232204E-008
  2.224661889168227E-002 -1.932529002978056E-008
  2.224618457453402E-002 -6.791560800232452E-010
  2.224624240377346E-002  1.927669093762062E-008
  2.224675866049965E-002  3.174144530852697E-008
  2.224749825845231E-002  3.134726445454603E-008
  2.224813130150080E-002  1.846954984594958E-008
  2.224837979302320E-002 -1.026701959369189E-009
  2.224813928331693E-002 -1.845402933749726E-008
  2.224752225848024E-002 -2.617207267201183E-008
  2.224680533860969E-002 -2.093723720549955E-008
  2.224630498493250E-002 -5.265025092236008E-009
  2.224623752893713E-002  1.376504846129288E-008
  2.224662540242894E-002  2.769712132943463E-008
  2.224729017070243E-002  3.044529784465144E-008
  2.224793413281144E-002  2.094015300829288E-008
  2.224827322143873E-002  3.526227677206555E-009
  2.224816190246101E-002 -1.403095215632022E-008
  2.224765518859760E-002 -2.401488405831588E-008
  2.224698140108436E-002 -2.215487806446587E-008
  2.224643901593520E-002 -9.454860580890534E-009
  2.224626416401124E-002  8.327636813506118E-009
  2.224652757840271E-002  2.328759430062653E-008
  2.224710593065758E-002  2.888477430596025E-008
  2.224773906138289E-002  2.280188429205389E-008
  2.224814661015677E-002  7.899911452978691E-009
  2.224815178851866E-002 -9.121316911068854E-009
  2.224775767932309E-002 -2.073280112961726E-008
  2.224714317386062E-002 -2.190556919031120E-008
  2.224658154385437E-002 -1.228833464921472E-008
  2.224631867195724E-002  3.708162425424491E-009
  2.224646517439459E-002  1.892580038139410E-008
  2.224694971633723E-002  2.665384302799785E-008
  2.224755316055112E-002  2.357900060703442E-008
  2.224800729576717E-002  1.119510219880698E-008
  2.224811369451235E-002 -4.925463107983120E-009
  2.224783005298647E-002 -1.764571728107690E-008
  2.224728647746586E-002 -2.142964405312872E-008
  2.224672559715756E-002 -1.475553248516676E-008
  2.224639402210726E-002 -7.256441258841846E-010
  2.224643367883729E-002  1.436918163907520E-008
  2.224682088098274E-002  2.386715233401783E-008
  2.224737925066732E-002  2.367381989839682E-008
  2.224785969020612E-002  1.402534258833968E-008
  2.224805117708868E-002 -6.820208192408710E-010
  2.224787312510074E-002 -1.389188103524780E-008
  2.224740891293553E-002 -1.980873361734425E-008
  2.224686669853937E-002 -1.593965053850965E-008
  2.224648586936740E-002 -4.142911364146096E-009
  2.224643114490138E-002  1.025583823415177E-008
  2.224672115435349E-002  2.086160233284207E-008
  2.224722242603147E-002  2.304332508166758E-008
  2.224771045269380E-002  1.594803521078234E-008
  2.224796993194915E-002  2.820998171351276E-009
  2.224788944728081E-002 -1.048380420978802E-008
  2.224750897574480E-002 -1.811982740423099E-008
  2.224700000872028E-002 -1.682178964544727E-008
  2.224658805292270E-002 -7.304383804135544E-009
  2.224645250776828E-002  6.112408168474913E-009
  2.224664835273564E-002  1.745973340283188E-008
  2.224708380560506E-002  2.177268400008873E-008
  2.224756294965624E-002  1.726082503821982E-008
  2.224787358048518E-002  6.047889002328049E-009
  2.224788090525144E-002 -6.823500425919920E-009
  2.224758574137960E-002 -1.565755893160988E-008
  2.224712211759682E-002 -1.662449326682744E-008
  2.224669624451367E-002 -9.419739017455735E-009
  2.224649461322907E-002  2.654583708849633E-009
  2.224660215933413E-002  1.419818620310243E-008
  2.224696638175165E-002  2.012284287528961E-008
  2.224742252806955E-002  1.788927281723456E-008
  2.224776783728598E-002  8.588071699977526E-009
  2.224785140644852E-002 -3.594082827680094E-009
  2.224763986924728E-002 -1.326372104922003E-008
  2.224723032518508E-002 -1.621306881893628E-008
  2.224680561786238E-002 -1.125461950421244E-008
  2.224655252391833E-002 -6.983022821963870E-010
  2.224657943928657E-002  1.071846097990252E-008
  2.224686982103387E-002  1.795335692142400E-008
  2.224729135150563E-002  1.788386242595510E-008
  2.224765595145568E-002  1.065278856407539E-008
  2.224780344826728E-002 -4.445920845837330E-010
  2.224767169637476E-002 -1.046010967009003E-008
  2.224732247251470E-002 -1.499760501752819E-008
  2.224691240618223E-002 -1.214144741274276E-008
  2.224662257353123E-002 -3.263420719738815E-009
  2.224657838278268E-002  7.630570776724603E-009
  2.224679517957263E-002  1.570434497196302E-008
  2.224717314126868E-002  1.743412051323340E-008
  2.224754296829214E-002  1.214126238928377E-008
  2.224774148683687E-002  2.249170720773581E-009
  2.224768341821797E-002 -7.829735916016045E-009
  2.224739776530948E-002 -1.366628065128006E-008
  2.224701332315702E-002 -1.276463079249356E-008
  2.224670045927350E-002 -5.631831658126107E-009
  2.224659546050885E-002  4.490959710636591E-009
  2.224674102587945E-002  1.309703468597169E-008
  2.224706886949439E-002  1.641770360508995E-008
  2.224743146233358E-002  1.307049359050442E-008
  2.224766819533818E-002  4.631501295027992E-009
  2.224767630835118E-002 -5.103925139731677E-009
  2.224745527622935E-002 -1.182678699229242E-008
  2.224710550338743E-002 -1.262056880223990E-008
  2.224678258833716E-002 -7.225354024941588E-009
  2.224662796779320E-002  1.887208304379836E-009
  2.224670683966450E-002  1.064327365850404E-008
  2.224698059434005E-002  1.518505378533011E-008
  2.224732537709524E-002  1.356683089908162E-008
  2.224758791367842E-002  6.583611461149942E-009
  2.224765345369447E-002 -2.619542600886430E-009
  2.224749572754535E-002 -9.967204328010840E-009
  2.224718718621763E-002 -1.226167833342150E-008
  2.224686561109682E-002 -8.577458210581738E-009
  2.224667245434472E-002 -6.342071109017244E-010
  2.224669048936685E-002  8.000602132435173E-009
  2.224690824029367E-002  1.351061930978443E-008
  2.224722645318472E-002  1.351490718408220E-008
  2.224750312719622E-002  8.094569899072508E-009
  2.224761669452251E-002 -2.804810153228394E-010
  2.224751925195704E-002 -7.875784635280001E-009
  2.224725655041147E-002 -1.135662913238598E-008
  2.224694643855268E-002 -9.251250611019326E-009
  2.224672587829470E-002 -2.571498898829599E-009
  2.224669033880282E-002  5.669761206467792E-009
  2.224685237445331E-002  1.181543220472644E-008
  2.224713734081547E-002  1.318450031749961E-008
  2.224741757738627E-002  9.238330224554922E-009
  2.224756942510731E-002  1.786095011326985E-009
  2.224752762514800E-002 -5.846738820021939E-009
  2.224731318117172E-002 -1.030514988422293E-008
  2.224702281332339E-002 -9.681983486023194E-009
  2.224678522550161E-002 -4.335602589519535E-009
  2.224670394438467E-002  3.302357933201087E-009
  2.224681210554375E-002  9.829255302330012E-009
  2.224705891917741E-002  1.238459034819037E-008
  2.224733329981513E-002  9.901481339894494E-009
  2.224751369495953E-002  3.549263195085188E-009
  2.224752177443359E-002 -3.815517699363280E-009
  2.224735627763675E-002 -8.932982722211819E-009
  2.224709241054981E-002 -9.582156508665441E-009
  2.224684757572423E-002 -5.543962951874454E-009
  2.224672903367140E-002  1.331971740971279E-009
  2.224678681709644E-002  7.972703853685730E-009
  2.224699255565114E-002  1.145355808781677E-008
  2.224725314750933E-002  1.028397195073592E-008
  2.224745273327888E-002  5.042593738535648E-009
  2.224750406177133E-002 -1.908309393935729E-009
  2.224738648512352E-002 -7.489563225629468E-009
  2.224715405120005E-002 -9.271450027587951E-009
  2.224691057872422E-002 -6.533528045836137E-009
  2.224676318813184E-002 -5.558198218346080E-010
  2.224677507679894E-002  5.975277063134138E-009
  2.224693834767335E-002  1.017138672607315E-008
  2.224717855614483E-002  1.021725699478430E-008
  2.224738849602440E-002  6.153950502570067E-009
  2.224747590588794E-002 -1.673842415390952E-010
  2.224740387672496E-002 -5.928309583568794E-009
  2.224720627503892E-002 -8.599286704355809E-009
  2.224697176449552E-002 -7.049773050627496E-009
  2.224680393483229E-002 -2.025491815733316E-009
  2.224677545627562E-002  4.207848976239851E-009
  2.224689653964392E-002  8.884990533589241E-009
  2.224711137737960E-002  9.966354058308277E-009
  2.224732371249463E-002  7.025407769393247E-009
  2.224743983727267E-002  1.412444081044144E-009
  2.224740982329487E-002 -4.366508612792264E-009
  2.224724885174812E-002 -7.770351318883086E-009
  2.224702954921447E-002 -7.342149855943991E-009
  2.224684913993836E-002 -3.334094289108251E-009
  2.224678625907814E-002  2.429581033368966E-009
  2.224686660166130E-002  7.379861237510131E-009
  2.224705240258471E-002  9.345676084119096E-009
  2.224726002249791E-002  7.504078201768376E-009
  2.224739747236665E-002  2.722310310901950E-009
  2.224740505126889E-002 -2.849733446295400E-009
  2.224728115374918E-002 -6.745884007252219E-009
  2.224708210401590E-002 -7.274889957525126E-009
  2.224689648027361E-002 -4.253952721538900E-009
  2.224680562006111E-002  9.331077941659988E-010
  2.224684790768451E-002  5.968559585659043E-009
  2.224700251473744E-002  8.635339795204392E-009
  2.224719946211159E-002  7.791860932153607E-009
  2.224735117673913E-002  3.858642290770086E-009
  2.224739132257701E-002 -1.390216360957087E-009
  2.224730369544912E-002 -5.628455820620835E-009
  2.224712860582723E-002 -7.010145714669829E-009
  2.224694427687532E-002 -4.975093697531705E-009
  2.224683182547256E-002 -4.759212215122822E-010
  2.224683949520938E-002  4.464474217783683E-009
  2.224696190431632E-002  7.660086853560765E-009
  2.224714322205058E-002  7.727082405737310E-009
  2.224730251505066E-002  4.681197944574545E-009
  2.224736976796022E-002 -9.030403330635992E-011
  2.224731655442875E-002 -4.460366532549498E-009
  2.224716793135753E-002 -6.510248679278795E-009
  2.224699060029956E-002 -5.371687702928997E-009
  2.224686290633258E-002 -1.593786033152409E-009
  2.224684015979840E-002  3.119842963955245E-009
  2.224693062348478E-002  6.678475390860225E-009
  2.224709258024431E-002  7.530701803145947E-009
  2.224725345574939E-002  5.339504594103355E-009
  2.224734224337933E-002  1.112465601027149E-009
  2.224732075151450E-002 -3.262057320318011E-009
  2.224719992969541E-002 -5.859605941381851E-009
  2.224703430786260E-002 -5.567454248111052E-009
  2.224689732652886E-002 -2.562192686685306E-009
  2.224684870959242E-002  1.787671320563064E-009
  2.224690836832817E-002  5.542534741142146E-009
  2.224704823104494E-002  7.054644570336894E-009
  2.224720532722313E-002  5.689472660052879E-009
  2.224731004446900E-002  2.089945779196611E-009
  2.224731688591357E-002 -2.125965737938552E-009
  2.224722414491520E-002 -5.092595186502208E-009
  2.224707399884835E-002 -5.522137376088621E-009
  2.224693327488493E-002 -3.263344071737424E-009
  2.224686364892395E-002  6.487073494210660E-010
  2.224689456082033E-002  4.466068444841978E-009
  2.224701073322319E-002  6.508249535659864E-009
  2.224715957130479E-002  5.901175154890958E-009
  2.224727488584505E-002  2.949962990031847E-009
  2.224730624680648E-002 -1.013139496569830E-009
  2.224724095554649E-002 -4.230810322532367E-009
  2.224710907007447E-002 -5.300806076173033E-009
  2.224696952491156E-002 -3.787976024900524E-009
  2.224688374244624E-002 -4.011554897092953E-010
  2.224688854527654E-002  3.336403461788541E-009
  2.224698030940788E-002  5.770289280335165E-009
  2.224711716828938E-002  5.845636722621887E-009
  2.224723802576222E-002  3.562752712565075E-009
  2.224728975202301E-002 -3.886810534363556E-011
  2.224725046252888E-002 -3.354011269564595E-009
  2.224713868666470E-002 -4.927296810393171E-009
  2.224700460030114E-002 -4.092038960781833E-009
  2.224690745291599E-002 -1.252191962280253E-009
  2.224688933779365E-002  2.311444394812939E-009
  2.224695691183757E-002  5.018284972792324E-009
  2.224707899613432E-002  5.688408245495425E-009
  2.224720087537253E-002  4.056077659110959E-009
  2.224726874777257E-002  8.729990646463366E-010
  2.224725340530914E-002 -2.437992834110552E-009
  2.224716272707705E-002 -4.419551477901354E-009
  2.224703765185988E-002 -4.222021176734177E-009
  2.224693365184596E-002 -1.968331260789310E-009
  2.224689608432483E-002  1.314932390153963E-009
  2.224694036844446E-002  4.163384337116345E-009
  2.224704564465163E-002  5.326479355992096E-009
  2.224716450657591E-002  4.315146522067915E-009
  2.224724427790789E-002  1.605792006323458E-009
  2.224725029044618E-002 -1.584013766574652E-009
  2.224718088158449E-002 -3.842940628227166E-009
