   1.00000001937973       0.000000000000000E+000
  0.857726311745762      -1.690365520198726E-003
  0.494843137215368      -9.839863482828530E-003
  6.620732500334367E-002 -2.127311311600424E-002
 -0.253680003923401      -2.558564355854806E-002
 -0.343844107869242      -1.569239291647782E-002
 -0.180644012697879       4.092085496500276E-003
  0.160842921426000       2.063594963652720E-002
  0.541478893812029       2.304386899351902E-002
  0.811894669620993       1.189747409924841E-002
  0.867083387223334      -1.751843565741702E-003
  0.685491729683000      -6.373910310208184E-003
  0.339370004198590       4.483729599163708E-004
 -3.056153346678641E-002  1.125033009603427E-002
 -0.270730236959830       1.653348875702850E-002
 -0.279975478538413       1.323182803176129E-002
 -5.507607883345552E-002  6.042416633105122E-003
  0.306650949768970       1.325625595567640E-003
  0.650486935008198       3.758711354605646E-004
  0.832645925546654      -1.139701000109441E-003
  0.781109332648755      -7.409446642148151E-003
  0.522055202933504      -1.664947046960061E-002
  0.163707211443049      -2.146169844127377E-002
 -0.150981332228653      -1.537267586938108E-002
 -0.300901485787633       6.381283493816652E-004
 -0.231357162383607       1.793564274654690E-002
  2.726599555749940E-002  2.674185859485590E-002
  0.371617324313640       2.355974635264364E-002
  0.664410449522323       1.306472284602729E-002
  0.787839812876965       3.290924901755474E-003
  0.691826573875757      -1.063547116416670E-003
  0.416458530869296      -1.231490518778852E-003
  7.660971474899067E-002 -1.278938535143672E-003
 -0.186634108565097      -3.135177335723884E-003
 -0.266583524468593      -4.851018716757700E-003
 -0.135812573492931      -3.457401029376680E-003
  0.144744258624239       9.759240861116068E-004
  0.454796821285094       4.575732254572968E-003
  0.666669502569273       3.206447183586203E-003
  0.696789581405181      -3.127529871491741E-003
  0.536454080196705      -9.471157811577331E-003
  0.252262095708298      -9.774769032843874E-003
 -4.156872058146407E-002 -2.052261391834310E-003
 -0.227856009143755       9.770362316120737E-003
 -0.232073945469406       1.888451273752285E-002
 -5.231891338703041E-002  2.071324360634592E-002
  0.238647210196883       1.570420136321337E-002
  0.521846686678119       7.830678585982017E-003
  0.680891022119859       7.877949371818410E-004
  0.650889235477301      -4.402105166641994E-003
  0.445747339588503      -8.549017335305928E-003
  0.151414048949784      -1.177623162062991E-002
 -0.111585390882388      -1.238042554752555E-002
 -0.238986570584500      -8.426193986051000E-003
 -0.184617690481189      -4.020314952635016E-004
  2.351652292206053E-002  7.999018660751407E-003
  0.297428957309592       1.216597517238648E-002
  0.525866663078719       1.010601811392833E-002
  0.618298146085826       4.085283988440960E-003
  0.539676878861023      -1.138401519063419E-003
  0.323514113349245      -1.978251083313010E-003
  5.841614481364286E-002  1.524156154651979E-003
 -0.147326927572070       6.312714547743958E-003
 -0.209796856769258       9.092623687865439E-003
 -0.104327093318547       8.656969771141011E-003
  0.123941281191719       5.957317726000203E-003
  0.379053624173925       2.427686641281773E-003
  0.554875870224773      -1.413213752362659E-003
  0.579572842305983      -5.692567912762657E-003
  0.444634117366271      -9.820176108797837E-003
  0.206656130889118      -1.183319813943033E-002
 -3.755372426740639E-002 -9.524560848833914E-003
 -0.190960619392900      -2.522390923216903E-003
 -0.194708651711078       6.665510610407537E-003
 -5.024789358600856E-002  1.385229115011489E-002
  0.182461642924646       1.583635924582293E-002
  0.409296213039345       1.241666734456803E-002
  0.539409000201497       6.201885347367162E-003
  0.521437646227770       5.441612856106951E-004
  0.364181351450407      -2.599034656356005E-003
  0.132995712652920      -3.278038992158504E-003
 -7.719406385731763E-002 -2.577818567989955E-003
 -0.181314803705525      -1.338703697136576E-003
 -0.139304285126941       1.929926955306095E-004
  2.802490378095306E-002  1.753490553855400E-003
  0.248882570387718       2.514726237997099E-003
  0.431272482742726       1.484558137714271E-003
  0.501048987081235      -1.392217334688153E-003
  0.431381743882509      -4.588943655062087E-003
  0.252232189912717      -5.694185866151829E-003
  3.703634606071218E-002 -3.109148117843244E-003
 -0.127337260147446       2.603105372962721E-003
 -0.175307659082581       8.874571348284911E-003
 -8.853762896060165E-002  1.272092281659479E-002
  9.692234745483783E-002  1.253144241856134E-002
  0.305248326205229       8.762594432402864E-003
  0.451637970836540       3.241474073056457E-003
  0.476941106881062      -2.107359980972498E-003
  0.371796466387708      -6.054292815606377E-003
  0.180072547739797      -8.022039512656053E-003
 -1.981639643839102E-002 -7.711793775257527E-003
 -0.147617513052203      -5.074796725972169E-003
 -0.153996110819928      -7.126306430178955E-004
 -3.976933218165639E-002  3.873967676305669E-003
  0.145766986249321       6.767823940988418E-003
  0.325920880914094       6.733853010813258E-003
  0.427946497052993       4.116589466879834E-003
  0.411957514763846       7.342772451268000E-004
  0.286203589253808      -1.261898685350831E-003
  0.103046231672021      -7.478158549716033E-004
 -6.256373916090539E-002  1.777625914668873E-003
 -0.143541113587901       4.703034694851012E-003
 -0.107879644666348       6.405654778937718E-003
  2.845480249264881E-002  6.089108275214959E-003
  0.208351710565823       3.898508763044171E-003
  0.357344082785310       5.269418691090957E-004
  0.414403099735729      -3.159646752455909E-003
  0.356814957239252      -6.212529918869236E-003
  0.208867435115577      -7.606632343239568E-003
  3.110716710297521E-002 -6.509231413063709E-003
 -0.104895899138331      -2.825639836355450E-003
 -0.145596009731805       2.405834082777432E-003
 -7.656187827292414E-002  7.253361887663948E-003
  7.251856284250172E-002  9.797207112676750E-003
  0.240456721341537       9.159643625014292E-003
  0.359465656735976       5.951059201582213E-003
  0.382357158427700       1.834529949974872E-003
  0.301244865918755      -1.448135902801417E-003
  0.150313696472994      -2.911460641502710E-003
 -8.455479742284009E-003 -2.557731970000098E-003
 -0.110797323684768      -1.055195459506243E-003
 -0.116418389566765       7.370136926353045E-004
 -2.514760866267062E-002  2.064131484366625E-003
  0.123618824725969       2.378214638211066E-003
  0.267712755170410       1.438628804257913E-003
  0.347989452239779      -5.039397380761126E-004
  0.332332596369174      -2.609976878864756E-003
  0.228144825823918      -3.692330168549927E-003
  7.860044879533415E-002 -2.815466298825136E-003
 -5.539578714433235E-002  8.036915770521061E-005
 -0.120001132190819       3.989274230645533E-003
 -8.999211497181916E-002  7.285026500160781E-003
  2.141949250341075E-002  8.551820761928692E-003
  0.168288750184205       7.278644783132789E-003
  0.290769882681841       4.018214579871534E-003
  0.339443057396037       5.172188774525734E-006
  0.295255007888005      -3.440773709224177E-003
  0.176948469361643      -5.371239094939985E-003
  3.299747847672672E-002 -5.391481997767650E-003
 -7.850709192169573E-002 -3.658188474703053E-003
 -0.113602690092906      -8.136607211462203E-004
 -6.002709185379683E-002  2.146276783156162E-003
  5.844062229601268E-002  4.155505895921205E-003
  0.192328379867137       4.505047496880844E-003
  0.286958308140409       3.218602262147795E-003
  0.304578993794274       1.102844148828240E-003
  0.239243363368521      -6.407979465566176E-004
  0.118649199419664      -1.056115780597694E-003
 -7.554833177913320E-003  5.927005094859717E-005
 -8.812946319063863E-002  2.082398284587602E-003
 -9.101289474509257E-002  3.942611425552906E-003
 -1.612558003604622E-002  4.682313186279781E-003
  0.104924950649007       3.873430898253539E-003
  0.222042387397979       1.723921413311955E-003
  0.287262051958289      -1.074577805678028E-003
  0.274279327897041      -3.608123532493788E-003
  0.188888096473855      -5.008568306536388E-003
  6.617855656713446E-002 -4.708332605366745E-003
 -4.413844330053292E-002 -2.664591566476309E-003
 -9.807868943206725E-002  5.354231037426262E-004
 -7.504011234032613E-002  3.809284134718939E-003
  1.429671890635168E-002  5.980924494715852E-003
  0.132789582071219       6.294135755767396E-003
  0.232192094582351       4.763862247207088E-003
  0.272716005355360       2.153726185565131E-003
  0.238906258560577      -4.126902830400559E-004
  0.145513535913827      -1.980988480006032E-003
  3.111325796920950E-002 -2.148989228776061E-003
 -5.783439181602396E-002 -1.141381994383178E-003
 -8.593443462750955E-002  3.901346406673087E-004
 -4.307811738731747E-002  1.684740316663610E-003
  5.181791448099752E-002  2.159446361792021E-003
  0.158954881756390       1.595208325651796E-003
  0.234181126174235       2.086647304946653E-004
  0.247023468405571      -1.403070226337606E-003
  0.192848331985069      -2.463495437102154E-003
  9.432553400941263E-002 -2.336529726793713E-003
 -8.187051541366792E-003 -8.471943654168831E-004
 -7.324114857370950E-002  1.569717275193393E-003
 -7.506657781882058E-002  4.009661432534661E-003
 -1.376812638625367E-002  5.487505154523083E-003
  8.504532143300607E-002  5.382747841928053E-003
  0.180909403429247       3.709520167865698E-003
  0.235023267523210       1.085452131498632E-003
  0.225910641020781      -1.555614634223007E-003
  0.157893707547734      -3.342639920328684E-003
  5.901304279341443E-002 -3.768198096419423E-003
 -3.064854022947719E-002 -2.820540732379158E-003
 -7.537137607685718E-002 -9.434046485043326E-004
 -5.818990066818797E-002  1.136163824489478E-003
  1.255590695453151E-002  2.662175033470787E-003
  0.107037874935947       3.123551685465823E-003
  0.186388007328029       2.457453541848247E-003
  0.218575138980689       1.084049107364322E-003
  0.191231620259265      -2.732827938255210E-004
  0.116315955799244      -9.220314234050761E-004
  2.487941123939811E-002 -5.315193915326661E-004
 -4.579293820774284E-002  7.103268409777017E-004
 -6.737252959287196E-002  2.195210386626283E-003
 -3.185058695421082E-002  3.189520372479568E-003
  4.547081361556893E-002  3.169998842851478E-003
  0.132476482828798       2.042309008638215E-003
  0.193484705686465       1.645972271815085E-004
  0.203784498373712      -1.804200952413751E-003
  0.159534020273470      -3.151976876116575E-003
  7.905016891271394E-002 -3.367388597086754E-003
 -4.916426758311672E-003 -2.325458803521611E-003
 -5.864630925288707E-002 -3.481746119101893E-004
 -6.110046907793379E-002  1.892204794102048E-003
 -1.222352678695957E-002  3.613019684817734E-003
  6.736232144427305E-002  4.225141613542452E-003
  0.144999554033012       3.573433526051494E-003
  0.189349555494934       1.997136079365242E-003
  0.183004281738576       1.737372881426441E-004
  0.129288103640747      -1.181197662731232E-003
  5.059331311158265E-002 -1.613898142863995E-003
 -2.096282293967219E-002 -1.095858545779961E-003
 -5.668259698631726E-002  7.264778863186343E-006
 -4.286328104188376E-002  1.124210298732669E-003
  1.387099713110319E-002  1.727409799232858E-003
  8.956432966866353E-002  1.541526148369612E-003
  0.152919954924231       6.428829770739067E-004
  0.178124703499503      -5.751697116446878E-004
  0.155251909554978      -1.556711171820565E-003
  9.405620561166120E-002 -1.807883435017861E-003
  1.972808278013206E-002 -1.111804635889751E-003
 -3.753980516126068E-002  3.564826818270753E-004
 -5.485236316178827E-002  2.076867888577423E-003
 -2.577787210118167E-002  3.387067038495620E-003
  3.727223823364578E-002  3.758610953721867E-003
  0.108309893500464       3.021208803021449E-003
  0.158450311306938       1.432839395312926E-003
  0.167620538391427      -4.318150831638217E-004
  0.132551931152810      -1.916867870188978E-003
  6.787094476296038E-002 -2.537799564876599E-003
 -6.541802786609989E-005 -2.150082212783055E-003
 -4.399670833646095E-002 -9.794022439437108E-004
 -4.679533954505955E-002  4.838411366784919E-004
 -8.233271580326074E-003  1.678832864852248E-003
  5.520064135150338E-002  2.186771192061064E-003
  0.117248980274556       1.886549805934894E-003
  0.152674318505439       9.947119779422755E-004
  0.147456438613772      -3.116101273610873E-005
  0.104283027742527      -6.922998632071509E-004
  4.119217085264738E-002 -6.694178362163292E-004
 -1.597387031995469E-002  3.442508094426160E-005
 -4.415769176602807E-002  1.095661083085222E-003
 -3.239345523867041E-002  2.016230102744635E-003
  1.391370541987511E-002  2.345254889761442E-003
  7.539861563148957E-002  1.875456246967461E-003
  0.126772841801729       7.309345445183344E-004
  0.147157688679038      -6.837468901454721E-004
  0.128493851932160      -1.844234621501527E-003
  7.864168376488011E-002 -2.309045542841163E-003
  1.798600906577483E-002 -1.887585911200982E-003
 -2.898666120277806E-002 -7.137716853253030E-004
 -4.365107103749561E-002  8.010547973155753E-004
 -2.068720087560688E-002  2.120815360370502E-003
  2.996887544186376E-002  2.788347417765611E-003
  8.736988164019266E-002  2.601411052177762E-003
  0.128184375428978       1.687977276235781E-003
  0.136152195744501       4.466052531321755E-004
  0.108537310405288      -6.239448166504826E-004
  5.701835132652248E-002 -1.131646610345767E-003
  2.740462046541475E-003 -9.447839613146906E-004
 -3.238608747668916E-002 -2.290406610378533E-004
 -3.456709391764597E-002  6.407431796480726E-004
 -3.587746863013033E-003  1.249280237367098E-003
  4.730693933892430E-002  1.316130294196606E-003
  9.698703125642416E-002  8.077824800756469E-004
  0.125128867236072      -5.350841029622159E-005
  0.120451690567901      -8.836172144899914E-004
  8.516532821137465E-002 -1.295420298500771E-003
  3.388185643531971E-002 -1.061235154101148E-003
 -1.248413980468903E-002 -2.144164381242631E-004
 -3.527989485180858E-002  9.534795368258747E-004
 -2.563901121360565E-002  2.003185691897746E-003
  1.206260080654653E-002  2.523458981537961E-003
  6.215685714838540E-002  2.299215534128198E-003
  0.104172722165247       1.400282149072183E-003
  0.121176522710107       1.530549190049323E-004
  0.106565686434279      -9.913347546172872E-004
  6.659046661580892E-002 -1.634948529476696E-003
  1.764303659471039E-002 -1.583229524034455E-003
 -2.051612579442431E-002 -9.094453693052707E-004
 -3.279545784341060E-002  8.688813634770220E-005
 -1.480085011613592E-002  1.006025572361771E-003
  2.555626672675320E-002  1.506752930912740E-003
  7.145610639932215E-002  1.436541185503041E-003
  0.104120475937025       8.839316429456854E-004
  0.110445980841426       1.335799613844842E-004
  8.821941991923550E-002 -4.579785094041214E-004
  4.684228646959823E-002 -6.153831437298181E-004
  3.341273175814789E-003 -2.624352724992472E-004
 -2.464817822909308E-002  4.455263357444380E-004
 -2.604023284040214E-002  1.189131926979878E-003
 -6.998848844397994E-004  1.623057252253930E-003
  4.065456328721195E-002  1.524732256751259E-003
  8.094466913055705E-002  8.902758072824989E-004
  0.103740042616958      -6.140015629178702E-005
  9.990835552216260E-002 -9.756715399542111E-004
  7.121812136161562E-002 -1.502915306492448E-003
  2.947665651280656E-002 -1.435851063754527E-003
 -8.385275665995055E-003 -7.901598046172394E-004
 -2.723371490648187E-002  2.017326429329953E-004
 -1.982538420398459E-002  1.180465786283985E-003
  1.037950838744323E-002  1.798197025968692E-003
  5.077475226105115E-002  1.851769848372508E-003
  8.483977010206196E-002  1.357963364692406E-003
  9.887376676936539E-002  5.405850367426598E-004
  8.748675645254800E-002 -2.650898023269600E-004
  5.564658483311681E-002 -7.505410859262131E-004
  1.650667752160110E-002 -7.570440932622519E-004
 -1.404346709988130E-002 -3.328871828321350E-004
 -2.385175979116292E-002  2.968569528773638E-004
 -9.366291048555948E-003  8.322572654671018E-004
  2.305752452065605E-002  1.027364319897543E-003
  5.988289414261753E-002  7.922630816379799E-004
  8.598763574938088E-002  2.279225701914296E-004
  9.082082337250408E-002 -4.181713481726896E-004
  7.261674875477789E-002 -8.560610321983936E-004
  3.898667778520956E-002 -8.745934487421799E-004
  3.701535984770974E-003 -4.311539146720330E-004
 -1.897525276675644E-002  3.265426166044267E-004
 -2.007358262348765E-002  1.116225727978021E-003
  5.231901277986315E-004  1.632716694702841E-003
  3.415228411557255E-002  1.670394532472221E-003
  6.699695314148389E-002  1.206250806818540E-003
  8.574535718949018E-002  4.092979578004806E-004
  8.296465154194382E-002 -4.271769772555010E-004
  6.002081565188060E-002 -1.001927042558484E-003
  2.639852858177681E-002 -1.122592285878934E-003
 -4.251933928546337E-003 -7.762184543813923E-004
 -1.969411603999910E-002 -1.269368210456588E-004
 -1.402979298638899E-002  5.556524821042923E-004
  1.001486718101133E-002  1.006700871523805E-003
  4.232748086019802E-002  1.070310325536225E-003
  6.961779859336240E-002  7.568680910322434E-004
  8.084753210879261E-002  2.319945759109713E-004
  7.166472630057757E-002 -2.571278942981974E-004
  4.606250935497615E-002 -4.873643353058283E-004
  1.463290875904341E-002 -3.536629236991371E-004
 -9.825709078962061E-003  8.728977720161925E-005
 -1.752940983705463E-002  6.417750867170547E-004
 -5.631603752850271E-003  1.061498641253638E-003
  2.072120662696315E-002  1.148947469213924E-003
  5.058680408268623E-002  8.414229536981909E-004
  7.174143317394799E-002  2.389723928792245E-004
  7.564996913315582E-002 -4.347027864318095E-004
  6.087302890848453E-002 -9.215501012085062E-004
  3.355338695221939E-002 -1.031897650447927E-003
  4.825978449437711E-003 -7.193341535637280E-004
 -1.375618901882089E-002 -9.844716959277773E-005
 -1.490010065811792E-002  6.007914408123744E-004
  1.540196500880146E-003  1.123260398190120E-003
  2.860964327811871E-002  1.287531378970274E-003
  5.516930400735785E-002  1.054215616730060E-003
  7.046158955550481E-002  5.370505551102335E-004
  6.845212314084007E-002 -4.696034204543200E-005
  5.019538910551779E-002 -4.673748994777613E-004
  2.329715319424387E-002 -5.730139627621913E-004
 -1.265022264459051E-003 -3.497233329355834E-004
 -1.363699269252666E-002  7.959958696294911E-005
 -9.060168209562819E-003  5.112263324917321E-004
  1.027940904928803E-002  7.484504894470742E-004
  3.624220086124669E-002  6.841472354329349E-004
  5.812329620488850E-002  3.443255569194537E-004
  6.703007474924512E-002 -1.242525947542588E-004
  5.946162877507057E-002 -5.162689523063288E-004
  3.865148763952088E-002 -6.538155318393893E-004
  1.316216386290815E-002 -4.609601207169169E-004
 -6.659328617160782E-003  3.304818246260541E-006
 -1.289841870247976E-002  5.670418486113074E-004
 -3.245009754994245E-003  1.013416923285822E-003
  1.814852943262990E-002  1.167301682541580E-003
  4.243724524282247E-002  9.653375593099364E-004
  5.972708024710711E-002  4.811022223315098E-004
  6.309059230250237E-002 -1.045826051185118E-004
  5.132486848148821E-002 -5.757134243032628E-004
  2.935422504844644E-002 -7.659432348248940E-004
  6.149128691175017E-003 -6.219166455594476E-004
 -8.960411732835004E-003 -2.202536364678239E-004
 -1.006186920457259E-002  2.673866063549587E-004
  3.001925706172480E-003  6.457709198491106E-004
  2.465870273237196E-002  7.745416270924897E-004
  4.595065126156758E-002  6.221348124302933E-004
  5.821279787220089E-002  2.742322066839041E-004
  5.657673815393940E-002 -1.055591825077731E-004
  4.188385440409244E-002 -3.459013787752378E-004
  2.025729618249095E-002 -3.396939578563894E-004
  5.411216516129206E-004 -8.833095888365882E-005
 -9.324629704753250E-003  2.996606796966976E-004
 -5.509291164177042E-003  6.546490374990054E-004
  1.021447451484155E-002  8.172395630050861E-004
  3.126812638634974E-002  7.052683146047085E-004
  4.900002748652128E-002  3.488239825206696E-004
  5.621917036174034E-002 -1.208877355863004E-004
  5.008757533893347E-002 -5.239375891483184E-004
  3.320945474747145E-002 -7.036751105138086E-004
  1.250193343608753E-002 -5.890747995859326E-004
 -3.663811409033201E-003 -2.225174346158504E-004
 -8.868988518866538E-003  2.576541664149629E-004
 -1.214647373851824E-003  6.722570063011118E-004
  1.597662242985555E-002  8.716440687736305E-004
  3.558131183668679E-002  7.931726867772688E-004
  4.961177926935370E-002  4.831373713664784E-004
  5.245847102434999E-002  7.504401437865263E-005
  4.312127629365876E-002 -2.662712301360159E-004
  2.554241162828219E-002 -4.115425736970609E-004
  6.934692117342622E-003 -3.177473876583300E-004
 -5.188200325047234E-003 -4.234975576732750E-005
 -6.058104950279669E-003  2.838691213269042E-004
  4.458790818499138E-003  5.133602453932200E-004
  2.187808880451629E-002  5.439315317359937E-004
  3.898350360563516E-002  3.608559485092720E-004
  4.879192974418407E-002  4.206673968190881E-005
  4.738060463692258E-002 -2.750827826362089E-004
  3.543333275384641E-002 -4.513570525908625E-004
  1.789813368507325E-002 -4.036938089560419E-004
  1.922334890792537E-003 -1.400993461241284E-004
 -6.073735559350722E-003  2.426710473279523E-004
 -2.987039223259373E-003  5.975346178206534E-004
  9.757827132321619E-003  7.859032239134275E-004
  2.684829507450493E-002  7.330486242338804E-004
  4.128785492313810E-002  4.576945557476433E-004
  4.724982821396622E-002  6.409997751736773E-005
  4.241667130289543E-002 -2.998282477367037E-004
  2.886580323944477E-002 -5.011593531818592E-004
  1.216482895192187E-002 -4.735404452789023E-004
 -9.314867737408206E-004 -2.412413599733250E-004
 -5.230102614063709E-003  9.339752400889907E-005
  8.243695123895084E-004  3.932346316015465E-004
  1.457667521197282E-002  5.422138214131431E-004
  3.030032434598085E-002  4.911136920798062E-004
  4.156264726247465E-002  2.750001511190630E-004
  4.383984617285418E-002 -3.990556547280010E-006
  3.631967696366560E-002 -2.208009496863807E-004
  2.217406543778422E-002 -2.800493123947025E-004
  7.214082570875585E-003 -1.554625608983496E-004
 -2.504066736755373E-003  9.981096770597440E-005
 -3.137098619875906E-003  3.758947279133406E-004
  5.419589934279786E-003  5.522359469240479E-004
  1.954269187402359E-002  5.479011421600831E-004
  3.340159745066217E-002  3.554390435531489E-004
  4.135127015942296E-002  4.455009579884832E-005
  4.021595434852406E-002 -2.657338113978557E-004
  3.054069312870925E-002 -4.548180810457621E-004
  1.631883711883396E-002 -4.487579230972110E-004
  3.327760601497582E-003 -2.494758456518501E-004
 -3.233533928964089E-003  6.653596144151319E-005
 -8.387332580263650E-004  3.791216312383223E-004
  9.383167772388719E-003  5.722128484547551E-004
  2.315829941305099E-002  5.791154099246694E-004
  3.484289977803760E-002  4.073133504676636E-004
  3.972595005713447E-002  1.332669888692445E-004
  3.591993086097636E-002 -1.301252720016054E-004
  2.508079130677922E-002 -2.797850063357456E-004
  1.168331227306188E-002 -2.635167088963869E-004
  1.166753822195290E-003 -9.939201701570493E-005
 -2.281791544402367E-003  1.339442807381078E-004
  2.596310531805683E-003  3.314927009479693E-004
  1.366583845493053E-002  4.061826831564441E-004
  2.631364695101410E-002  3.249162301375208E-004
  3.535463623931846E-002  1.217469704533195E-004
  3.714138491163482E-002 -1.168584315915470E-004
  3.102014099938762E-002 -2.882684350464819E-004
  1.955306498300101E-002 -3.163684968359559E-004
  7.434641639737194E-003 -1.831814048997606E-004
 -4.400312994271420E-004  6.337099108824962E-005
 -9.606301414674817E-004  3.285510731658235E-004
  5.963956769671140E-003  5.088202956553044E-004
  1.741104617582209E-002  5.332880728402064E-004
  2.866932109525436E-002  3.918518884640831E-004
  3.517020115670579E-002  1.388193932775837E-004
  3.433355103735493E-002 -1.291880472314514E-004
  2.658209808725177E-002 -3.118672996608428E-004
  1.512626139523607E-002 -3.446763120658630E-004
  4.624520879508637E-003 -2.232725896729586E-004
 -7.220555747975221E-004 -3.439141445067971E-006
  1.138244095065690E-003  2.229649230482445E-004
  9.310817593397025E-003  3.658446417225762E-004
  2.036195005885509E-002  3.729637192316314E-004
  2.974741242013774E-002  2.497796777030794E-004
  3.366898110284356E-002  5.536631118886805E-005
  3.060098467309761E-002 -1.234103719870492E-004
  2.187379403016111E-002 -2.085297401972104E-004
  1.109203637645148E-002 -1.631370193276472E-004
  2.640367181938882E-003 -6.410066478441754E-006
 -1.046802079757191E-004  1.948718051160270E-004
  3.871644647366685E-003  3.543310632418952E-004
  1.284493652888974E-002  4.019026992923169E-004
  2.308914035585935E-002  3.128883672703604E-004
  3.041412723285786E-002  1.183366953334649E-004
  3.186920956214570E-002 -1.073431369675965E-004
  2.692050804593596E-002 -2.763284087245089E-004
  1.763313047712379E-002 -3.226142384048677E-004
  7.798783496943689E-003 -2.282535331491305E-004
  1.377167773237913E-003 -3.013629394992309E-005
  8.919021823760357E-004  1.951793389762242E-004
  6.430787507722273E-003  3.622062787703578E-004
  1.564613175259207E-002  4.102990472873509E-004
  2.474031974566354E-002  3.268973642896083E-004
  3.002329360190431E-002  1.511343953335228E-004
  2.940325281037212E-002 -4.325491862801792E-005
  2.320835281540804E-002 -1.784452933752726E-004
  1.401685550901085E-002 -2.038950375262883E-004
  5.579271758656563E-003 -1.159028709883476E-004
  1.282301552694244E-003  4.232307386212052E-005
  2.783162940667936E-003  1.997173534359153E-004
  9.364610922058123E-003  2.874036019573434E-004
  1.826106280473242E-002  2.672744105294000E-004
  2.580941615552756E-002  1.474457141616438E-004
  2.894642575290294E-002 -2.154203328397785E-005
  2.644122073015054E-002 -1.679662003917593E-004
  1.936773880371059E-002 -2.287164902069804E-004
  1.063683884534297E-002 -1.753836714156279E-004
  3.791200906478935E-003 -2.603942570998067E-005
  1.561640295953470E-003  1.619648273035446E-004
  4.772797844128446E-003  3.151052555342970E-004
  1.203617367331913E-002  3.732170607447649E-004
  2.034337231741257E-002  3.134719432190107E-004
  2.630639134218653E-002  1.591978850886433E-004
  2.753358185684599E-002 -2.983692973101338E-005
  2.358246936591156E-002 -1.815417398660613E-004
  1.611005459236440E-002 -2.401432266863113E-004
  8.171559653997939E-003 -1.877929685216437E-004
  2.963924115405184E-003 -5.060260748425980E-005
  2.530696291819151E-003  1.130159792965468E-004
  6.952964256050301E-003  2.366595361671465E-004
  1.434651146340438E-002  2.728381770003986E-004
  2.165434251490320E-002  2.115662463918496E-004
  2.590195980833104E-002  8.329798998164188E-005
  2.540038884826883E-002 -5.465955102188123E-005
  2.041072535641422E-002 -1.424123460100887E-004
  1.300915527880693E-002 -1.423479527821118E-004
  6.218933815142644E-003 -5.445051270853129E-005
  2.771603182644338E-003  8.405446978238777E-005
  4.004505141746343E-003  2.143783221448756E-004
  9.339017181981839E-003  2.805882546369254E-004
  1.654231313063894E-002  2.527049058265120E-004
  2.265526391353850E-002  1.390675010574033E-004
  2.520111835062326E-002 -1.697750047245666E-005
  2.318154828443581E-002 -1.545878564527450E-004
  1.745990450874997E-002 -2.199174070445547E-004
  1.038541158550775E-002 -1.876235968476201E-004
  4.821413630565783E-003 -7.075080783006464E-005
  2.979624962710695E-003  8.484947009235349E-005
  5.534992879875069E-003  2.191165176546819E-004
  1.137526820849961E-002  2.817454792559623E-004
  1.807731145958893E-002  2.518266589591153E-004
  2.290669139358972E-002  1.453622382159480E-004
  2.392834668211637E-002  7.871928233130797E-006
  2.077721608417947E-002 -1.046493797715025E-004
  1.478202900962996E-002 -1.485223538240704E-004
  8.401786265360266E-003 -1.096517197409546E-004
  4.213246194273569E-003 -8.400593629576320E-006
  3.865937165708261E-003  1.096606607978804E-004
  7.428194017753396E-003  1.931033159040115E-004
  1.338316380652849E-002  2.060256218328206E-004
  1.926677996422895E-002  1.427155308307941E-004
  2.267992804182976E-002  2.970260357038614E-005
  2.225947200571919E-002 -8.546871084259548E-005
  1.821556021604355E-002 -1.539966180334602E-004
  1.222397664821111E-002 -1.459522804536089E-004
  6.726508820711351E-003 -6.257367529064262E-005
  3.931199847396590E-003  6.420599710998815E-005
  4.921598902820782E-003  1.846887799744609E-004
  9.234039488740461E-003  2.514503917141052E-004
  1.506728275857863E-002  2.383208906358172E-004
  2.003049324316573E-002  1.506648784211663E-004
  2.211898588855053E-002  2.292341882253549E-005
  2.051953009760288E-002 -9.543179506712084E-005
  1.592180794501838E-002 -1.597281595991818E-004
  1.021723460459958E-002 -1.476571604874753E-004
  5.716035516883376E-003 -6.756325619418572E-005
  4.206513343422217E-003  4.570288565089907E-005
  6.239528387145176E-003  1.454598480674628E-004
  1.092441153461198E-002  1.922795051641469E-004
  1.631130445034553E-002  1.696902543545277E-004
  2.019645714490910E-002  9.021867048420544E-005
  2.101823274944727E-002 -1.048715726160957E-005
  1.847976685338196E-002 -8.883958083652853E-005
  1.365026158076326E-002 -1.114549964046132E-004
  8.511617431714105E-003 -6.881627838097098E-005
  5.142145948070574E-003  2.105219370728402E-005
  4.873213151464478E-003  1.202611132003123E-004
  7.760690735210392E-003  1.868118783514936E-004
  1.258062806774885E-002  1.919139132176918E-004
  1.734325994052078E-002  1.317900603788928E-004
  2.010970322043915E-002  2.921831372471562E-005
  1.977630194105849E-002 -7.572136392165502E-005
  1.650956117816985E-002 -1.418433997938319E-004
  1.166067435313610E-002 -1.433774041907833E-004
  7.201795347982309E-003 -8.014279314424145E-005
  4.919175307317003E-003  2.264636957326806E-005
  5.693260114829693E-003  1.247330324826025E-004
  9.155819760241808E-003  1.870214259476897E-004
  1.385733457400790E-002  1.870367587050936E-004
  1.786939528525931E-002  1.274465690741465E-004
  1.957192263118985E-002  3.434588661926188E-005
  1.830389970259034E-002 -5.381127287023218E-005
  1.461629354232038E-002 -1.019952039968456E-004
  1.003071343569481E-002 -9.263841589134277E-005
  6.408832792109544E-003 -3.228766192873131E-005
  5.193596833866486E-003  5.168233901351753E-005
  6.831276157354814E-003  1.227744712268733E-004
  1.060565196291230E-002  1.505842469444367E-004
  1.494536702967963E-002  1.232680319741386E-004
  1.807302509533338E-002  5.222130596222942E-005
  1.872820075088157E-002 -3.283373065813995E-005
  1.667053240719810E-002 -9.622520725354205E-005
  1.276241161943175E-002 -1.110392088124708E-004
  8.603917020522581E-003 -7.014123335392110E-005
  5.874313414540719E-003  1.093476227093512E-005
  5.650978198378865E-003  1.003231856305596E-004
  7.981805198049653E-003  1.627307702609431E-004
  1.188050091837849E-002  1.736220157769702E-004
  1.574053357173568E-002  1.289463797044979E-004
  1.799409686683555E-002  4.654011334645795E-005
  1.774581599086292E-002 -4.125439174786285E-005
  1.512510126610813E-002 -1.006614838550147E-004
  1.121868119145725E-002 -1.098980465985483E-004
  7.616791445471767E-003 -6.755249442081295E-005
  5.762365371998614E-003  7.362255115814651E-006
  6.369511216879675E-003  8.354955254380770E-005
  9.145590316655199E-003  1.303277773781601E-004
  1.292487124769878E-002  1.299901351709791E-004
  1.615355395848847E-002  8.463976276749457E-005
  1.752462574594720E-002  1.483764860455724E-005
  1.650334057268926E-002 -4.923620919489562E-005
  1.353221752806329E-002 -8.038341423282172E-005
  9.837304636758979E-003 -6.555798060474294E-005
  6.920026543854178E-003 -1.107727529886796E-005
  5.944981964089490E-003  6.016759844884932E-005
  7.273091025782558E-003  1.182613685032629E-004
  1.032699043231927E-002  1.386017597882369E-004
  1.383832790920229E-002  1.119693230277451E-004
  1.637127211983875E-002  4.825756635363211E-005
  1.690627624928894E-002 -2.758766310030187E-005
  1.524689317923164E-002 -8.569495780434747E-005
  1.208753086374222E-002 -1.032996857188114E-004
  8.719650591672672E-003 -7.380134631185947E-005
  6.500588948890979E-003 -9.229426586468561E-006
  6.303450308254245E-003  6.478990197698183E-005
  8.170982031542219E-003  1.194363324730976E-004
  1.131051848752134E-002  1.342038976517790E-004
  1.442702681247261E-002  1.048717637753195E-004
  1.625449199169520E-002  4.479390023386310E-005
  1.606766361232408E-002 -2.089009223766321E-005
  1.396734943493762E-002 -6.565823894327275E-005
  1.082714897212853E-002 -7.233836477261165E-005
  7.928209254433579E-003 -3.982541068600961E-005
  6.434469832429606E-003  1.686048190194826E-005
  6.923177805548112E-003  7.307713126550616E-005
  9.159908562789303E-003  1.048677946311676E-004
  1.220555748317796E-002  9.881625668280860E-005
  1.480708960277042E-002  5.744240139869578E-005
  1.590966913683712E-002 -1.997175347270733E-006
  1.508103681380290E-002 -5.472789067487490E-005
  1.267759631301436E-002 -7.868062112021772E-005
  9.688736091713498E-003 -6.352335797159824E-005
  7.327104397706082E-003 -1.484112309163945E-005
  6.534412370765363E-003  4.818229986362306E-005
  7.604060550876698E-003  1.005731160796793E-004
  1.007165502841865E-002  1.216480165994630E-004
  1.291383407616176E-002  1.032686958164906E-004
  1.497043791612996E-002  5.296290792290960E-005
  1.541589472482614E-002 -9.278919183801759E-006
  1.408832397585086E-002 -5.915431348769968E-005
  1.154525259570108E-002 -7.779429121035720E-005
  8.827413068084570E-003 -5.915914010254878E-005
  7.030513246758627E-003 -1.214935238318992E-005
  6.861116739483536E-003  4.332405371542982E-005
  8.356607211939319E-003  8.461529255439845E-005
  1.088014265626999E-002  9.554485638288348E-005
  1.338856529155991E-002  7.278980961728256E-005
  1.486078003275996E-002  2.692858727099396E-005
  1.471082155498692E-002 -2.218652615645932E-005
  1.301862284081357E-002 -5.375110984240855E-005
  1.048775693208216E-002 -5.457938822972400E-005
  8.151286984145014E-003 -2.443137868476622E-005
  6.948521972342223E-003  2.402659090821793E-005
  7.345933262654877E-003  7.054012054530600E-005
  9.155067231452823E-003  9.563216172588807E-005
  1.161829795757735E-002  8.857544083372000E-005
  1.372379581399273E-002  5.173482342988187E-005
  1.461885891165115E-002 -4.445283247954755E-007
  1.395284653888663E-002 -4.733567568085176E-005
  1.201191579474348E-002 -7.047416797736855E-005
  9.594051916454795E-003 -6.094804523042704E-005
  7.678759496356737E-003 -2.286300851596341E-005
  7.028101538611890E-003  2.846303002705138E-005
  7.881560118336583E-003  7.277583906276487E-005
  9.866837498436984E-003  9.303917923468576E-005
  1.215952489988882E-002  8.215705997252005E-005
  1.382335666763850E-002  4.558289304949339E-005
  1.419068320795323E-002 -1.162956491652756E-006
  1.312858626444737E-002 -3.897467321208162E-005
  1.108462567766272E-002 -5.295245768157621E-005
  8.896966481403215E-003 -3.833110911707218E-005
  7.449231019174032E-003 -2.180306893741408E-006
  7.312086397406325E-003  3.973696784491207E-005
  8.516851105644704E-003  6.958888469023088E-005
  1.055082009222309E-002  7.483205106171821E-005
  1.257293095905324E-002  5.329673140335093E-005
  1.375921460244804E-002  1.396269484555123E-005
  1.363626347749989E-002 -2.683176289835476E-005
  1.226788193483529E-002 -5.214625436477304E-005
  1.022149632905068E-002 -5.137563496842007E-005
  8.331137969966689E-003 -2.454610022606727E-005
  7.355919098813174E-003  1.774494542200939E-005
  7.673782969977793E-003  5.867290729708965E-005
  9.133987938120640E-003  8.200741408863947E-005
  1.112572699815252E-002  7.862504081958563E-005
  1.283195733589375E-002  5.008816057339502E-005
  1.356299906879669E-002  7.885016855219526E-006
  1.303371846034107E-002 -3.130285069287762E-005
  1.147294090850804E-002 -5.234195912371664E-005
  9.523276919304201E-003 -4.765217585251038E-005
  7.974986800649640E-003 -2.007060168621795E-005
  7.444038836337915E-003  1.852534406125602E-005
  8.125480297238542E-003  5.220520384167890E-005
  9.720824849162885E-003  6.750498794823946E-005
  1.156626973560067E-002  5.881638115692768E-005
  1.290687149827923E-002  3.048514666830197E-005
  1.320353817297670E-002 -5.173324118183185E-006
  1.234808140642230E-002 -3.306584406897009E-005
  1.070062886291727E-002 -4.155842543789640E-005
  8.936870502679085E-003 -2.720565643533671E-005
  7.769780024799704E-003  3.929945235103287E-006
  7.660318821576970E-003  3.885868740265321E-005
  8.634409352912617E-003  6.304389085669311E-005
  1.027872411031987E-002  6.635887945309625E-005
  1.191438396321777E-002  4.719298240056266E-005
  1.287565064561211E-002  1.306060656736457E-005
  1.277926063952819E-002 -2.249423193706077E-005
  1.167550734575173E-002 -4.540238939385541E-005
  1.002163767351998E-002 -4.672914265330638E-005
  8.490922393271046E-003 -2.620151256910158E-005
  7.697079007621011E-003  7.791696560035907E-006
  7.946821539289252E-003  4.167847489972606E-005
  9.120274439764637E-003  6.220875653281286E-005
  1.072577182569708E-002  6.173797237409271E-005
  1.210429860238573E-002  4.116490869711284E-005
  1.269862763755868E-002  9.380114687071106E-006
  1.227727261505335E-002 -2.049161509245619E-005
  1.102328391828407E-002 -3.648091063868226E-005
  9.453947419134036E-003 -3.258839484704577E-005
  8.206391483260222E-003 -1.108632535160472E-005
  7.777868250386867E-003  1.858112426733820E-005
  8.326513263502021E-003  4.379478832056510E-005
  9.612346208709753E-003  5.398380363177274E-005
  1.110032972085620E-002  4.493278019259695E-005
  1.218137812634480E-002  2.043437384280536E-005
  1.242010723098340E-002 -9.348186548206135E-006
  1.172862967465371E-002 -3.209925022785370E-005
  1.039711582241676E-002 -3.840209585083692E-005
  8.970840252877347E-003 -2.556090156830724E-005
  8.025730581476535E-003  1.343899430578633E-006
  7.934762552536223E-003  3.156295502500555E-005
  8.719900819574239E-003  5.305794646064051E-005
  1.004827181331536E-002  5.735572832466301E-005
  1.137201381318847E-002  4.291005705067304E-005
  1.215310046190063E-002  1.563392791263408E-005
  1.208089916225937E-002 -1.357311504236080E-005
  1.119451822058976E-002 -3.326262221623515E-005
  9.861823717916650E-003 -3.602210063538858E-005
  8.625726295574421E-003 -2.135775445695228E-005
  7.981903998390286E-003  4.258111592560968E-006
  8.178933773610236E-003  3.014520179321731E-005
  9.121393984996501E-003  4.581619712304204E-005
  1.041363432888833E-002  4.521304898897215E-005
  1.152441621656105E-002  2.906755686684987E-005
  1.200399321551807E-002  4.462610315134918E-006
  1.166498316773356E-002 -1.818050309628994E-005
  1.065434716260172E-002 -2.942345934872879E-005
  9.388941705096351E-003 -2.466444982488668E-005
  8.382743194530005E-003 -5.964026911826658E-006
  8.037284203686490E-003  1.887083087164299E-005
  8.480683497109192E-003  3.953540324145178E-005
  9.519727445659921E-003  4.745835461224434E-005
  1.072274999522080E-002  3.928433870268422E-005
  1.159784846630250E-002  1.820334136859911E-005
  1.179289788610513E-002 -7.386990146754923E-006
  1.123607781565642E-002 -2.731281205644850E-005
  1.016089470574982E-002 -3.373603706390449E-005
  9.007256877967581E-003 -2.427686765438613E-005
  8.240453839051497E-003 -2.899492479261353E-006
  8.162508469793571E-003  2.176548692511580E-005
  8.792366360623428E-003  3.994856277167073E-005
  9.862402696059314E-003  4.466912347757766E-005
  1.093095030522903E-002  3.447437970573579E-005
  1.156359752109647E-002  1.390502721915909E-005
  1.150886533533675E-002 -8.461441926327436E-006
  1.079724398412555E-002 -2.355783684185361E-005
  9.724636698407819E-003 -2.550357494823934E-005
  8.728620744302905E-003 -1.392070917116586E-005
  8.209196835440163E-003  6.024899916114976E-006
  8.367406567121287E-003  2.583565214305309E-005
  9.126883332585304E-003  3.721296960575012E-005
  1.016887218651245E-002  3.545188837468877E-005
  1.106487120440228E-002  2.132178426782227E-005
  1.145176085001104E-002  6.900634527379221E-007
  1.117789735784171E-002 -1.792773615697862E-005
  1.036144980187524E-002 -2.686897583946869E-005
  9.338646861113652E-003 -2.244090630594796E-005
  8.524493047878631E-003 -6.393158294781777E-006
  8.243617589061057E-003  1.483167008638576E-005
  8.600166077996629E-003  3.273914370330510E-005
  9.438832598396649E-003  4.022418451706026E-005
  1.041147523545970E-002  3.441151693069246E-005
  1.112080857165686E-002  1.775641447185241E-005
  1.128188577836629E-002 -3.014413881066319E-006
  1.083575131323852E-002 -1.966358774834516E-005
  9.969967140246668E-003 -2.576689127580687E-005
  9.039073740623483E-003 -1.925148575008165E-005
  8.418650650522096E-003 -3.137937702787624E-006
  8.353021655366416E-003  1.578306595276770E-005
  8.858338005949496E-003  2.976966752830005E-005
  9.719448693827496E-003  3.327844883975229E-005
  1.058043881907807E-002  2.516491953938959E-005
  1.109080429513155E-002  9.060009351675963E-006
  1.104727093443066E-002 -8.199531988882529E-006
  1.047391293600010E-002 -1.941833159003484E-005
  9.609046690413358E-003 -1.999100797635613E-005
  8.805577887456241E-003 -9.752634762268034E-006
  8.386417206231823E-003  7.005329918932420E-006
  8.514157832600219E-003  2.333507969649995E-005
  9.127566083429708E-003  3.249329299982070E-005
  9.969618750255930E-003  3.068751099395815E-005
  1.069439875067887E-002  1.859490022573155E-005
  1.100842357866054E-002  1.052507367088549E-006
  1.078869255247466E-002 -1.493327327503804E-005
  1.013000750062283E-002 -2.303179640534761E-005
  9.303445167976293E-003 -2.012689108505379E-005
  8.644088947723567E-003 -7.527947459768322E-006
  8.414496181229719E-003  9.617137786635998E-006
  8.699517434881005E-003  2.444452889212219E-005
  9.374578279341657E-003  3.115360321288300E-005
  1.015918144792071E-002  2.731184484109762E-005
  1.073272120998624E-002  1.476359480385158E-005
  1.086481764892558E-002 -1.200791691561580E-006
  1.050720502290885E-002 -1.405043954541100E-005
  9.810549925436687E-003 -1.867933458022404E-005
  9.060500584417807E-003 -1.344560578663979E-005
  8.560045860184207E-003 -7.696260305408917E-007
  8.506596462565923E-003  1.392750328336761E-005
  8.913624187560844E-003  2.448761089821870E-005
  9.607924171707317E-003  2.654350653818699E-005
  1.030249537156763E-002  1.928060619185370E-005
  1.071442330181109E-002  5.727407053302036E-006
  1.067938105582634E-002 -8.522929886010675E-006
  1.021644361524167E-002 -1.761975832612499E-005
  9.517703473775695E-003 -1.784085631872125E-005
  8.867991009143830E-003 -9.087896360992249E-006
  8.528219774105535E-003  5.103890181110078E-006
  8.630111044905450E-003  1.902743150354648E-005
  9.124746752868876E-003  2.712697378108267E-005
  9.804989416524221E-003  2.623236597485593E-005
  1.039161428327568E-002  1.680306956166273E-005
  1.064735859255841E-002  2.693329205597458E-006
  1.047231762820252E-002 -1.044556247348875E-005
  9.942350498791139E-003 -1.746113021582358E-005
  9.275788704618823E-003 -1.575692756883335E-005
  8.742976530738954E-003 -6.285060964381013E-006
  8.556097801901592E-003  6.908997590797517E-006
  8.784171585838416E-003  1.838124385691477E-005
  9.327251093299408E-003  2.351773439520458E-005
  9.959395111935348E-003  2.038649898014342E-005
  1.042200290811539E-002  1.046936647105224E-005
  1.052898845117604E-002 -2.004326009273094E-006
  1.024104473174237E-002 -1.182936783511807E-005
  9.679390525466227E-003 -1.496536298274388E-005
  9.074325344442424E-003 -1.017165894189159E-005
  8.670377371784882E-003  5.202464858648042E-007
  8.627080977003555E-003  1.267254240112296E-005
  8.955616712006759E-003  2.127558607185376E-005
  9.516438961236587E-003  2.279366673991170E-005
  1.007795954753304E-002  1.658929910337017E-005
  1.041163851935997E-002  5.156346720961342E-006
  1.038445644234216E-002 -6.917572809551999E-006
  1.001137378450206E-002 -1.482339061783360E-005
  9.447127286369631E-003 -1.546969707568056E-005
  8.921570960239609E-003 -8.704255563511053E-006
  8.645559483640340E-003  2.665437822053312E-006
  8.725899524093793E-003  1.404368558825400E-005
  9.123659013221094E-003  2.091985564249434E-005
  9.672071411351856E-003  2.067687341518492E-005
  1.014591188087874E-002  1.360628232071583E-005
  1.035350805137391E-002  2.733093530305930E-006
  1.021381077746343E-002 -7.459102493849654E-006
  9.787550609048182E-003 -1.286911974458667E-005
  9.250546516788428E-003 -1.143116117226472E-005
  8.820824524714044E-003 -3.913810107887780E-006
  8.669729140405404E-003  6.444644519396832E-006
  8.853245579474164E-003  1.529797957580957E-005
  9.291036423092459E-003  1.898280240009627E-005
  9.800976795608369E-003  1.600486739953931E-005
  1.017439144985294E-002  7.621816378581104E-006
  1.026093787660607E-002 -2.701641803866784E-006
  1.002863055432010E-002 -1.072960512791856E-005
  9.575070776090273E-003 -1.318733332662767E-005
  9.086049930109441E-003 -9.083435996037306E-006
  8.759053952795415E-003 -9.103206506517765E-008
  8.723148126898150E-003  1.015462850174410E-005
  8.987725690264660E-003  1.754394447850848E-005
  9.440444253186455E-003  1.915420493957197E-005
  9.894465912700426E-003  1.441059752931484E-005
  1.016515823905857E-002  5.284960793023998E-006
  1.014477929172826E-002 -4.534230717034044E-006
  9.844947564134380E-003 -1.115048957997135E-005
  9.390180525513341E-003 -1.202742340124131E-005
  8.965836495763133E-003 -6.982565649210307E-006
  8.742201276330689E-003  1.785000706591922E-006
  8.805796821825916E-003  1.062851534389674E-005
  9.125608613864404E-003  1.595553525582497E-005
  9.567386586146082E-003  1.568112966409781E-005
  9.949521742049820E-003  1.004488300137003E-005
  1.011726720050171E-002  1.471145485658048E-006
  1.000498881457335E-002 -6.455491206586104E-006
  9.661422234093709E-003 -1.047009041068618E-005
  9.228256410922920E-003 -8.955134911064879E-006
  8.881399601095212E-003 -2.579343653357780E-006
  8.759252972790199E-003  6.002097023667833E-006
  8.907219316406237E-003  1.325134987530122E-005
  9.260673420849245E-003  1.619710349640014E-005
  9.672725117431011E-003  1.363672691899947E-005
  9.974880796507667E-003  6.607193835913457E-006
  1.004556601829498E-002 -2.056653748758619E-006
  9.858656375891388E-003 -8.885924753168767E-006
  9.492664185648557E-003 -1.118335768368187E-005
  9.097437994296416E-003 -8.099414860814069E-006
  8.832475852002147E-003 -9.486237500720715E-007
  8.802236546767378E-003  7.350750809696489E-006
  9.014675752947352E-003  1.347462547311018E-005
  9.379448438417310E-003  1.503543696970647E-005
  9.745921956046512E-003  1.152482416832857E-005
  9.965028272393742E-003  4.482440212241267E-006
  9.949569486266538E-003 -3.164698422421279E-006
  9.708590395882519E-003 -8.311675707997231E-006
  9.342287726896650E-003 -8.935748762220097E-006
  9.000098633547190E-003 -4.896207574944277E-006
  8.819476531068512E-003  2.042467693690183E-006
  8.870422126109291E-003  8.961141090615515E-006
  9.128138951254344E-003  1.299380107119083E-005
  9.484468890010983E-003  1.249559703247913E-005
  9.792908222597643E-003  7.697631904051035E-006
  9.928487444290743E-003  5.900087003690412E-007
  9.838055890616114E-003 -5.908751487261986E-006
  9.560755299823368E-003 -9.149284045943083E-006
  9.210830676404741E-003 -7.825346597711634E-006
  8.930288011338388E-003 -2.490389411763281E-006
  8.831004464250551E-003  4.685346025031642E-006
  8.949879035228663E-003  1.080899340637855E-005
  9.234987541830133E-003  1.344016955896892E-005
  9.567892432247918E-003  1.156816096071743E-005
  9.812547734608271E-003  5.999084929140146E-006
  9.870614572861829E-003 -9.949471981961130E-007
  9.720703974845807E-003 -6.612196481866733E-006
  9.425899409945971E-003 -8.656345695537983E-006
  9.106980554229781E-003 -6.408914836920536E-006
  8.892690574547569E-003 -8.909226398073262E-007
  8.867514404509128E-003  5.582052563230200E-006
  9.038141834418789E-003  1.036005488315748E-005
  9.331914550607492E-003  1.153741545085673E-005
  9.627414170444154E-003  8.711426705605369E-006
  9.804335933459996E-003  3.118948295064880E-006
  9.792175331628261E-003 -2.894521419138397E-006
  9.598036712909409E-003 -6.847637171597350E-006
  9.302613895017365E-003 -7.136531098188241E-006
  9.026437853228670E-003 -3.676872753602547E-006
  8.880491838731869E-003  2.080603886121498E-006
  8.921415446802335E-003  7.758698379432065E-006
  9.129364779237224E-003  1.103107198427550E-005
  9.417159508072842E-003  1.056700988813594E-005
  9.666556012420861E-003  6.561050355382411E-006
  9.776566043247524E-003  6.383244800344407E-007
  9.704085323596187E-003 -4.817888350070955E-006
  9.480498514876888E-003 -7.636654178989421E-006
  9.197890755027992E-003 -6.731480716916332E-006
  8.970892015373863E-003 -2.522937010453999E-006
  8.889955408583164E-003  3.252535593081226E-006
  8.985106072912035E-003  8.261442484291543E-006
  9.214679683154373E-003  1.052151696412503E-005
  9.483241451086475E-003  9.193025907208309E-006
  9.681003642802891E-003  4.895992547577547E-006
  9.728470718012909E-003 -5.672333465447785E-007
  9.608164558101300E-003 -4.962300529976633E-006
  9.370778892308987E-003 -6.534940784682189E-006
  9.113648663723880E-003 -4.713087692693025E-006
  8.940657582646960E-003 -3.180898939376887E-007
  8.920086426492922E-003  4.792782483464273E-006
  9.057495420009967E-003  8.498769529278750E-006
  9.294396888081367E-003  9.283406484650244E-006
  9.532876322977540E-003  6.844183599195571E-006
  9.675813649459989E-003  2.200410102950617E-006
  9.666193359338110E-003 -2.737460885797433E-006
  9.509603332005716E-003 -5.954965645806870E-006
  9.271060712468505E-003 -6.153216170839683E-006
  9.047825669858683E-003 -3.268275751110520E-006
  8.929559656759059E-003  1.516144044139648E-006
  8.962141280198697E-003  6.261115398859246E-006
  9.129733280570493E-003  9.064056541717590E-006
  9.362092436801320E-003  8.825253286441987E-006
  9.563793847979713E-003  5.679860172250236E-006
  9.653219411901601E-003  9.255908866869640E-007
  9.595386281952743E-003 -3.517344555869090E-006
  9.415418203293245E-003 -5.888955408808683E-006
  9.187491572961224E-003 -5.295019984590252E-006
  9.004091025878520E-003 -2.051692435465526E-006
  8.938308334733289E-003  2.464333435103030E-006
  9.014546986737815E-003  6.391596525926186E-006
  9.199366406702181E-003  8.145846553488941E-006
  9.415875083463532E-003  7.056885055129189E-006
  9.575499540934946E-003  3.624413192140585E-006
  9.614013429396804E-003 -7.047495298586334E-007
  9.517179500487350E-003 -4.140347424051980E-006
  9.325777293053122E-003 -5.282688440130489E-006
  9.118284353528256E-003 -3.687295997264731E-006
  8.978550179292307E-003 -3.358113083781282E-008
  8.961769320050087E-003  4.165317261285944E-006
  9.072553283685402E-003  7.187505612185414E-006
  9.263800792335292E-003  7.804157402466671E-006
  9.456519118052944E-003  5.772674753876550E-006
  9.572265975878768E-003  1.924160048606694E-006
  9.564894784886131E-003 -2.184824586787040E-006
  9.438763270102502E-003 -4.909437349472666E-006
  9.246233042865351E-003 -5.181029210641823E-006
  9.065775597698802E-003 -2.929909899600621E-006
  8.969830974858763E-003  9.010000454062829E-007
  8.995579016679585E-003  4.751196346713602E-006
  9.130411059444562E-003  7.080649335716058E-006
  9.317766518314665E-003  6.989468725425865E-006
  9.480672536967437E-003  4.569134781544428E-006
  9.553198354188995E-003  8.476069430558025E-007
  9.506976335027490E-003 -2.643024092568508E-006
  9.362127483232636E-003 -4.495436710411000E-006
  9.178398817719839E-003 -3.994901689933268E-006
  9.030391541070581E-003 -1.397107234063555E-006
  8.977141675826056E-003  2.191993143189092E-006
  9.038449964503594E-003  5.279450947778794E-006
  9.187443466734585E-003  6.598671360894946E-006
  9.362141334855391E-003  5.621861019954750E-006
  9.491063594185627E-003  2.765174907832504E-006
  9.522309954161142E-003 -7.922995337196595E-007
  9.444286187194138E-003 -3.596948379815114E-006
  9.289810167092604E-003 -4.514199057870275E-006
  9.122178873436259E-003 -3.185244405474082E-006
  9.009100671134942E-003 -1.637170141918365E-007
  8.995222720873292E-003  3.318743125796762E-006
  9.084394782064811E-003  5.858143008757740E-006
  9.238706180017757E-003  6.446766483318102E-006
  9.394440040654817E-003  4.873996744214658E-006
  9.488239022691717E-003  1.799716365072186E-006
  9.482741790830104E-003 -1.524619350359488E-006
  9.381321346104945E-003 -3.769322727963453E-006
  9.226119833312681E-003 -4.063296351756091E-006
  9.080420810408484E-003 -2.337088306522174E-006
  9.002724388236044E-003  6.634155249036159E-007
  9.023140794744563E-003  3.692978728973536E-006
  9.131623354259677E-003  5.519634261499982E-006
  9.282629495699211E-003  5.423382873897710E-006
  9.414081149050721E-003  3.479298144245690E-006
  9.472739024474819E-003  5.137503012175578E-007
  9.435624978392133E-003 -2.243458749261833E-006
  9.318878801401581E-003 -3.665414601992890E-006
  9.170648886817231E-003 -3.185196677787478E-006
  9.051129290075212E-003 -1.019102274696082E-006
  9.008013146690773E-003  1.931216401981485E-006
  9.057366488716202E-003  4.453534231758609E-006
  9.177585513556604E-003  5.520999934425667E-006
  9.318691754392006E-003  4.706593079798725E-006
  9.422977769020473E-003  2.349278274515170E-006
  9.448479773847515E-003 -5.920792075301475E-007
  9.385734275795263E-003 -2.933675276053455E-006
  9.261134216787356E-003 -3.747411934570847E-006
  9.125722463025959E-003 -2.731673149378054E-006
  9.034172191479593E-003 -3.239161653519566E-007
  9.022606160506593E-003  2.486679083390613E-006
  9.094249856108724E-003  4.566364912103201E-006
  9.218610496521456E-003  5.095963201639882E-006
  9.344315390293937E-003  3.895663980632665E-006
  9.420212271310584E-003  1.486311647908443E-006
  9.416069363903348E-003 -1.133448014792150E-006
  9.334502331494065E-003 -2.899530455495051E-006
  9.209429568663680E-003 -3.114431540899777E-006
  9.091879476431740E-003 -1.723706104039733E-006
  9.029080969402905E-003  6.726371210935408E-007
  9.045400105478198E-003  3.074351010087637E-006
  9.132812528558760E-003  4.493705125051640E-006
  9.254628326530432E-003  4.357073879156465E-006
  9.360766735232772E-003  2.732675680119111E-006
  9.408227736712174E-003  2.945962374909063E-007
  9.378397153246922E-003 -1.958614330107250E-006
  9.284226376734164E-003 -3.113296371720230E-006
  9.164528712798789E-003 -2.710333891351745E-006
  9.067889945895698E-003 -9.258869456721013E-007
  9.032858231817873E-003  1.507422632928546E-006
  9.072486804315568E-003  3.603433220813721E-006
  9.169422639988265E-003  4.523830533855270E-006
  9.283374566356155E-003  3.914297376555532E-006
  9.367756441042690E-003  2.040455464407065E-006
  9.388634178020525E-003 -3.284460597631999E-007
  9.338273705174784E-003 -2.237370295211327E-006
  9.237885435165103E-003 -2.933395752692771E-006
  9.128613165391363E-003 -2.165855155617022E-006
  9.054587639662753E-003 -2.787587223287470E-007
  9.045020859403162E-003  1.938612172133820E-006
  9.102602939744329E-003  3.578706149812081E-006
  9.202805383465485E-003  3.985189387874475E-006
  9.304212225611466E-003  3.014686922220921E-006
  9.365534805142363E-003  1.086459897337104E-006
  9.362324351447076E-003 -9.968412525562237E-007
  9.296621604497821E-003 -2.381231233005634E-006
  9.195741113071199E-003 -2.509365949206855E-006
  9.100841982060667E-003 -1.343121608005519E-006
  9.050061709477803E-003  6.276714972898393E-007
  9.063120490068910E-003  2.590864499391629E-006
  9.133606742787299E-003  3.745655637703437E-006
  9.231954140789216E-003  3.627303047134639E-006
  9.317748369021498E-003  2.291457948168220E-006
  9.356245170940056E-003  2.853853198426344E-007
  9.332351600252961E-003 -1.579359930081530E-006
  9.256448210149849E-003 -2.558079350189518E-006
  9.159815032600051E-003 -2.272511911895419E-006
  9.081665212426671E-003 -8.581698998618025E-007
  9.053157803270259E-003  1.097925166438229E-006
  9.084905158868780E-003  2.800855859273616E-006
  9.162980169551801E-003  3.571601474117521E-006
  9.254914568114142E-003  3.118926829397418E-006
  9.323113502801454E-003  1.650265282419137E-006
  9.340147508615277E-003 -2.207285025719192E-007
  9.299704514758403E-003 -1.729380231424210E-006
  9.218832670655271E-003 -2.272142391122585E-006
  9.130694335958332E-003 -1.648446445132191E-006
  9.070903976196209E-003 -1.354179614358838E-007
  9.063074678919049E-003  1.632242744010311E-006
  9.109435656093972E-003  2.925585322620304E-006
  9.190244229076818E-003  3.219070131920785E-006
  9.272101104968263E-003  2.401391613930878E-006
  9.321672114984698E-003  8.152437131860630E-007
  9.319182393618659E-003 -8.876689075803651E-007
  9.266223785662319E-003 -2.015021714835858E-006
  9.184798370029074E-003 -2.115193089156359E-006
  9.108113726089396E-003 -1.157372974768238E-006
  9.066976862043217E-003  4.610925920175371E-007
  9.077358938864931E-003  2.080717592688003E-006
  9.134147283440561E-003  3.049671885936670E-006
  9.213523084275159E-003  2.986769768842960E-006
  9.282875868526547E-003  1.931403021285662E-006
  9.314131100367431E-003  3.214383097412989E-007
  9.295046209729377E-003 -1.189459184128453E-006
  9.233932627972126E-003 -1.998843145731944E-006
  9.155989104747565E-003 -1.797638394085105E-006
  9.092853777594848E-003 -6.899195446059038E-007
  9.069703718326917E-003  8.562187219275465E-007
  9.095159769636423E-003  2.204195572795886E-006
  9.158041659914488E-003  2.809482080799757E-006
  9.232186043583036E-003  2.438676255274189E-006
  9.287258539717387E-003  1.259051752652841E-006
  9.301094967570367E-003 -2.357046986021015E-007
  9.268553609428841E-003 -1.430995615847179E-006
  9.203346397711209E-003 -1.842809640902477E-006
  9.132210922344935E-003 -1.312594126143668E-006
  9.083894944642720E-003 -6.732581440903101E-008
  9.077488702014292E-003  1.377651830187672E-006
  9.114837730711296E-003  2.431435148054271E-006
  9.180047698593411E-003  2.668168844747409E-006
  9.246177735542142E-003  1.997600274985987E-006
  9.286307466120991E-003  6.974755334123217E-007
  9.284433790535025E-003 -7.034286432634690E-007
  9.241789018631544E-003 -1.642226201037925E-006
  9.176089994655356E-003 -1.749640080313569E-006
  9.114125799608163E-003 -9.962715875195195E-007
  9.080782051018792E-003  3.005422393120789E-007
  9.088996737545849E-003  1.610010614342001E-006
  9.134699469939242E-003  2.405347230197964E-006
  9.198709359216312E-003  2.376229057105384E-006
  9.254721037475395E-003  1.550438973514021E-006
  9.280056798528665E-003  2.769056752864919E-007
  9.264792004649381E-003 -9.208484555555096E-007
  9.215583953779739E-003 -1.559541208429101E-006
  9.152732296824300E-003 -1.391233863363818E-006
  9.101760495527680E-003 -5.000143608992343E-007
  9.083006664000042E-003  7.373913210008343E-007
  9.103466639698025E-003  1.809061712309862E-006
  9.154158087503020E-003  2.277811808313502E-006
  9.213991526190173E-003  1.957756521273145E-006
  9.258485704877818E-003  9.864228673263682E-007
  9.269728188156842E-003 -2.353253233361607E-007
  9.243530783634765E-003 -1.209337729483278E-006
  9.190924406872884E-003 -1.543438296669486E-006
  9.133471248304846E-003 -1.109039394004440E-006
  9.094382489030644E-003 -8.991204115628287E-008
  9.089098530602311E-003  1.096121960921336E-006
  9.119152634065507E-003  1.969112358416878E-006
  9.171753736768517E-003  2.181645514625207E-006
  9.225173451176799E-003  1.657195738920347E-006
  9.257671579116387E-003  6.170320716350624E-007
  9.256295411880588E-003 -5.135657751352863E-007
  9.221992978255203E-003 -1.280075679386676E-006
  9.169024707158567E-003 -1.382612632730372E-006
  9.118995443382211E-003 -7.944362734400951E-007
  9.092001576811238E-003  2.318316708793369E-007
  9.098519115043705E-003  1.271059815739420E-006
  9.135305311393387E-003  1.900545745145119E-006
  9.186913736501929E-003  1.871184653187948E-006
  9.232126929776291E-003  1.205626259404139E-006
  9.252630426716918E-003  1.847832738061703E-007
  9.240384011189137E-003 -7.701543172243938E-007
  9.200725480567138E-003 -1.270830823302329E-006
  9.150013225185260E-003 -1.118994987288235E-006
  9.108842122449376E-003 -3.844189474005558E-007
  9.093643963252943E-003  6.269757576167261E-007
  9.110096295913944E-003  1.500312592156466E-006
  9.150981280869519E-003  1.881400112649985E-006
  9.199296042925083E-003  1.619506661323956E-006
  9.235278473370681E-003  8.258233712524878E-007
  9.244447089570408E-003 -1.748791433590221E-007
  9.223385639409071E-003 -9.783406557948475E-007
  9.180963994892988E-003 -1.265186241790005E-006
  9.134568065535699E-003 -9.286670957478837E-007
  9.102937989888227E-003 -1.146377304948354E-007
  9.098563290943220E-003  8.411111673747333E-007
  9.122719722445131E-003  1.551306268166636E-006
  9.165117937696128E-003  1.734316546183420E-006
  9.208238415154486E-003  1.326134587760999E-006
  9.234529093497916E-003  5.026195223034294E-007
  9.233510207163698E-003 -3.956144437431620E-007
  9.205911818838902E-003 -1.003771687948305E-006
  9.163212909856753E-003 -1.081008746158113E-006
  9.122836242503599E-003 -6.060407836942601E-007
  9.101007955058421E-003  2.176947996678131E-007
  9.106206611984642E-003  1.048042423190118E-006
  9.135844844037375E-003  1.545092637298979E-006
  9.177479347502527E-003  1.509174298350808E-006
  9.213992921252700E-003  9.599963152870580E-007
  9.230592524600121E-003  1.257129681219300E-007
  9.220763872570153E-003 -6.523751569348316E-007
  9.188787444605237E-003 -1.059684012042229E-006
  9.147847853301081E-003 -9.354932805730891E-007
  9.114566504055758E-003 -3.360643347581595E-007
  9.102223124355102E-003  4.909299997289156E-007
  9.115429237730671E-003  1.209070255241601E-006
  9.148388393250917E-003  1.530319849266541E-006
  9.187394775617109E-003  1.330656144299870E-006
  9.216496636840281E-003  6.977480808688668E-007
  9.223985689856566E-003 -1.076065273141529E-007
  9.207073609282738E-003 -7.594159610943794E-007
  9.172889354110227E-003 -9.991213307156916E-007
  9.135447687792925E-003 -7.389119436769822E-007
  9.109875176283685E-003 -9.439318033791973E-008
  9.106271155707009E-003  6.655241530548108E-007
  9.125693975008151E-003  1.229965503132285E-006
  9.159865942086435E-003  1.372662904076705E-006
  9.194661709023293E-003  1.042281658253398E-006
  9.215912397286870E-003  3.804785367354210E-007
  9.215141950831096E-003 -3.385316323091723E-007
  9.192914665193171E-003 -8.212451771281025E-007
  9.158473921119872E-003 -8.742994392200725E-007
  9.125872839444904E-003 -4.815784244383668E-007
  9.108214680145546E-003  1.916401407253346E-007
  9.112362223698186E-003  8.681355373401813E-007
  9.136250901359109E-003  1.272613832228297E-006
  9.169855128409420E-003  1.243247250678741E-006
  9.199363102595054E-003  7.957455647682244E-007
  9.212823094424385E-003  1.146848711217115E-007
  9.204954094234243E-003 -5.233730706479682E-007
  9.179185787659430E-003 -8.628958082245552E-007
  9.146142749903451E-003 -7.722934515648583E-007
  9.119238590156705E-003 -2.952509217396313E-007
  9.109205843518219E-003  3.695272069696989E-007
  9.119791391086823E-003  9.509116500967695E-007
  9.146342665273463E-003  1.215953651291675E-006
  9.177814430838154E-003  1.063350398804171E-006
  9.201333574912048E-003  5.622298101710740E-007
  9.207436586323184E-003 -7.859879721738859E-008
  9.193849820816545E-003 -5.974214067781248E-007
  9.166303807267436E-003 -7.864458740105981E-007
  9.136095597786881E-003 -5.751273505336364E-007
  9.115433713877984E-003 -5.660998915812690E-008
  9.112482614638194E-003  5.525662269314019E-007
  9.128117074431126E-003  1.002174017998884E-006
  9.155675162541710E-003  1.110346846586437E-006
  9.183765772774168E-003  8.364378996424756E-007
  9.200949363982780E-003  2.955902735111561E-007
  9.200369650693813E-003 -2.900506202532056E-007
  9.182462055162847E-003 -6.828178486214520E-007
  9.154670754529809E-003 -7.260395822269948E-007
  9.128332731623797E-003 -4.064344695500348E-007
  9.114031687057678E-003  1.423963041366231E-007
  9.117324939243065E-003  6.959628197522360E-007
  9.136567534901040E-003  1.030863480991589E-006
  9.163683572075637E-003  1.015019333457902E-006
  9.187529280823404E-003  6.596912158236094E-007
  9.198448528183540E-003  1.127992218147115E-007
  9.192159287684298E-003 -4.028886196722763E-007
  9.171407758980578E-003 -6.808809155488366E-007
  9.144753391599994E-003 -6.141077977417625E-007
  9.123018769564303E-003 -2.365782743640812E-007
  9.114875683857939E-003  2.926695206712825E-007
  9.123366752129332E-003  7.559498907346768E-007
  9.144756807658024E-003  9.660092855818094E-007
  9.170144735682700E-003  8.413987850105041E-007
  9.189142715990200E-003  4.378293284339987E-007
  9.194103155138378E-003 -7.652543450039958E-008
  9.183174223981990E-003 -4.909374349925371E-007
  9.160964343644794E-003 -6.382536786121351E-007
  9.136581759611273E-003 -4.621138615903269E-007
  9.119881326547702E-003 -3.829612689681478E-008
  9.117464119720246E-003  4.577986596810699E-007
  9.130052853929108E-003  8.235846094607653E-007
  9.152285351562919E-003  9.117446240588142E-007
  9.174974197235767E-003  6.891679654205031E-007
  9.188881718733539E-003  2.488410164431262E-007
  9.188459997331123E-003 -2.294565783494100E-007
  9.174042513871383E-003 -5.530171887734815E-007
  9.151623000481966E-003 -5.942514939773746E-007
  9.130346414222380E-003 -3.412837169808833E-007
  9.118761207650875E-003  9.896840042941966E-008
  9.121368071773080E-003  5.457751005184199E-007
  9.136857778669422E-003  8.187315430618467E-007
  9.158726585393387E-003  8.106290800389130E-007
  9.177985160110589E-003  5.296052263366868E-007
  9.186833749452601E-003  9.398764565243722E-008
  9.181801755122215E-003 -3.173612185063892E-007
  9.165088755977872E-003 -5.384254360669036E-007
  9.143590598444686E-003 -4.830781121985464E-007
  9.126038817740233E-003 -1.787371041548475E-007
  9.119439058770499E-003  2.464927729246192E-007
  9.126260500748423E-003  6.172884951824628E-007
  9.143502957475286E-003  7.829278118131915E-007
  9.163991706569835E-003  6.780938601314002E-007
  9.179343190083605E-003  3.481912378633091E-007
  9.183376546944301E-003 -7.057181760044844E-008
  9.174583451842014E-003 -4.076204571359284E-007
  9.156670292684283E-003 -5.275917640796429E-007
  9.136981491872857E-003 -3.846920721915185E-007
  9.123473276960526E-003 -4.004029694445544E-008
  9.121484148187748E-003  3.644984440990803E-007
  9.131612297760926E-003  6.647799390628228E-007
  9.149542929486831E-003  7.410289837503081E-007
  9.167866767097658E-003  5.655877846506112E-007
  9.179124434925160E-003  2.127258454212528E-007
  9.178826419798877E-003 -1.728986256819712E-007
  9.167226565965041E-003 -4.357565033037985E-007
  9.149149546904023E-003 -4.724534984471763E-007
  9.131970744417323E-003 -2.726858735850505E-007
  9.122593387990057E-003  7.808849323758638E-008
  9.124661283430646E-003  4.347629910583193E-007
  9.137131900252074E-003  6.522749657484890E-007
  9.154767407019891E-003  6.443580734711610E-007
  9.170316692473627E-003  4.175819099557450E-007
  9.177480256105092E-003  6.726649948738104E-008
  9.173446298463925E-003 -2.625044383293721E-007
  9.159977717088990E-003 -4.380426906349802E-007
  9.142631282802910E-003 -3.901406097517728E-007
  9.128452500639693E-003 -1.412454187347354E-007
  9.123101648445316E-003  2.048973646718108E-007
  9.128582714039948E-003  5.063986165990070E-007
  9.142485703287516E-003  6.412324948139947E-007
  9.159026827715442E-003  5.563942843184298E-007
  9.171439139319140E-003  2.884316413607357E-007
  9.174726098994826E-003 -5.255509242757445E-008
  9.167658145248513E-003 -3.284472276081739E-007
  9.153215188330083E-003 -4.293281244342326E-007
  9.137318718821579E-003 -3.174899579843661E-007
  9.126391849280014E-003 -4.160293752322745E-008
  9.124752135982690E-003  2.842461067313234E-007
  9.132894960736543E-003  5.276470472986473E-007
  9.147349237006623E-003  5.916531620439251E-007
  9.162140744777053E-003  4.534033388339633E-007
  9.171247143160196E-003  1.721839090378486E-007
  9.171036347267812E-003 -1.358689159422326E-007
  9.161701506008009E-003 -3.456824669715519E-007
  9.147126477426343E-003 -3.740404755051332E-007
  9.133259328548872E-003 -2.126485025674181E-007
  9.125674179662457E-003  6.965067340510891E-008
  9.127320265839425E-003  3.559484595003506E-007
  9.137366630046554E-003  5.293901783367863E-007
  9.151594016175713E-003  5.205713155454210E-007
  9.164152603721852E-003  3.350212288785581E-007
  9.169954006025178E-003  4.992906433090441E-008
  9.166719949341592E-003 -2.181202504947604E-007
  9.155863373432140E-003 -3.609184964612890E-007
  9.141862418902700E-003 -3.223487080380070E-007
  9.130402815436643E-003 -1.204002052497432E-007
  9.126058680340186E-003  1.611187817090520E-007
  9.130457282695995E-003  4.073839206878747E-007
  9.141663548789796E-003  5.194091127987599E-007
  9.155015552537919E-003  4.538211384702755E-007
  9.165051505480085E-003  2.395669729033845E-007
  9.167732218757343E-003 -3.486609048676082E-008
  9.162055096152061E-003 -2.581119649387094E-007
  9.150415288749462E-003 -3.412834464210062E-007
  9.137586231011923E-003 -2.535472757321220E-007
  9.128752503181799E-003 -3.367144156443242E-008
  9.127405204871774E-003  2.267644814494857E-007
  9.133953773423496E-003  4.212726394320136E-007
  9.145605627606832E-003  4.718128632494951E-007
  9.157543718167190E-003  3.599670563912015E-007
  9.164906249236429E-003  1.334921548963599E-007
  9.164755408967204E-003 -1.140347323286390E-007
  9.157238342942074E-003 -2.818363079015328E-007
  9.145482280448151E-003 -3.029086415020734E-007
  9.134284856124119E-003 -1.707170127951307E-007
  9.128147468802059E-003  5.899261016321551E-008
  9.129457409504004E-003  2.916420255673796E-007
  9.137552441775987E-003  4.326707936506441E-007
  9.149033538959839E-003  4.258357077717245E-007
  9.159180873149441E-003  2.754607457172816E-007
  9.163883692439510E-003  4.385938149628859E-008
  9.161295356663436E-003 -1.746722616087914E-007
  9.152547629766854E-003 -2.924304068800778E-007
  9.141248899749307E-003 -2.636570411332208E-007
  9.131987285172803E-003 -1.024157677657203E-007
  9.128459148078775E-003  1.239850731666124E-007
  9.131986050711402E-003  3.230003720848696E-007
  9.141014753221762E-003  4.146387389386301E-007
  9.151788199966699E-003  3.636013179279383E-007
  9.159898686909057E-003  1.928512141950305E-007
  9.162081554745530E-003 -2.659706161461627E-008
  9.157519819358624E-003 -2.051770204825256E-007
  9.148138835994982E-003 -2.713273819280667E-007
  9.137786566875293E-003 -2.002015403690664E-007
  9.130647649125337E-003 -2.302280420302614E-008
  9.129544492543081E-003  1.864143497343412E-007
  9.134814769335441E-003  3.422914395916829E-007
  9.144211213923044E-003  3.817382609269408E-007
  9.153849279469193E-003  2.900003252669724E-007
  9.159803658728337E-003  1.057498227083866E-007
  9.159697879895731E-003 -9.532458342280649E-008
  9.153643618698784E-003 -2.316913792446623E-007
  9.144159041065716E-003 -2.490784918038023E-007
  9.135114210324716E-003 -1.420741003016866E-007
  9.130144721977837E-003  4.435406312129533E-008
  9.131183509527605E-003  2.337481470992408E-007
  9.137703391529993E-003  3.495204070245703E-007
  9.146966534635552E-003  3.459144662233137E-007
  9.155165076064493E-003  2.260468546095456E-007
  9.158978122092553E-003  3.991930548429998E-008
  9.156908768725887E-003 -1.364985994410149E-007
  9.149863178624654E-003 -2.323734562333532E-007
  9.140748451107550E-003 -2.105632829372513E-007
  9.133266476110184E-003 -8.210908709811326E-008
  9.130403811189873E-003  9.898942277744287E-008
  9.133233318760944E-003  2.583027104478696E-007
  9.140508058345884E-003  3.314256453796540E-007
  9.149200175682198E-003  2.899096490081642E-007
  9.155752764432718E-003  1.522411901283269E-007
  9.157527482541138E-003 -2.435600390396447E-008
  9.153859064190266E-003 -1.676909468665734E-007
  9.146295642803047E-003 -2.200912994328364E-007
  9.137939561316959E-003 -1.615790625848444E-007
  9.132168714034597E-003 -1.744100994458024E-008
  9.131265108152903E-003  1.526467533201352E-007
  9.135507157406178E-003  2.792704505929616E-007
  9.143086336273497E-003  3.115266207069181E-007
  9.150869836536535E-003  2.373777943214963E-007
  9.155688097509227E-003  8.798840523263737E-008
  9.155618331834602E-003 -7.548422193560776E-008
  9.150744552293410E-003 -1.870454426665704E-007
  9.143094135265503E-003 -2.026133625719420E-007
  9.135788685021589E-003 -1.175169463978672E-007
  9.131764446642121E-003  3.220165651679232E-008
  9.132586538546452E-003  1.849687542237229E-007
  9.137835600289284E-003  2.789584766478826E-007
  9.145306718942162E-003  2.770920517456682E-007
  9.151928178423733E-003  1.816465112806977E-007
  9.155017562713409E-003  3.271759516956617E-008
  9.153361807750497E-003 -1.085982876232741E-007
  9.147686602595911E-003 -1.852662171832092E-007
  9.140334108067191E-003 -1.673499766454929E-007
  9.134291083059080E-003 -6.372770403480215E-008
  9.131970368118953E-003  8.208918783981714E-008
  9.134242594573325E-003  2.101050904780964E-007
  9.140106400341130E-003  2.684013388333862E-007
  9.147121269372074E-003  2.340681144125832E-007
  9.152416585709325E-003  1.220823139463265E-007
  9.153859983587812E-003 -2.128964686117223E-008
  9.150909714351750E-003 -1.376694125999092E-007
  9.144810635211397E-003 -1.803783108458622E-007
  9.138064116947165E-003 -1.331756314502605E-007
  9.133397100656694E-003 -1.641055552059388E-008
  9.132654966362013E-003  1.217215439785372E-007
  9.136067483079453E-003  2.250650254803673E-007
  9.142179497161850E-003  2.523236887730545E-007
  9.148464658334684E-003  1.935381853944644E-007
  9.152363731596315E-003  7.364731231751794E-008
  9.152320972811859E-003 -5.811745001773478E-008
  9.148399092932554E-003 -1.485036966490872E-007
  9.142230076196767E-003 -1.618306628582256E-007
  9.136331517513972E-003 -9.414631873450714E-008
  9.133074535252863E-003  2.566815718811071E-008
  9.133726149684242E-003  1.480975486266648E-007
  9.137952661895748E-003  2.233581540403930E-007
  9.143978282956673E-003  2.215633524386635E-007
  9.149325172984415E-003  1.445281055546895E-007
  9.151826787188691E-003  2.455724788450726E-008
  9.150500320527563E-003 -8.909888731831269E-008
  9.145927162202885E-003 -1.504546680188240E-007
  9.139994580508981E-003 -1.353825939895450E-007
  9.135112582101246E-003 -5.108329368320372E-008
  9.133230661308993E-003  6.727084176298090E-008
  9.135055390349847E-003  1.711740217114134E-007
  9.139782616606936E-003  2.186175855073471E-007
  9.145445119399142E-003  1.910090758985389E-007
  9.149725966899782E-003  1.003723201970916E-007
  9.150901502105182E-003 -1.594608569010975E-008
  9.148530347571217E-003 -1.107412205711711E-007
  9.143613257726174E-003 -1.461797634939316E-007
  9.138166880060583E-003 -1.089594208375675E-007
  9.134392562797114E-003 -1.532376075179455E-008
  9.133782605477852E-003  9.594726105061391E-008
  9.136526643031124E-003  1.795572922738390E-007
  9.141454038559014E-003  2.021085485195998E-007
  9.146527728631625E-003  1.554249889279194E-007
  9.149681519507503E-003  5.946865800387119E-008
  9.149656865074525E-003 -4.617505865357369E-008
  9.146500420362875E-003 -1.186256417495149E-007
  9.141525953530742E-003 -1.291225954637857E-007
  9.136763905096990E-003 -7.446093729315359E-008
  9.134128934892662E-003  2.209407353423303E-008
  9.134646568778815E-003  1.206274833125079E-007
  9.138051123765169E-003  1.809953165802680E-007
  9.142912215406345E-003  1.790986463810102E-007
  9.147230876223700E-003  1.164225421480949E-007
  9.149257085664135E-003  1.907467558644869E-008
  9.148194530936347E-003 -7.313526148404115E-008
  9.144508972030931E-003 -1.230097784367572E-007
  9.139721204868010E-003 -1.109885155304613E-007
  9.135775992525142E-003 -4.281984034452865E-008
  9.134248636451330E-003  5.312030247157927E-008
  9.135712739795581E-003  1.376276329660214E-007
  9.139522717089742E-003  1.766796858467940E-007
  9.144092999081371E-003  1.551170174393860E-007
  9.147553623952384E-003  8.249377765314391E-008
  9.148511317569816E-003 -1.115441486402609E-008
  9.146606443177061E-003 -8.776399838938472E-008
  9.142643376523797E-003 -1.167575697091953E-007
  9.138247799614967E-003 -8.729553514935738E-008
  9.135196584718759E-003 -1.235633865443369E-008
  9.134696330463387E-003  7.688370195373499E-008
  9.136903341178360E-003  1.439510434163739E-007
  9.140875806642268E-003  1.619251680465025E-007
  9.144971188317891E-003  1.241974770212140E-007
  9.147521413276283E-003  4.684366841432663E-008
  9.147508482819837E-003 -3.822676214905037E-008
  9.144967009440100E-003 -9.643384629000212E-008
  9.140954749051980E-003 -1.045800511726813E-007
  9.137109400720229E-003 -6.008883977247216E-008
  9.134977152719576E-003  1.824237433622934E-008
  9.135388125332430E-003  9.815689481908982E-008
  9.138130837851527E-003  1.471911078441361E-007
  9.142053084000984E-003  1.458220098675806E-007
  9.145542124562006E-003  9.518882680807369E-008
  9.147184254097478E-003  1.634134969263111E-008
  9.146334125322880E-003 -5.855831395871656E-008
  9.143364701432677E-003 -9.940323119252904E-008
  9.139501347580303E-003 -9.028633108430670E-008
  9.136313323390152E-003 -3.572303165393178E-008
  9.135073541251395E-003  4.147899241259569E-008
  9.136247682592278E-003  1.097176810906719E-007
  9.139317568091851E-003  1.415098519281498E-007
  9.143005368120636E-003  1.245438677582709E-007
  9.145802008232945E-003  6.642686575482051E-008
  9.146581410986586E-003 -8.700422668580525E-009
  9.145050677873651E-003 -7.018957766417251E-008
  9.141856395237676E-003 -9.339362554500238E-008
  9.138309085827237E-003 -6.955837215300749E-008
  9.135842955188395E-003 -9.130197388828504E-009
  9.135433510668534E-003  6.276149894177351E-008
  9.137209414181982E-003  1.167024990588475E-007
  9.140412834663167E-003  1.309755711972542E-007
  9.143719231493472E-003  1.002506688029293E-007
  9.145781845571079E-003  3.751234921321337E-008
  9.145777193397429E-003 -3.145799379034301E-008
  9.143730737928971E-003 -7.870322406863174E-008
  9.140494134001663E-003 -8.544098805622022E-008
  9.137388372803200E-003 -4.953803943540915E-008
  9.135662179729226E-003  1.386123105198775E-008
  9.135987610591954E-003  7.870742881750111E-008
  9.138196475605775E-003  1.187393005668635E-007
  9.141360747528474E-003  1.181071999251937E-007
  9.144179356254646E-003  7.762908625425378E-008
  9.145510303802215E-003  1.421179762471249E-008
  9.144830575415914E-003 -4.622743139118598E-008
  9.142438743889800E-003 -7.937878711873755E-008
  9.139322036276038E-003 -7.234799484287567E-008
  9.136746601289910E-003 -2.869776721405841E-008
  9.135740896810657E-003  3.324655882853375E-008
  9.136682884140712E-003  8.804085647442758E-008
  9.139156601255707E-003  1.135326894816101E-007
  9.142132214177747E-003  9.978287887376570E-008
  9.144391911227298E-003  5.290833438582446E-008
  9.145025631149287E-003 -7.634555798774220E-009
  9.143794933433706E-003 -5.712921843610852E-008
  9.141219656022404E-003 -7.569052614091158E-008
  9.138356353024764E-003 -5.625282130397019E-008
  9.136362724713154E-003 -7.250329291544347E-009
  9.136027496887709E-003  5.101834041038161E-008
  9.137456557627132E-003  9.477812023436478E-008
  9.140040106816960E-003  1.064530907641897E-007
  9.142709991524845E-003  8.169411798394479E-008
  9.144378801817411E-003  3.095202233472094E-008
  9.144380318955869E-003 -2.496150492186470E-008
  9.142733008928282E-003 -6.344137719718555E-008
  9.140122500720632E-003 -6.925769212579582E-008
  9.137614267303473E-003 -4.060643436930943E-008
  9.136216772341825E-003  1.036033243032091E-008
  9.136474108768718E-003  6.265796316587621E-008
  9.138252588488646E-003  9.508960436683319E-008
  9.140804818910709E-003  9.482328431694620E-008
  9.143081252922451E-003  6.245544081429672E-008
  9.144159466473857E-003  1.156403066145071E-008
  9.143615669497134E-003 -3.698573000018222E-008
  9.141688916928020E-003 -6.359988933758585E-008
  9.139174595275757E-003 -5.787132663601428E-008
  9.137094277519563E-003 -2.265731939687432E-008
  9.136278870667296E-003  2.727498163514331E-008
  9.137035067256131E-003  7.140657704829966E-008
  9.139028894594980E-003  9.186403894521833E-008
  9.141430311816495E-003  8.062318689786086E-008
  9.143256489976466E-003  4.261946090591827E-008
  9.143771901327294E-003 -6.434949437316661E-009
  9.142782431188190E-003 -4.656663382026431E-008
  9.140706014309562E-003 -6.168849071679989E-008
  9.138394482985307E-003 -4.605722508302089E-008
  9.136782392316101E-003 -6.451263066432437E-009
  9.136507513245119E-003  4.075045039520883E-008
  9.137657028352966E-003  7.633242019808683E-008
  9.139740321281660E-003  8.605598737414326E-008
  9.141896047628781E-003  6.634491127852087E-008
  9.143246228727978E-003  2.557364940409688E-008
  9.143251878492185E-003 -1.949820651948110E-008
  9.141926189473010E-003 -5.063079058155928E-008
  9.139821076452169E-003 -5.550448503759309E-008
  9.137795853799950E-003 -3.261390047604304E-008
  9.136664882731382E-003  8.287991358267709E-009
  9.136868593298495E-003  5.030904206617676E-008
  9.138300703004140E-003  7.636514709627834E-008
  9.140359276661250E-003  7.610116567694159E-008
  9.142197670536182E-003  4.998407320521671E-008
  9.143070845084360E-003  8.953015347324997E-009
  9.142635461649668E-003 -3.016649144844228E-008
  9.141082965688808E-003 -5.156510573563279E-008
  9.139054238343405E-003 -4.684005060170792E-008
  9.137373572060613E-003 -1.829323767787160E-008
  9.136712307288828E-003  2.215331759259273E-008
  9.137319319674661E-003  5.792203138531375E-008
  9.138926472632970E-003  7.455803218533698E-008
  9.140864738896165E-003  6.555081940671206E-008
  9.142340894183903E-003  3.485652224544564E-008
  9.142760424003754E-003 -4.852332855753927E-009
  9.141965257017543E-003 -3.743908130508587E-008
  9.140291344357638E-003 -4.988054814516527E-008
  9.138425422518784E-003 -3.748880370940622E-008
  9.137121888283466E-003 -5.683852383386562E-009
  9.136896443939708E-003  3.234931643887592E-008
  9.137820860942013E-003  6.111043845390981E-008
  9.139500452851444E-003  6.908910539534208E-008
  9.141240692254960E-003  5.336102760234889E-008
  9.142332749335336E-003  2.064069563077404E-008
  9.142340623561932E-003 -1.558287749587037E-008
  9.141273618534613E-003 -4.060969629236887E-008
  9.139576029090315E-003 -4.449936235341689E-008
  9.137940900568029E-003 -2.602557446146690E-008
  9.137025832707691E-003  6.956633404986503E-009
  9.137187306551451E-003  4.082667613516831E-008
  9.138340804097070E-003  6.180050256031651E-008
  9.140001495579518E-003  6.151714220390576E-008
  9.141486373071583E-003  4.034789639731523E-008
  9.142193638134316E-003  7.121447401607860E-009
  9.141845115838095E-003 -2.457173383744897E-008
  9.140594111104626E-003 -4.194984162708572E-008
  9.138957023421483E-003 -3.820274572679022E-008
  9.137598988464415E-003 -1.516344308819165E-008
  9.137062458875501E-003  1.755722962552322E-008
  9.137549428593156E-003  4.657098686284147E-008
  9.138844665651159E-003  6.018287325465424E-008
  9.140408957464126E-003  5.309694469307289E-008
  9.141602128240030E-003  2.846378174382334E-008
  9.141943649283486E-003 -3.519627373433919E-009
  9.141304799580896E-003 -2.984017429201567E-008
  9.139955598752077E-003 -3.997531374287422E-008
  9.138449647934251E-003 -3.011261722717944E-008
  9.137395874211406E-003 -4.590647558240415E-009
  9.137211234268847E-003  2.598071158988938E-008
  9.137954758827622E-003  4.911028334607646E-008
  9.139308919332543E-003  5.551163169302446E-008
  9.140713695130129E-003  4.281582570618767E-008
  9.141596829185644E-003  1.642813194088560E-008
  9.141605654483093E-003 -1.277607755695192E-008
  9.140746627108868E-003 -3.293680401002166E-008
  9.139377439802572E-003 -3.602813480916015E-008
  9.138057073090688E-003 -2.105421873782429E-008
  9.137316567768734E-003  5.647873192254133E-009
  9.137444471757652E-003  3.307894244294363E-008
  9.138373594875387E-003  5.009762748758518E-008
  9.139713424842988E-003  4.993285874719017E-008
  9.140912944743593E-003  3.286223206450282E-008
  9.141486031305192E-003  5.998784821198763E-009
  9.141207277179078E-003 -1.968546497817135E-008
  9.140199405368169E-003 -3.385428942938190E-008
  9.138878483339788E-003 -3.097909080176827E-008
  9.137781201117938E-003 -1.250425275583693E-008
  9.137345860066121E-003  1.384076529315734E-008
  9.137736404152032E-003  3.726213389817828E-008
  9.138780090660025E-003  4.831434666960272E-008
  9.140042361012037E-003  4.270144353062356E-008
  9.141006589825085E-003  2.293743170262243E-008
  9.141284411949696E-003 -2.774333032713011E-009
  9.140771041063782E-003 -2.394791103167323E-008
  9.139683517174138E-003 -3.209472575096398E-008
  9.138468120770590E-003 -2.413114497875761E-008
  9.137616353159558E-003 -3.547058615923391E-009
  9.137465315093286E-003  2.110462958193334E-008
  9.138063517454066E-003  3.974660346977884E-008
  9.139155481540255E-003  4.488133171893670E-008
  9.140289618238186E-003  3.459082764847576E-008
  9.141003907517762E-003  1.323351864656146E-008
  9.141013074765515E-003 -1.041039418480922E-008
  9.140321474908607E-003 -2.675713114437723E-008
  9.139217080654235E-003 -2.931069559849124E-008
  9.138150753658389E-003 -1.724817245535590E-008
  9.137551352125028E-003  4.328541929769550E-009
  9.137652458706860E-003  2.654250968028962E-008
  9.138400696187451E-003  4.038792485583324E-008
  9.139481545554521E-003  4.037517042093960E-008
  9.140450490489000E-003  2.669963491717307E-008
  9.140914856533519E-003  5.078294585102110E-009
  9.140691995023261E-003 -1.564543318140781E-008
  9.139880129007211E-003 -2.712630223413903E-008
  9.138814466735598E-003 -2.488623308692065E-008
  9.137928032568909E-003 -1.006799297620110E-008
  9.137574948447540E-003  1.111224935307315E-008
  9.137888250536252E-003  2.995775595098290E-008
  9.138729287509965E-003  3.884955065159340E-008
  9.139747838035457E-003  3.431548192121921E-008
  9.140526986228699E-003  1.837477907843988E-008
  9.140752866207630E-003 -2.360810361911917E-009
  9.140340199730394E-003 -1.943236466968269E-008
  9.139463459810046E-003 -2.598697421577953E-008
  9.138482431443044E-003 -1.953026575520189E-008
  9.137793852337149E-003 -2.874048442571143E-009
  9.137670273287449E-003  1.707829528521207E-008
  9.138151553479915E-003  3.218547550034859E-008
  9.139032139544215E-003  3.638192857635660E-008
  9.139947871556992E-003  2.810333767210400E-008
  9.140525716972376E-003  1.085513706235899E-008
  9.140534898389894E-003 -8.279072088703503E-009
  9.139978220311979E-003 -2.155544727956767E-008
  9.139087505147503E-003 -2.371238315739920E-008
  9.138226393815771E-003 -1.406247909476083E-008
  9.137741215937207E-003  3.297177657580892E-009
  9.137821057505300E-003  2.121379525708335E-008
  9.138423533245286E-003  3.241846674679024E-008
  9.139295344736493E-003  3.246898772858054E-008
  9.140077910425780E-003  2.150483826628778E-008
  9.140454060499842E-003  4.121632465750508E-009
  9.140275813495535E-003 -1.255625628306005E-008
  9.139621790405093E-003 -2.179801059891934E-008
  9.138762059427522E-003 -1.998591055083507E-008
  9.138046001544133E-003 -8.034141486696818E-009
  9.137759718313997E-003  9.048348931408842E-009
  9.138011148971881E-003  2.424664603114392E-008
  9.138688993265011E-003  3.141036863262593E-008
  9.139510983813210E-003  2.773222459039491E-008
  9.140140655856450E-003  1.483684147120567E-008
  9.140324341481782E-003 -1.940694632594690E-009
  9.139992637584098E-003 -1.576814883639141E-008
  9.139285795997616E-003 -2.110357065673300E-008
  9.138493875009621E-003 -1.592011372389301E-008
  9.137937129494966E-003 -2.475845948415728E-009
  9.137835933483695E-003  1.366184948817369E-008
  9.138223042360368E-003  2.591695081664603E-008
  9.138933088051330E-003  2.938003904620023E-008
  9.139672425406370E-003  2.276991588769341E-008
  9.140139877212796E-003  8.898209289161759E-009
  9.140148754774034E-003 -6.529017782442521E-009
  9.139700743385640E-003 -1.726312640137908E-008
  9.138982452048354E-003 -1.904935738909178E-008
  9.138287159971063E-003 -1.131858987149562E-008
  9.137894534449388E-003  2.637804353253549E-009
  9.137957625902618E-003  1.705830339740376E-008
  9.138442775968005E-003  2.608079885210944E-008
  9.139145985779170E-003  2.611767432094050E-008
  9.139777995631929E-003  1.727482254314409E-008
  9.140082627555900E-003  3.254222415986276E-009
  9.139939998518658E-003 -1.019816159662194E-008
  9.139413046870446E-003 -1.764940100701243E-008
  9.138719371060814E-003 -1.617546235663686E-008
  9.138140876725575E-003 -6.509223040088201E-009
  9.137908719204259E-003  7.308854440124427E-009
  9.138110478234967E-003  1.961414791262707E-008
  9.138656813086194E-003  2.543447314156460E-008
  9.139320222529121E-003  2.249285024759545E-008
  9.139829161560942E-003  1.209030570000747E-008
  9.139978604992358E-003 -1.472301254442779E-009
  9.139712061833291E-003 -1.267809238903148E-008
  9.139142261398777E-003 -1.704403244621410E-008
  9.138503038174720E-003 -1.291945203658317E-008
  9.138052901953509E-003 -2.111981016972814E-009
  9.137970036001060E-003  1.089516913271541E-008
  9.138281352190627E-003  2.079702894815471E-008
  9.138853820246670E-003  2.362570870511447E-008
  9.139450666202373E-003  1.833600106339726E-008
  9.139828738959875E-003  7.184476978837558E-009
  9.139837027697500E-003 -5.233498678069940E-009
  9.139476434777895E-003 -1.387916193668563E-008
  9.138897178020133E-003 -1.531710091234465E-008
  9.138335790012473E-003 -9.082558008409827E-009
  9.138018103585405E-003  2.174232377383638E-009
  9.138067993375359E-003  1.380710429685875E-008
  9.138458729348365E-003  2.108479772086811E-008
  9.139026008091442E-003  2.110833651231293E-008
  9.139536481263557E-003  1.395857360586311E-008
  9.139783226751812E-003  2.620551027681190E-009
  9.139669121267664E-003 -8.266867505618568E-009
  9.139244543715643E-003 -1.431278999622881E-008
  9.138684817921554E-003 -1.314815781283095E-008
  9.138217410298428E-003 -5.355491983868161E-009
  9.138029089527632E-003  5.809506256396582E-009
  9.138190922924175E-003  1.577418196258842E-008
  9.138631208001803E-003  2.051830534150758E-008
  9.139166592316322E-003  1.819250286089440E-008
  9.139577930337315E-003  9.834421289922332E-009
  9.139699514731573E-003 -1.093941297489987E-009
  9.139485366242159E-003 -1.014311402178757E-008
  9.139026086010598E-003 -1.369132670004021E-008
  9.138510174909815E-003 -1.039773316543778E-008
  9.138146292916732E-003 -1.710858229082982E-009
  9.138078500519505E-003  8.759546368409062E-009
  9.138328894315189E-003  1.673615698090671E-008
  9.138790454735373E-003  1.901581495574024E-008
  9.139272263503036E-003  1.475059613850374E-008
  9.139578018144114E-003  5.756387031748168E-009
  9.139585572760294E-003 -4.261642692521864E-009
  9.139295292782965E-003 -1.123718772089639E-008
  9.138828108208468E-003 -1.239484014897795E-008
  9.138374791983079E-003 -7.355354750062965E-009
  9.138117711273073E-003  1.745336267831371E-009
  9.138157130010514E-003  1.115715181018194E-008
  9.138471827789239E-003  1.705730085713485E-008
  9.138929472309520E-003  1.709880477285282E-008
  9.139341816297880E-003  1.133916583708912E-008
  9.139541717830619E-003  2.182319381469513E-009
  9.139450486884233E-003 -6.628227988580446E-009
  9.139108439219364E-003 -1.154367978464710E-008
  9.138656830056779E-003 -1.064295514924357E-008
  9.138279194440657E-003 -4.385937716317042E-009
  9.138126434894889E-003  4.607887815920349E-009
  9.138256218391774E-003  1.265146281964032E-008
  9.138611003631877E-003  1.649803010659399E-008
  9.139043025471215E-003  1.464842875762732E-008
  9.139375433471387E-003  7.931654377073328E-009
  9.139474305543004E-003 -8.655521347786552E-010
  9.139302226845895E-003 -8.156086735462080E-009
  9.138932016721359E-003 -1.101669860666163E-008
  9.138515632533827E-003 -8.361775752758796E-009
  9.138221496114676E-003 -1.355800693229636E-009
  9.138166076099335E-003  7.091295163254310E-009
  9.138367505202851E-003  1.352809710106266E-008
  9.138739684052960E-003  1.536730566626016E-008
  9.139128663763743E-003  1.192095395389541E-008
  9.139375959184477E-003  4.651550188023428E-009
  9.139382768910543E-003 -3.451080660286971E-009
  9.139149093216416E-003 -9.102231357093148E-009
  9.138772283972977E-003 -1.005623374421370E-008
  9.138406209118937E-003 -6.000420648919190E-009
  9.138198139613592E-003  1.346309357962673E-009
  9.138229233249235E-003  8.958602830866433E-009
  9.138482653825945E-003  1.374790515747542E-008
  9.138851824814125E-003  1.381307866649550E-008
  9.139184887225560E-003  9.192119037349170E-009
  9.139346834187717E-003  1.818068693174737E-009
  9.139273911521081E-003 -5.291310264458241E-009
  9.138998377396965E-003 -9.270841757599284E-009
  9.138634034088952E-003 -8.565134956960167E-009
  9.138328964516542E-003 -3.538489349818560E-009
  9.138205086833896E-003  3.701267804614394E-009
  9.138309188126376E-003  1.018208363669797E-008
  9.138595089493528E-003  1.328379574494735E-008
  9.138943704595561E-003  1.179379454098802E-008
  9.139212315647668E-003  6.377240180728824E-009
  9.139292691415295E-003 -7.199081782476693E-010
  9.139154391865878E-003 -6.603549173108394E-009
  9.138855947785076E-003 -8.912870946074627E-009
  9.138519861714598E-003 -6.768612178245809E-009
  9.138282080789754E-003 -1.107662953877348E-009
  9.138236769130068E-003  5.722490300983593E-009
  9.138398804296536E-003  1.093449413566174E-008
  9.138698918580967E-003  1.243582299445250E-008
  9.139012972593664E-003  9.665726037323500E-009
  9.139213010460626E-003  3.799991446076476E-009
  9.139219110378717E-003 -2.750117894066758E-009
  9.139031030472620E-003 -7.331626649330417E-009
  9.138727136833190E-003 -8.126874702159825E-009
  9.138431528068834E-003 -4.876681635140689E-009
  9.138263130869503E-003  1.037834946497992E-009
  9.138287636678072E-003  7.178459763223854E-009
  9.138491693038731E-003  1.105225642136180E-008
  9.138789469717102E-003  1.112123455119902E-008
  9.139058466220418E-003  7.410539647102049E-009
  9.139189636863795E-003  1.474927345989223E-009
  9.139131333171254E-003 -4.253424432923098E-009
  9.138909367143525E-003 -7.462627218105833E-009
  9.138615424782811E-003 -6.895338131380849E-009
  9.138368984790639E-003 -2.842290409694982E-009
  9.138268546414800E-003  2.998210277105612E-009
  9.138352065846298E-003  8.228623219116269E-009
  9.138582480825970E-003  1.073324488477223E-008
  9.138863814524350E-003  9.530837663937709E-009
  9.139080891004165E-003  5.155514381861885E-009
  9.139146239206463E-003 -5.814229953010383E-010
  9.139035093725602E-003 -5.343237544358487E-009
  9.138794499242211E-003 -7.221288762363211E-009
  9.138523213459851E-003 -5.501408178910785E-009
  9.138330972310331E-003 -9.356358168005112E-010
  9.138293909331699E-003  4.583444853495730E-009
  9.138424231301076E-003  8.805219443877303E-009
  9.138666215666244E-003  1.003699287999757E-008
  9.138919763455825E-003  7.820701615415118E-009
  9.139081569167821E-003  3.100016611217965E-009
  9.139086983982832E-003 -2.182294896033718E-009
  9.138935616530132E-003 -5.885391970600268E-009
  9.138690547246794E-003 -6.539684158618782E-009
  9.138451861890119E-003 -3.931590755395494E-009
  9.138315594642588E-003  8.287492617236060E-010
  9.138334914358967E-003  5.776586423480143E-009
  9.138499232281362E-003  8.900672025525496E-009
  9.138739424915138E-003  8.958243381688110E-009
  9.138956674347479E-003  5.966862528004489E-009
  9.139062904935704E-003  1.178755765053436E-009
  9.139016277769469E-003 -3.444350670123354E-009
  9.138837447741410E-003 -6.035959851228620E-009
  9.138600285047316E-003 -5.579213629283435E-009
  9.138401191911259E-003 -2.306304625935721E-009
  9.138319749065897E-003  2.413613974438719E-009
  9.138386749135247E-003  6.645171737717769E-009
  9.138572448165527E-003  8.678436078286319E-009
  9.138799494093151E-003  7.717792312344114E-009
  9.138974936563368E-003  4.190701352818620E-009
  9.139028080794609E-003 -4.430851856961522E-010
  9.138938776961272E-003 -4.297321759465622E-009
  9.138744834391527E-003 -5.828802695056311E-009
  9.138525865946044E-003 -4.456769655937368E-009
  9.138370448240859E-003 -7.837020732458245E-010
  9.138340135770242E-003  3.666006477242729E-009
  9.138444941671346E-003  7.076616940840449E-009
  9.138640041742960E-003  8.080195769949974E-009
  9.138844724175236E-003  6.303574037500539E-009
  9.138975587683045E-003  2.504564336424604E-009
  9.138980340634095E-003 -1.751636865892447E-009
  9.138858510923257E-003 -4.738085752610848E-009
  9.138660875761997E-003 -5.267661956524870E-009
  9.138468154743819E-003 -3.165744424290314E-009
  9.138357895524757E-003  6.739883130418092E-010
  9.138373129801643E-003  4.667094719124384E-009
  9.138505461280562E-003  7.190041845416827E-009
  9.138699219497401E-003  7.238172094800091E-009
  9.138874688737664E-003  4.823504823971831E-009
  9.138960729169029E-003  9.551359587943117E-010
  9.138923447631240E-003 -2.783729265663970E-009
  9.138779370494812E-003 -4.884995704736447E-009
  9.138588013924981E-003 -4.525041181267286E-009
  9.138427161505942E-003 -1.888143151409887E-009
  9.138361110412392E-003  1.922765148572089E-009
  9.138414842883224E-003  5.345847849342581E-009
  9.138564491017720E-003  6.999114957238844E-009
  9.138747715360142E-003  6.237010779009002E-009
  9.138889503753732E-003  3.400775692542589E-009
  9.138932721025960E-003 -3.342457128608026E-010
  9.138860973681325E-003 -3.446614485575188E-009
  9.138704647180109E-003 -4.689663080849137E-009
  9.138527919143886E-003 -3.591960488828202E-009
  9.138402284764891E-003 -6.365843555558589E-010
  9.138377509059711E-003  2.948623777452184E-009
  9.138461801887680E-003  5.699177882598314E-009
  9.138619105162490E-003  6.510355250795141E-009
  9.138784339028738E-003  5.079160016939280E-009
  9.138890171783477E-003  2.015200341675275E-009
  9.138894308164707E-003 -1.419539247139411E-009
  9.138796242420833E-003 -3.831233045352350E-009
  9.138636849424526E-003 -4.260509568520246E-009
  9.138481231354616E-003 -2.564582263254364E-009
  9.138392009277969E-003  5.367867948685111E-010
  9.138404011180910E-003  3.765182200659028E-009
  9.138510581924502E-003  5.809156225195675E-009
  9.138666886043832E-003  5.855564125378462E-009
  9.138808616963456E-003  3.911452022966362E-009
