  0.999999974677816       0.000000000000000E+000
  0.823567653143715      -2.711020415913184E-003
  0.444367306983064      -1.608577478827578E-002
  0.165023700458416      -3.575529151173941E-002
  0.186635028826363      -4.551536107054235E-002
  0.453135228064092      -3.400289329484492E-002
  0.720043462675994      -8.381902074798789E-003
  0.773884893383962       9.253817227385703E-003
  0.604367211242488       8.517807630788724E-004
  0.386535484074547      -3.011668505783674E-002
  0.306080695188402      -5.916296173018747E-002
  0.395652632701043      -6.010325024218498E-002
  0.526672500751774      -2.708911292335171E-002
  0.550148330771464       1.966385620368175E-002
  0.444561399829183       4.961979919063903E-002
  0.330966109238601       4.593753984410982E-002
  0.346533799710473       1.774454825916699E-002
  0.502007155754141      -8.913940619490184E-003
  0.661661732740827      -1.285308067817068E-002
  0.667195243999175       6.388265378715913E-003
  0.490524653951547       3.096245827246726E-002
  0.271498382692288       4.149497504673474E-002
  0.201153108282167       3.267254320206131E-002
  0.352758283521959       1.475223814876553E-002
  0.612065554119719       1.662816341175312E-003
  0.770627142474244      -1.961408849222787E-003
  0.701384058825527      -2.901095051585870E-003
  0.463795908926381      -9.924505017457980E-003
  0.249369542291092      -2.311374373542466E-002
  0.218651307314929      -3.286114897067815E-002
  0.372381704354698      -2.957736856755132E-002
  0.563956822057617      -1.445854328858961E-002
  0.633614891796465      -3.329861682458423E-004
  0.541573411439648      -8.870434670057288E-004
  0.386665026456844      -1.774478958626936E-002
  0.304588305743008      -3.746209844263285E-002
  0.345478932998805      -4.192537671381291E-002
  0.440897345793616      -2.360111097100437E-002
  0.481933590599580       7.541486737757026E-003
  0.427896400419794       3.159278633365245E-002
  0.342078496799688       3.444760524822432E-002
  0.324346584352177       1.850869858009648E-002
  0.408484873321267      -3.169500494973807E-004
  0.523938360755442      -6.189593917880079E-003
  0.559392767624034       4.304918437057583E-003
  0.469117322695783       2.099844995577107E-002
  0.322098457211547       3.004574071955865E-002
  0.245997779545621       2.549660996642469E-002
  0.314486220493099       1.267214656018993E-002
  0.479028273650500       1.553524036972881E-003
  0.607146386260996      -2.717441261444940E-003
  0.594383255832415      -3.340649603687052E-003
  0.452117793141201      -6.853297447678443E-003
  0.295629372134321      -1.528387968817551E-002
  0.245032055060265      -2.347299699653349E-002
  0.326586725795034      -2.419351671261793E-002
  0.458128024659217      -1.595088879282394E-002
  0.526059498050642      -5.610365974952048E-003
  0.482299274253280      -2.828272721974927E-003
  0.376972794728868      -1.109733858038483E-002
  0.304145738743333      -2.370438400168801E-002
  0.315355859522968      -2.872116629608642E-002
  0.379844405700272      -1.904203324839750E-002
  0.422873744549842       1.207640055775369E-003
  0.400922168102457       1.957302845993494E-002
  0.341596643624815       2.512437737748874E-002
  0.312744661367600       1.694395378199536E-002
  0.352952693989643       4.229154473774649E-003
  0.430998809917909      -1.722180304388184E-003
  0.473265159656542       3.407383929319329E-003
  0.433594871238583       1.432987911572121E-002
  0.339948368349688       2.156686600452931E-002
  0.273255490943018       1.961314686197159E-002
  0.296183705526142       1.073090434348101E-002
  0.395777895609660       1.704284841119260E-003
  0.492029614905499      -2.738830946954572E-003
  0.505544343629227      -3.588972044234180E-003
  0.424968069114637      -5.321076716707947E-003
  0.315545488624958      -1.050188219616392E-002
  0.262574780974834      -1.676089775153154E-002
  0.300156208574184      -1.908254816463681E-002
  0.386555327224265      -1.508742822481363E-002
  0.444665632989275      -8.018081134466188E-003
  0.429072825911860      -4.283626291831782E-003
  0.360600832025302      -7.602184164484183E-003
  0.301251815326915      -1.514038100820955E-002
  0.296231346505002      -1.942257293494904E-002
  0.336654797187490      -1.461009567785985E-002
  0.374242094571814      -1.730036475350036E-003
  0.370477610009714       1.177823451217543E-002
  0.332620366035469       1.791546486432186E-002
  0.303821842522306       1.441897782122230E-002
  0.318797608557093       6.226433545935342E-003
  0.368348874171311       1.059877684686004E-003
  0.406674354223509       3.073134619376328E-003
  0.394629446294517       9.920467260234501E-003
  0.338229017515896       1.538600168774837E-002
  0.285912327387073       1.487794169654206E-002
  0.286081794857423       8.906387908017638E-003
  0.343054403805784       1.844543960085410E-003
  0.411398587824339      -2.388756136206500E-003
  0.434252315973265      -3.559853604083559E-003
  0.391949687018490      -4.491068473637089E-003
  0.318371733482007      -7.582227251277751E-003
  0.271343360236500      -1.207596722441862E-002
  0.283733446991725      -1.473580752474232E-002
  0.337801188534788      -1.319835309017490E-002
  0.383560895805885      -8.648964987694850E-003
  0.382983007358151      -5.096272114981020E-003
  0.340569324096943      -5.759869355144166E-003
  0.295076996312905      -9.885644830977534E-003
  0.282630887004795      -1.303962067357259E-002
  0.305780582157506      -1.081809657784357E-002
  0.335322075904296      -2.782786066349251E-003
  0.340576297437505       6.865609410199141E-003
  0.318434535385424       1.254152645233495E-002
  0.294411837083608       1.170278064672146E-002
  0.296168811706749       6.706678606317919E-003
  0.325588589704192       2.615560115628652E-003
  0.356090148579789       2.950092960312136E-003
  0.357645862823789       7.023268971879463E-003
  0.325887912911345       1.094389967041043E-002
  0.287831891751811       1.114255151490444E-002
  0.278359668865304       7.233614815655489E-003
  0.308574649698266       1.875310767402075E-003
  0.354768510988109      -1.907451092708731E-003
  0.378240923448939      -3.308191799546409E-003
  0.358552880837685      -3.944638561676918E-003
  0.310931154565419      -5.764262203654764E-003
  0.272841039998457      -8.847830876354218E-003
  0.272002970422131      -1.125945750081352E-002
  0.303926266536667      -1.102840326681832E-002
  0.337778525516260      -8.273756261341587E-003
  0.344089943233975      -5.343471208542943E-003
  0.319260343846336      -4.733570479131768E-003
  0.286059810883263      -6.687368270210586E-003
  0.271493648580237      -8.749668709226416E-003
  0.283087910671834      -7.806632643908865E-003
  0.304575012960181      -2.870071855381895E-003
  0.313260349421865       3.861870669645633E-003
  0.301732303630654       8.650946328159924E-003
  0.283712943455443       9.187577320288510E-003
  0.279502128661995       6.354039452047199E-003
  0.295577257363641       3.325738786406336E-003
  0.317868381484368       2.859407897239395E-003
  0.324957288947831       5.115876051177631E-003
  0.308663957269829       7.789048319191568E-003
  0.282610975236130       8.252776486853129E-003
  0.270524552701040       5.751495438838563E-003
  0.284749377016150       1.787019721041208E-003
  0.314514715093991      -1.432940348093756E-003
  0.334728058347008      -2.924766838683967E-003
  0.327600496939400      -3.494331475493690E-003
  0.297976184799638      -4.580872548434999E-003
  0.268987995911541      -6.627781446452736E-003
  0.262163794274708      -8.580959588334137E-003
  0.279580613934050      -8.957897076873247E-003
  0.303313972128296      -7.402348844919294E-003
  0.311829744189897      -5.179349201403886E-003
  0.298317498210253      -4.081249502645950E-003
  0.275097514608924      -4.736659710928472E-003
  0.261284547538947      -5.914463926337230E-003
  0.265686440463835      -5.532874499633773E-003
  0.280297398853430      -2.526326923293082E-003
  0.289318326139924       2.085242259618870E-003
  0.284426378158243       5.901321302797587E-003
  0.271954581341307       7.039458389443484E-003
  0.265838599028003       5.603796808859613E-003
  0.273600431430252       3.487487043302114E-003
  0.288826709313512       2.726232928864102E-003
  0.297156350620536       3.843723638731753E-003
  0.290016442013162       5.567975989896150E-003
  0.273143956990951       6.056865551310057E-003
  0.261820339785161       4.482645127709376E-003
  0.267049827253247       1.608518854986275E-003
  0.285270759876032      -1.030863911308848E-003
  0.301020712660634      -2.490968825651732E-003
  0.300278363259022      -3.071422133727878E-003
  0.282638462486602      -3.757485866879529E-003
  0.261602988764514      -5.086818991796008E-003
  0.252904616135040      -6.562483393718757E-003
  0.261266947222515      -7.151758072820026E-003
  0.277066006695059      -6.350743198707496E-003
  0.285334273196833      -4.759377226833236E-003
  0.278736030083032      -3.586280104071762E-003
  0.263122301134218      -3.526183194703362E-003
  0.251365988895417      -4.062803232324191E-003
  0.251663781748173      -3.878872185829272E-003
  0.260945359745366      -2.043974508959306E-003
  0.268816409168468       1.073120794149644E-003
  0.267722417240341       3.996504691808028E-003
  0.259698115124165       5.296991979058116E-003
  0.253728180342316       4.718930151375971E-003
  0.256657671803763       3.320394367419008E-003
  0.266429565478866       2.533056832616846E-003
  0.273976763875147       2.973243450115759E-003
  0.271872083716215       4.012008538496384E-003
  0.261550814368448       4.414323449777704E-003
  0.252302695248759       3.430014783291610E-003
  0.252877898360320       1.378495235557599E-003
  0.263367554015565      -7.215852481145310E-004
  0.274790545019997      -2.064427146379501E-003
  0.276834338576569      -2.661873761339356E-003
  0.266858343854448      -3.139855578211123E-003
  0.252184624818510      -3.995694713040452E-003
  0.243741801322993      -5.058279808678143E-003
  0.246769685268120      -5.655635000100536E-003
  0.256714478008122      -5.299978845674922E-003
  0.263650471289925      -4.210050001833855E-003
  0.261017390207306      -3.154040899378803E-003
  0.250912081013847      -2.747013323537539E-003
  0.241581646510317      -2.860267665912574E-003
  0.239818745049770      -2.709608895111626E-003
  0.245258996571026      -1.569247309784044E-003
  0.251456639656302       5.212674811493867E-004
  0.252281642562616       2.698198922183564E-003
  0.247506346034298       3.933339621460869E-003
  0.242544105471082       3.847351302992734E-003
  0.242905893329827       2.978637130846028E-003
  0.248775501901871       2.290034720155047E-003
  0.254797235434725       2.355064846343275E-003
  0.255180893997674       2.922446482935376E-003
  0.249268974092997       3.201941239912287E-003
  0.242331449395577       2.580733336870232E-003
  0.240809852199048       1.131573501789593E-003
  0.246361236939764      -5.006918534994738E-004
  0.254158306253415      -1.678910409004125E-003
  0.257029635372092      -2.272262671952028E-003
  0.251746373741368      -2.645324350670277E-003
  0.241858548502320      -3.200856352252957E-003
  0.234610098481819      -3.939950961157001E-003
  0.234730178670534      -4.455099399447341E-003
  0.240574688681594      -4.342522791243785E-003
  0.245872268164124      -3.621781990213620E-003
  0.245324583746685      -2.751273400389648E-003
  0.239033406955946      -2.216725947903357E-003
  0.231998382987651      -2.077324003949360E-003
  0.229435038666834      -1.900943723799085E-003
  0.232277475221309      -1.164290112579027E-003
  0.236798911365942       2.359052483600932E-004
  0.238389186494344       1.824180034487618E-003
  0.235815163425442       2.893591326183329E-003
  0.232073229755721       3.063201537508928E-003
  0.231251163107522       2.564726737351919E-003
  0.234500164545349       2.017400077050969E-003
  0.238915140496917       1.896389009866654E-003
  0.240305786821603       2.155974352125289E-003
  0.237200077121116       2.316504545429597E-003
  0.232314174263125       1.911966829086651E-003
  0.230106730348293       8.931626180761049E-004
  0.232661645477699      -3.527178963143270E-004
  0.237677351767406      -1.349560667041320E-003
  0.240414624370637      -1.913316252925863E-003
  0.237864070719328      -2.231592887495245E-003
  0.231407111361051      -2.602605543775300E-003
  0.225622848939002      -3.104476719054925E-003
  0.224342554208417      -3.510222451508509E-003
  0.227454411579428      -3.516136725023362E-003
  0.231207187378553      -3.052377762404841E-003
  0.231611243559131      -2.372227828741086E-003
  0.227851197925696      -1.830982149367473E-003
  0.222758047434138      -1.561038314062573E-003
  0.220107594493835      -1.350435397466903E-003
  0.221302535083993      -8.459776953445509E-004
  0.224386015293538       9.779084810450319E-005
  0.226094195509395       1.240494154882995E-003
  0.224907357749341       2.115840895700454E-003
  0.222284254380144       2.395613131000382E-003
  0.221064359651859       2.142556224871995E-003
  0.222656676247113       1.735982741730278E-003
  0.225679438014447       1.541096685767756E-003
  0.227281650580718       1.611525986535552E-003
  0.225857318428417       1.674808181992969E-003
  0.222593818344295       1.396325239591674E-003
  0.220408588143686       6.789747433882848E-004
  0.221254420822937      -2.593637713147560E-004
  0.224271882020395      -1.079072774188973E-003
  0.226486252198167      -1.593182736828038E-003
  0.225429235410268      -1.877707526428158E-003
  0.221332247095601      -2.137680400788218E-003
  0.216941302019678      -2.473822426769950E-003
  0.215143858118454      -2.774443881802962E-003
  0.216527801039955      -2.827157431691969E-003
  0.218999415451854      -2.534222570830937E-003
  0.219717308266569      -2.020963347746043E-003
  0.217566241743932      -1.532001943544497E-003
  0.214000854876129      -1.212240734460710E-003
  0.211618813437199      -9.791256251569951E-004
  0.211844194047806      -6.091785506613267E-004
  0.213805128714572       3.634420371722169E-005
  0.215313149117514       8.518215441008977E-004
  0.214931527584005       1.542007034662541E-003
  0.213205683251003       1.848012001660304E-003
  0.211991995125722       1.748573297844751E-003
  0.212603679776682       1.462840857881299E-003
  0.214542539756076       1.255983239487664E-003
  0.215978889218297       1.219223321252391E-003
  0.215490257984253       1.211916475927938E-003
  0.213413779349892       1.005905517404005E-003
  0.211551130550754       4.966482639964529E-004
  0.211501711208738      -2.037983265119638E-004
  0.213161930690767      -8.629687290813230E-004
  0.214769476247120      -1.315650097443037E-003
  0.214458484244016      -1.573115641187359E-003
  0.211924577349331      -1.766451235667863E-003
  0.208710946381561      -1.991093289760779E-003
  0.206874598750020      -2.203879520034919E-003
  0.207232005406788      -2.265637620567711E-003
  0.208726981938972      -2.081788326622454E-003
  0.209433816049129      -1.702963336175793E-003
  0.208259022310125      -1.288718425504777E-003
  0.205832362619893      -9.682147001557645E-004
  0.203855866959421      -7.290908325505039E-004
  0.203566511765209      -4.399815143983292E-004
  0.204710868408627       1.168456743126359E-005
  0.205899456580347       5.922009929373344E-004
  0.205935613024838       1.122492385392504E-003
  0.204868203552168       1.410552867727148E-003
  0.203835847348999       1.400689709994970E-003
  0.203913101793223       1.209889171335895E-003
  0.205069100134372       1.021602702423171E-003
  0.206200880788215       9.315403212309717E-004
  0.206180719551331       8.785246672538113E-004
  0.204920702465494       7.148624483501650E-004
  0.203461018686903       3.480002356908635E-004
  0.203004476474559      -1.724467869939427E-004
  0.203791810384984      -6.934322604113457E-004
  0.204852562716407      -1.080571397624304E-003
  0.204861418360639      -1.311775228498439E-003
  0.203325626546103      -1.464059904683364E-003
  0.201036685785706      -1.615833375897297E-003
  0.199389695879734      -1.761120897457396E-003
  0.199186958874245      -1.814638846387882E-003
  0.199985748533196      -1.698005185188794E-003
  0.200543028868506      -1.421823694276118E-003
  0.199929441145090      -1.084726268369736E-003
  0.198314924544086      -7.901879105446850E-004
  0.196758835535446      -5.594682157135189E-004
  0.196241414434796      -3.226871058256240E-004
  0.196827236567526       2.579665334444351E-006
  0.197686516635861       4.170918513203266E-004
  0.197900327635123       8.173690590768223E-004
  0.197282631738083       1.067751500752038E-003
  0.196479895328009       1.104993009998217E-003
  0.196299990856542       9.841111325645199E-004
  0.196924626358039       8.264223024969678E-004
  0.197738000503714       7.165471670469767E-004
  0.197911465862807       6.380555051044463E-004
  0.197182554337877       5.007498133778089E-004
  0.196099830393376       2.311582409454925E-004
  0.195510636007278      -1.553271828078133E-004
  0.195769356982418      -5.617761513732662E-004
  0.196396248836036      -8.850321291606983E-004
  0.196499651688620      -1.089260644173534E-003
  0.195578139265372      -1.214590399514474E-003
  0.193978802883443      -1.319682182882015E-003
  0.192604110793447      -1.416083567366685E-003
  0.192135932913690      -1.455553053382335E-003
  0.192468486800266      -1.379084906808259E-003
  0.192840677828030      -1.178489179217325E-003
  0.192528460605860      -9.112525040637217E-004
  0.191471365103241      -6.546471663111438E-004
  0.190290433440886      -4.423609313961769E-004
  0.189712956768557      -2.430944465929559E-004
  0.189939541170096      -1.363533562842160E-006
  0.190511849338613       2.970585057454429E-004
  0.190766563071832       5.957857235641168E-004
  0.190435873196865       8.028838765139952E-004
  0.189848297038364       8.605545402579562E-004
  0.189572203275590       7.884706465683376E-004
  0.189856868897760       6.632536779014030E-004
  0.190394531996323       5.529368078790505E-004
  0.190612525510801       4.638937063817231E-004
  0.190210178957790       3.449758174657538E-004
  0.189436798545549       1.422635693215701E-004
  0.188855891017702      -1.456594951734065E-004
  0.188817973391118      -4.598376859830969E-004
  0.189129518530047      -7.245548133981846E-004
  0.189221569477601      -9.015334852685590E-004
  0.188663879878943      -1.007406120573803E-003
  0.187558697851562      -1.082838120697902E-003
  0.186461397088722      -1.145440553645620E-003
  0.185903204379702      -1.170866628244442E-003
  0.185943907462676      -1.117876761195065E-003
  0.186146262845734      -9.716080970103731E-004
  0.185981155463434      -7.632479939636713E-004
  0.185293535817578      -5.475198467948862E-004
  0.184419914548590      -3.592585365703639E-004
  0.183871520985774      -1.897089496650723E-004
  0.183882836694040      -4.576907323127216E-006
  0.184228768272062       2.130027142408250E-004
  0.184455396605702       4.346130346855614E-004
  0.184294780250648       6.002971153739982E-004
  0.183882807742776       6.627088269940981E-004
  0.183596042275149       6.230111633766796E-004
  0.183676710165422       5.271834094284102E-004
  0.183999615676900       4.264851225800427E-004
  0.184190672695133       3.369718811254992E-004
  0.183976826487004       2.326964438917274E-004
  0.183437646597633       7.668239730907191E-005
  0.182926949288027      -1.391967396824781E-004
  0.182740724826024      -3.806299287553107E-004
  0.182839672175123      -5.940602909594451E-004
  0.182881122042871      -7.445632525646738E-004
  0.182530376886158      -8.349487357092072E-004
  0.181768088215372      -8.913909947662313E-004
  0.180916761780493      -9.315120393393632E-004
  0.180365006117483      -9.453679245938516E-004
  0.180238113797500      -9.060294688140774E-004
  0.180306002913832      -7.982479963319210E-004
  0.180202268268670      -6.373420883483487E-004
  0.179751725942796      -4.604054573170127E-004
  0.179115703367094      -2.981812139062556E-004
  0.178636242952245      -1.538735624868727E-004
  0.178530382213278      -8.454826542554215E-006
  0.178710478606946       1.527114822275193E-004
  0.178881415648971       3.168985376078459E-004
  0.178812471803142       4.464349739849466E-004
  0.178531763402343       5.051754828989149E-004
  0.178273803478403       4.858761697476412E-004
  0.178241558019605       4.144466261970594E-004
  0.178409475505018       3.276079115014561E-004
  0.178546997641395       2.437879465265235E-004
  0.178433643098172       1.524024527698787E-004
  0.178061757128053       2.977972757439386E-005
  0.177639549609004      -1.335287326030134E-004
  0.177394561787553      -3.185279644521561E-004
  0.177360998109712      -4.885228268242635E-004
  0.177346645495924      -6.143275258918498E-004
  0.177108819776994      -6.914732743920073E-004
  0.176578352740805      -7.354148880548206E-004
  0.175928869786134      -7.610677745182690E-004
  0.175430290024826      -7.664699584779142E-004
  0.175219421950778      -7.352695137584600E-004
  0.175191703515521      -6.546096678140816E-004
  0.175105909879985      -5.308588342208272E-004
  0.174802987894407      -3.882154355539131E-004
  0.174342993095271      -2.515386308448944E-004
  0.173943672508442      -1.294136517478842E-004
  0.173783707554980      -1.302105276947582E-005
  0.173849991441151       1.084447920695338E-004
  0.173960805967479       2.304216282225641E-004
  0.173934481302583       3.301190063755685E-004
  0.173745529117966       3.813478782265741E-004
  0.173529711078532       3.741380893201645E-004
  0.173442189551239       3.218637021256474E-004
  0.173505388453523       2.497223775955637E-004
  0.173586516795423       1.748507948334910E-004
  0.173520900072011       9.537958013879568E-005
  0.173263145012108      -2.646019295547980E-006
  0.172925900865397      -1.274786040673750E-004
  0.172672457962627      -2.691973260816369E-004
  0.172564219760345      -4.033537957585772E-004
  0.172503821554979      -5.069401553273789E-004
  0.172325349177223      -5.723532508414639E-004
  0.171948515865844      -6.076588177780780E-004
  0.171456601427362      -6.242529814958476E-004
  0.171028433423858      -6.240762859011131E-004
  0.170786604056300      -5.980720703435532E-004
  0.170697694153748      -5.365958048999646E-004
  0.170611039031656      -4.414032461095333E-004
  0.170397666737794      -3.277452740897269E-004
  0.170063879401248      -2.145995540048599E-004
  0.169740847970923      -1.121220445840122E-004
  0.169564778005745      -1.781856360588307E-005
  0.169558039187027       7.530295295181589E-005
  0.169615708370923       1.664714303675455E-004
  0.169603683338311       2.424351348174057E-004
  0.169475267302734       2.850101314838456E-004
  0.169301480400725       2.844102541173227E-004
  0.169192952780339       2.465922750196567E-004
  0.169189987618287       1.881769986910544E-004
  0.169222748805776       1.235063875839808E-004
  0.169175535529412       5.515517239503505E-005
  0.168992755100169      -2.416676191026133E-005
  0.168727870865276      -1.206334335355953E-004
  0.168491410566236      -2.294036594526160E-004
  0.168347618301908      -3.345812831532513E-004
  0.168255465119671      -4.187870047422051E-004
  0.168107684811256      -4.737145687142916E-004
  0.167831396721938      -5.026755046377328E-004
  0.167458382807731      -5.137117327485433E-004
  0.167101664690486      -5.102479171749383E-004
  0.166860162802871      -4.879422778205832E-004
  0.166737147663494      -4.402031303340512E-004
  0.166644103033665      -3.667293753410175E-004
  0.166484082165976      -2.768420515891367E-004
  0.166238559182427      -1.844411260961057E-004
  0.165981314995958      -9.924931661518434E-005
  0.165810177612462      -2.234012091765483E-005
  0.165760294958653       5.015410712574437E-005
  0.165776119585836       1.188767439318546E-004
  0.165763775187629       1.764410360780592E-004
  0.165673190918683       2.106810499330612E-004
  0.165535478849435       2.132613309020917E-004
  0.165424795358994       1.860409586322141E-004
  0.165383287832477       1.395693438543722E-004
  0.165379298031402       8.507830517870987E-005
  0.165335833292214       2.699402332636162E-005
  0.165200845343217      -3.768095498193831E-005
  0.164993525701935      -1.130078649174701E-004
  0.164784596953249      -1.967883823067792E-004
  0.164630024777377      -2.788936447669079E-004
  0.164519808992606      -3.466222022270801E-004
  0.164388630752652      -3.922475945012321E-004
  0.164177976225423      -4.162548128450447E-004
  0.163892671895722      -4.239119907587615E-004
  0.163600571002291      -4.188162852838801E-004
  0.163376075590354      -3.994649913954170E-004
  0.163238505393153      -3.617575920166574E-004
  0.163139899490872      -3.047300478159169E-004
  0.163011616370240      -2.339383753452615E-004
  0.162826775417008      -1.592531080404668E-004
  0.162622996561590      -8.907041946943941E-005
  0.162466985002600      -2.620230641954812E-005
  0.162394601164061       3.094962996909449E-005
  0.162380302989690       8.326999305479438E-005
  0.162361468815362       1.268192069389406E-004
  0.162293304798855       1.537283644734767E-004
  0.162184078083715       1.574698811476682E-004
  0.162080476838169       1.378549638462484E-004
  0.162019091292966       1.013200922900778E-004
  0.161989795768723       5.625485850058919E-005
  0.161944044131709       7.471446751004876E-006
  0.161838929545390      -4.545705280913130E-005
  0.161675511139591      -1.048201828283921E-004
  0.161496366943887      -1.696563416413418E-004
  0.161345525963185      -2.336027789643662E-004
  0.161228260498044      -2.876154545409479E-004
  0.161107599000634      -3.251085468723987E-004
  0.160940266225880      -3.450602083437947E-004
  0.160718812323289      -3.506458217359812E-004
  0.160481536351314      -3.450161883463831E-004
  0.160281434208987      -3.282304290231132E-004
  0.160142350238635      -2.980295583008729E-004
  0.160041414064463      -2.534656129139482E-004
  0.159932561562472      -1.978029139708664E-004
  0.159789104855094      -1.378927188141357E-004
  0.159627152599271      -8.054754676850591E-005
  0.159489952351020      -2.918705354791169E-005
  0.159408534947126       1.629918720085183E-005
  0.159374382453082       5.654753782632072E-005
  0.159347681068246       8.954210682690834E-005
  0.159292146799613       1.103519027745583E-004
  0.159204268851072       1.141600514973152E-004
  0.159111367212123       9.992506563485620E-005
  0.159042013086512       7.141089493310981E-005
  0.158997045075803       3.466162729852083E-005
  0.158947622591225      -5.870105510788951E-006
  0.158861135839660      -4.921899808983062E-005
  0.158730369205971      -9.635451612284350E-005
  0.158579102272060      -1.467961742849558E-004
  0.158439589266219      -1.965674627275727E-004
  0.158323153791203      -2.393576225480507E-004
  0.158210952313781      -2.698611385536881E-004
  0.158073027976556      -2.863956906824726E-004
  0.157897858778319      -2.906689469071943E-004
  0.157705333177123      -2.851702940957041E-004
  0.157531472605472      -2.707041695556421E-004
  0.157398839358918      -2.462667002276814E-004
  0.157299138138509      -2.111936355308055E-004
  0.157203074186261      -1.674131826158259E-004
  0.157087932704494      -1.196093235672863E-004
  0.156957929845364      -7.308394629807814E-005
  0.156839626550878      -3.122291007379729E-005
  0.156757417397151       5.214026919112249E-006
  0.156711555782071       3.648448633001741E-005
  0.156678017604353       6.157981866461955E-005
  0.156629331369470       7.750036279766624E-005
  0.156556955545344       8.085520006642158E-005
  0.156475342892444       7.039655938150742E-005
  0.156405147734398       4.822373608304420E-005
  0.156351867633160       1.856869562962037E-005
  0.156299592101837      -1.478667018130444E-005
  0.156225020372003      -5.024488979568452E-005
  0.156118273559122      -8.788411021645539E-005
  0.155991263863128      -1.273389993884169E-004
  0.155866288079953      -1.661031569903922E-004
  0.155755743828442      -1.998370096300164E-004
  0.155651700892354      -2.244336332567182E-004
  0.155534666129829      -2.380540584717311E-004
  0.155393208488851      -2.414449793867121E-004
  0.155236365996131      -2.364333119427982E-004
  0.155087571511195      -2.240821255248221E-004
  0.154965682706925      -2.041760550035856E-004
  0.154870180897964      -1.763855533642328E-004
  0.154783528779919      -1.418935604198906E-004
  0.154688093319462      -1.038799619646083E-004
  0.154582194149628      -6.635316252697626E-005
  0.154481117156371      -3.234550433622488E-005
  0.154402756836759      -3.044232988363775E-006
  0.154351189997063       2.146555188612927E-005
  0.154312800478203       4.065986236236560E-005
  0.154267851531562       5.276181110824138E-005
  0.154206583965972       5.547911726784711E-005
  0.154135410728501       4.766927951106183E-005
  0.154068298404640       3.044124705735505E-005
  0.154011923934289       6.692867357911230E-006
  0.153958402789925      -2.053202174104516E-005
  0.153891946765112      -4.946218469504881E-005
  0.153802909883259      -7.963493958177818E-005
  0.153696169421562      -1.106530716749419E-004
  0.153586340918400      -1.408938223342487E-004
  0.153484527244622      -1.673985239724411E-004
  0.153388891712998      -1.870803199911663E-004
  0.153287568328592      -1.982147047003995E-004
  0.153170999241218      -2.009652159602649E-004
  0.153042257795189      -1.965921922109661E-004
  0.152915926724482      -1.861524258272023E-004
  0.152806594856793      -1.698787169640347E-004
  0.152717357098575      -1.477281971705458E-004
  0.152638496904994      -1.204856464739677E-004
  0.152557219990110      -9.031455678410656E-005
  0.152469469040307      -6.018597886778057E-005
  0.152383288187686      -3.265686460836425E-005
  0.152311064414881      -9.050865244739483E-006
  0.152257941605476       1.029998426058550E-005
  0.152216828577077       2.507774909319559E-005
  0.152174166536023       3.425113128840260E-005
  0.152120909478613       3.632694969984731E-005
  0.152058797203695       3.038729332022047E-005
  0.151996657880887       1.698258034182534E-005
  0.151940637392467      -1.934851611643968E-006
  0.151887525827970      -2.400347727397474E-005
  0.151827154355612      -4.753116031884226E-005
  0.151751371243027      -7.177401188127413E-005
  0.151661204968777      -9.626853628216477E-005
  0.151565730562619      -1.199136429851649E-004
  0.151473890082241      -1.406953746635161E-004
  0.151386892818023      -1.563436963539433E-004
  0.151298096444748      -1.653712110734533E-004
  0.151200295681180      -1.676214117384893E-004
  0.151093598719736      -1.639138622358294E-004
  0.150986654045059      -1.551743328874186E-004
  0.150890128842629      -1.418531155026056E-004
  0.150808343767613      -1.241130582400357E-004
  0.150736512781416      -1.025330356088873E-004
  0.150665869567353      -7.860325665613240E-005
  0.150591889381572      -5.449893319892445E-005
  0.150518215882652      -3.229187360222276E-005
  0.150452965099956      -1.326789188313377E-005
  0.150400969051114       2.095658101230152E-006
  0.150359002815084       1.355180201310337E-005
  0.150318127713852       2.050655190674807E-005
  0.150270807651544       2.202123852419444E-005
  0.150216324968119       1.742026662057205E-005
  0.150159831935633       6.959571096690940E-006
  0.150106271054062      -8.057907891901220E-006
  0.150054937965792      -2.584650216230307E-005
  0.149999623718267      -4.491367675698989E-005
  0.149934018340063      -6.441138133489255E-005
  0.149857285881437      -8.382556963662214E-005
  0.149774724704509      -1.023616383538644E-004
  0.149693043065147      -1.186400014156170E-004
  0.149614684283868      -1.310170511916792E-004
  0.149536376996382      -1.382769880966794E-004
  0.149453109366541      -1.401149954293937E-004
  0.149363758944816      -1.370309211651357E-004
  0.149273173289806      -1.297773472668424E-004
  0.149188803447984      -1.188768323000638E-004
  0.149114944561386      -1.046175656438413E-004
  0.149049734507825      -8.747147976401309E-005
  0.148987488186172      -6.848819438336159E-005
  0.148924130484661      -4.925132174268217E-005
  0.148860806533810      -3.139407428605655E-005
  0.148802531028884      -1.607289491029937E-005
  0.148753259528335      -3.826200567032064E-006
  0.148711901427906       5.114155016416662E-006
  0.148672796863048       1.040047387442797E-005
  0.148630084607618       1.146311376908769E-005
  0.148581961894567       7.839550008403688E-006
  0.148531112048504      -3.556037590139718E-007
  0.148481161707458      -1.225391003165453E-005
  0.148432586536269      -2.652862482916219E-005
  0.148381824266418      -4.192734275781321E-005
  0.148324295504947      -5.760867193032304E-005
  0.148258457497722      -7.303969706285956E-005
  0.148187168344339      -8.760926894977642E-005
  0.148115192198828      -1.003583215770619E-004
  0.148045210482697      -1.101083862863526E-004
  0.147975990527643      -1.159022265166834E-004
  0.147904301607027      -1.173910944658056E-004
  0.147828717709342      -1.148564625762644E-004
  0.147751766316400      -1.088798927154086E-004
  0.147678447944082      -9.997252917361142E-005
  0.147612469291337      -8.848233081099330E-005
  0.147553569652111      -7.482039439752429E-005
  0.147498274760970      -5.974871693643540E-005
  0.147443301867306      -4.442083621702824E-005
  0.147388507148217      -3.010014816748128E-005
  0.147336776094243      -1.777645325432193E-005
  0.147291068136942      -7.988905119505316E-006
  0.147251356255074      -9.699522345339526E-007
  0.147214203054732       3.065787634511235E-006
  0.147175274037794       3.784684182125300E-006
  0.147132471913786       8.919100012023338E-007
  0.147086924779488      -5.556082096246478E-006
  0.147041095519198      -1.497548857186620E-005
  0.146995883208668      -2.639111393287793E-005
  0.146949404721622      -3.878673861241918E-005
  0.146898511338980      -5.138972846406679E-005
  0.146841572949337      -6.367915468703442E-005
  0.146779957387186      -7.515967783339586E-005
  0.146716893323262      -8.514938127223852E-005
  0.146654814295779      -9.280679199000584E-005
  0.146593623623109      -9.739843011421893E-005
  0.146531412210640      -9.858944899517296E-005
  0.146466889150063      -9.652066082851287E-005
  0.146401241698283      -9.162522504814699E-005
  0.146337703823877      -8.436060210924773E-005
  0.146279220149052      -7.508739074736030E-005
  0.146226305477807      -6.417428348730570E-005
  0.146176986131568      -5.219362067959394E-005
  0.146128809218637      -3.999082317920801E-005
  0.146081068564922      -2.853128061592678E-005
  0.146035264521133      -1.863366922681424E-005
  0.145993456186268      -1.080001026152008E-005
  0.145956057207566      -5.261430679759275E-006
  0.145921072302480      -2.163268604839120E-006
  0.145885422071195      -1.694139418000322E-006
  0.145847126149919      -4.026784745808636E-006
  0.145806404285071      -9.121780712745325E-006
  0.145764802001363      -1.657895941840036E-005
  0.145723248442040      -2.568490310204652E-005
  0.145680866870909      -3.563393762841024E-005
  0.145635598587269      -4.575097082726575E-005
  0.145586014945673      -5.555035832210440E-005
  0.145532632404048      -6.461663424617621E-005
  0.145477546234366      -7.245112888331564E-005
  0.145422755236352      -7.845211602630343E-005
  0.145368721500261      -8.206850395166981E-005
  0.145314447981362      -8.300694708094650E-005
  0.145258940643731      -8.132334668749513E-005
  0.145202664591928      -7.733163549654527E-005
  0.145147637987999      -7.141933092044661E-005
  0.145096069514669      -6.392947069087971E-005
  0.145048764949726      -5.519388621491595E-005
  0.145004715338783      -4.565676413044105E-005
  0.144962193855610      -3.594441701122593E-005
  0.144920338373766      -2.678945095199874E-005
  0.144879798943831      -1.885270031205865E-005
  0.144841911887310      -1.257903237775453E-005
  0.144807196908201      -8.190704701871255E-006
  0.144774553654533      -5.797620028113413E-006
  0.144741866649158      -5.502994169218108E-006
  0.144707451356755      -7.396337495055547E-006
  0.144671050322300      -1.143788299541660E-005
  0.144633542788734      -1.734507149111107E-005
  0.144595713158555      -2.459555577454950E-005
  0.144557247400260      -3.256060552608634E-005
  0.144516867390069      -4.067029996315931E-005
  0.144473445103149      -4.848862738369683E-005
  0.144427052670552      -5.566118632973641E-005
  0.144378992830104      -6.181218413497084E-005
  0.144330804286261      -6.650837018441941E-005
  0.144283161749571      -6.934128051170215E-005
  0.144235655401535      -7.006833119405963E-005
  0.144187606278178      -6.869822831163486E-005
  0.144139127363967      -6.545407660605847E-005
  0.144091434488299      -6.065224325009911E-005
  0.144046112875174      -5.460142616225096E-005
  0.144003997589239      -4.759732135559177E-005
  0.143964664084081      -3.999415269792060E-005
  0.143926959953776      -3.226247750622878E-005
  0.143890071978773      -2.495693063080777E-005
  0.143854163924499      -1.860174277642216E-005
  0.143820037108475      -1.357728351171205E-005
  0.143788158429177      -1.008948310199675E-005
  0.143757956383066      -8.229419328272619E-006
  0.143728018918746      -8.052328802997037E-006
  0.143697003711059      -9.594526128493528E-006
  0.143664446180135      -1.281091817699428E-005
  0.143630774562000      -1.749453902965453E-005
  0.143596575872734      -2.326070496569901E-005
  0.143561821467141      -2.962371519367369E-005
  0.143525763144575      -3.611417380293605E-005
  0.143487573587572      -4.235219672539661E-005
  0.143447125109301      -4.803423130090587E-005
  0.143405192227585      -5.286901977990676E-005
  0.143362904728731      -5.654096255143417E-005
  0.143320958675193      -5.874981516534650E-005
  0.143279293843542      -5.930282772416062E-005
  0.143237500401617      -5.818558261117764E-005
  0.143195547250226      -5.555468773228294E-005
  0.143154141869978      -5.166189243290818E-005
  0.143114381691724      -4.677438399350336E-005
  0.143077007142215      -4.115159997307839E-005
  0.143041922411898      -3.508158316211666E-005
  0.143008398555763      -2.892344331493546E-005
  0.142975756539632      -2.309765982490014E-005
  0.142943908750498      -1.801511478235021E-005
  0.142913286095886      -1.399246999669505E-005
  0.142884244152010      -1.121415889096561E-005
  0.142856506360478      -9.759752209019721E-006
  0.142829152960446      -9.658955888958814E-006
  0.142801162224337      -1.091651307073970E-005
  0.142772019671017      -1.348270808599874E-005
  0.142741869340189      -1.720003808299327E-005
  0.142711109665387      -2.178236748978338E-005
  0.142679834259846      -2.685656299099117E-005
  0.142647636737968      -3.204289530346735E-005
  0.142613946393613      -3.701821953933859E-005
  0.142578572339773      -4.152351584065018E-005
  0.142541952991562      -4.532777986477165E-005
  0.142504887809991      -4.819758008202290E-005
  0.142468000999608      -4.991298442566874E-005
  0.142431419352732      -5.032522241306537E-005
  0.142394936189834      -4.941114040201857E-005
  0.142358483722830      -4.728014159475599E-005
  0.142322460526312      -4.412906049191873E-005
  0.142287603452927      -4.018267353911518E-005
  0.142254514218778      -3.566480880914598E-005
  0.142223262897261      -3.081247359097902E-005
  0.142193415248632      -2.590400273778043E-005
  0.142164445924844      -2.125955913495548E-005
  0.142136158976597      -1.719868612891058E-005
  0.142108744804965      -1.397974846043185E-005
  0.142082441519286      -1.176318971929037E-005
  0.142057125198096      -1.061980841618864E-005
  0.142032208295867      -1.056657251756234E-005
  0.142006939234558      -1.159129943497348E-005
  0.141980836268744      -1.364235123863565E-005
  0.141953879178053      -1.659570689787478E-005
  0.141926312122790      -2.023577376519792E-005
  0.141898262174381      -2.427640959166520E-005
  0.141869531789573      -2.841435534166058E-005
  0.141839749527064      -3.237994365624862E-005
  0.141808730126549      -3.595389656678595E-005
  0.141776708264221      -3.894992836238633E-005
  0.141744233097650      -4.119238354021181E-005
  0.141711821979919      -4.252000195367765E-005
  0.141679684476368      -4.282038824115548E-005
  0.141647753155208      -4.206955034175749E-005
  0.141615971851241      -4.034416945256682E-005
  0.141584559704962      -3.779639871475447E-005
  0.141553998747791      -3.461138289067981E-005
  0.141524750332828      -3.097914999227694E-005
  0.141496952733479      -2.709577112793712E-005
  0.141470366231268      -2.317998797215418E-005
  0.141444606385956      -1.947715823943498E-005
  0.141419449994621      -1.623472491341070E-005
  0.141394942103435      -1.366031318333056E-005
  0.141371220752597      -1.189014545212536E-005
  0.141348232852222      -1.098702533980085E-005
  0.141325607789188      -1.096202909945529E-005
  0.141302806886866      -1.179538687834062E-005
  0.141279417384604      -1.343639430673651E-005
  0.141255335562937      -1.578480020045385E-005
  0.141230691466293      -1.867581704763071E-005
  0.141205602594153      -2.188974241018961E-005
  0.141179991096248      -2.518653987643770E-005
  0.141153629929754      -2.834456921206767E-005
  0.141126368241593      -3.117997506557354E-005
  0.141098323791385      -3.354098166724708E-005
  0.141069864996744      -3.529309773041788E-005
  0.141041399164370      -3.631749860602765E-005
  0.141013156508719      -3.653057141182392E-005
  0.140985156234846      -3.591127885947454E-005
  0.140957369822908      -3.451400303925712E-005
  0.140929917361950      -3.245561516499438E-005
  0.140903107549033      -2.988624385341117E-005
  0.140877279252868      -2.696491146459742E-005
  0.140852584649301      -2.385394434902184E-005
  0.140828905624969      -2.072720521152264E-005
  0.140805973204363      -1.777417031456803E-005
  0.140783578381121      -1.518617123868744E-005
  0.140761686308648      -1.312819899435867E-005
  0.140740359754442      -1.171361785753512E-005
  0.140719572732027      -1.099740359075364E-005
  0.140699092057522      -1.098810826124881E-005
  0.140678539013103      -1.166393496274392E-005
  0.140657579236570      -1.297735257670251E-005
  0.140636076377447      -1.484591595470812E-005
  0.140614082834709      -1.714185605034086E-005
  0.140591689920078      -1.969588732869055E-005
  0.140568882744336      -2.231910420989233E-005
  0.140545532930592      -2.483150641969946E-005
  0.140521530949215      -2.708045652015333E-005
  0.140496931845014      -2.894167928350968E-005
  0.140471978536755      -3.031056152295776E-005
  0.140446980339173      -3.109882957766135E-005
  0.140422154546027      -3.124492610056834E-005
  0.140397567901229      -3.073213301263546E-005
  0.140373219657196      -2.959978158332787E-005
  0.140349178393589      -2.793745318247409E-005
  0.140325638843167      -2.586550198518810E-005
  0.140302841708588      -2.351535746250567E-005
  0.140280926135525      -2.102110177340532E-005
  0.140259845433871      -1.852208802206325E-005
  0.140239418576812      -1.616581485482139E-005
  0.140219468297498      -1.410034217568252E-005
  0.140199922245219      -1.245574343018560E-005
  0.140180791941398      -1.132483403234250E-005
  0.140162057490949      -1.075492460198730E-005
  0.140143570414573      -1.075349851005213E-005
  0.140125067864690      -1.129975370510954E-005
  0.140106289262593      -1.235075678120126E-005
  0.140087095217623      -1.383807832586437E-005
  0.140067489626711      -1.566135650924478E-005
  0.140047534976127      -1.768948715377244E-005
  0.140027245234501      -1.977427619453238E-005
  0.140006555726260      -2.177088184331789E-005
  0.139985394563651      -2.355376347547196E-005
  0.139963786120097      -2.502105890463758E-005
  0.139941889018846      -2.609032275560354E-005
  0.139919932173550      -2.669528941597109E-005
  0.139898104583264      -2.679090547064074E-005
  0.139876493783822      -2.636482027494998E-005
  0.139855120463928      -2.544621398460101E-005
  0.139834028256866      -2.410384426720298E-005
  0.139813339254351      -2.243343139681039E-005
  0.139793219928392      -2.054247293801535E-005
  0.139773785697101      -1.854127630220144E-005
  0.139755028529702      -1.654215365841956E-005
  0.139736830796859      -1.466080550546829E-005
  0.139719051113962      -1.301208643227818E-005
  0.139701605288694      -1.169800577348028E-005
  0.139684473407547      -1.079356640214411E-005
  0.139667633350853      -1.033877856778985E-005
  0.139650987655781      -1.034054661051655E-005
  0.139634355021718      -1.078047573850591E-005
  0.139617537907768      -1.162091239754149E-005
  0.139600409240419      -1.280488235065408E-005
  0.139582945740286      -1.425269388805605E-005
  0.139565184864767      -1.586220692358674E-005
  0.139547150321517      -1.751729795311175E-005
  0.139528816096381      -1.910221686533791E-005
  0.139510140206671      -2.051457237993003E-005
  0.139491134085262      -2.167100827142529E-005
  0.139471901328087      -2.250590527025279E-005
  0.139452608345503      -2.296893913057536E-005
  0.139433411277869      -2.302719370685243E-005
  0.139414401602314      -2.267211484352200E-005
  0.139395613647241      -2.192596893315093E-005
  0.139377079897921      -2.084174585435618E-005
  0.139358877431288      -1.949518480881752E-005
  0.139341119007577      -1.797346584267444E-005
  0.139323894519538      -1.636690021555010E-005
  0.139307214354522      -1.476628469361717E-005
  0.139291004525939      -1.326298877570857E-005
  0.139275156931243      -1.194642460464899E-005
  0.139259589775641      -1.089635225006415E-005
  0.139244266451797      -1.017275952709665E-005
  0.139229160782998      -9.808935866773425E-006
  0.139214205576683      -9.811269478010295E-006
  0.139199275638524      -1.016422949267340E-005
  0.139184224118561      -1.083555639924002E-005
  0.139168942683395      -1.177785944468231E-005
  0.139153395361042      -1.292733373149127E-005
  0.139137600542302      -1.420391247826179E-005
  0.139121581962130      -1.551656462272690E-005
  0.139105335327317      -1.677324271409282E-005
  0.139088840253830      -1.789103875768054E-005
  0.139072104194111      -1.880195878133288E-005
  0.139055195666795      -1.945342665804831E-005
  0.139038234331355      -1.980677847909856E-005
  0.139021344755909      -1.983791850153842E-005
  0.139004612763523      -1.954130711192743E-005
  0.138988079398229      -1.893440101723364E-005
  0.138971772451981      -1.805828247376694E-005
  0.138955741774165      -1.697271199429652E-005
  0.138940062617334      -1.574792015425796E-005
  0.138924801871524      -1.445747849239481E-005
  0.138909976625393      -1.317487328752969E-005
  0.138895541712404      -1.197265756163935E-005
  0.138881416942433      -1.092072431679120E-005
  0.138867529796543      -1.008136264491235E-005
  0.138853837057258      -9.502175216124672E-006
  0.138840309507822      -9.210460659633953E-006
  0.138826897918242      -9.212011800813840E-006
  0.138813515058116      -9.494097827379113E-006
  0.138800053164485      -1.002958673952288E-005
  0.138786423866606      -1.077919366815391E-005
  0.138772587620114      -1.169153849182037E-005
  0.138758549685879      -1.270348882391184E-005
  0.138744329675944      -1.374357461568177E-005
  0.138729934179818      -1.473883627555764E-005
  0.138715357153968      -1.562254596162748E-005
  0.138700605973205      -1.633946230574583E-005
  0.138685727185181      -1.684729764182492E-005
  0.138670806462427      -1.711602855614931E-005
  0.138655940801316      -1.712792518056277E-005
  0.138641205715250      -1.687968767551998E-005
  0.138626643741396      -1.638531973494101E-005
  0.138612280498030      -1.567689643274941E-005
  0.138598149646895      -1.480152469468411E-005
  0.138584301012475      -1.381549399886353E-005
  0.138570782640918      -1.277845454410945E-005
  0.138557612110582      -1.174986615439259E-005
  0.138544762542201      -1.078758106581906E-005
  0.138532175716445      -9.946467003602453E-006
  0.138519790822475      -9.275179398483358E-006
  0.138507564366632      -8.811275939074546E-006
  0.138495465985698      -8.576864216028258E-006
  0.138483457381998      -8.577054252970053E-006
  0.138471476755424      -8.801604717779401E-006
  0.138459445578194      -9.228024162550619E-006
  0.138447293943406      -9.823898346419003E-006
  0.138434983970461      -1.054770637426447E-005
  0.138422512751006      -1.134941002488265E-005
  0.138409894670105      -1.217277075805513E-005
  0.138397140681335      -1.296006906170701E-005
  0.138384253424101      -1.365786015331878E-005
  0.138371241404045      -1.422145354082818E-005
  0.138358137519427      -1.461678272241032E-005
  0.138345003239922      -1.482032257826150E-005
  0.138331912852698      -1.481892765799135E-005
  0.138318930030393      -1.461087060071167E-005
  0.138306095339349      -1.420758017892117E-005
  0.138293432841223      -1.363428311934027E-005
  0.138280966614987      -1.292812812625994E-005
  0.138268729666063      -1.213406597330877E-005
  0.138256755543690      -1.130025332009690E-005
  0.138245059464419      -1.047474279732879E-005
  0.138233625695722      -9.703797908523757E-006
  0.138222412558993      -9.030665022406889E-006
  0.138211370912340      -8.493397242939907E-006
  0.138200460558412      -8.121510254389414E-006
  0.138189651799461      -7.932720460738755E-006
  0.138178913397978      -7.931410060137253E-006
  0.138168200550848      -8.109431430441217E-006
  0.138157456117505      -8.448347007856173E-006
  0.138146625982203      -8.921546837406060E-006
  0.138135676537634      -9.495419783663898E-006
  0.138124600428424      -1.013013550521472E-005
  0.138113407197120      -1.078132516386796E-005
  0.138102108535268      -1.140336387840801E-005
  0.138090711707693      -1.195360669194378E-005
  0.138079226286748      -1.239604740280401E-005
  0.138067676639366      -1.270324446014215E-005
  0.138056107233128      -1.285663422518299E-005
  0.138044574372626      -1.284638028138321E-005
  0.138033130168811      -1.267179995480673E-005
  0.138021811230717      -1.234232644285160E-005
  0.138010639914230      -1.187793915600204E-005
  0.137999634523669      -1.130797586512873E-005
  0.137988817154732      -1.066824499483700E-005
  0.137978210710155      -9.997481814003719E-006
  0.137967827108800      -9.334452231614231E-006
  0.137957657133346      -8.716217481214560E-006
  0.137947671153852      -8.176985569341858E-006
  0.137937830451037      -7.746574722166030E-006
  0.137928099808578      -7.448124610752867E-006
  0.137918451548064      -7.295710937626098E-006
  0.137908859418801      -7.292993912999818E-006
  0.137899290060092      -7.433526146526320E-006
  0.137889701739732      -7.702319743850098E-006
  0.137880053184275      -8.077637830236211E-006
  0.137870316012047      -8.532262434080400E-006
  0.137860480983359      -9.034383226642384E-006
  0.137850553766060      -9.548901593975553E-006
  0.137840544995869      -1.003975329383604E-005
  0.137830463860901      -1.047300522216871E-005
  0.137820320462912      -1.081975689395489E-005
  0.137810133696106      -1.105792982689278E-005
  0.137799936163001      -1.117280171048170E-005
  0.137789770313713      -1.115693963308523E-005
  0.137779677897671      -1.101031340944632E-005
  0.137769690677728      -1.074075708426342E-005
  0.137759828970381      -1.036419200650853E-005
  0.137750107424030      -9.903835477296478E-006
  0.137740541150100      -9.388172170061362E-006
  0.137731145515536      -8.848265311209980E-006
  0.137721929198624      -8.315326389467368E-006
  0.137712886624397      -7.819069472879165E-006
  0.137703996726167      -7.386633028614472E-006
  0.137695229513441      -7.041435837819315E-006
  0.137686555237821      -6.801597796143174E-006
  0.137677949065938      -6.678225762738945E-006
  0.137669388627035      -6.674304998550159E-006
  0.137660848400574      -6.784738505468595E-006
  0.137652297655963      -6.997416642425496E-006
  0.137643705206854      -7.294663650213720E-006
  0.137635047887263      -7.654451427354883E-006
  0.137626316193320      -8.051314195007220E-006
  0.137617512985748      -8.457415811843140E-006
  0.137608647141008      -8.844232794551719E-006
  0.137599728107878      -9.184815855303971E-006
  0.137590765916131      -9.456043885475971E-006
  0.137581775774128      -9.640186649779741E-006
  0.137572781997809      -9.725531193045565E-006
  0.137563816563253      -9.706407094084493E-006
  0.137554912417710      -9.583160054783761E-006
  0.137546096326459      -9.362310355553254E-006
  0.137537386306218      -9.056610096243737E-006
  0.137528794494730      -8.684476994438410E-006
  0.137520331551860      -8.268555779326281E-006
  0.137512007670558      -7.833698225450184E-006
  0.137503828782538      -7.404982576071444E-006
  0.137495791257394      -7.006235188849758E-006
  0.137487880009510      -6.659035179480355E-006
  0.137480072056681      -6.381819197592690E-006
  0.137472342910488      -6.188773756765974E-006
  0.137464670950700      -6.088617215200186E-006
  0.137457037062314      -6.083733214427469E-006
  0.137449421246959      -6.170083340560735E-006
  0.137441800607404      -6.337924284606705E-006
  0.137434151687524      -6.572939320836845E-006
  0.137426456031952      -6.857321379806257E-006
  0.137418704794626      -7.170652269412360E-006
  0.137410898970308      -7.490805615459864E-006
  0.137403045571495      -7.795200417290495E-006
  0.137395153384533      -8.062459328059818E-006
  0.137387231880317      -8.274135471848700E-006
  0.137379293614942      -8.416021948587979E-006
  0.137371357068166      -8.478784962081989E-006
  0.137363446393087      -8.458061773171347E-006
  0.137355587325514      -8.354388241820305E-006
  0.137347801926870      -8.173188257899181E-006
  0.137340105808792      -7.924715413464361E-006
  0.137332509212402      -7.623615901772264E-006
  0.137325019938919      -7.287891718643239E-006
  0.137317644718100      -6.937390165444747E-006
  0.137310387354026      -6.592222922368100E-006
  0.137303245212359      -6.271487998469139E-006
  0.137296207342266      -5.992372066753912E-006
  0.137289256228171      -5.769422737020804E-006
  0.137282372081462      -5.613753060740684E-006
  0.137275536523592      -5.532180438165396E-006
  0.137268733290012      -5.526572518714901E-006
  0.137261946408957      -5.593715650660020E-006
  0.137255158579523      -5.725790977121947E-006
  0.137248352169077      -5.911240535989362E-006
  0.137241512726870      -6.135690664821456E-006
  0.137234632507627      -6.382756357143379E-006
  0.137227711375656      -6.634816551961448E-006
  0.137220754665392      -6.873974000828876E-006
  0.137213770069380      -7.083281500752007E-006
  0.137206766179490      -7.248053652836935E-006
  0.137199753506131      -7.356932815245224E-006
  0.137192746353885      -7.402478134445447E-006
  0.137185763069612      -7.381309493812713E-006
  0.137178823629178      -7.294034482356733E-006
  0.137171945914501      -7.145154799637478E-006
  0.137165143178244      -6.942937833613650E-006
  0.137158424107561      -6.699057568283777E-006
  0.137151794626310      -6.427831338405456E-006
  0.137145259193616      -6.145090286087169E-006
  0.137138820072066      -5.866935633816521E-006
  0.137132475129628      -5.608664607491891E-006
  0.137126216266463      -5.383979938172900E-006
  0.137120030147909      -5.204384026498846E-006
  0.137113900990797      -5.078591370200481E-006
  0.137107813465442      -5.011919133308265E-006
  0.137101753839434      -5.005806179797443E-006
  0.137095709186898      -5.057681016111398E-006
  0.137089666242048      -5.161277820448925E-006
  0.137083611711416      -5.307290227114479E-006
  0.137077534413460      -5.484134278936390E-006
  0.137071427841919      -5.678657473806899E-006
  0.137065291257687      -5.876805828760671E-006
  0.137059128612483      -6.064377066315308E-006
  0.137052946378129      -6.227938073458168E-006
  0.137046752104406      -6.355817430582982E-006
  0.137040554631595      -6.438955277816924E-006
  0.137034365212655      -6.471422697244786E-006
  0.137028197889913      -6.450587147462308E-006
  0.137022068119892      -6.377056947383866E-006
  0.137015990215446      -6.254556530492638E-006
  0.137009975230222      -6.089763494843843E-006
  0.137004030512491      -5.892001837485402E-006
  0.136998160705395      -5.672666541483145E-006
  0.136992368801862      -5.444375552115476E-006
  0.136986656010307      -5.220000713912052E-006
  0.136981020467878      -5.011784078142892E-006
  0.136975456051997      -4.830656817531563E-006
  0.136969952585624      -4.685729198109532E-006
  0.136964497590642      -4.583843896901918E-006
  0.136959078469893      -4.529141578998720E-006
  0.136953683734301      -4.522714044945252E-006
  0.136948302840219      -4.562491537808261E-006
  0.136942925472833      -4.643455038873131E-006
  0.136937541553715      -4.758126074621788E-006
  0.136932142495270      -4.897183302006374E-006
  0.136926722991295      -5.050069990061965E-006
  0.136921282048992      -5.205564883807507E-006
  0.136915822544231      -5.352384620296071E-006
  0.136910349773533      -5.479879620747418E-006
  0.136904870204437      -5.578784975876217E-006
  0.136899391263245      -5.641888139515550E-006
  0.136893921916710      -5.664470004127380E-006
  0.136888473005119      -5.644473110078395E-006
  0.136883056481431      -5.582467438034855E-006
  0.136877683696812      -5.481523431986801E-006
  0.136872363735411      -5.347039551343724E-006
  0.136867102767749      -5.186475559991288E-006
  0.136861904518882      -5.008908400852930E-006
  0.136856771042733      -4.824391000645046E-006
  0.136851702866634      -4.643201485541155E-006
  0.136846698302652      -4.475127643739708E-006
  0.136841752619570      -4.328891194326174E-006
  0.136836858009386      -4.211717542100352E-006
  0.136832004659874      -4.128987302059339E-006
  0.136827182338608      -4.083922688507115E-006
  0.136822381521789      -4.077340754657847E-006
  0.136817593578322      -4.107566286187462E-006
  0.136812810389910      -4.170578058719442E-006
  0.136808024258268      -4.260375065745585E-006
  0.136803228612836      -4.369467160444970E-006
  0.136798419218401      -4.489384154348045E-006
  0.136793595042216      -4.611159955825824E-006
  0.136788758156335      -4.725820757964238E-006
  0.136783912812306      -4.824920385161732E-006
  0.136779064439369      -4.901110060543173E-006
  0.136774219246172      -4.948657776495640E-006
  0.136769384443643      -4.963812720973803E-006
  0.136764568473173      -4.944963843669228E-006
  0.136759780591545      -4.892624237376452E-006
  0.136755029743563      -4.809316225987558E-006
  0.136750323304400      -4.699405336629030E-006
  0.136745666407518      -4.568867806647644E-006
  0.136741062084531      -4.424940635381489E-006
  0.136736511787287      -4.275632283843301E-006
  0.136732015630314      -4.129142408022974E-006
  0.136727572072874      -3.993289294049774E-006
  0.136723177384997      -3.875031000302143E-006
  0.136718825533475      -3.780103742380905E-006
  0.136714508822589      -3.712744420199483E-006
  0.136710219013390      -3.675460376814626E-006
  0.136705948279025      -3.668855250143132E-006
  0.136701689551123      -3.691566593515601E-006
  0.136697436377858      -3.740370454138315E-006
  0.136693182828956      -3.810455971570157E-006
  0.136688923880626      -3.895811766128013E-006
  0.136684656204896      -3.989645339906630E-006
  0.136680378846369      -4.084789441178790E-006
  0.136676093294051      -4.174100707785213E-006
  0.136671802915583      -4.250876993757071E-006
  0.136667512195824      -4.309292015486149E-006
  0.136663226291473      -4.344796886667934E-006
  0.136658951034857      -4.354415122863458E-006
  0.136654693052491      -4.336884536465992E-006
  0.136650459533577      -4.292655291630223E-006
  0.136646257497855      -4.223792590208663E-006
  0.136642092874464      -4.133825971850322E-006
  0.136637969892325      -4.027547853549950E-006
  0.136633891035098      -3.910733274813687E-006
  0.136629857363462      -3.789762653532240E-006
  0.136625868761838      -3.671173219976419E-006
  0.136621923835285      -3.561204725152078E-006
  0.136618019594724      -3.465406479912337E-006
  0.136614151340485      -3.388335461732762E-006
  0.136610313039435      -3.333332239032924E-006
  0.136606498100056      -3.302348670648409E-006
  0.136602700139077      -3.295825308112281E-006
  0.136598913377487      -3.312649790869223E-006
  0.136595132651356      -3.350234990876859E-006
  0.136591353352747      -3.404726299179301E-006
  0.136587571633610      -3.471303993041525E-006
  0.136583784907343      -3.544524222092733E-006
  0.136579992349455      -3.618656602617726E-006
  0.136576195034850      -3.688010789861801E-006
  0.136572395608156      -3.747265514234670E-006
  0.136568597727558      -3.791802433402474E-006
  0.136564805645496      -3.818015653252271E-006
  0.136561024092796      -3.823546934004984E-006
  0.136557258307344      -3.807407924302302E-006
  0.136553513893358      -3.769986947684603E-006
  0.136549796347646      -3.712969963917740E-006
  0.136546110400107      -3.639209167510418E-006
  0.136542459501654      -3.552550161412056E-006
  0.136538845688883      -3.457604955291495E-006
  0.136535269761421      -3.359458104976497E-006
  0.136531731491559      -3.263319189861845E-006
  0.136528229634702      -3.174164417176628E-006
  0.136524761766545      -3.096417663900246E-006
  0.136521324195966      -3.033700458470202E-006
  0.136517912187460      -2.988649536749331E-006
  0.136514520490619      -2.962785395417137E-006
  0.136511143933233      -2.956425721857055E-006
  0.136507777803914      -2.968659768769783E-006
  0.136504417950249      -2.997409336980031E-006
  0.136501060762643      -3.039586759188477E-006
  0.136497703282749      -3.091330794310708E-006
  0.136494343514373      -3.148281123911237E-006
  0.136490980778412      -3.205856161935354E-006
  0.136487615859527      -3.259520601138731E-006
  0.136484250824450      -3.305047161712828E-006
  0.136480888628077      -3.338774973843472E-006
  0.136477532752579      -3.357848079097945E-006
  0.136474187037857      -3.360400896034471E-006
  0.136470855646933      -3.345660522872012E-006
  0.136467542966398      -3.313958202030624E-006
  0.136464253297421      -3.266666845353231E-006
  0.136460990391063      -3.206089702549235E-006
  0.136457757039092      -3.135313779122413E-006
  0.136454554906698      -3.058024707061743E-006
  0.136451384612363      -2.978275660358056E-006
  0.136448245888095      -2.900217141318720E-006
  0.136445137641325      -2.827815208381898E-006
  0.136442057890328      -2.764594829259191E-006
  0.136439003713709      -2.713434521378073E-006
  0.136435971385642      -2.676417294630642E-006
  0.136432956735299      -2.654728613707273E-006
  0.136429955593962      -2.648594758439152E-006
  0.136426964133697      -2.657268680397680E-006
  0.136423979006761      -2.679079336521365E-006
  0.136420997365511      -2.711553455948848E-006
  0.136418016924296      -2.751599491505923E-006
  0.136415036148459      -2.795727003818842E-006
  0.136412054497021      -2.840273369355038E-006
  0.136409072552264      -2.881622532556437E-006
  0.136406091926212      -2.916414561306844E-006
  0.136403114988231      -2.941747136802041E-006
  0.136400144571291      -2.955359626581789E-006
  0.136397183789385      -2.955778206732334E-006
  0.136394235964504      -2.942399595936200E-006
  0.136391304544120      -2.915504268881032E-006
  0.136388392895177      -2.876207911206297E-006
  0.136385503979715      -2.826369047582582E-006
  0.136382640039133      -2.768466109689359E-006
  0.136379802427961      -2.705445975089976E-006
  0.136376991633111      -2.640540779598174E-006
  0.136374207386964      -2.577056880013061E-006
  0.136371448745163      -2.518153675890759E-006
  0.136368714080743      -2.466638482212490E-006
  0.136366001065987      -2.424799159633966E-006
  0.136363306760406      -2.394282337241489E-006
  0.136360627855230      -2.376013073869292E-006
  0.136357961004482      -2.370150404640364E-006
  0.136355303108921      -2.376080954989601E-006
  0.136352651466793      -2.392459866562946E-006
  0.136350003818540      -2.417305745487898E-006
  0.136347358388255      -2.448144327247891E-006
  0.136344713997406      -2.482182948077024E-006
  0.136342070225524      -2.516494244283481E-006
  0.136339427513292      -2.548194443331684E-006
  0.136336787118526      -2.574611816184006E-006
  0.136334150931036      -2.593444896403850E-006
  0.136331521242445      -2.602904978025989E-006
  0.136328900573326      -2.601829112699916E-006
  0.136326291581466      -2.589747469098014E-006
  0.136323696986330      -2.566896399358324E-006
  0.136321119426649      -2.534181070265694E-006
  0.136318561234541      -2.493099985188571E-006
  0.136316024197886      -2.445642946056119E-006
  0.136313509411609      -2.394167077479855E-006
  0.136311017262739      -2.341250684199840E-006
  0.136308547504651      -2.289527645955479E-006
  0.136306099332260      -2.241513828117759E-006
  0.136303671407651      -2.199443942597287E-006
  0.136301261865984      -2.165136090092346E-006
  0.136298868378663      -2.139892495758572E-006
  0.136296488321500      -2.124435595630976E-006
  0.136294119017174      -2.118875462259796E-006
  0.136291757964716      -2.122708332198904E-006
  0.136289402983969      -2.134851049947320E-006
  0.136287052274069      -2.153715916339867E-006
  0.136284704447164      -2.177323216491769E-006
  0.136282358597169      -2.203439546419474E-006
  0.136280014403139      -2.229725802378062E-006
  0.136277672205461      -2.253881958340129E-006
  0.136275332987535      -2.273782764653298E-006
  0.136272998251234      -2.287602728685692E-006
  0.136270669841240      -2.293926861620889E-006
  0.136268349792827      -2.291838430986630E-006
  0.136266040235366      -2.280972428386595E-006
  0.136263743320817      -2.261527410619721E-006
  0.136261461120580      -2.234236824850198E-006
  0.136259195467463      -2.200308006288094E-006
  0.136256947779925      -2.161338246662237E-006
  0.136254718937147      -2.119213449736218E-006
  0.136252509247592      -2.075991004562570E-006
  0.136250318494080      -2.033769228134273E-006
  0.136248145998241      -1.994550999744335E-006
  0.136245990660079      -1.960114461764659E-006
  0.136243850979351      -1.931904046726390E-006
  0.136241725105721      -1.910949852549914E-006
  0.136239610956830      -1.897816455091512E-006
  0.136237506394949      -1.892578621946524E-006
  0.136235409407802      -1.894822713677130E-006
  0.136233318237623      -1.903675842920114E-006
  0.136231231444626      -1.917865436386413E-006
  0.136229147938219      -1.935807704792095E-006
  0.136227067019766      -1.955717140646764E-006
  0.136224988447393      -1.975725196448271E-006
  0.136222912488978      -1.993997404427857E-006
  0.136220839915707      -2.008842758342991E-006
  0.136218771918467      -2.018812906297902E-006
  0.136216709976186      -2.022788593875897E-006
  0.136214655727897      -2.020047758808298E-006
  0.136212610880353      -2.010307544924734E-006
  0.136210577140666      -1.993734423021354E-006
  0.136208556137858      -1.970922145328134E-006
  0.136206549310969      -1.942842812369513E-006
  0.136204557780475      -1.910778361379113E-006
  0.136202582247680      -1.876237920342277E-006
  0.136200622957780      -1.840863653365995E-006
  0.136198679724600      -1.806327400225947E-006
  0.136196751981997      -1.774223375571474E-006
  0.136194838826804      -1.745965912266145E-006
  0.136192939048517      -1.722702231411802E-006
  0.136191051172138      -1.705247229379823E-006
  0.136189173543444      -1.694042338770111E-006
  0.136187304457768      -1.689137115241247E-006
  0.136185442300001      -1.690192129373001E-006
  0.136183585654713      -1.696503651505730E-006
  0.136181733368460      -1.707051406752265E-006
  0.136179884579994      -1.720568415249656E-006
  0.136178038748402      -1.735627635493079E-006
  0.136176195692855      -1.750736810659841E-006
  0.136174355627410      -1.764432875936852E-006
  0.136172519158969      -1.775370088218837E-006
  0.136170687230704      -1.782399027228167E-006
  0.136168861024483      -1.784634359599120E-006
  0.136167041856718      -1.781507713383722E-006
  0.136165231095006      -1.772800448911505E-006
  0.136163430095987      -1.758651943951359E-006
  0.136161640143098      -1.739542546154437E-006
  0.136159862365880      -1.716254508374847E-006
  0.136158097646397      -1.689816413190237E-006
  0.136156346540576      -1.661435972549324E-006
  0.136154609242074      -1.632424213486702E-006
  0.136152885593744      -1.604113356184972E-006
  0.136151175126672      -1.577772208383171E-006
  0.136149477100750      -1.554525386615418E-006
  0.136147790537370      -1.535283768236190E-006
  0.136146114257422      -1.520691969434713E-006
  0.136144446944881      -1.511095248386854E-006
  0.136142787241244      -1.506525338605799E-006
  0.136141133852671      -1.506703945268938E-006
  0.136139485641005      -1.511063568285932E-006
  0.136137841681140      -1.518786001715640E-006
  0.136136201290076      -1.528857690577834E-006
  0.136134564046954      -1.540138322701009E-006
  0.136132929817077      -1.551436444533428E-006
  0.136131298773385      -1.561585317908949E-006
  0.136129671395193      -1.569513846168021E-006
  0.136128048429182      -1.574309641165051E-006
  0.136126430817463      -1.575272355928883E-006
  0.136124819614654      -1.571954809562843E-006
  0.136123215915685      -1.564188419238177E-006
  0.136121620799887      -1.552089756093449E-006
  0.136120035280065      -1.536047250247003E-006
  0.136118460242961      -1.516690085508099E-006
  0.136116896381137      -1.494843339695479E-006
  0.136115344132749      -1.471473510898130E-006
  0.136113803649359      -1.447627433333175E-006
  0.136112274799365      -1.424366843611400E-006
  0.136110757196614      -1.402701521385355E-006
  0.136109250235927      -1.383525496807660E-006
  0.136107753125292      -1.367561768592574E-006
  0.136106264919886      -1.355320175031265E-006
  0.136104784571036      -1.347070787352911E-006
  0.136103310996162      -1.342832883553173E-006
  0.136101843160247      -1.342378518077324E-006
  0.136100380149350      -1.345249992444721E-006
  0.136098921221140      -1.350791005843990E-006
  0.136097465832115      -1.358190694486977E-006
  0.136096013653109      -1.366537990967881E-006
  0.136094564583732      -1.374881813439611E-006
  0.136093118764648      -1.382291851283659E-006
  0.136091676575631      -1.387915558863780E-006
  0.136090238607878      -1.391028570471019E-006
  0.136088805610966      -1.391076819180261E-006
  0.136087378427834      -1.387708597417375E-006
  0.136085957934081      -1.380794231805218E-006
  0.136084544988868      -1.370431127543275E-006
  0.136083140392496      -1.356933296784329E-006
  0.136081744841383      -1.340806613929467E-006
  0.136080358878236      -1.322712740784651E-006
  0.136078982846591      -1.303425099377233E-006
  0.136077616863760      -1.283779663572001E-006
  0.136076260819838      -1.264622711340399E-006
  0.136074914398139      -1.246757873890974E-006
  0.136073577104847      -1.230895742427922E-006
  0.136072248298638      -1.217610021700759E-006
  0.136070927220973      -1.207303861325519E-006
  0.136069613034820      -1.200188507682730E-006
  0.136068304877153      -1.196274652151103E-006
  0.136067001920761      -1.195375783172495E-006
  0.136065703432647      -1.197122754903292E-006
  0.136064408817109      -1.200989043370290E-006
  0.136063117640500      -1.206325893220567E-006
  0.136061829644019      -1.212405458885771E-006
  0.136060544752512      -1.218468672238118E-006
  0.136059263080730      -1.223773843649639E-006
  0.136057984930375      -1.227642383236357E-006
  0.136056710769740      -1.229499124433777E-006
  0.136055441194393      -1.228905679478985E-006
  0.136054176876704      -1.225585499700135E-006
  0.136052918515914      -1.219439073079618E-006
  0.136051666795948      -1.210547713431435E-006
  0.136050422349799      -1.199165228896059E-006
  0.136049185724689      -1.185698230541059E-006
  0.136047957345278      -1.170677200141975E-006
  0.136046737479652      -1.154721000988148E-006
  0.136045526217473      -1.138497262940704E-006
  0.136044323466898      -1.122680602735624E-006
  0.136043128968919      -1.107910604624134E-006
  0.136041942321328      -1.094751983310594E-006
  0.136040763004773      -1.083659858125772E-006
  0.136039590409350      -1.074952930260187E-006
  0.136038423865878      -1.068796398375737E-006
  0.136037262685886      -1.065195136993791E-006
  0.136036106208553      -1.063996694141236E-006
  0.136034953846589      -1.064903366435431E-006
  0.136033805122048      -1.067492692450909E-006
  0.136032659688238      -1.071245573937230E-006
  0.136031517340670      -1.075580567529715E-006
  0.136030378022635      -1.079891940934073E-006
  0.136029241827731      -1.083588464991949E-006
  0.136028108996107      -1.086130030471733E-006
  0.136026979898902      -1.087059899194200E-006
  0.136025855008850      -1.086031175105487E-006
  0.136024734861315      -1.082826445475041E-006
  0.136023620013882      -1.077369517102648E-006
  0.136022511010774      -1.069728202145816E-006
  0.136021408352943      -1.060107627063202E-006
  0.136020312470580      -1.048834544129562E-006
  0.136019223695614      -1.036334169085890E-006
  0.136018142236368      -1.023101640081112E-006
  0.136017068160400      -1.009670156697905E-006
  0.136016001390757      -9.965775418695044E-007
  0.136014941715930      -9.843328399729656E-007
  0.136013888808813      -9.733847944301068E-007
  0.136012842248880      -9.640943681207684E-007
  0.136011801545181      -9.567134301887847E-007
  0.136010766161926      -9.513711230171496E-007
  0.136009735549396      -9.480684730308464E-007
  0.136008709179741      -9.466809902617361E-007
  0.136007686582743      -9.469686204065107E-007
  0.136006667375049      -9.485923716248725E-007
  0.136005651279073      -9.511368577080622E-007
  0.136004638132510      -9.541375978674767E-007
  0.136003627892093      -9.571112752254400E-007
  0.136002620633988      -9.595866606342449E-007
  0.136001616549568      -9.611338922412148E-007
  0.136000615933129      -9.613902588624589E-007
  0.135999619159633      -9.600812381612940E-007
  0.135998626654708      -9.570359296212674E-007
  0.135997638862311      -9.521961240046680E-007
  0.135996656215200      -9.456183112085204E-007
  0.135995679109909      -9.374682638465635E-007
  0.135994707884741      -9.280085166094796E-007
  0.135993742798912      -9.175798428568087E-007
  0.135992784013680      -9.065783446641905E-007
  0.135991831579133      -8.954298567254656E-007
  0.135990885430553      -8.845631735057356E-007
  0.135989945395320      -8.743834605669041E-007
  0.135989011207691      -8.652472845895180E-007
  0.135988082527242      -8.574408755250299E-007
  0.135987158958440      -8.511632261077228E-007
  0.135986240071714      -8.465152443619822E-007
  0.135985325427684      -8.434954970480203E-007
  0.135984414604613      -8.420024197110389E-007
  0.135983507226172      -8.418424784536465E-007
  0.135982602984964      -8.427436498245126E-007
  0.135981701658492      -8.443735163217289E-007
  0.135980803117408      -8.463610311349917E-007
  0.135979907328264      -8.483205854809084E-007
  0.135979014352792      -8.498766391006340E-007
  0.135978124343554      -8.506871005869417E-007
  0.135977237533995      -8.504639257239700E-007
  0.135976354221369      -8.489898528885989E-007
  0.135975474743609      -8.461305564068387E-007
  0.135974599453685      -8.418416645704445E-007
  0.135973728695394      -8.361701791846759E-007
  0.135972862782568      -8.292500635317288E-007
  0.135972001981277      -8.212922307138477E-007
  0.135971146493795      -8.125697371420173E-007
  0.135970296444492      -8.033994201088772E-007
  0.135969451869812      -7.941213578879070E-007
  0.135968612715106      -7.850774325212475E-007
  0.135967778839467      -7.765901423175366E-007
  0.135966950027148      -7.689428008771525E-007
  0.135966126002629      -7.623623408707135E-007
  0.135965306447044      -7.570059333631370E-007
  0.135964491015575      -7.529523802187520E-007
  0.135963679356645      -7.501987582098384E-007
  0.135962871133129      -7.486622746920619E-007
  0.135962066043878      -7.481869327357770E-007
  0.135961263842443      -7.485544479873073E-007
  0.135960464350327      -7.494987856899642E-007
  0.135959667464084      -7.507235341386102E-007
  0.135958873157476      -7.519210580987617E-007
  0.135958081480273      -7.527921065106435E-007
  0.135957292554061      -7.530644608313730E-007
  0.135956506564035      -7.525093773764360E-007
  0.135955723745736      -7.509549056634103E-007
  0.135954944367162      -7.482954765711271E-007
  0.135954168708541      -7.444973423925837E-007
  0.135953397042690      -7.395995607175237E-007
  0.135952629617867      -7.337103846429056E-007
  0.135951866643300      -7.269992417231490E-007
  0.135951108276697      -7.196848989948069E-007
  0.135950354613637      -7.120207617712374E-007
  0.135949605680033      -7.042784089005585E-007
  0.135948861429566      -6.967304312020601E-007
  0.135948121747127      -6.896335352846947E-007
  0.135947386457604      -6.832128260579868E-007
  0.135946655338039      -6.776481993723437E-007
  0.135945928131242      -6.730637594408896E-007
  0.135945204560130      -6.695210054379608E-007
  0.135944484343072      -6.670161934493059E-007
  0.135943767210391      -6.654818825176859E-007
  0.135943052921055      -6.647923590694214E-007
  0.135942341277481      -6.647724668583393E-007
  0.135941632136367      -6.652092899403170E-007
  0.135940925414722      -6.658660347437674E-007
  0.135940221091649      -6.664972824686971E-007
  0.135939519207035      -6.668645945016392E-007
  0.135938819857679      -6.667513727801255E-007
  0.135938123190478      -6.659759732837777E-007
  0.135937429391980      -6.644023058035837E-007
  0.135936738674500      -6.619474090130097E-007
  0.135936051260205      -6.585856752231867E-007
  0.135935367365318      -6.543495176179032E-007
  0.135934687186070      -6.493264085605591E-007
  0.135934010886913      -6.436524417527229E-007
  0.135933338590691      -6.375028701108189E-007
  0.135932670370584      -6.310803447360819E-007
  0.135932006244481      -6.246017294863407E-007
  0.135931346172994      -6.182843673665575E-007
  0.135930690061976      -6.123326001751701E-007
  0.135930037769283      -6.069252813371229E-007
  0.135929389114492      -6.022050036972026E-007
  0.135928743890067      -5.982697357678727E-007
  0.135928101873148      -5.951674398250426E-007
  0.135927462837879      -5.928940055870276E-007
  0.135926826568351      -5.913945328154225E-007
  0.135926192871570      -5.905677340716631E-007
  0.135925561589096      -5.902730674411528E-007
  0.135924932605799      -5.903401263875185E-007
  0.135924305854912      -5.905797408451240E-007
  0.135923681319545      -5.907961307170697E-007
  0.135923059031447      -5.907993256199986E-007
  0.135922439067564      -5.904169983569483E-007
  0.135921821544354      -5.895049148084933E-007
  0.135921206609484      -5.879553684253769E-007
  0.135920594430987      -5.857031709057001E-007
  0.135919985184761      -5.827289390171203E-007
  0.135919379041943      -5.790595357140357E-007
  0.135918776157476      -5.747656364939934E-007
  0.135918176660519      -5.699565543095562E-007
  0.135917580646641      -5.647726711438464E-007
  0.135916988171649      -5.593760338606588E-007
  0.135916399247395      -5.539398034153412E-007
  0.135915813840299      -5.486372695117844E-007
  0.135915231873241      -5.436310928791961E-007
  0.135914653230790      -5.390633774365727E-007
  0.135914077766919      -5.350471379773480E-007
  0.135913505314091      -5.316596924380442E-007
  0.135912935692900      -5.289384182852876E-007
  0.135912368722025      -5.268791402768446E-007
  0.135911804228432      -5.254371923861450E-007
  0.135911242057491      -5.245309840711938E-007
  0.135910682082097      -5.240477548403687E-007
  0.135910124209680      -5.238511200091552E-007
  0.135909568386386      -5.237899527231103E-007
  0.135909014598373      -5.237080740223445E-007
  0.135908462870726      -5.234541382777636E-007
  0.135907913264481      -5.228910516878046E-007
  0.135907365871886      -5.219042932878343E-007
  0.135906820809752      -5.204086239490689E-007
  0.135906278210931      -5.183528270242982E-007
  0.135905738214505      -5.157222697798801E-007
  0.135905200955727      -5.125391854105255E-007
  0.135904666556781      -5.088606724692134E-007
  0.135904135118997      -5.047745295743496E-007
  0.135903606716605      -5.003931984332570E-007
  0.135903081391975      -4.958462462975651E-007
  0.135902559152478      -4.912719289858661E-007
  0.135902039969425      -4.868084080799910E-007
  0.135901523779542      -4.825851652682004E-007
  0.135901010489023      -4.787151050258396E-007
  0.135900499979640      -4.752877926611261E-007
  0.135899992116082      -4.723642346488371E-007
  0.135899486753809      -4.699735371544959E-007
  0.135898983747095      -4.681116531953034E-007
  0.135898482957119      -4.667422613473001E-007
  0.135897984259886      -4.657996502225297E-007
  0.135897487553357      -4.651933560715381E-007
  0.135896992763036      -4.648142246765776E-007
  0.135896499845376      -4.645415204644442E-007
  0.135896008788886      -4.642506564909290E-007
  0.135895519613228      -4.638210642470524E-007
  0.135895032366693      -4.631436876601767E-007
  0.135894547122264      -4.621276045942137E-007
  0.135894063972261      -4.607053608548588E-007
  0.135893583021613      -4.588367228269482E-007
  0.135893104380140      -4.565106762633650E-007
  0.135892628154572      -4.537455981419246E-007
  0.135892154441116      -4.505876127287601E-007
  0.135891683319150      -4.471072358872255E-007
  0.135891214846215      -4.433945249737893E-007
  0.135890749054310      -4.395530699317592E-007
  0.135890285947532      -4.356932500532557E-007
  0.135889825501335      -4.319252154112209E-007
  0.135889367663712      -4.283520353661973E-007
  0.135888912358359      -4.250634137310043E-007
  0.135888459489506      -4.221303271770686E-007
  0.135888008947809      -4.196009017995351E-007
  0.135887560616726      -4.174977847577422E-007
  0.135887114379015      -4.158171746340376E-007
  0.135886670123177      -4.145295487392381E-007
  0.135886227749677      -4.135819938018785E-007
  0.135885787176532      -4.129019398713046E-007
  0.135885348343719      -4.124020282531509E-007
  0.135884911215939      -4.119858025874395E-007
  0.135884475783546      -4.115538780373430E-007
  0.135884042061815      -4.110102079622093E-007
  0.135883610088834      -4.102680456298811E-007
  0.135883179922255      -4.092552103503310E-007
  0.135882751634961      -4.079183262256823E-007
  0.135882325309733      -4.062257928500835E-007
  0.135881901033162      -4.041693465965151E-007
  0.135881478889332      -4.017641575175345E-007
  0.135881058953865      -3.990474796737571E-007
  0.135880641288827      -3.960759458657738E-007
  0.135880225938714      -3.929216818578229E-007
  0.135879812927535      -3.896675031442469E-007
  0.135879402257037      -3.864015274772574E-007
  0.135878993906198      -3.832115686923620E-007
  0.135878587832194      -3.801796697911377E-007
  0.135878183972888      -3.773771002116467E-007
  0.135877782250644      -3.748601025116181E-007
  0.135877382577048      -3.726666344011446E-007
  0.135876984858058      -3.708143029057286E-007
  0.135876588999246      -3.692996167763744E-007
  0.135876194910952      -3.680985888810363E-007
  0.135875802513182      -3.671686183556909E-007
  0.135875411739991      -3.664514945128770E-007
  0.135875022542955      -3.658773041865069E-007
  0.135874634893388      -3.653689879540285E-007
  0.135874248783112      -3.648472653950272E-007
  0.135873864223873      -3.642356265035205E-007
  0.135873481245606      -3.634650740827224E-007
  0.135873099893765      -3.624783102438045E-007
  0.135872720225809      -3.612331029111134E-007
  0.135872342306960      -3.597046372026207E-007
  0.135871966205393      -3.578867358894011E-007
  0.135871591987232      -3.557919062772423E-007
  0.135871219711800      -3.534502333604606E-007
  0.135870849427524      -3.509071980119801E-007
  0.135870481168702      -3.482205624297955E-007
  0.135870114953206      -3.454565301334735E-007
  0.135869750781131      -3.426854427411858E-007
  0.135869388634464      -3.399773037132846E-007
  0.135869028477875      -3.373974171820207E-007
  0.135868670260698      -3.350024051921159E-007
  0.135868313919944      -3.328368322454607E-007
  0.135867959384068      -3.309306305255946E-007
  0.135867606577119      -3.292974770791318E-007
  0.135867255422963      -3.279342194837802E-007
  0.135866905849409      -3.268213751689438E-007
  0.135866557792086      -3.259246508164556E-007
  0.135866211197879      -3.251973574873421E-007
  0.135865866027660      -3.245835456963280E-007
  0.135865522258053      -3.240216529395595E-007
  0.135865179882065      -3.234484365107233E-007
  0.135864838908623      -3.228029505568869E-007
  0.135864499361160      -3.220303183198693E-007
  0.135864161275425      -3.210850593867294E-007
  0.135863824696647      -3.199337621875728E-007
  0.135863489676133      -3.185569446258472E-007
  0.135863156267471      -3.169500084075157E-007
  0.135862824522561      -3.151232532889806E-007
  0.135862494487838      -3.131009706408795E-007
  0.135862166200985      -3.109196834852741E-007
  0.135861839688340      -3.086256490484974E-007
  0.135861514963074      -3.062717884277518E-007
  0.135861192024155      -3.039142499450102E-007
  0.135860870856136      -3.016088361079179E-007
  0.135860551429821      -2.994075254281313E-007
  0.135860233703836      -2.973553014344929E-007
  0.135859917627023      -2.954874732980759E-007
  0.135859603141439      -2.938276402993734E-007
  0.135859290185684      -2.923864174714654E-007
  0.135858978698307      -2.911609959099873E-007
  0.135858668621107      -2.901355568165974E-007
  0.135858359902211      -2.892824979517927E-007
  0.135858052498771      -2.885643745171752E-007
  0.135857746379115      -2.879364135622191E-007
  0.135857441524139      -2.873494335768187E-007
  0.135857137927817      -2.867529856545427E-007
  0.135856835596840      -2.860985227640637E-007
  0.135856534549464      -2.853424007411249E-007
  0.135856234813730      -2.844485218696857E-007
  0.135855936425164      -2.833904555688377E-007
  0.135855639424061      -2.821529101677189E-007
  0.135855343852463      -2.807324791872825E-007
  0.135855049751019      -2.791376350506813E-007
  0.135854757155987      -2.773879876358414E-007
  0.135854466096598      -2.755128646724632E-007
  0.135854176592983      -2.735493085340655E-007
  0.135853888654720      -2.715396208556767E-007
  0.135853602280041      -2.695286180843389E-007
  0.135853317455696      -2.675607802949727E-007
  0.135853034157510      -2.656774777609473E-007
  0.135852752351649      -2.639144464668560E-007
  0.135852471996511      -2.622996606418730E-007
  0.135852193045123      -2.608517232375006E-007
  0.135851915447799      -2.595788654077651E-007
  0.135851639154882      -2.584786109219793E-007
  0.135851364119385      -2.575381196781500E-007
  0.135851090299441      -2.567351776130435E-007
  0.135850817660428      -2.560397559346352E-007
  0.135850546176655      -2.554160269755815E-007
  0.135850275832460      -2.548247010133999E-007
  0.135850006622621      -2.542255351157599E-007
  0.135849738552060      -2.535798592883665E-007
  0.135849471634925      -2.528529640589862E-007
  0.135849205893138      -2.520162006172827E-007
  0.135848941354541      -2.510486629872693E-007
  0.135848678050714      -2.499383517105205E-007
  0.135848416014569      -2.486827573592343E-007
  0.135848155277872      -2.472888418195425E-007
  0.135847895868850      -2.457724327494818E-007
  0.135847637810098      -2.441570785682791E-007
  0.135847381116913      -2.424724413118503E-007
  0.135847125796140      -2.407523326946381E-007
  0.135846871845559      -2.390325225094854E-007
  0.135846619253800      -2.373484638860802E-007
  0.135846368000810      -2.357330823017408E-007
  0.135846118058875      -2.342147659733687E-007
  0.135845869394121      -2.328156765020299E-007
  0.135845621968421      -2.315504757378893E-007
  0.135845375741528      -2.304255403476609E-007
  0.135845130673263      -2.294387064808483E-007
  0.135844886725639      -2.285795547377594E-007
  0.135844643864809      -2.278302093031220E-007
  0.135844402062746      -2.271665902488408E-007
  0.135844161298562      -2.265600292604964E-007
  0.135843921559376      -2.259791395145039E-007
  0.135843682840633      -2.253918196744687E-007
  0.135843445145875      -2.247672677023535E-007
  0.135843208485993      -2.240778806124384E-007
  0.135842972878064      -2.233009227589141E-007
  0.135842738343845      -2.224198597710609E-007
  0.135842504908024      -2.214252782255145E-007
  0.135842272596308      -2.203153416601704E-007
  0.135842041433451      -2.190957650978539E-007
  0.135841811441359      -2.177793209919207E-007
  0.135841582637420      -2.163849159213303E-007
  0.135841355033178      -2.149363010699409E-007
  0.135841128633409      -2.134605010621199E-007
  0.135840903435643      -2.119860638875595E-007
  0.135840679430122      -2.105412461954643E-007
  0.135840456600182      -2.091522512055745E-007
  0.135840234923082      -2.078416290514443E-007
  0.135840014371200      -2.066269351214652E-007
  0.135839794913554      -2.055197230460698E-007
  0.135839576517496      -2.045249279920749E-007
  0.135839359150478      -2.036406729937625E-007
  0.135839142781741      -2.028585052781928E-007
  0.135838927383876      -2.021640414195060E-007
  0.135838712934144      -2.015379730350411E-007
  0.135838499415525      -2.009573614436909E-007
  0.135838286817384      -2.003971336923663E-007
  0.135838075135733      -1.998316832250824E-007
  0.135837864373035      -1.992364754376060E-007
  0.135837654537615      -1.985895594236900E-007
  0.135837445642715      -1.978728932569466E-007
  0.135837237705280      -1.970734013788147E-007
  0.135837030744557      -1.961837012466855E-007
  0.135836824780570      -1.952024594144883E-007
  0.135836619832547      -1.941343629785927E-007
  0.135836415917425      -1.929897169244436E-007
  0.135836213048519      -1.917836997871674E-007
  0.135836011234462      -1.905353289253017E-007
  0.135835810478474      -1.892662034273851E-007
  0.135835610777985      -1.879991065067939E-007
  0.135835412124610      -1.867565580125236E-007
  0.135835214504481      -1.855594102451630E-007
  0.135835017898902      -1.844255748373953E-007
  0.135834822285316      -1.833689572972463E-007
  0.135834627638507      -1.823986602451897E-007
  0.135834433931961      -1.815184992734853E-007
  0.135834241139271      -1.807268564847751E-007
  0.135834049235493      -1.800168762781293E-007
  0.135833858198388      -1.793769863310324E-007
  0.135833668009470      -1.787917051633428E-007
  0.135833478654830      -1.782426793025780E-007
  0.135833290125658      -1.777098800527609E-007
  0.135833102418444      -1.771728819308402E-007
  0.135832915534823      -1.766121427276140E-007
  0.135832729481100      -1.760102067514902E-007
  0.135832544267488      -1.753527574433756E-007
  0.135832359907135      -1.746294556163806E-007
  0.135832176414995      -1.738345131917309E-007
  0.135831993806613      -1.729669711339638E-007
  0.135831812096873      -1.720306701234960E-007
  0.135831631298813      -1.710339227514343E-007
  0.135831451422566      -1.699889136027965E-007
  0.135831272474518      -1.689108689716008E-007
  0.135831094456725      -1.678170509724164E-007
  0.135830917366617      -1.667256413589353E-007
  0.135830741196990      -1.656545870072775E-007
  0.135830565936277      -1.646204810655554E-007
  0.135830391569081      -1.636375499743557E-007
  0.135830218076948      -1.627168072471325E-007
  0.135830045439328      -1.618654230579606E-007
  0.135829873634653      -1.610863442212433E-007
  0.135829702641466      -1.603781836471487E-007
  0.135829532439506      -1.597353824921501E-007
  0.135829363010692      -1.591486308938409E-007
  0.135829194339961      -1.586055163802683E-007
  0.135829026415914      -1.580913547353466E-007
  0.135828859231225      -1.575901470844135E-007
  0.135828692782794      -1.570856009279717E-007
  0.135828527071623      -1.565621508148752E-007
  0.135828362102434      -1.560059160088909E-007
  0.135828197883054      -1.554055366805744E-007
  0.135828034423638      -1.547528381342951E-007
  0.135827871735760      -1.540432837870561E-007
  0.135827709831439      -1.532761918948159E-007
  0.135827548722150      -1.524547070104409E-007
  0.135827388417877      -1.515855332417647E-007
  0.135827228926275      -1.506784509229275E-007
  0.135827070252001      -1.497456503912454E-007
  0.135826912396250      -1.488009270540938E-007
  0.135826755356520      -1.478587899598993E-007
  0.135826599126619      -1.469335409292165E-007
  0.135826443696879      -1.460383832211315E-007
  0.135826289054598      -1.451846154757980E-007
  0.135826135184651      -1.443809598786094E-007
  0.135825982070259      -1.436330632629224E-007
  0.135825829693854      -1.429431988391909E-007
  0.135825678037973      -1.423101829671671E-007
  0.135825527086125      -1.417295093921012E-007
  0.135825376823582      -1.411936889406927E-007
  0.135825227238040      -1.406927702404443E-007
  0.135825078320127      -1.402150051102029E-007
  0.135824930063729      -1.397476140065473E-007
  0.135824782466099      -1.392776013346449E-007
  0.135824635527762      -1.387925693430038E-007
  0.135824489252202      -1.382814803168361E-007
  0.135824343645375      -1.377353208558021E-007
  0.135824198715081      -1.371476282778702E-007
  0.135824054470233      -1.365148480371679E-007
  0.135823910920086      -1.358365025909784E-007
  0.135823768073439      -1.351151645108204E-007
  0.135823625937891      -1.343562396225516E-007
  0.135823484519173      -1.335675777105899E-007
  0.135823343820618      -1.327589379835017E-007
  0.135823203842790      -1.319413449074589E-007
  0.135823064583304      -1.311263761906953E-007
  0.135822926036829      -1.303254283447941E-007
  0.135822788195273      -1.295490066547043E-007
  0.135822651048134      -1.288060839764767E-007
  0.135822514582991      -1.281035671665067E-007
  0.135822378786124      -1.274459024442280E-007
  0.135822243643194      -1.268348411096057E-007
  0.135822109139964      -1.262693773389701E-007
  0.135821975262989      -1.257458589937206E-007
  0.135821842000243      -1.252582619715704E-007
  0.135821709341651      -1.247986083100178E-007
  0.135821577279484      -1.243574991514925E-007
  0.135821445808617      -1.239247267276587E-007
  0.135821314926611      -1.234899253282827E-007
  0.135821184633636      -1.230432203558492E-007
  0.135821054932214      -1.225758350225700E-007
  0.135820925826837      -1.220806179976050E-007
  0.135820797323455      -1.215524605308086E-007
  0.135820669428896      -1.209885784112711E-007
  0.135820542150242      -1.203886434305653E-007
  0.135820415494205      -1.197547586551439E-007
  0.135820289466524      -1.190912822679094E-007
  0.135820164071441      -1.184045139973906E-007
  0.135820039311279      -1.177022663086192E-007
  0.135819915186151      -1.169933489298918E-007
  0.135819791693812      -1.162870000345591E-007
  0.135819668829672      -1.155923005887412E-007
  0.135819546586943      -1.149176087349198E-007
  0.135819424956924      -1.142700497400722E-007
  0.135819303929396      -1.136550924251319E-007
  0.135819183493115      -1.130762368581139E-007
  0.135819063636361      -1.125348304909687E-007
  0.135818944347502      -1.120300216797053E-007
  0.135818825615553      -1.115588511481969E-007
  0.135818707430675      -1.111164735860030E-007
  0.135818589784594      -1.106964933887684E-007
  0.135818472670916      -1.102913913994304E-007
  0.135818356085328      -1.098930141995860E-007
  0.135818240025660      -1.094930939455371E-007
  0.135818124491820      -1.090837658155390E-007
  0.135818009485591      -1.086580509216638E-007
  0.135817895010320      -1.082102755431419E-007
  0.135817781070510      -1.077364015237258E-007
  0.135817667671355      -1.072342487819462E-007
  0.135817554818242      -1.067035974534540E-007
  0.135817442516248      -1.061461656059479E-007
  0.135817330769671      -1.055654661442832E-007
  0.135817219581604      -1.049665543420647E-007
  0.135817108953608      -1.043556838602208E-007
  0.135816998885476      -1.037398942928877E-007
  0.135816889375121      -1.031265567272894E-007
  0.135816780418585      -1.025229066897382E-007
  0.135816672010163      -1.019355936419850E-007
  0.135816564142630      -1.013702752922682E-007
  0.135816456807563      -1.008312813226215E-007
  0.135816349995730      -1.003213663503747E-007
  0.135816243697527      -9.984156558236996E-008
  0.135816137903436      -9.939116021479861E-008
  0.135816032604463      -9.896775294523804E-008
  0.135815927792536      -9.856744684779385E-008
  0.135815823460842      -9.818511495779657E-008
  0.135815719604074      -9.781474205726042E-008
  0.135815616218588      -9.744981580758114E-008
  0.135815513302450      -9.708374175314282E-008
