   1.00000000188063       0.000000000000000E+000
  0.808763635946961      -2.767067412768838E-003
  0.380710741623348      -1.660286884613655E-002
  2.453504848117300E-002 -3.757988425065081E-002
 -1.982353783423455E-002 -4.942573659069006E-002
  0.249204798914957      -3.970789915671182E-002
  0.611170152845907      -1.430892837440229E-002
  0.801410326761467       4.269310027672327E-003
  0.705392902211039      -5.008469118320714E-003
  0.423461639524141      -4.216262755680950E-002
  0.170778529462978      -8.269409665992809E-002
  0.105801243495366      -9.487464038102961E-002
  0.225196102488291      -6.495681250754329E-002
  0.396074500765820      -9.855519557535674E-003
  0.480997174506718       3.389368061924717E-002
  0.443823918937946       3.721274685516439E-002
  0.354660528974822       7.268434620341182E-004
  0.305687359510732      -4.532839536650383E-002
  0.323124384383306      -6.368630281994649E-002
  0.354069395215982      -3.776210250592846E-002
  0.332538441499054       1.662390529434751E-002
  0.256096556731026       6.391910981565516E-002
  0.197227317130278       7.545742988880065E-002
  0.236080383996954       4.946317715466284E-002
  0.375934754763861       9.996464530476338E-003
  0.522218712252281      -1.279629490831409E-002
  0.551959408263833      -4.872646793574623E-003
  0.419609595767179       2.376332803574653E-002
  0.208232726166323       4.968762082592638E-002
  7.607207320514184E-002  5.503556575984440E-002
  0.135030320347511       3.942772894170792E-002
  0.357303957259277       1.679195113790237E-002
  0.588100788327808       1.883411048891156E-003
  0.659072112145585      -1.175694904712122E-003
  0.515929660347075       6.311515674801588E-004
  0.260774338868830      -1.672592265082726E-003
  7.584889217617280E-002 -9.802917623519416E-003
  8.779763451940958E-002 -1.734434557619149E-002
  0.276623796021077      -1.739154620703313E-002
  0.496702625401015      -1.082369998291573E-002
  0.589407262103052      -6.846264844017856E-003
  0.498316822498508      -1.472716085068615E-002
  0.301048970338105      -3.406688062340198E-002
  0.140455972443434      -5.285782083684459E-002
  0.115193385753797      -5.611427661274964E-002
  0.215114449008245      -3.848682300427846E-002
  0.344674417041772      -1.017471131978409E-002
  0.405925178630476       9.581505124738895E-003
  0.370281894748996       6.999510013260847E-003
  0.285708474107798      -1.510234237550898E-002
  0.223629920210999      -3.867147117516073E-002
  0.217466179273629      -4.370031075369168E-002
  0.244520526978350      -2.332969040990976E-002
  0.259858845027349       1.088401956907868E-002
  0.244917219191655       3.756699606856586E-002
  0.224274486663216       4.128575733572463E-002
  0.236749876536269       2.341424343593437E-002
  0.290486964082985       1.625472718211151E-004
  0.346696869099979      -1.012125053651456E-002
  0.350333093098197      -2.870671295755778E-004
  0.282153665074966       2.156300850768155E-002
  0.184742008889713       3.950247978506891E-002
  0.135305846770008       4.207095072921403E-002
  0.183852859218141       2.978191206054811E-002
  0.307370022625052       1.284464263855063E-002
  0.420553703740447       2.124690656113720E-003
  0.438449177252295       1.180617373334091E-003
  0.343000777328428       5.333746838608752E-003
  0.200199189237051       7.338145268845405E-003
  0.112522092220129       3.948744630100831E-003
  0.142453819347905      -2.260225722019585E-003
  0.265960747462774      -6.670535261372887E-003
  0.391426977845338      -7.794325127226580E-003
  0.428607977618706      -8.757077121355400E-003
  0.354191053508338      -1.376500903255221E-002
  0.224951131863870      -2.307640760935892E-002
  0.131415599462247      -3.151075763747820E-002
  0.130294189466077      -3.236096646046530E-002
  0.207415327376208      -2.355323368512156E-002
  0.295972871978154      -1.052396133527507E-002
  0.331036632102567      -2.779728489220673E-003
  0.295720790679871      -6.467152551701739E-003
  0.225502534345762      -1.894449571493427E-002
  0.173068515819448      -3.008285200721661E-002
  0.166246778793320      -2.970511320084856E-002
  0.192711145386492      -1.550771933681382E-002
  0.219245835238996       4.803514067076064E-003
  0.224178997950091       1.899964986959908E-002
  0.213479155531762       1.930729195039865E-002
  0.208739851069885       8.015327674120191E-003
  0.221497737192448      -4.501865989553968E-003
  0.239664972932565      -7.672268006404821E-003
  0.239209984324101       1.591777355738550E-003
  0.209899926046378       1.712547981917936E-002
  0.170128540049290       2.861063545061919E-002
  0.155042864005136       2.927478015719215E-002
  0.186308262016346       2.028890384742759E-002
  0.249560506993308       8.940149703605576E-003
  0.300856893136122       2.613262114207569E-003
  0.299536144473276       3.559270920907167E-003
  0.241833641620456       8.253018834667891E-003
  0.167206090352387       1.114996547660473E-002
  0.130394818630221       9.269073648977440E-003
  0.159950672643407       3.880386018571768E-003
  0.235584175171061      -1.559310789091902E-003
  0.302506523079354      -4.860742485543092E-003
  0.312074550026208      -6.724660474781220E-003
  0.257574642925324      -9.315322477951278E-003
  0.178056420075424      -1.346555641909118E-002
  0.128181004494257      -1.737443419047481E-002
  0.137984514856917      -1.815145593211103E-002
  0.193056473614176      -1.480910653996190E-002
  0.248569077872583      -9.827028762682195E-003
  0.264233667222448      -7.567555785331161E-003
  0.232499541918801      -1.063127477007326E-002
  0.179781805526395      -1.723501747188351E-002
  0.142795676527331      -2.206427736536766E-002
  0.140703992402145      -2.022826271988730E-002
  0.164567706571891      -1.126776877598275E-002
  0.189584931388959       8.015875822050770E-005
  0.197112835503238       7.173108247833787E-003
  0.187507612944994       6.379869281201540E-003
  0.174916432616680      -1.749689172872850E-004
  0.171380662631671      -6.195155420883870E-003
  0.175813999094833      -5.926043731752539E-003
  0.177348802740781       1.608625940535686E-003
  0.168574354712100       1.202482169955525E-002
  0.155127279786858       1.896047167342460E-002
  0.151818933324208       1.872233412749965E-002
  0.168310782058688       1.268400030384864E-002
  0.197576339325024       5.827316217641156E-003
  0.218699563292140       2.825715536682370E-003
  0.213175543117738       4.790455823074192E-003
  0.181508191569795       9.006295594666187E-003
  0.145488673522735       1.148734448382043E-002
  0.132797875681715       1.006958992395048E-002
  0.155359472849626       5.635117231619195E-003
  0.198775901048112       8.299106431766904E-004
  0.231963179349456      -2.306644383722445E-003
  0.230156627100882      -3.719380161003582E-003
  0.193643146509399      -4.762241175925138E-003
  0.147682039557896      -6.500114384883119E-003
  0.123674899770968      -8.596765240407245E-003
  0.136106838859535      -9.787960163796858E-003
  0.172727067640180      -9.377397957133285E-003
  0.204820913795530      -8.221829936975109E-003
  0.208930667759017      -8.151978376247098E-003
  0.183211372395161      -1.025387788530759E-002
  0.146718128059012      -1.356831801004755E-002
  0.123613597464326      -1.551285727608036E-002
  0.125439247118338      -1.386777252128458E-002
  0.144786990005311      -8.745247218417145E-003
  0.163676350044931      -2.833130001383962E-003
  0.168380441911467       4.561082932363996E-004
  0.158535894482076      -4.293121373477877E-004
  0.144438083558416      -3.903219331996232E-003
  0.136604240308892      -6.348303393746871E-003
  0.137338463458960      -4.817529521008776E-003
  0.140997931308806       7.302377255587237E-004
  0.141338342114920       7.374603313496782E-003
  0.138261259197874       1.138454147461218E-002
  0.137548692234928       1.091440693052420E-002
  0.144154596877046       7.214705865364440E-003
  0.155809836777097       3.527123219532354E-003
  0.163512369426972       2.615508688732854E-003
  0.159133039811382       4.848216721002303E-003
  0.143577131245439       8.196044231806816E-003
  0.127846162442662       9.964039863324812E-003
  0.125135767385506       8.795056692300253E-003
  0.139939325813917       5.433152938986685E-003
  0.163238509260556       1.846176472224582E-003
  0.178355274630235      -3.948581106100286E-004
  0.173429594199507      -1.132496591689503E-003
  0.150840448584683      -1.353821701136356E-003
  0.125962379457423      -2.079937388964332E-003
  0.115922878478844      -3.479289456368309E-003
  0.126900583550508      -4.926243064456208E-003
  0.149679423786103      -5.804525773094859E-003
  0.166739533999614      -6.201054297479603E-003
  0.165277812511625      -6.803754041058113E-003
  0.146210141595928      -8.110687321184955E-003
  0.122652618502292      -9.735416982836085E-003
  0.109639644654944      -1.053641373746302E-002
  0.113305622148981      -9.552774517012006E-003
  0.127550552391337      -6.958505284291316E-003
  0.139919293724108      -4.150236331865116E-003
  0.141341436758908      -2.777138475842199E-003
  0.132039031981551      -3.434501480199105E-003
  0.119710198375613      -5.091958348349376E-003
  0.112492560827276      -5.788133541657626E-003
  0.112912340770530      -4.112320238682160E-003
  0.117372158801497      -3.335473229373967E-004
  0.120622385125730       3.721232593015189E-003
  0.120636141020676       5.973333995837365E-003
  0.119599794838755       5.593684105993719E-003
  0.120678352947721       3.561639302912622E-003
  0.124100092988905       1.879878680833761E-003
  0.126512983188059       2.074197698617297E-003
  0.124308421470527       4.123033362860603E-003
  0.117745593498664       6.582948612771001E-003
  0.111770674354426       7.735111583816879E-003
  0.112296448423172       6.827738518381649E-003
  0.120877269163048       4.494199820543642E-003
  0.132471886444983       2.128327616595903E-003
  0.138659967819796       8.019683145081535E-004
  0.134116288665754       5.860793696743430E-004
  0.121190259536737       7.215145378625296E-004
  0.108676485911871       3.736049302600991E-004
  0.105416466499255      -7.108329214170156E-004
  0.113576114986831      -2.145094140079987E-003
  0.126851574522176      -3.380041989972588E-003
  0.135076560402440      -4.214442632402135E-003
  0.131732253929496      -4.876145049089204E-003
  0.118640946503532      -5.654089784293719E-003
  0.104374474625892      -6.484834357842531E-003
  9.778103482971753E-002 -6.924843117746703E-003
  0.101666215064452      -6.561110212584437E-003
  0.111292207748154      -5.480971790253155E-003
  0.118457314825673      -4.334086208386602E-003
  0.117685421326680      -3.864951374559911E-003
  0.109768412974526      -4.275822082927657E-003
  0.100340123228888      -4.971346985358399E-003
  9.514051645263705E-002 -4.952952246678803E-003
  9.593674982405050E-002 -3.594855910815181E-003
  0.100065449205172      -1.191711703131587E-003
  0.103367388238842       1.182567767307159E-003
  0.103662375169774       2.430156968609306E-003
  0.101902076352515       2.231074829448757E-003
  0.100467472322971       1.272964443838996E-003
  0.100569100345390       7.282624875418700E-004
  0.101241129999047       1.378172518568008E-003
  0.100707562857198       3.047766500904035E-003
  9.860994702213323E-002  4.764422276972970E-003
  9.679986403988981E-002  5.491605059759922E-003
  9.777971434554930E-002  4.865266933803226E-003
  0.102136520146765       3.391786260249927E-003
  0.107392511738063       2.005785955918750E-003
  0.109577820960761       1.371115504375618E-003
  0.106442132448969       1.463790109071826E-003
  9.963945066737462E-002  1.708603164037746E-003
  9.387697345110681E-002  1.494208331833853E-003
  9.345571391056090E-002  6.277283838821746E-004
  9.884815237163137E-002 -6.037001870128494E-004
  0.106082478010242      -1.744041016640938E-003
  0.109559616839228      -2.540681090939060E-003
  0.106213461422221      -3.065698839005181E-003
  9.782373948335389E-002 -3.531528324777673E-003
  8.970090547558555E-002 -4.018935330638050E-003
  8.676480680247803E-002 -4.387387049944748E-003
  9.001578053127704E-002 -4.442194190538757E-003
  9.601868573871716E-002 -4.179903794931529E-003
  9.964602775305491E-002 -3.855527691192828E-003
  9.786531601551295E-002 -3.780910622103120E-003
  9.170860731983890E-002 -4.021358930685635E-003
  8.512709294842649E-002 -4.272527579984722E-003
  8.186810260013339E-002 -4.060843538834306E-003
  8.288280628494414E-002 -3.130940249941792E-003
  8.611023875282603E-002 -1.703616997048978E-003
  8.847785383334837E-002 -3.704792618884663E-004
  8.829588928352990E-002  3.207038943751303E-004
  8.616907196223297E-002  2.766347780517474E-004
  8.397634883176130E-002 -6.170423097960525E-005
  8.307365449906061E-002 -4.573756526205086E-005
  8.333361227802986E-002  6.900992507134928E-004
  8.369361054813552E-002  1.947481252286021E-003
  8.347677192959758E-002  3.105665875887212E-003
  8.313199557581019E-002  3.573033574576168E-003
  8.369233349937236E-002  3.203803821608688E-003
  8.551818316728881E-002  2.373024328738074E-003
  8.760090046834104E-002  1.673081179606964E-003
  8.821111390842155E-002  1.479540642798075E-003
  8.642582843050099E-002  1.714152966237628E-003
  8.318435794918742E-002  1.959659251434496E-003
  8.082215237584264E-002  1.805068056004860E-003
  8.130178988821148E-002  1.140948999309031E-003
  8.452930102380059E-002  1.940880501289295E-004
  8.818977827037242E-002 -6.861653148980645E-004
  8.936549835541575E-002 -1.290418518593522E-003
  8.674691192928123E-002 -1.652903275515884E-003
  8.170849875949922E-002 -1.945565335351597E-003
  7.736487575457336E-002 -2.288640619397612E-003
  7.629210370659198E-002 -2.653105838250051E-003
  7.864540375910614E-002 -2.924910366228056E-003
  8.209643120567139E-002 -3.046367584615566E-003
  8.360364694524598E-002 -3.085941713371199E-003
  8.163817781061648E-002 -3.165173427954345E-003
  7.719470031205018E-002 -3.313880245688882E-003
  7.290948291664401E-002 -3.399676950685455E-003
  7.106386946303885E-002 -3.215660867690457E-003
  7.202781104528154E-002 -2.664844378822295E-003
  7.424177009710435E-002 -1.881384099644156E-003
  7.558467016380789E-002 -1.168471140715860E-003
  7.495509600937443E-002 -7.832196345253675E-004
  7.286918088459442E-002 -7.344299440407758E-004
  7.077501410483454E-002 -7.620863298822015E-004
  6.980655484745134E-002 -5.288144147791126E-004
  7.002991335357192E-002  1.170382054761781E-004
  7.068492857669077E-002  1.010325402965187E-003
  7.103906314307289E-002  1.775585227340234E-003
  7.101596777870844E-002  2.093335440853305E-003
  7.107476473599135E-002  1.924947483506846E-003
  7.155600160002845E-002  1.528182364345822E-003
  7.219315448390934E-002  1.257519712129942E-003
  7.229818243938130E-002  1.305531291680407E-003
  7.146499165301615E-002  1.578645513568293E-003
  7.011313523367672E-002  1.789474187299338E-003
  6.929718127972553E-002  1.681223549868079E-003
  6.985631051095691E-002  1.208387387777445E-003
  7.160418717567107E-002  5.464503165025482E-004
  7.329691597942441E-002 -5.643781973251443E-005
  7.350212965470425E-002 -4.564991185227752E-004
  7.172624189583961E-002 -6.856535441987890E-004
  6.888928262192856E-002 -8.813832897541532E-004
  6.671614954899736E-002 -1.153296954361105E-003
  6.646945061291046E-002 -1.501774207591306E-003
  6.799111498195594E-002 -1.843624929739075E-003
  6.980144519065178E-002 -2.102362062957889E-003
  7.019072220677856E-002 -2.271830308331184E-003
  6.847355445052629E-002 -2.398221317145488E-003
  6.546148797491454E-002 -2.507583575279701E-003
  6.282440142118836E-002 -2.557245691026108E-003
  6.186021440135777E-002 -2.464886050639055E-003
  6.261167669601600E-002 -2.192772243394623E-003
  6.395479726829065E-002 -1.807576046889027E-003
  6.451579858795563E-002 -1.451589928730644E-003
  6.366863733571793E-002 -1.237947237035125E-003
  6.187488466686568E-002 -1.154021983747586E-003
  6.019570161980462E-002 -1.059198890503354E-003
  5.944576358043255E-002 -7.897429795897334E-004
  5.966942010993606E-002 -2.937405163670125E-004
  6.028018617447854E-002  3.115642297358587E-004
  6.064178352461844E-002  8.109840923098964E-004
  6.055525473283550E-002  1.041538008606172E-003
  6.027712729813718E-002  1.008038086799374E-003
  6.014297460476255E-002  8.753790368903042E-004
  6.020112362018272E-002  8.432438857184045E-004
  6.020124287229021E-002  9.986156391811334E-004
  5.991737542673027E-002  1.256420451513804E-003
  5.946092565044824E-002  1.428844497019916E-003
  5.924916241432041E-002  1.365825939295456E-003
  5.962380086284159E-002  1.059352570914597E-003
  6.045990400808961E-002  6.382252544161860E-004
  6.114936678169444E-002  2.668575179737111E-004
  6.103305596454651E-002  3.148378529532724E-005
  5.995357837598388E-002 -1.021249970872987E-004
  5.845927141828648E-002 -2.382239130381425E-004
  5.744762406552890E-002 -4.587967384912496E-004
  5.749249723924046E-002 -7.648165279927073E-004
  5.837765145450184E-002 -1.089566695240919E-003
  5.922012583768454E-002 -1.360347749734137E-003
  5.911147262185718E-002 -1.550239040567659E-003
  5.779472276739353E-002 -1.679437013939707E-003
  5.585983854686678E-002 -1.775152459262377E-003
  5.431011323714632E-002 -1.834631243525296E-003
  5.383376977726256E-002 -1.827848618311630E-003
  5.433105987411156E-002 -1.735243534894281E-003
  5.503614607991472E-002 -1.580721315920252E-003
  5.511205508750629E-002 -1.423380395222602E-003
  5.425106087555894E-002 -1.310037481767201E-003
  5.284111405891458E-002 -1.229531871793894E-003
  5.161678654268986E-002 -1.113034348783934E-003
  5.110371466970564E-002 -8.872739405894187E-004
  5.128706409576653E-002 -5.407887529669921E-004
  5.171734404799462E-002 -1.477267649024932E-004
  5.191090133303165E-002  1.752645749374985E-004
  5.169840855483475E-002  3.497866885189793E-004
  5.126604215834073E-002  3.922759231933118E-004
  5.091489604777923E-002  4.009610532875218E-004
  5.078651299963644E-002  4.810813523820511E-004
  5.079079034003860E-002  6.644975418072928E-004
  5.076251351874798E-002  8.845644120105710E-004
  5.066408119415984E-002  1.024635439662607E-003
  5.062702876519965E-002  1.002491171824567E-003
  5.079346060186346E-002  8.270728048990880E-004
  5.111832118539794E-002  5.872278899108166E-004
  5.133976884513574E-002  3.848850001457638E-004
  5.117420287540043E-002  2.654195923079688E-004
  5.057926391085028E-002  1.959132078889557E-004
  4.984560772921482E-002  1.020231684960108E-004
  4.940808781299274E-002 -7.028936652613636E-005
  4.950544532781485E-002 -3.165114102647743E-004
  4.996172065645833E-002 -5.835146160572335E-004
  5.028280939316519E-002 -8.127168348760088E-004
  5.001430155592704E-002 -9.784563537203897E-004
  4.909117268943711E-002 -1.093341516604995E-003
  4.790452673759523E-002 -1.183207291662090E-003
  4.702526122856681E-002 -1.258649112166341E-003
  4.679061694780025E-002 -1.308500900123101E-003
  4.706611615500883E-002 -1.317313911778788E-003
  4.735898805023998E-002 -1.286283715482580E-003
  4.718939700052489E-002 -1.235265600532993E-003
  4.643485884868163E-002 -1.183005204445109E-003
  4.539589860549130E-002 -1.124844811188956E-003
  4.455285444285653E-002 -1.031274752054558E-003
  4.421522396830896E-002 -8.725271109447780E-004
  4.432859405532291E-002 -6.498771995242308E-004
  4.456310318763734E-002 -4.055630204247381E-004
  4.458554702639304E-002 -1.991419011532403E-004
  4.429173474364474E-002 -6.617989656713960E-005
  4.383393885765081E-002  8.234459861711337E-006
  4.345619737370776E-002  7.836747727505467E-005
  4.329562871269448E-002  1.955005586088224E-004
  4.330952172724721E-002  3.661140348727315E-004
  4.336133684231903E-002  5.430904980403482E-004
  4.336235802434427E-002  6.574460673724304E-004
  4.333438471351075E-002  6.669291995354381E-004
  4.334823993789515E-002  5.850071687400878E-004
  4.341390574583252E-002  4.691443523542876E-004
  4.344038208654815E-002  3.784188499093462E-004
  4.331225497911464E-002  3.329854290531345E-004
  4.301375058542856E-002  3.047916769321958E-004
  4.267767700561940E-002  2.438992190631669E-004
  4.249724851668522E-002  1.181202379473650E-004
  4.256226741310135E-002 -6.416773826910519E-005
  4.275844273936067E-002 -2.626992348138569E-004
  4.282772524969779E-002 -4.351925374251860E-004
  4.255727801584993E-002 -5.636644246628193E-004
  4.195256709292977E-002 -6.585356077040271E-004
  4.125233883238181E-002 -7.415117934517617E-004
  4.076327669732582E-002 -8.244074782026842E-004
  4.063540585372582E-002 -9.013493806932217E-004
  4.075003224291709E-002 -9.578917281360748E-004
  4.080770825774654E-002 -9.857041126029873E-004
  4.055019053632259E-002 -9.883505842380200E-004
  3.994850897305886E-002 -9.737972962169261E-004
  3.921803905574878E-002 -9.425470125064118E-004
  3.865581405082450E-002 -8.844347209780431E-004
  3.842840918727611E-002 -7.885884994246010E-004
  3.846848874222991E-002 -6.578996752732430E-004
  3.854695980680275E-002 -5.137999611412896E-004
  3.845241764521848E-002 -3.847090959689470E-004
  3.813640136357225E-002 -2.859777102402781E-004
  3.772287827430273E-002 -2.078572275914902E-004
  3.739296198205947E-002 -1.228549482145564E-004
  3.724771552572531E-002 -8.385807287716534E-006
  3.725415055475340E-002  1.324832762726696E-004
  3.730031156902935E-002  2.690344681883086E-004
  3.729651463578298E-002  3.623482078817683E-004
  3.723358806587511E-002  3.920524799956931E-004
  3.715920568233662E-002  3.701534160858797E-004
  3.710945425242207E-002  3.314179658219857E-004
  3.706715265772068E-002  3.076557980503127E-004
  3.698516289268340E-002  3.053018054761830E-004
  3.684688048840912E-002  3.026934528827784E-004
  3.669917578405509E-002  2.680952386736598E-004
  3.661865960820950E-002  1.840589180088489E-004
  3.663641446872648E-002  5.992727743046814E-005
  3.669026403249059E-002 -7.560157003186135E-005
  3.665570622583292E-002 -1.945471243159519E-004
  3.643981167740418E-002 -2.864889701482165E-004
  3.606379726404636E-002 -3.604968926545539E-004
  3.566192138726949E-002 -4.329927966302440E-004
  3.538881335897215E-002 -5.127707679481940E-004
  3.530287907690302E-002 -5.948434862890579E-004
  3.531725992677048E-002 -6.661124473906641E-004
  3.526023731837640E-002 -7.160720495196954E-004
  3.500208158131802E-002 -7.428904264620167E-004
  3.455263325620986E-002 -7.507687199253524E-004
  3.405561757187722E-002 -7.427835760311386E-004
  3.368478445343819E-002 -7.169849103280616E-004
  3.352115428343938E-002 -6.695991892954448E-004
  3.350253035287990E-002 -6.018310273568094E-004
  3.347869848584242E-002 -5.229176167371456E-004
  3.332539332098478E-002 -4.453550314081378E-004
  3.302966831338832E-002 -3.756583918874382E-004
  3.268724063573051E-002 -3.088495235561940E-004
  3.242273785570716E-002 -2.324638547527622E-004
  3.229964708790857E-002 -1.379320227362684E-004
  3.228676145893283E-002 -3.041650096828630E-005
  3.229737691576162E-002  7.142431505285738E-005
  3.226061725697218E-002  1.465996005738534E-004
  3.216597654704573E-002  1.858420789956609E-004
  3.205234444236525E-002  1.977246536757610E-004
  3.196151833359720E-002  2.018092460180694E-004
  3.190169895786553E-002  2.137564447602807E-004
  3.185036834835358E-002  2.335772117938812E-004
  3.178657798736400E-002  2.458114633177838E-004
  3.171658144720176E-002  2.312876886497184E-004
  3.166611493153615E-002  1.814297455836852E-004
  3.164690274987863E-002  1.045058045031329E-004
  3.163164746807737E-002  1.970567437216524E-005
  3.156591819976408E-002 -5.583468033605063E-005
  3.141169475307790E-002 -1.171400550512986E-004
  3.118596166471316E-002 -1.716904560333409E-004
  3.095760696871243E-002 -2.308652909861088E-004
  3.079908527405596E-002 -2.999056063113707E-004
  3.072859886482185E-002 -3.739296768063090E-004
  3.069012684296192E-002 -4.419852593913930E-004
  3.059098656080508E-002 -4.947762111801060E-004
  3.037095965843544E-002 -5.296049823473840E-004
  3.005032366156818E-002 -5.493550871949954E-004
  2.971876483523454E-002 -5.576767385040120E-004
  2.947228350095074E-002 -5.552924727730646E-004
  2.934533610957851E-002 -5.405067614558621E-004
  2.928898082377107E-002 -5.126736764120599E-004
  2.921024325459395E-002 -4.746247837307834E-004
  2.904154593063829E-002 -4.312832412626760E-004
  2.878786294230690E-002 -3.855938359235519E-004
  2.851853644548273E-002 -3.357815952272053E-004
  2.831376104848490E-002 -2.770677741419965E-004
  2.820843212845336E-002 -2.069899173320712E-004
  2.817420862827735E-002 -1.299078528656161E-004
  2.814833163726002E-002 -5.641619620961179E-005
  2.808222129876943E-002  2.629206802427400E-006
  2.797161340774981E-002  4.315552519642176E-005
  2.784913533309040E-002  7.036786880862292E-005
  2.775153616771558E-002  9.436751825998025E-005
  2.769130263491780E-002  1.219485736036594E-004
  2.765387237215590E-002  1.507832296121427E-004
  2.761721473415955E-002  1.705265586643175E-004
  2.757230967822169E-002  1.701082111117627E-004
  2.752572012608823E-002  1.457515396442356E-004
  2.748454407107017E-002  1.037583080135473E-004
  2.744115332829278E-002  5.614966411532367E-005
  2.737479505931104E-002  1.263346595602117E-005
  2.727023728539746E-002 -2.508611819984603E-005
  2.713609736590239E-002 -6.273900971058650E-005
  2.700377437021105E-002 -1.076338080156904E-004
  2.690430402623906E-002 -1.622864394931435E-004
  2.684089323114436E-002 -2.222100613115720E-004
  2.678109615308197E-002 -2.789642508550675E-004
  2.667806910543444E-002 -3.255479246410987E-004
  2.650639211301157E-002 -3.598843697812428E-004
  2.628451010117818E-002 -3.842159182298528E-004
  2.606479427120717E-002 -4.016841521074122E-004
  2.589715164703339E-002 -4.133206915093215E-004
  2.579324989386888E-002 -4.177471855272038E-004
  2.571866627017674E-002 -4.132105284159248E-004
  2.561911506428414E-002 -3.996180184312968E-004
  2.546092407692368E-002 -3.785944227738566E-004
  2.525542690186483E-002 -3.517162549976902E-004
  2.504979335155734E-002 -3.189160485049462E-004
  2.489251445075527E-002 -2.788942262698184E-004
  2.480014307936922E-002 -2.313993703708912E-004
  2.474929085465261E-002 -1.792830291433727E-004
  2.469747186545109E-002 -1.281515876781513E-004
  2.461485541840496E-002 -8.341809726083027E-005
  2.450277564871451E-002 -4.693132386340525E-005
  2.438735193361211E-002 -1.602117192438646E-005
  2.429647384755243E-002  1.396065628599853E-005
  2.423966339356648E-002  4.535583959330114E-005
  2.420520691335518E-002  7.549114672375448E-005
  2.417339131020730E-002  9.780626607457278E-005
  2.413229631572440E-002  1.061444868344261E-004
  2.408296482379742E-002  9.903679491394609E-005
  2.403199851252663E-002  8.074836560920320E-005
  2.398095168039665E-002  5.830080023116523E-005
  2.392351250190523E-002  3.672216094910239E-005
  2.385280426424429E-002  1.605046317889396E-005
  2.377077263975952E-002 -7.813474289519625E-006
  2.368924577281396E-002 -3.925736182760828E-005
  2.362004442497484E-002 -7.912457548971942E-005
  2.356234283095996E-002 -1.236819543444143E-004
  2.349931394078006E-002 -1.668872016488060E-004
  2.340896778620104E-002 -2.039922757220805E-004
  2.328175281132175E-002 -2.337585726810769E-004
  2.313059332546856E-002 -2.579173503173737E-004
  2.298399924621287E-002 -2.787299745436146E-004
  2.286620300615197E-002 -2.967853583154683E-004
  2.277919403124545E-002 -3.106354746446512E-004
  2.270086969043665E-002 -3.181660269326727E-004
  2.260140032108168E-002 -3.182410394364377E-004
  2.246576636803823E-002 -3.112084086342194E-004
  2.230548819716344E-002 -2.980877156043979E-004
  2.215077869463709E-002 -2.794817820037999E-004
  2.202923943874438E-002 -2.553828144736148E-004
  2.194716246958852E-002 -2.260508775684005E-004
  2.188697019699482E-002 -1.930067631525239E-004
  2.182170694408618E-002 -1.589808641637357E-004
  2.173486499715112E-002 -1.266009340238295E-004
  2.163078041936725E-002 -9.683993657103824E-005
  2.152904617346002E-002 -6.863665049188224E-005
  2.144878045289188E-002 -4.022252255240923E-005
  2.139539359169910E-002 -1.123339245677417E-005
  2.135906723888339E-002  1.610387390668183E-005
  2.132418371711128E-002  3.781171762302405E-005
  2.128084712440809E-002  5.055288251549789E-005
  2.122950242412127E-002  5.380941472896678E-005
  2.117659696447595E-002  5.015973575358704E-005
  2.112676425794004E-002  4.338253528833896E-005
  2.107888922394665E-002  3.578011156967201E-005
  2.102875375075859E-002  2.671422275160697E-005
  2.097451516069477E-002  1.341573400091780E-005
  2.091892606456956E-002 -6.596990099054106E-006
  2.086580811894894E-002 -3.333320270795277E-005
  2.081424613485532E-002 -6.396718795813043E-005
  2.075663397765601E-002 -9.445646918633736E-005
  2.068349109854546E-002 -1.218382407573013E-004
  2.059164993731678E-002 -1.455156317871127E-004
  2.048868534041628E-002 -1.667465028841306E-004
  2.038891374512175E-002 -1.869464689942316E-004
  2.030318495707426E-002 -2.062087295116364E-004
  2.023028334574715E-002 -2.230879384533453E-004
  2.015714309805006E-002 -2.355952008333963E-004
  2.006841329938537E-002 -2.424464987556698E-004
  1.995841810265757E-002 -2.435803166671180E-004
  1.983633642763065E-002 -2.397165911827025E-004
  1.972042088331812E-002 -2.315495315208283E-004
  1.962544478839847E-002 -2.193608438739851E-004
  1.955274326463077E-002 -2.033188637060019E-004
  1.949016786123951E-002 -1.840293424469377E-004
  1.942168513599420E-002 -1.626758704105256E-004
  1.933918579072013E-002 -1.405193056486853E-004
  1.924779455505408E-002 -1.181939552492665E-004
  1.916128939444999E-002 -9.550740310500361E-005
  1.909175295257513E-002 -7.204672415185108E-005
  1.904145564466738E-002 -4.815481503577699E-005
  1.900254860510224E-002 -2.542632364814016E-005
  1.896379668556875E-002 -6.185530362397937E-006
  1.891850164054729E-002  7.770889856279249E-006
  1.886769914006175E-002  1.622949805758734E-005
  1.881714675227120E-002  2.055778797315515E-005
  1.877157034806834E-002  2.257747360276386E-005
  1.873114384500208E-002  2.313141835289884E-005
  1.869248326301894E-002  2.142990880845097E-005
  1.865228859226659E-002  1.568416099257565E-005
  1.860982031639584E-002  4.556119023608616E-006
  1.856606995883422E-002 -1.166293984896891E-005
  1.852093515147269E-002 -3.101285042864701E-005
  1.847166433104120E-002 -5.096142110808344E-005
  1.841454203815076E-002 -6.979816146548513E-005
  1.834850957229135E-002 -8.731615220943793E-005
  1.827723809468090E-002 -1.043649944461295E-004
  1.820720319876045E-002 -1.217159790942796E-004
  1.814278537910723E-002 -1.391389588420737E-004
  1.808232156734215E-002 -1.553367550784217E-004
  1.801870119268945E-002 -1.686757223745757E-004
  1.794458552082631E-002 -1.780737709327332E-004
  1.785844473585111E-002 -1.833856949982694E-004
  1.776662071050324E-002 -1.851090267988053E-004
  1.767950884883731E-002 -1.837799829076069E-004
  1.760451276144863E-002 -1.795973022714600E-004
  1.754103415875361E-002 -1.725178128041042E-004
  1.748129769179977E-002 -1.626174151778521E-004
  1.741638838424420E-002 -1.503084323732049E-004
  1.734295153948219E-002 -1.361994270752510E-004
  1.726560547762520E-002 -1.207641579818089E-004
  1.719347363692490E-002 -1.041866204288417E-004
  1.713366575908820E-002 -8.658278238171286E-005
  1.708661773474025E-002 -6.842217461482304E-005
  1.704648665034086E-002 -5.073716763743879E-005
  1.700583131815548E-002 -3.484713548852863E-005
  1.696075414334245E-002 -2.173833068585309E-005
  1.691276993425729E-002 -1.157402828472436E-005
  1.686653584728182E-002 -3.759195740336609E-006
  1.682575080102898E-002  2.436751943509564E-006
  1.679054450178840E-002  7.154007100935806E-006
  1.675800392348809E-002  9.683261154194009E-006
  1.672478171061407E-002  8.903643050333894E-006
  1.668928697061586E-002  4.110744887971111E-006
  1.665178144107578E-002 -4.383172371422609E-006
  1.661281319520919E-002 -1.533059229524646E-005
  1.657185246463439E-002 -2.725254342662006E-005
  1.652755526767316E-002 -3.924296968185653E-005
  1.647932017948603E-002 -5.129386278006336E-005
  1.642842923662464E-002 -6.394024210068240E-005
  1.637737251711278E-002 -7.753469692552888E-005
  1.632767979603340E-002 -9.171090489660731E-005
  1.627814259919854E-002 -1.054122376842982E-004
  1.622522808577956E-002 -1.174145813903707E-004
  1.616571482922477E-002 -1.269201311926645E-004
  1.609958850637803E-002 -1.337980090455942E-004
  1.603076923895971E-002 -1.383624695243920E-004
  1.596481760768135E-002 -1.409348434926403E-004
  1.590517891725271E-002 -1.415535410845811E-004
  1.585081083277570E-002 -1.400165241393350E-004
  1.579709308672054E-002 -1.361452382995610E-004
  1.573942739320701E-002 -1.300019786435265E-004
  1.567685087950780E-002 -1.218844530493396E-004
  1.561295540289250E-002 -1.121512702435359E-004
  1.555345398822364E-002 -1.010824770843039E-004
  1.550225787636698E-002 -8.892152434950483E-005
  1.545897590102230E-002 -7.604639923904422E-005
  1.541956860855557E-002 -6.307152044415666E-005
  1.537947320987623E-002 -5.072986125389063E-005
  1.533675680303672E-002 -3.958859778849485E-005
  1.529304064039358E-002 -2.982715401769496E-005
  1.525178405293771E-002 -2.128697224223537E-005
  1.521549008495113E-002 -1.378850776099923E-005
  1.518399116947781E-002 -7.477250168667748E-006
  1.515488246055199E-002 -2.909631659016265E-006
  1.512541736003652E-002 -7.784751866485189E-007
  1.509419736181821E-002 -1.463135625794136E-006
  1.506144494208358E-002 -4.741706766500369E-006
  1.502798907300547E-002 -9.892760048125058E-006
  1.499411173108693E-002 -1.612211007791434E-005
  1.495929741065247E-002 -2.300320239485967E-005
  1.492292762076095E-002 -3.061085867686164E-005
  1.488504744397958E-002 -3.926279302949250E-005
  1.484632516886266E-002 -4.907731019955650E-005
  1.480718430524672E-002 -5.968311171085265E-005
  1.476697641404604E-002 -7.028796684617768E-005
  1.472413106762967E-002 -8.003747933954444E-005
  1.467736550184584E-002 -8.838958502644018E-005
  1.462700907190229E-002 -9.524425023556782E-005
  1.457523760286539E-002 -1.007726847190543E-004
  1.452482001970771E-002 -1.051144327756911E-004
  1.447722391252013E-002 -1.081829133524517E-004
  1.443155977287334E-002 -1.097027779116808E-004
  1.438528477199389E-002 -1.094087941790081E-004
  1.433623291230713E-002 -1.072257907831251E-004
  1.428446264034685E-002 -1.032976472943547E-004
  1.423249563511709E-002 -9.787914186649170E-005
  1.418372503861767E-002 -9.121418088785286E-005
  1.414016387431714E-002 -8.350974346726123E-005
  1.410119853587185E-002 -7.500443605149221E-005
  1.406423329980134E-002 -6.603340359226762E-005
  1.402668262852033E-002 -5.699718626053577E-005
  1.398779874381190E-002 -4.824203167285552E-005
  1.394902936959751E-002 -3.995698075782007E-005
  1.391276669708907E-002 -3.219380322719479E-005
  1.388053401348766E-002 -2.501231060171794E-005
  1.385196674520180E-002 -1.863460313416560E-005
  1.382521914624708E-002 -1.346559212672937E-005
  1.379831120446481E-002 -9.935612595319109E-006
  1.377030914873030E-002 -8.268330167394323E-006
  1.374152460601874E-002 -8.350786877702533E-006
  1.371278621209089E-002 -9.815494008180657E-006
  1.368453223663523E-002 -1.228430536592823E-005
  1.365646762091181E-002 -1.559618516555965E-005
  1.362792454139926E-002 -1.984893495646197E-005
  1.359844379925335E-002 -2.522482967059910E-005
  1.356798652048289E-002 -3.173373185581227E-005
  1.353662772362169E-002 -3.906795197147811E-005
  1.350412415223486E-002 -4.667587972511401E-005
  1.346987779771690E-002 -5.399659523175707E-005
  1.343342100832328E-002 -6.068304832327034E-005
  1.339500386833760E-002 -6.666096718466386E-005
  1.335568764063694E-002 -7.200170244507055E-005
  1.331673206279215E-002 -7.672354557239881E-005
  1.327869537651824E-002 -8.067503160886391E-005
  1.324098877770126E-002 -8.357509739319527E-005
  1.320232720386537E-002 -8.516005576576732E-005
  1.316180778313817E-002 -8.531596755680770E-005
  1.311980293171144E-002 -8.410504063691265E-005
  1.307794283346120E-002 -8.168965378811884E-005
  1.303814184666509E-002 -7.823416847419995E-005
  1.300136831216980E-002 -7.386444259917309E-005
  1.296707437456464E-002 -6.869925675813267E-005
  1.293371194848596E-002 -6.290121622416207E-005
  1.289994235408828E-002 -5.668524960949496E-005
  1.286563572223731E-002 -5.027301693118227E-005
  1.283193900437354E-002 -4.384006889404226E-005
  1.280040884391016E-002 -3.751312367390100E-005
  1.277189216654555E-002 -3.142697447313386E-005
  1.274597602651562E-002 -2.578864397949612E-005
  1.272134823112669E-002 -2.087927777640308E-005
  1.269671720725857E-002 -1.697198386254084E-005
  1.267157226717930E-002 -1.421825018529679E-005
  1.264627011201202E-002 -1.259199094665868E-005
  1.262149614125121E-002 -1.194319562440844E-005
  1.259760153340081E-002 -1.212851044513055E-005
  1.257432581647941E-002 -1.312175929004795E-005
  1.255103091340532E-002 -1.501769132608954E-005
  1.252715245556934E-002 -1.792221307010686E-005
  1.250246028856375E-002 -2.181039824670424E-005
  1.247696349520770E-002 -2.646029764975147E-005
  1.245064190813934E-002 -3.151448837579020E-005
  1.242332011391677E-002 -3.662591087550989E-005
  1.239482070616351E-002 -4.158350825467761E-005
  1.236522901498745E-002 -4.633211063489091E-005
  1.233496622563793E-002 -5.088266685632709E-005
  1.230453400609606E-002 -5.518881688061385E-005
  1.227411349192831E-002 -5.908404871977373E-005
  1.224337917932856E-002 -6.232092757390371E-005
  1.221174537787560E-002 -6.467536057463346E-005
  1.217890212008600E-002 -6.603577661560474E-005
  1.214522289412016E-002 -6.641820622656146E-005
  1.211168574144780E-002 -6.591037443495896E-005
  1.207931655960703E-002 -6.459880045433237E-005
  1.204855083761808E-002 -6.253494963411164E-005
  1.201899958601746E-002 -5.975498603062318E-005
  1.198981182972159E-002 -5.632197298918190E-005
  1.196037254141912E-002 -5.234729454048162E-005
  1.193081618130960E-002 -4.797490479914175E-005
  1.190197529319503E-002 -4.334932385578767E-005
  1.187481120406107E-002 -3.860137074626643E-005
  1.184975703351756E-002 -3.386428180807312E-005
  1.182645116601582E-002 -2.929906401907189E-005
  1.180402864910886E-002 -2.509468599550519E-005
  1.178172084649305E-002 -2.142978492482618E-005
  1.175931029570390E-002 -1.841983400423788E-005
  1.173713554599512E-002 -1.609302767678004E-005
  1.171569996420334E-002 -1.441974722703465E-005
  1.169521948634840E-002 -1.337734084352539E-005
  1.167544326663932E-002 -1.299989567297348E-005
  1.165583088592938E-002 -1.337026326620394E-005
  1.163589214578853E-002 -1.455531855076696E-005
  1.161540866871788E-002 -1.653132255054891E-005
  1.159440225727176E-002 -1.915709647677602E-005
  1.157294345846368E-002 -2.221851462714896E-005
  1.155100586995588E-002 -2.551449521780496E-005
  1.152848884008100E-002 -2.892361574690950E-005
  1.150535005267837E-002 -3.240570214684697E-005
  1.148168383787359E-002 -3.594201745703213E-005
  1.145764407391858E-002 -3.946270798539599E-005
  1.143327621328716E-002 -4.281704093521351E-005
  1.140843107410229E-002 -4.580727830927078E-005
  1.138287616151243E-002 -4.825918551536564E-005
  1.135654196602241E-002 -5.007787453144563E-005
  1.132969912437662E-002 -5.125321899001305E-005
  1.130289159925477E-002 -5.181922310869514E-005
  1.127664053906218E-002 -5.180389906574555E-005
  1.125113070362044E-002 -5.120711018407444E-005
  1.122612760491896E-002 -5.001666285954772E-005
  1.120120736446298E-002 -4.824224104322254E-005
  1.117613830204400E-002 -4.593691462463136E-005
  1.115112712806404E-002 -4.319165241424742E-005
  1.112673796586549E-002 -4.011297792003748E-005
  1.110353855257424E-002 -3.680569373805766E-005
  1.108173400786691E-002 -3.337309504835869E-005
  1.106105531562423E-002 -2.992735839580548E-005
  1.104097484970126E-002 -2.659210305013881E-005
  1.102107847562972E-002 -2.348729936075001E-005
  1.100131859206867E-002 -2.070563117931164E-005
  1.098197753971417E-002 -1.830082798283271E-005
  1.096339466291351E-002 -1.630067412359209E-005
  1.094567674334275E-002 -1.473612196296419E-005
  1.092860048687695E-002 -1.366175113596348E-005
  1.091175186936912E-002 -1.314699132984966E-005
  1.089476942011786E-002 -1.324031354583786E-005
  1.087750286441165E-002 -1.393189597238319E-005
  1.085999230973916E-002 -1.514439749026998E-005
  1.084232437356160E-002 -1.676174395217381E-005
  1.082450411555949E-002 -1.867705048044646E-005
  1.080643962733474E-002 -2.082566296253427E-005
  1.078802214154402E-002 -2.318012439108994E-005
  1.076920458826380E-002 -2.571256261344700E-005
  1.075000071666798E-002 -2.835440244111054E-005
  1.073041713311403E-002 -3.098476318471454E-005
  1.071040221670922E-002 -3.345680231648458E-005
  1.068988097082694E-002 -3.564309766761268E-005
  1.066885782061579E-002 -3.746837988479363E-005
  1.064749240389431E-002 -3.890924517232616E-005
  1.062606176125898E-002 -3.996581794311647E-005
  1.060481551801082E-002 -4.062969227455564E-005
  1.058383028267477E-002 -4.087196628686570E-005
  1.056298606842489E-002 -4.065721057444552E-005
  1.054209891779883E-002 -3.996925189404990E-005
  1.052111773580575E-002 -3.882804547037080E-005
  1.050023322062569E-002 -3.728692171137781E-005
  1.047980633856092E-002 -3.541602355246988E-005
  1.046016032348975E-002 -3.328681969403510E-005
  1.044138714044810E-002 -3.096803400250320E-005
  1.042331158501864E-002 -2.853102684123699E-005
  1.040563852076603E-002 -2.605429489155783E-005
  1.038817227863736E-002 -2.361930860683134E-005
  1.037094680858199E-002 -2.129996640062933E-005
  1.035417705325430E-002 -1.915542505712030E-005
  1.033807742749004E-002 -1.723363092062393E-005
  1.032268726409267E-002 -1.558259324412436E-005
  1.030782751758706E-002 -1.425788113349470E-005
  1.029320715728967E-002 -1.331641705924775E-005
  1.027858797662445E-002 -1.279793095764931E-005
  1.026388545729348E-002 -1.270709549893809E-005
  1.024914611903649E-002 -1.301101815790835E-005
  1.023444048918706E-002 -1.365604816449030E-005
  1.021976605444788E-002 -1.459284452190454E-005
  1.020502971689362E-002 -1.579150696656823E-005
  1.019010500327261E-002 -1.723554276894913E-005
  1.017490174732668E-002 -1.889952197705778E-005
  1.015938942280746E-002 -2.072800242670249E-005
  1.014356795708811E-002 -2.263267818568759E-005
  1.012742946603908E-002 -2.451114967785750E-005
  1.011095670758532E-002 -2.627471910964880E-005
  1.009416096512324E-002 -2.786638796902686E-005
  1.007711696801273E-002 -2.925816640462643E-005
  1.005994947240388E-002 -3.043232465461661E-005
  1.004276981684756E-002 -3.136230082687520E-005
  1.002561181314905E-002 -3.200766124084723E-005
  1.000842657044659E-002 -3.232574669705887E-005
  9.991151691439581E-003 -3.229013352701513E-005
  9.973806440895249E-003 -3.190220234434223E-005
  9.956535622057077E-003 -3.118884591338770E-005
  9.939558939523446E-003 -3.019028730109086E-005
  9.923055543624246E-003 -2.894824954968919E-005
  9.907067327823494E-003 -2.750216953216238E-005
  9.891494607702391E-003 -2.589312232905124E-005
  9.876189597280342E-003 -2.416891704454007E-005
  9.861079036783564E-003 -2.238428366124018E-005
  9.846225166880877E-003 -2.059581154279323E-005
  9.831781144715057E-003 -1.885652040081917E-005
  9.817876233861373E-003 -1.721485791332181E-005
  9.804516651473213E-003 -1.571793739865339E-005
  9.791572583703837E-003 -1.441393916588830E-005
  9.778855161870518E-003 -1.334867501790337E-005
  9.766222054805995E-003 -1.255662369467096E-005
  9.753635355957501E-003 -1.205260852426014E-005
  9.741137807958994E-003 -1.183119453590284E-005
  9.728776251025186E-003 -1.187543987048700E-005
  9.716535368125787E-003 -1.216904054113793E-005
  9.704327867345194E-003 -1.270256206586391E-005
  9.692038330846715E-003 -1.346855202238491E-005
  9.679578740672096E-003 -1.444898793414220E-005
  9.666913191037475E-003 -1.560492415926475E-005
  9.654042151188754E-003 -1.687710715719126E-005
  9.640971224796952E-003 -1.819835495143942E-005
  9.627696618896908E-003 -1.950974336763762E-005
  9.614217076139412E-003 -2.076986849956091E-005
  9.600553574947348E-003 -2.195174662412138E-005
  9.586750688702522E-003 -2.303110045820374E-005
  9.572853175032949E-003 -2.397581427877241E-005
  9.558878655354078E-003 -2.474482806139779E-005
  9.544815452353545E-003 -2.529722288689657E-005
  9.530654394872199E-003 -2.560472431858335E-005
  9.516431567823624E-003 -2.565891845292650E-005
  9.502244292457752E-003 -2.546908206454436E-005
  9.488220273826854E-003 -2.505359501539583E-005
  9.474457350902981E-003 -2.443188450297414E-005
  9.460977920400557E-003 -2.362214458127260E-005
  9.447734474108930E-003 -2.264474400549159E-005
  9.434664849634159E-003 -2.152689836826200E-005
  9.421756945762520E-003 -2.030407449741297E-005
  9.409073887413976E-003 -1.901713442397182E-005
  9.396719693644244E-003 -1.770792601253153E-005
  9.384770261444707E-003 -1.641671759543914E-005
  9.373220365903044E-003 -1.518236049711253E-005
  9.361984732993218E-003 -1.404302381482582E-005
  9.350950491300023E-003 -1.303473945149725E-005
  9.340041156829989E-003 -1.218736996920017E-005
  9.329246505409372E-003 -1.152066790553725E-005
  9.318600821784187E-003 -1.104382266135365E-005
  9.308130791508402E-003 -1.075934228902870E-005
  9.297813975219329E-003 -1.066835485249823E-005
  9.287576430540435E-003 -1.077278031175318E-005
  9.277326120817208E-003 -1.107201651636383E-005
  9.266993415405688E-003 -1.155626226240156E-005
  9.256549546663485E-003 -1.220174322646223E-005
  9.245995343234595E-003 -1.297218679505391E-005
  9.235336209783030E-003 -1.382640717717551E-005
  9.224566255756874E-003 -1.472724305247957E-005
  9.213671707852264E-003 -1.564598626776394E-005
  9.202644890460378E-003 -1.655978604260157E-005
  9.191492191884533E-003 -1.744475706986717E-005
  9.180228172494634E-003 -1.827063829087356E-005
  9.168863572308214E-003 -1.900151060021492E-005
  9.157402040492325E-003 -1.960242602079359E-005
  9.145852076286055E-003 -2.004745638142260E-005
  9.134244704110554E-003 -2.032386546700598E-005
  9.122639041840186E-003 -2.043021893253222E-005
  9.111105992514065E-003 -2.037066844171845E-005
  9.099698914528078E-003 -2.014998939966165E-005
  9.088433336046814E-003 -1.977268784582283E-005
  9.077293223402221E-003 -1.924596986427641E-005
  9.066261284192020E-003 -1.858350589704988E-005
  9.055351008933841E-003 -1.780679686397814E-005
  9.044615076651530E-003 -1.694326068736166E-005
  9.034121816791717E-003 -1.602273811599732E-005
  9.023915804369041E-003 -1.507487690275678E-005
  9.013991296375012E-003 -1.412847234226538E-005
  9.004298021264337E-003 -1.321183035544117E-005
  8.994774811707348E-003 -1.235244262882859E-005
  8.985386228797274E-003 -1.157529170791316E-005
  8.976136043820436E-003 -1.090080701552819E-005
  8.967049585781161E-003 -1.034415838624795E-005
  8.958140066857124E-003 -9.916500239411734E-006
  8.949384516308856E-003 -9.626921431017735E-006
  8.940725878278327E-003 -9.482967055204954E-006
  8.932097437938801E-003 -9.488641695694585E-006
  8.923450215828880E-003 -9.641031369229569E-006
  8.914764388150644E-003 -9.928210542849096E-006
  8.906040046353134E-003 -1.033051070701522E-005
  8.897278267944097E-003 -1.082482236742546E-005
  8.888468459666588E-003 -1.138924545832761E-005
  8.879589960772767E-003 -1.200502378556397E-005
  8.870623174660431E-003 -1.265469995074599E-005
  8.861558963776179E-003 -1.331830871389772E-005
  8.852399105990984E-003 -1.397095530026888E-005
  8.843150204178444E-003 -1.458410504783307E-005
  8.833819298518956E-003 -1.513012977337829E-005
  8.824416522453802E-003 -1.558725251325150E-005
  8.814961839876869E-003 -1.594180845778945E-005
  8.805487506190429E-003 -1.618677995385596E-005
  8.796030899272998E-003 -1.631823300506460E-005
  8.786621378032072E-003 -1.633256191411708E-005
  8.777271628968018E-003 -1.622649714979331E-005
  8.767981841511266E-003 -1.599955113662386E-005
  8.758754967507446E-003 -1.565679174824557E-005
  8.749611459280989E-003 -1.520981759413636E-005
  8.740590868893680E-003 -1.467535953330005E-005
  8.731737149565965E-003 -1.407267469877059E-005
  8.723077316394795E-003 -1.342148220639622E-005
  8.714609028698377E-003 -1.274134598207925E-005
  8.706306588786801E-003 -1.205204076044741E-005
  8.698141220967535E-003 -1.137374301203992E-005
  8.690100801080696E-003 -1.072634291202994E-005
  8.682194731939050E-003 -1.012820345406330E-005
  8.674440933827342E-003 -9.595278397121881E-006
  8.666845183819223E-003 -9.141115302019041E-006
  8.659388225408057E-003 -8.777327510988977E-006
  8.652029624655130E-003 -8.513560941699477E-006
  8.644724704238596E-003 -8.356397321360807E-006
  8.637441857351602E-003 -8.307706963344117E-006
  8.630168558528372E-003 -8.363727539064127E-006
  8.622903803896659E-003 -8.515842111271229E-006
  8.615644686581126E-003 -8.752804667976345E-006
  8.608377844651235E-003 -9.062990326552252E-006
  8.601081195356871E-003 -9.435137172265124E-006
  8.593732845345047E-003 -9.857174819332354E-006
  8.586319335512477E-003 -1.031425838105234E-005
  8.578837543490044E-003 -1.078783828446104E-005
  8.571290802094580E-003 -1.125689896823955E-005
  8.563684333021340E-003 -1.170090174183705E-005
  8.556024353539122E-003 -1.210269295354914E-005
  8.548320594220782E-003 -1.244966339183770E-005
  8.540588180433687E-003 -1.273273339810692E-005
  8.532845466374691E-003 -1.294428906331791E-005
  8.525108741341939E-003 -1.307683916902728E-005
  8.517388505021234E-003 -1.312346766197236E-005
  8.509691409610205E-003 -1.307972301520657E-005
  8.502027147419846E-003 -1.294553133795427E-005
  8.494414660411367E-003 -1.272579346754124E-005
  8.486881608278232E-003 -1.242936469097464E-005
  8.479455949380363E-003 -1.206724545766137E-005
  8.472155004300335E-003 -1.165118274871351E-005
  8.464980066740728E-003 -1.119332063192390E-005
  8.457920958370776E-003 -1.070660831919757E-005
  8.450967492190181E-003 -1.020514945403545E-005
  8.444119401039406E-003 -9.703902993773226E-006
  8.437387254709123E-003 -9.217813341920881E-006
  8.430783611128003E-003 -8.760922843939511E-006
  8.424310977163302E-003 -8.345918313257097E-006
  8.417955477532208E-003 -7.984054043654838E-006
  8.411690762089117E-003 -7.685002673546836E-006
  8.405489102887501E-003 -7.456296114272067E-006
  8.399331650300875E-003 -7.302524900959145E-006
  8.393211011503780E-003 -7.224873135170288E-006
  8.387125400933070E-003 -7.221453926503669E-006
  8.381069705207928E-003 -7.288319399047027E-006
  8.375030388360894E-003 -7.420444006792652E-006
  8.368987512703626E-003 -7.611945304575980E-006
  8.362921566628254E-003 -7.855402716477508E-006
  8.356819687784255E-003 -8.140910914164241E-006
  8.350677253187746E-003 -8.455822711566700E-006
  8.344494969344628E-003 -8.785701435098993E-006
  8.338274880240604E-003 -9.116121601974560E-006
  8.332018661570930E-003 -9.434309097645970E-006
  8.325728779391627E-003 -9.729710965581110E-006
  8.319410361250949E-003 -9.993364948305016E-006
  8.313071355549128E-003 -1.021680469806189E-005
  8.306720696583668E-003 -1.039153143191126E-005
  8.300366496116899E-003 -1.050959963435169E-005
  8.294016452731812E-003 -1.056499407488280E-005
  8.287680483692305E-003 -1.055488557425414E-005
  8.281373082991478E-003 -1.047996515032413E-005
  8.275112543148137E-003 -1.034373801234124E-005
  8.268916551956895E-003 -1.015136061328631E-005
  8.262796901991871E-003 -9.908807725893067E-006
  8.256757306736490E-003 -9.622768043738303E-006
  8.250796287056545E-003 -9.301048259887995E-006
  8.244913202403155E-003 -8.952911149030989E-006
  8.239112853581245E-003 -8.588912401216871E-006
  8.233404926896263E-003 -8.220249842950288E-006
  8.227798383362607E-003 -7.857995151308910E-006
  8.222294794767134E-003 -7.512572363850714E-006
  8.216885542891680E-003 -7.193547023742676E-006
  8.211554988126427E-003 -6.909503385085773E-006
  8.206287335049385E-003 -6.667773028482669E-006
  8.201072318766801E-003 -6.474020853947362E-006
  8.195905919468378E-003 -6.331937080909920E-006
  8.190786128129813E-003 -6.243275858087060E-006
  8.185707351207751E-003 -6.208211901740633E-006
  8.180657725643742E-003 -6.225699374183239E-006
  8.175621126931782E-003 -6.293490748814353E-006
  8.170582108912769E-003 -6.407766042875921E-006
  8.165530142181398E-003 -6.562705380963128E-006
  8.160460521966459E-003 -6.750479439544562E-006
  8.155372094188018E-003 -6.961883925213496E-006
  8.150264175281608E-003 -7.187378474968294E-006
  8.145135108255772E-003 -7.417973339211983E-006
  8.139983092665441E-003 -7.645503166785488E-006
  8.134807981506582E-003 -7.862278280600678E-006
  8.129612254411783E-003 -8.060567851566239E-006
  8.124400518558403E-003 -8.232488087189032E-006
  8.119178406754112E-003 -8.370550457030475E-006
  8.113952195092349E-003 -8.468616067082293E-006
  8.108729510206955E-003 -8.522690417001367E-006
  8.103520139773345E-003 -8.531105085405592E-006
  8.098335572186553E-003 -8.494067058653027E-006
  8.093186935031945E-003 -8.412973280801680E-006
  8.088082582420096E-003 -8.289982546898948E-006
  8.083027226989033E-003 -8.128067796372473E-006
  8.078023497322508E-003 -7.931373506188173E-006
  8.073074847278967E-003 -7.705484024085101E-006
  8.068187469867809E-003 -7.457310212274687E-006
  8.063369434558954E-003 -7.194605696269842E-006
  8.058627352401300E-003 -6.925372740578742E-006
  8.053962871323799E-003 -6.657431004469184E-006
  8.049371599103941E-003 -6.398230003912447E-006
  8.044845339672979E-003 -6.154777816649703E-006
  8.040376093974039E-003 -5.933508997431442E-006
  8.035958990414772E-003 -5.740038973046416E-006
  8.031592154998988E-003 -5.578910809780614E-006
  8.027273838676838E-003 -5.453476704565903E-006
  8.022999114946383E-003 -5.365940198527520E-006
  8.018758662684514E-003 -5.317433743342700E-006
  8.014540495735292E-003 -5.307973411314408E-006
  8.010333331800084E-003 -5.336263318331471E-006
  8.006129250242475E-003 -5.399507035812522E-006
  8.001924045028534E-003 -5.493451006973835E-006
  7.997715500151565E-003 -5.612756113623511E-006
  7.993501235871944E-003 -5.751557644927841E-006
  7.989277788928335E-003 -5.903922676138644E-006
  7.985041378464683E-003 -6.063982183767265E-006
  7.980789469236771E-003 -6.225763610053808E-006
  7.976521824966647E-003 -6.382988393070427E-006
  7.972240423077351E-003 -6.529137920364174E-006
  7.967948643435592E-003 -6.657893412581854E-006
  7.963650618091112E-003 -6.763769189582936E-006
  7.959351215229593E-003 -6.842603325784214E-006
  7.955056329631595E-003 -6.891662193343213E-006
  7.950772771475354E-003 -6.909381885508989E-006
  7.946507448281501E-003 -6.895006072678124E-006
  7.942266321907322E-003 -6.848413083485989E-006
  7.938054013285149E-003 -6.770243041674053E-006
  7.933874485828340E-003 -6.662188779593649E-006
  7.929732292055026E-003 -6.527189848531718E-006
  7.925633247086387E-003 -6.369347659051780E-006
  7.921583706433524E-003 -6.193582395911009E-006
  7.917588703853699E-003 -6.005214984530342E-006
  7.913650197085583E-003 -5.809665296989817E-006
  7.909766733317917E-003 -5.612328260546097E-006
  7.905934861159584E-003 -5.418543006511507E-006
  7.902151314429324E-003 -5.233522858481727E-006
  7.898414393234618E-003 -5.062185453265641E-006
  7.894723558303526E-003 -4.908932028408996E-006
  7.891077596375270E-003 -4.777471707036677E-006
  7.887472782123700E-003 -4.670737652206637E-006
  7.883902448633091E-003 -4.590854879406414E-006
  7.880358318867116E-003 -4.539083312711954E-006
  7.876832673928415E-003 -4.515710915140799E-006
  7.873319899509285E-003 -4.519961237095582E-006
  7.869816510555369E-003 -4.550018199053953E-006
  7.866319914190524E-003 -4.603211766810704E-006
  7.862827026652112E-003 -4.676293458479701E-006
  7.859333810814936E-003 -4.765658391901470E-006
  7.855835983070401E-003 -4.867410499364194E-006
  7.852330252575075E-003 -4.977297268494543E-006
  7.848815172568949E-003 -5.090658684727599E-006
  7.845291127854171E-003 -5.202543028004346E-006
  7.841759700160792E-003 -5.308025892130655E-006
  7.838223039305486E-003 -5.402614394101432E-006
  7.834683672343534E-003 -5.482545727143559E-006
  7.831144670624112E-003 -5.544856289854073E-006
  7.827609763056288E-003 -5.587254729315418E-006
  7.824083109310907E-003 -5.607960321258538E-006
  7.820568860934903E-003 -5.605672043500643E-006
  7.817070912034551E-003 -5.579715050806475E-006
  7.813593091422584E-003 -5.530264038406305E-006
  7.810139601328631E-003 -5.458478080157205E-006
  7.806715186506981E-003 -5.366441579172488E-006
  7.803324655624212E-003 -5.256937262382183E-006
  7.799971904869282E-003 -5.133177244584957E-006
  7.796659076696986E-003 -4.998617508792331E-006
  7.793386488418760E-003 -4.856892788555506E-006
  7.790153432106936E-003 -4.711810198680100E-006
  7.786959277977265E-003 -4.567306292192641E-006
  7.783804047911693E-003 -4.427318595285690E-006
  7.780688002389512E-003 -4.295599634975805E-006
  7.777610532694696E-003 -4.175542711646204E-006
  7.774569196119650E-003 -4.070067027939420E-006
  7.771559648955687E-003 -3.981554858388548E-006
  7.768576580708646E-003 -3.911799577431828E-006
  7.765615031440893E-003 -3.861939396648011E-006
  7.762671226047000E-003 -3.832397023454600E-006
  7.759742453440162E-003 -3.822871899228411E-006
  7.756826232253812E-003 -3.832409353320316E-006
  7.753919491260806E-003 -3.859516984746044E-006
  7.751018409984372E-003 -3.902262373227158E-006
  7.748119021748517E-003 -3.958305166264523E-006
  7.745218121848209E-003 -4.024880520385458E-006
  7.742313861744398E-003 -4.098807770690066E-006
  7.739405717577604E-003 -4.176597207885353E-006
  7.736494006539604E-003 -4.254663547097173E-006
  7.733579397975561E-003 -4.329574642258033E-006
  7.730662754047904E-003 -4.398231923845254E-006
  7.727745290438535E-003 -4.457923074363926E-006
  7.724828786819560E-003 -4.506276174175862E-006
  7.721915599921034E-003 -4.541210636284178E-006
  7.719008470288924E-003 -4.560973254735512E-006
  7.716110318850873E-003 -4.564273547725483E-006
  7.713224209342241E-003 -4.550448484019436E-006
  7.710353441467322E-003 -4.519556039207118E-006
  7.707501555156114E-003 -4.472340699157717E-006
  7.704672062588777E-003 -4.410096156197722E-006
  7.701867968769610E-003 -4.334508542160675E-006
  7.699091377684274E-003 -4.247557410253619E-006
  7.696343480869595E-003 -4.151492186954354E-006
  7.693624955787321E-003 -4.048838510974472E-006
  7.690936469205678E-003 -3.942368889173780E-006
  7.688278866425482E-003 -3.835004530778233E-006
  7.685652847689285E-003 -3.729668356491067E-006
  7.683058333026927E-003 -3.629139793630955E-006
  7.680493983928330E-003 -3.535950533668911E-006
  7.677957265386974E-003 -3.452323520651223E-006
  7.675445049017968E-003 -3.380129563752212E-006
  7.672954366754629E-003 -3.320838671948082E-006
  7.670482823799018E-003 -3.275468372473721E-006
  7.668028443103323E-003 -3.244551465619563E-006
  7.665589136184797E-003 -3.228140575339959E-006
  7.663162255980478E-003 -3.225841671707282E-006
  7.660744600470115E-003 -3.236848604289277E-006
  7.658332885294163E-003 -3.259956868793776E-006
  7.655924366128180E-003 -3.293564357655741E-006
  7.653517214053994E-003 -3.335693921290378E-006
  7.651110461881312E-003 -3.384070908093760E-006
  7.648703657227482E-003 -3.436255587475987E-006
  7.646296532825596E-003 -3.489790432275376E-006
  7.643888926303425E-003 -3.542308727938720E-006
  7.641480946793927E-003 -3.591577408666773E-006
  7.639073197524411E-003 -3.635494888876364E-006
  7.636666859455195E-003 -3.672097132957202E-006
  7.634263591414134E-003 -3.699616328448593E-006
  7.631865355797626E-003 -3.716592266003531E-006
  7.629474304202913E-003 -3.721990531258226E-006
  7.627092752559377E-003 -3.715268966417917E-006
  7.624723156858595E-003 -3.696363846261055E-006
  7.622367988471095E-003 -3.665616617451384E-006
  7.620029514707000E-003 -3.623693837442077E-006
  7.617709611039592E-003 -3.571544987086019E-006
  7.615409742429863E-003 -3.510403912463189E-006
  7.613131125885875E-003 -3.441800971333171E-006
  7.610874925815718E-003 -3.367542973429770E-006
  7.608642282231117E-003 -3.289641159168336E-006
  7.606434089842676E-003 -3.210203014415279E-006
  7.604250650401958E-003 -3.131324010470422E-006
  7.602091446729666E-003 -3.055007683857842E-006
  7.599955223624621E-003 -2.983117081575233E-006
  7.597840346296480E-003 -2.917339827189413E-006
  7.595745203532404E-003 -2.859148087865622E-006
  7.593668389945024E-003 -2.809750306865860E-006
  7.591608568311626E-003 -2.770047197366981E-006
  7.589564153257259E-003 -2.740606063735279E-006
  7.587533088944763E-003 -2.721655372279394E-006
  7.585512919235891E-003 -2.713088791492171E-006
  7.583501130639902E-003 -2.714467643288378E-006
  7.581495554239767E-003 -2.725023405540422E-006
  7.579494584559125E-003 -2.743675144817255E-006
  7.577497120415554E-003 -2.769076573291494E-006
  7.575502333219839E-003 -2.799691494746660E-006
  7.573509470328118E-003 -2.833877084526397E-006
  7.571517840901792E-003 -2.869948660019686E-006
  7.569526973342590E-003 -2.906214074997440E-006
  7.567536807135023E-003 -2.940990481674098E-006
  7.565547777300750E-003 -2.972631442482099E-006
  7.563560750805741E-003 -2.999585166188087E-006
  7.561576885540392E-003 -3.020479459788031E-006
  7.559597514847510E-003 -3.034204906070128E-006
  7.557624102820228E-003 -3.039963611765069E-006
  7.555658233686292E-003 -3.037270276330098E-006
  7.553701570105384E-003 -3.025920842466099E-006
  7.551755760047105E-003 -3.005960333231760E-006
  7.549822339239877E-003 -2.977674051649350E-006
  7.547902695395021E-003 -2.941601782114542E-006
  7.545998108184760E-003 -2.898552152014311E-006
  7.544109801797371E-003 -2.849590420318528E-006
  7.542238919509760E-003 -2.795989227018868E-006
  7.540386386345595E-003 -2.739154724608563E-006
  7.538552725751998E-003 -2.680552784672975E-006
  7.536737954817733E-003 -2.621654033426340E-006
  7.534941643366608E-003 -2.563899142786232E-006
  7.533163107980058E-003 -2.508671546600555E-006
  7.531401610356027E-003 -2.457263654799747E-006
  7.529656423424821E-003 -2.410833151396778E-006
  7.527926728118931E-003 -2.370357669772056E-006
  7.526211434658878E-003 -2.336599331840590E-006
  7.524509084027159E-003 -2.310084194527774E-006
  7.522817929857451E-003 -2.291092858120918E-006
  7.521136170504084E-003 -2.279655725265018E-006
  7.519462194649493E-003 -2.275551488966788E-006
  7.517794699994980E-003 -2.278314438441048E-006
  7.516132641878567E-003 -2.287257302845376E-006
  7.514475089909046E-003 -2.301509431920881E-006
  7.512821125412139E-003 -2.320060879291815E-006
  7.511169866105851E-003 -2.341800060821219E-006
  7.509520600455234E-003 -2.365539775915660E-006
  7.507872934910511E-003 -2.390038405295652E-006
  7.506226857958338E-003 -2.414030006964174E-006
  7.504582694550995E-003 -2.436272271898309E-006
  7.502941001404093E-003 -2.455607679223029E-006
  7.501302479197706E-003 -2.471021110756945E-006
  7.499667941548179E-003 -2.481676453887777E-006
  7.498038322595819E-003 -2.486926547612291E-006
  7.496414676338469E-003 -2.486306579995088E-006
  7.494798140119431E-003 -2.479528896156103E-006
  7.493189876343220E-003 -2.466491326993424E-006
  7.491591027954938E-003 -2.447296305247147E-006
  7.490002704803718E-003 -2.422265624778238E-006
  7.488425979771711E-003 -2.391934959213165E-006
  7.486861855224290E-003 -2.357023291133815E-006
  7.485311183534909E-003 -2.318386533208522E-006
  7.483774572374088E-003 -2.276971437237979E-006
  7.482252333475042E-003 -2.233781195958993E-006
  7.480744513068541E-003 -2.189852629860825E-006
  7.479250984565190E-003 -2.146235747504415E-006
  7.477771534951105E-003 -2.103966119671098E-006
  7.476305878295378E-003 -2.064027878635928E-006
  7.474853585667468E-003 -2.027313499085037E-006
  7.473413989138211E-003 -1.994589330809796E-006
  7.471986144503579E-003 -1.966471940943938E-006
  7.470568899905753E-003 -1.943414021693666E-006
  7.469161042743047E-003 -1.925695482108578E-006
  7.467761441753089E-003 -1.913417313791668E-006
  7.466369106839522E-003 -1.906500001202044E-006
  7.464983150911525E-003 -1.904690001131772E-006
  7.463602708246973E-003 -1.907575193298978E-006
  7.462226890410443E-003 -1.914605688497643E-006
  7.460854826443225E-003 -1.925114491631522E-006
  7.459485768154083E-003 -1.938335512505636E-006
  7.458119194613868E-003 -1.953421996920432E-006
  7.456754854815443E-003 -1.969471577689498E-006
  7.455392735027618E-003 -1.985561464508526E-006
  7.454032987934780E-003 -2.000790307880014E-006
  7.452675876873853E-003 -2.014317434957752E-006
  7.451321763593632E-003 -2.025390468597305E-006
  7.449971127333975E-003 -2.033359112319172E-006
  7.448624580352603E-003 -2.037681200899640E-006
  7.447282854645586E-003 -2.037930609194796E-006
  7.445946762574306E-003 -2.033812511590623E-006
  7.444617153505215E-003 -2.025182890470045E-006
  7.443294883930491E-003 -2.012062698362619E-006
  7.441980798024718E-003 -1.994637649064869E-006
  7.440675701398394E-003 -1.973241781689207E-006
  7.439380317693058E-003 -1.948331294756692E-006
  7.438095239226332E-003 -1.920458606292097E-006
  7.436820897648125E-003 -1.890253037544189E-006
  7.435557572024582E-003 -1.858407145067877E-006
  7.434305424413266E-003 -1.825662294872130E-006
  7.433064529671088E-003 -1.792787366782002E-006
  7.431834868719606E-003 -1.760549639963701E-006
  7.430616283901957E-003 -1.729682552260916E-006
  7.429408429262302E-003 -1.700856938007849E-006
  7.428210759475046E-003 -1.674659691604321E-006
  7.427022577946608E-003 -1.651579322596807E-006
  7.425843123609389E-003 -1.631995261444336E-006
  7.424671648393648E-003 -1.616168622718139E-006
  7.423507444925226E-003 -1.604234912608141E-006
  7.422349821357349E-003 -1.596200966578421E-006
  7.421198059151393E-003 -1.591947614738445E-006
  7.420051400889629E-003 -1.591237194785251E-006
  7.418909091185787E-003 -1.593723538342867E-006
  7.417770453614586E-003 -1.598962982698681E-006
  7.416634960699570E-003 -1.606427432107285E-006
  7.415502260454275E-003 -1.615522004338452E-006
  7.414372154610456E-003 -1.625608533788976E-006
  7.413244555248119E-003 -1.636032819577683E-006
  7.412119455191627E-003 -1.646150747778631E-006
  7.410996929775360E-003 -1.655348815081705E-006
  7.409877160004004E-003 -1.663058202875102E-006
  7.408760451565815E-003 -1.668765738110098E-006
  7.407647230309563E-003 -1.672026502171521E-006
  7.406538014275165E-003 -1.672480231356543E-006
  7.405433377702313E-003 -1.669868899983583E-006
  7.404333922324051E-003 -1.664049664822228E-006
  7.403240258958543E-003 -1.654998247153692E-006
  7.402152991100601E-003 -1.642802271563734E-006
  7.401072692296484E-003 -1.627648803542944E-006
  7.399999879153904E-003 -1.609811904308474E-006
  7.398934990818636E-003 -1.589643478649394E-006
  7.397878383750960E-003 -1.567566164024010E-006
  7.396830338465594E-003 -1.544063983600150E-006
  7.395791063643001E-003 -1.519667100449891E-006
  7.394760684060106E-003 -1.494930539377788E-006
  7.393739213123101E-003 -1.470410362796164E-006
  7.392726527229537E-003 -1.446641880202752E-006
  7.391722363387406E-003 -1.424122572510544E-006
  7.390726348310104E-003 -1.403299326034591E-006
  7.389738045742664E-003 -1.384557724588720E-006
  7.388756995763083E-003 -1.368211651690972E-006
  7.387782726102956E-003 -1.354493417782750E-006
  7.386814737073375E-003 -1.343546152988093E-006
  7.385852482254119E-003 -1.335420076616271E-006
  7.384895370945483E-003 -1.330072851939072E-006
  7.383942802526870E-003 -1.327373000418409E-006
  7.382994219406796E-003 -1.327105381222274E-006
  7.382049151821255E-003 -1.328978813495279E-006
  7.381107233907638E-003 -1.332636765457365E-006
  7.380168190772279E-003 -1.337671592721746E-006
  7.379231815009703E-003 -1.343641262143306E-006
  7.378297954855635E-003 -1.350086177376407E-006
  7.377366523578456E-003 -1.356543928671274E-006
  7.376437521726752E-003 -1.362561576894207E-006
  7.375511054228834E-003 -1.367707089896407E-006
  7.374587329056636E-003 -1.371582081902397E-006
  7.373666637721247E-003 -1.373836471698738E-006
  7.372749328861745E-003 -1.374183169103756E-006
  7.371835786882748E-003 -1.372409398437419E-006
  7.370926419471620E-003 -1.368382060057722E-006
  7.370021649114478E-003 -1.362047151366770E-006
  7.369121901738713E-003 -1.353425819570255E-006
  7.368227590716670E-003 -1.342610235525429E-006
  7.367339100661517E-003 -1.329760772577820E-006
  7.366456776395426E-003 -1.315103316793541E-006
  7.365580917393321E-003 -1.298923969634023E-006
  7.364711772190184E-003 -1.281559075683861E-006
  7.363849526918936E-003 -1.263380835788157E-006
  7.362994288492433E-003 -1.244780974061937E-006
  7.362146070639391E-003 -1.226155453181142E-006
  7.361304792763828E-003 -1.207891879438699E-006
  7.360470294740085E-003 -1.190359203161601E-006
  7.359642360044318E-003 -1.173898154566503E-006
  7.358820733706055E-003 -1.158811262024486E-006
  7.358005125823517E-003 -1.145352701051424E-006
  7.357195203175871E-003 -1.133719369108260E-006
  7.356390581837278E-003 -1.124044616389872E-006
  7.355590834401496E-003 -1.116395141521161E-006
  7.354795515555033E-003 -1.110770578101309E-006
  7.354004196609754E-003 -1.107105038677154E-006
  7.353216493123062E-003 -1.105270367637679E-006
  7.352432074697319E-003 -1.105081415714680E-006
  7.351650658534307E-003 -1.106303612416059E-006
  7.350871998876037E-003 -1.108662441577326E-006
  7.350095885479932E-003 -1.111853748304810E-006
  7.349322155646778E-003 -1.115553819158663E-006
  7.348550713090671E-003 -1.119428970776540E-006
  7.347781541533836E-003 -1.123145301748689E-006
  7.347014704693127E-003 -1.126379455124870E-006
  7.346250333533299E-003 -1.128830413439785E-006
  7.345488608941205E-003 -1.130231088378343E-006
  7.344729748339790E-003 -1.130357800931860E-006
  7.343973999104829E-003 -1.129036306434404E-006
  7.343221635296368E-003 -1.126144484987470E-006
  7.342472952166337E-003 -1.121613131989306E-006
  7.341728255897404E-003 -1.115426465395984E-006
  7.340987850564243E-003 -1.107622892234252E-006
  7.340252026163199E-003 -1.098295089685826E-006
  7.339521049522453E-003 -1.087587713548547E-006
  7.338795156533504E-003 -1.075691628434928E-006
  7.338074543075711E-003 -1.062835028118925E-006
  7.337359354457580E-003 -1.049273096523586E-006
  7.336649676808327E-003 -1.035278055700848E-006
  7.335945534870037E-003 -1.021130513337098E-006
  7.335246897470696E-003 -1.007111742769686E-006
  7.334553686858846E-003 -9.934958650446692E-007
  7.333865785411261E-003 -9.805412610137503E-007
  7.333183035686872E-003 -9.684815226873120E-007
  7.332505235896942E-003 -9.575170414196432E-007
  7.331832137850551E-003 -9.478083608930720E-007
  7.331163454107503E-003 -9.394717803464096E-007
  7.330498875279327E-003 -9.325769571533640E-007
  7.329838091394535E-003 -9.271459760364921E-007
  7.329180808362119E-003 -9.231536072568395E-007
  7.328526754114670E-003 -9.205288883796346E-007
  7.327875676358938E-003 -9.191582836462168E-007
  7.327227339493179E-003 -9.188903894831895E-007
  7.326581528040118E-003 -9.195417612673889E-007
  7.325938058268131E-003 -9.209033333933868E-007
  7.325296792975009E-003 -9.227472028887349E-007
  7.324657651662311E-003 -9.248339538586754E-007
  7.324020611268270E-003 -9.269207844083991E-007
  7.323385698662696E-003 -9.287702951784023E-007
  7.322752980598513E-003 -9.301591934686737E-007
  7.322122556730409E-003 -9.308858773995602E-007
  7.321494557344863E-003 -9.307762007547343E-007
  7.320869143080519E-003 -9.296874932174449E-007
  7.320246502445373E-003 -9.275115558909085E-007
  7.319626844957709E-003 -9.241773675604842E-007
  7.319010391063232E-003 -9.196536018265321E-007
  7.318397361767392E-003 -9.139502638301516E-007
  7.317787970064985E-003 -9.071184406314170E-007
  7.317182414052143E-003 -8.992475980830456E-007
  7.316580870333041E-003 -8.904607512919633E-007
  7.315983487081511E-003 -8.809085448965172E-007
  7.315390377908914E-003 -8.707633129751287E-007
  7.314801618512506E-003 -8.602135728486939E-007
  7.314217246855272E-003 -8.494586430972810E-007
  7.313637265295902E-003 -8.387027389379166E-007
  7.313061641811421E-003 -8.281482012916021E-007
  7.312490308656991E-003 -8.179881801383738E-007
  7.311923159767076E-003 -8.083995965335534E-007
  7.311360050506669E-003 -7.995372004647132E-007
  7.310800802915007E-003 -7.915290888235344E-007
  7.310245216390258E-003 -7.844735312467320E-007
  7.309693080171460E-003 -7.784367394216181E-007
  7.309144182809794E-003 -7.734513813613963E-007
  7.308598316126275E-003 -7.695159521625665E-007
  7.308055275276591E-003 -7.665952605737921E-007
  7.307514859379973E-003 -7.646221610314695E-007
  7.306976876567326E-003 -7.635004002512178E-007
  7.306441153740651E-003 -7.631083011543959E-007
  7.305907547522418E-003 -7.633030841042876E-007
  7.305375951643329E-003 -7.639258059091597E-007
  7.304846298172156E-003 -7.648069552393572E-007
  7.304318553786920E-003 -7.657725701924662E-007
  7.303792714877625E-003 -7.666504627171473E-007
  7.303268804915880E-003 -7.672760009443311E-007
  7.302746874803305E-003 -7.674970727332300E-007
  7.302227004079270E-003 -7.671782360051921E-007
  7.301709300010228E-003 -7.662043631763257E-007
  7.301193893053379E-003 -7.644840581556331E-007
  7.300680929554331E-003 -7.619527720538921E-007
  7.300170563908369E-003 -7.585751441703088E-007
  7.299662951962478E-003 -7.543459821564137E-007
  7.299158245897684E-003 -7.492895944339608E-007
  7.298656589680461E-003 -7.434577069068094E-007
  7.298158114288143E-003 -7.369265697552999E-007
  7.297662932914175E-003 -7.297938311308690E-007
  7.297171137096284E-003 -7.221753693320760E-007
  7.296682794401634E-003 -7.142018436065677E-007
  7.296197947254894E-003 -7.060145766075525E-007
  7.295716611789426E-003 -6.977606204003339E-007
  7.295238776050682E-003 -6.895872902709348E-007
  7.294764398217463E-003 -6.816367527604672E-007
  7.294293406550646E-003 -6.740412208887371E-007
  7.293825702461019E-003 -6.669189975795668E-007
  7.293361166442214E-003 -6.603712685248010E-007
  7.292899664856990E-003 -6.544794148464641E-007
  7.292441055140522E-003 -6.493027408816399E-007
  7.291985188357069E-003 -6.448767402925461E-007
  7.291531910247535E-003 -6.412121473829158E-007
  7.291081063247198E-003 -6.382949490760965E-007
  7.290632491356492E-003 -6.360873463726498E-007
  7.290186047617190E-003 -6.345295116870245E-007
  7.289741601876913E-003 -6.335419830263781E-007
  7.289299046071777E-003 -6.330286222163073E-007
  7.288858295739874E-003 -6.328801170719682E-007
  7.288419288761627E-003 -6.329779465744377E-007
  7.287981983718925E-003 -6.331985977716283E-007
  7.287546359827895E-003 -6.334177487127382E-007
  7.287112418595745E-003 -6.335142009799897E-007
  7.286680185616464E-003 -6.333735190314730E-007
  7.286249710513987E-003 -6.328914686939213E-007
  7.285821064122437E-003 -6.319773195556009E-007
  7.285394333607299E-003 -6.305568934768216E-007
  7.284969617149454E-003 -6.285750501998024E-007
  7.284547019492045E-003 -6.259972718432234E-007
  7.284126648554420E-003 -6.228101950160112E-007
  7.283708612422469E-003 -6.190212269427067E-007
  7.283293015975199E-003 -6.146575699063689E-007
  7.282879957050789E-003 -6.097649366459570E-007
  7.282469522689248E-003 -6.044060115943346E-007
  7.282061786039035E-003 -5.986584834661381E-007
  7.281656804027373E-003 -5.926124267810917E-007
  7.281254615428152E-003 -5.863669849903215E-007
  7.280855239025756E-003 -5.800265783976260E-007
  7.280458672128554E-003 -5.736970309212491E-007
  7.280064890173442E-003 -5.674819681636274E-007
  7.279673848023052E-003 -5.614796328657223E-007
  7.279285482774229E-003 -5.557800542156584E-007
  7.278899717067977E-003 -5.504624401187044E-007
  7.278516461742794E-003 -5.455927597297278E-007
  7.278135617420398E-003 -5.412216441032564E-007
  7.277757075725714E-003 -5.373828196470745E-007
  7.277380721436666E-003 -5.340922395810354E-007
  7.277006436408553E-003 -5.313479426425703E-007
  7.276634104906456E-003 -5.291305519426242E-007
  7.276263618909799E-003 -5.274043012064583E-007
  7.275894881848770E-003 -5.261185240645040E-007
  7.275527810190037E-003 -5.252095895926959E-007
  7.275162333600347E-003 -5.246032541786557E-007
  7.274798395114073E-003 -5.242173352312292E-007
  7.274435952330975E-003 -5.239645598113467E-007
  7.274074979524195E-003 -5.237554548697882E-007
  7.273715469532755E-003 -5.235012157033472E-007
  7.273357434177999E-003 -5.231165482796782E-007
  7.273000902716726E-003 -5.225224657834659E-007
  7.272645918893933E-003 -5.216489319623324E-007
  7.272292537712335E-003 -5.204371564734425E-007
  7.271940822770337E-003 -5.188413455574954E-007
  7.271590844252935E-003 -5.168298187307165E-007
  7.271242677033927E-003 -5.143855540017762E-007
  7.270896398300131E-003 -5.115063145117387E-007
  7.270552084563616E-003 -5.082044751554990E-007
  7.270209808433179E-003 -5.045065410544781E-007
  7.269869635660812E-003 -5.004522361131572E-007
  7.269531622723887E-003 -4.960930365462819E-007
  7.269195814860158E-003 -4.914901446795227E-007
  7.268862244379909E-003 -4.867120608081180E-007
  7.268530929291208E-003 -4.818320027756190E-007
  7.268201872528625E-003 -4.769253851954767E-007
  7.267875062061028E-003 -4.720674403683393E-007
  7.267550471817529E-003 -4.673309421687496E-007
  7.267228062987480E-003 -4.627839675061255E-007
  7.266907785184257E-003 -4.584877054250640E-007
  7.266589577328180E-003 -4.544944321856541E-007
  7.266273368634018E-003 -4.508458246776970E-007
  7.265959080335015E-003 -4.475717461688106E-007
  7.265646628484556E-003 -4.446895413616275E-007
  7.265335927523369E-003 -4.422037932696124E-007
  7.265026893773924E-003 -4.401064716991474E-007
  7.264719448045497E-003 -4.383774356640180E-007
  7.264413517114150E-003 -4.369852915282148E-007
  7.264109034558560E-003 -4.358886113709026E-007
  7.263805941751270E-003 -4.350374791888992E-007
  7.263504189493053E-003 -4.343752904068304E-007
  7.263203740082109E-003 -4.338407187281857E-007
  7.262904569059447E-003 -4.333697872684452E-007
  7.262606665871793E-003 -4.328980070598009E-007
  7.262310033222957E-003 -4.323625412857152E-007
  7.262014685535443E-003 -4.317043147640361E-007
  7.261720647247597E-003 -4.308699488230008E-007
  7.261427951453008E-003 -4.298134044325708E-007
  7.261136638870496E-003 -4.284972723758813E-007
  7.260846756731152E-003 -4.268937251800772E-007
  7.260558357160567E-003 -4.249851874498109E-007
  7.260271494966952E-003 -4.227647588696640E-007
  7.259986225119430E-003 -4.202363583066418E-007
  7.259702600332851E-003 -4.174145056558460E-007
  7.259420669017635E-003 -4.143236704035305E-007
  7.259140473593055E-003 -4.109971936776666E-007
  7.258862049033192E-003 -4.074758847807772E-007
  7.258585421591837E-003 -4.038064401876316E-007
  7.258310607809944E-003 -4.000398045615761E-007
  7.258037613958413E-003 -3.962295161917633E-007
  7.257766435944280E-003 -3.924300146899510E-007
  7.257497059527103E-003 -3.886948844143360E-007
  7.257229460641327E-003 -3.850750626682347E-007
  7.256963605774207E-003 -3.816171114853866E-007
  7.256699452585699E-003 -3.783616825014571E-007
  7.256436951055796E-003 -3.753422745629014E-007
  7.256176045280381E-003 -3.725843174696706E-007
  7.255916675703622E-003 -3.701045590533547E-007
  7.255658781327094E-003 -3.679107190366913E-007
  7.255402301483397E-003 -3.660013971410306E-007
  7.255147177091712E-003 -3.643662529609065E-007
  7.254893351684422E-003 -3.629864802696814E-007
  7.254640772623146E-003 -3.618355736107564E-007
  7.254389392704629E-003 -3.608803505869919E-007
  7.254139171953763E-003 -3.600821742941991E-007
  7.253890079117343E-003 -3.593983243666998E-007
  7.253642092422590E-003 -3.587834777267730E-007
  7.253395199509611E-003 -3.581912614430013E-007
  7.253149396830791E-003 -3.575758240297061E-007
  7.252904688959607E-003 -3.568933529871092E-007
  7.252661088081357E-003 -3.561034662256713E-007
  7.252418613603193E-003 -3.551704307557566E-007
  7.252177291582192E-003 -3.540641975859365E-007
  7.251937153693108E-003 -3.527612608089553E-007
  7.251698235697194E-003 -3.512453367609731E-007
  7.251460575631511E-003 -3.495078273887149E-007
  7.251224212028544E-003 -3.475480108547223E-007
  7.250989182364587E-003 -3.453729166529628E-007
  7.250755521743422E-003 -3.429968901280313E-007
  7.250523261709186E-003 -3.404409039015680E-007
  7.250292429115021E-003 -3.377316971035881E-007
  7.250063045085878E-003 -3.349008044224473E-007
  7.249835124183394E-003 -3.319834942691171E-007
  7.249608673845525E-003 -3.290176038976331E-007
  7.249383694079864E-003 -3.260422649650057E-007
  7.249160177339193E-003 -3.230965520310805E-007
  7.248938108555977E-003 -3.202181297294779E-007
  7.248717465411813E-003 -3.174419904693913E-007
  7.248498218960887E-003 -3.147993525024401E-007
  7.248280334646034E-003 -3.123167452191443E-007
  7.248063773586023E-003 -3.100152742439736E-007
  7.247848493899300E-003 -3.079100528102055E-007
  7.247634451866165E-003 -3.060098041283126E-007
  7.247421602905390E-003 -3.043166605767774E-007
  7.247209902523210E-003 -3.028261888459565E-007
  7.246999307436155E-003 -3.015276518209703E-007
  7.246789776929960E-003 -3.004044908946724E-007
  7.246581274294112E-003 -2.994349943262418E-007
  7.246373768034614E-003 -2.985931152456811E-007
  7.246167232624509E-003 -2.978494100029936E-007
  7.245961648765279E-003 -2.971720710402187E-007
  7.245757003347330E-003 -2.965280220138323E-007
  7.245553289361711E-003 -2.958840323755628E-007
  7.245350505891944E-003 -2.952078054065210E-007
  7.245148658108175E-003 -2.944690028570603E-007
  7.244947757054836E-003 -2.936401848515589E-007
  7.244747819059965E-003 -2.926976523800517E-007
  7.244548864761208E-003 -2.916221742527259E-007
  7.244350917910976E-003 -2.903995665681667E-007
  7.244154004174768E-003 -2.890210851731637E-007
  7.243958150054079E-003 -2.874836028165474E-007
  7.243763381930255E-003 -2.857895702161119E-007
  7.243569725145072E-003 -2.839467886878057E-007
  7.243377203055396E-003 -2.819680335006216E-007
  7.243185836083489E-003 -2.798705562245761E-007
  7.242995640850245E-003 -2.776754724045213E-007
  7.242806629474750E-003 -2.754070276680655E-007
  7.242618809067898E-003 -2.730917439146677E-007
  7.242432181399912E-003 -2.707574734470960E-007
  7.242246742724453E-003 -2.684324148731855E-007
  7.242062483782154E-003 -2.661441525098992E-007
  7.241879390030606E-003 -2.639187659858538E-007
  7.241697442116062E-003 -2.617800305329882E-007
  7.241516616530085E-003 -2.597487092071951E-007
  7.241336886341693E-003 -2.578419372412740E-007
  7.241158221914640E-003 -2.560727122368725E-007
  7.240980591603518E-003 -2.544495178092171E-007
  7.240803962505961E-003 -2.529761094043455E-007
  7.240628301357964E-003 -2.516514770961674E-007
  7.240453575577370E-003 -2.504699801624557E-007
  7.240279754343397E-003 -2.494216340159479E-007
  7.240106809538236E-003 -2.484925272930631E-007
  7.239934716422687E-003 -2.476653514089072E-007
  7.239763454042731E-003 -2.469200284038608E-007
  7.239593005478353E-003 -2.462344197693639E-007
  7.239423358067130E-003 -2.455850916703724E-007
  7.239254503651701E-003 -2.449481068130371E-007
  7.239086438778884E-003 -2.442998145316654E-007
  7.238919164712177E-003 -2.436176165693717E-007
  7.238752687157177E-003 -2.428806902001672E-007
  7.238587015710657E-003 -2.420706486004064E-007
  7.238422163146590E-003 -2.411721127777535E-007
  7.238258144676734E-003 -2.401731672693291E-007
  7.238094977263026E-003 -2.390656788190832E-007
  7.237932678968950E-003 -2.378454722886684E-007
  7.237771268286702E-003 -2.365123729365344E-007
  7.237610763396577E-003 -2.350701300892938E-007
  7.237451181378234E-003 -2.335262317439179E-007
  7.237292537445299E-003 -2.318916095991734E-007
  7.237134844278390E-003 -2.301802298374336E-007
  7.236978111493931E-003 -2.284085730209627E-007
  7.236822345245183E-003 -2.265950233941857E-007
  7.236667547940192E-003 -2.247592031092949E-007
  7.236513718078489E-003 -2.229212906893126E-007
  7.236360850226558E-003 -2.211013536155449E-007
  7.236208935145039E-003 -2.193187100773683E-007
  7.236057960049965E-003 -2.175913251326793E-007
  7.235907908963768E-003 -2.159352481827845E-007
  7.235758763116872E-003 -2.143641082638186E-007
  7.235610501396712E-003 -2.128886923973509E-007
  7.235463100876746E-003 -2.115166318602318E-007
  7.235316537457580E-003 -2.102522111375036E-007
  7.235170786607670E-003 -2.090963002651581E-007
  7.235025824132384E-003 -2.080464015000907E-007
  7.234881626874009E-003 -2.070967991604557E-007
  7.234738173276094E-003 -2.062388046448242E-007
  7.234595443814560E-003 -2.054610911805492E-007
  7.234453421355266E-003 -2.047501107015216E-007
  7.234312091500690E-003 -2.040905794450470E-007
  7.234171442935335E-003 -2.034660132575543E-007
  7.234031467711862E-003 -2.028592917434456E-007
  7.233892161389942E-003 -2.022532321849523E-007
  7.233753522971505E-003 -2.016311561572571E-007
  7.233615554646695E-003 -2.009774317662840E-007
  7.233478261424319E-003 -2.002779722071942E-007
  7.233341650728999E-003 -1.995206707711135E-007
  7.233205732005006E-003 -1.986957560988529E-007
  7.233070516309912E-003 -1.977960590673606E-007
  7.232936015853403E-003 -1.968171903067781E-007
  7.232802243454991E-003 -1.957576305308202E-007
  7.232669211940011E-003 -1.946187337286980E-007
  7.232536933530113E-003 -1.934046393843472E-007
  7.232405419287102E-003 -1.921220896007140E-007
  7.232274678642022E-003 -1.907801534006602E-007
  7.232144719009528E-003 -1.893898709588131E-007
  7.232015545474831E-003 -1.879638393583259E-007
  7.231887160549718E-003 -1.865157634146836E-007
  7.231759564009579E-003 -1.850599898393999E-007
  7.231632752826583E-003 -1.836110352261112E-007
  7.231506721201507E-003 -1.821831142240445E-007
  7.231381460681047E-003 -1.807896767937915E-007
  7.231256960344519E-003 -1.794429701250145E-007
  7.231133207056447E-003 -1.781536459963412E-007
  7.231010185795772E-003 -1.769304335571085E-007
  7.230887880070635E-003 -1.757798903468657E-007
  7.230766272405476E-003 -1.747062353153343E-007
  7.230645344858994E-003 -1.737112613500833E-007
  7.230525079520764E-003 -1.727943237122282E-007
  7.230405458952162E-003 -1.719524030258127E-007
  7.230286466572922E-003 -1.711802428968726E-007
  7.230168087021425E-003 -1.704705604341400E-007
  7.230050306513722E-003 -1.698143230695041E-007
  7.229933113194535E-003 -1.692010800754066E-007
  7.229816497437813E-003 -1.686193345119539E-007
  7.229700452042556E-003 -1.680569414078124E-007
  7.229584972293044E-003 -1.675015191412005E-007
  7.229470055895346E-003 -1.669408612048020E-007
  7.229355702834520E-003 -1.663633346738826E-007
  7.229241915197781E-003 -1.657582511179920E-007
  7.229128696980694E-003 -1.651161970939566E-007
  7.229016053859782E-003 -1.644293148660947E-007
  7.228903992901539E-003 -1.636915277216687E-007
  7.228792522193805E-003 -1.628987061830820E-007
  7.228681650417070E-003 -1.620487709515966E-007
  7.228571386397197E-003 -1.611417273848215E-007
  7.228461738681568E-003 -1.601796274504553E-007
  7.228352715161149E-003 -1.591664594070763E-007
  7.228244322738483E-003 -1.581079719703152E-007
  7.228136567032133E-003 -1.570114447247333E-007
  7.228029452114933E-003 -1.558854178158808E-007
  7.227922980296228E-003 -1.547393913775230E-007
  7.227817151964377E-003 -1.535835015962429E-007
  7.227711965500203E-003 -1.524281791604530E-007
  7.227607417261392E-003 -1.512837983653010E-007
  7.227503501631688E-003 -1.501603297113950E-007
  7.227400211131221E-003 -1.490670118670763E-007
  7.227297536589812E-003 -1.480120580824996E-007
  7.227195467384508E-003 -1.470024074850878E-007
  7.227093991732553E-003 -1.460435261498602E-007
  7.226993097018039E-003 -1.451392592153742E-007
  7.226892770125451E-003 -1.442917349926375E-007
  7.226792997762295E-003 -1.435013234292244E-007
  7.226693766769819E-003 -1.427666520757055E-007
  7.226595064432484E-003 -1.420846809488269E-007
  7.226496878792835E-003 -1.414508338634287E-007
  7.226399198960654E-003 -1.408591797478373E-007
  7.226302015387251E-003 -1.403026549744228E-007
  7.226205320072287E-003 -1.397733173892577E-007
  7.226109106686073E-003 -1.392626231920660E-007
  7.226013370614865E-003 -1.387617180563964E-007
  7.225918108953522E-003 -1.382617332074966E-007
  7.225823320467843E-003 -1.377540763669046E-007
  7.225729005531151E-003 -1.372307076124503E-007
  7.225635166020880E-003 -1.366843914288159E-007
  7.225541805155814E-003 -1.361089181041032E-007
  7.225448927267248E-003 -1.354992887059783E-007
  7.225356537518255E-003 -1.348518582512234E-007
  7.225264641599721E-003 -1.341644316510707E-007
  7.225173245430812E-003 -1.334363082718138E-007
  7.225082354877974E-003 -1.326682737574049E-007
  7.224991975491765E-003 -1.318625415556736E-007
  7.224902112255305E-003 -1.310226495668402E-007
  7.224812769343933E-003 -1.301533181922939E-007
  7.224723949905726E-003 -1.292602752507881E-007
  7.224635655878210E-003 -1.283500518525906E-007
  7.224547887853611E-003 -1.274297536282106E-007
  7.224460644996990E-003 -1.265068138098121E-007
  7.224373925015342E-003 -1.255887377164464E-007
  7.224287724174614E-003 -1.246828500189839E-007
  7.224202037364033E-003 -1.237960555998090E-007
  7.224116858207719E-003 -1.229346220895517E-007
  7.224032179219701E-003 -1.221039889507678E-007
  7.223947991992325E-003 -1.213086062053607E-007
  7.223864287405179E-003 -1.205518058862937E-007
  7.223781055844964E-003 -1.198357103266630E-007
  7.223698287433922E-003 -1.191611816237962E-007
  7.223615972268977E-003 -1.185278151382635E-007
  7.223534100670661E-003 -1.179339770278030E-007
  7.223452663431508E-003 -1.173768827437366E-007
  7.223371652044996E-003 -1.168527115927124E-007
  7.223291058895704E-003 -1.163567519306893E-007
  7.223210877400824E-003 -1.158835717264227E-007
  7.223131102106587E-003 -1.154272092673479E-007
  7.223051728751270E-003 -1.149813780800053E-007
  7.222972754303958E-003 -1.145396791088143E-007
  7.222894176977682E-003 -1.140958127570031E-007
  7.222815996205749E-003 -1.136437835698667E-007
  7.222738212569049E-003 -1.131780911290735E-007
  7.222660827671381E-003 -1.126939015176465E-007
  7.222583843973012E-003 -1.121871940546146E-007
  7.222507264600954E-003 -1.116548783481843E-007
  7.222431093152833E-003 -1.110948776442459E-007
  7.222355333502289E-003 -1.105061760608108E-007
  7.222279989604783E-003 -1.098888295351548E-007
  7.222205065300236E-003 -1.092439420002254E-007
  7.222130564113770E-003 -1.085736091596213E-007
  7.222056489063346E-003 -1.078808320923456E-007
  7.221982842487254E-003 -1.071694028184257E-007
  7.221909625902333E-003 -1.064437646297341E-007
  7.221836839897982E-003 -1.057088516738310E-007
  7.221764484065666E-003 -1.049699143371559E-007
  7.221692556962032E-003 -1.042323380326263E-007
  7.221621056105201E-003 -1.035014628287184E-007
  7.221549978004959E-003 -1.027824098201115E-007
  7.221479318226524E-003 -1.020799185589481E-007
  7.221409071484429E-003 -1.013981990850811E-007
  7.221339231760816E-003 -1.007408023339895E-007
  7.221269792442904E-003 -1.001105133658979E-007
  7.221200746476893E-003 -9.950927186775599E-008
  7.221132086537071E-003 -9.893812322666384E-008
  7.221063805207052E-003 -9.839720143237921E-008
  7.220995895165378E-003 -9.788574298943831E-008
  7.220928349363754E-003 -9.740212967896903E-008
  7.220861161186522E-003 -9.694395756162502E-008
  7.220794324585239E-003 -9.650812966181241E-008
  7.220727834189060E-003 -9.609096952573194E-008
  7.220661685395329E-003 -9.568835211853519E-008
  7.220595874442682E-003 -9.529584759137832E-008
  7.220530398463067E-003 -9.490887262916249E-008
  7.220465255504374E-003 -9.452284394063655E-008
  7.220400444515998E-003 -9.413332870962113E-008
  7.220335965295921E-003 -9.373618720924864E-008
  7.220271818405905E-003 -9.332770316503584E-008
  7.220208005065810E-003 -9.290469761377391E-008
  7.220144527036516E-003 -9.246462261189605E-008
  7.220081386495322E-003 -9.200563198008006E-008
  7.220018585902646E-003 -9.152662750489603E-008
  7.219956127858188E-003 -9.102728009486329E-008
  7.219894014948645E-003 -9.050802597136954E-008
  7.219832249594306E-003 -8.997003835751704E-008
  7.219770833904581E-003 -8.941517532188700E-008
  7.219709769550939E-003 -8.884590528015138E-008
  7.219649057661502E-003 -8.826521281630290E-008
  7.219588698737736E-003 -8.767648890905972E-008
  7.219528692592481E-003 -8.708341030625543E-008
  7.219469038309678E-003 -8.648981289799389E-008
  7.219409734227578E-003 -8.589956317962924E-008
  7.219350777947014E-003 -8.531643129419786E-008
  7.219292166364644E-003 -8.474396888763081E-008
  7.219233895728986E-003 -8.418539534368233E-008
  7.219175961716421E-003 -8.364349645687638E-008
  7.219118359524783E-003 -8.312053951005185E-008
  7.219061083982602E-003 -8.261820788736923E-008
  7.219004129671074E-003 -8.213755707005825E-008
  7.218947491053681E-003 -8.167899242948969E-008
  7.218891162606483E-003 -8.124226843181529E-008
  7.218835138942359E-003 -8.082650849524190E-008
  7.218779414925067E-003 -8.043024467653952E-008
  7.218723985772286E-003 -8.005147602794153E-008
  7.218668847148212E-003 -7.968774379943316E-008
  7.218613995244964E-003 -7.933622077145893E-008
  7.218559426848881E-003 -7.899381125515261E-008
  7.218505139385726E-003 -7.865725793502373E-008
  7.218451130939881E-003 -7.832325177646662E-008
  7.218397400246604E-003 -7.798854139158624E-008
  7.218343946661040E-003 -7.765003841302310E-008
  7.218290770109928E-003 -7.730491551456215E-008
  7.218237871030756E-003 -7.695069392695966E-008
  7.218185250299841E-003 -7.658531775655631E-008
  7.218132909148217E-003 -7.620721294308721E-008
  7.218080849064530E-003 -7.581532947640494E-008
  7.218029071687069E-003 -7.540916586736689E-008
  7.217977578690553E-003 -7.498877531862494E-008
  7.217926371674928E-003 -7.455475339352881E-008
  7.217875452062187E-003 -7.410820763651158E-008
  7.217824821004445E-003 -7.365071048488405E-008
  7.217774479303924E-003 -7.318423765370913E-008
  7.217724427344961E-003 -7.271109473414609E-008
  7.217674665039119E-003 -7.223383495504151E-008
  7.217625191785696E-003 -7.175517078683403E-008
  7.217576006450099E-003 -7.127788194760056E-008
  7.217527107361309E-003 -7.080472245152572E-008
  7.217478492328060E-003 -7.033832961733778E-008
  7.217430158672236E-003 -6.988113836752778E-008
  7.217382103277871E-003 -6.943530403700556E-008
  7.217334322654124E-003 -6.900263642896106E-008
  7.217286813010342E-003 -6.858454699980310E-008
  7.217239570340180E-003 -6.818201026650117E-008
  7.217192590510849E-003 -6.779553998168230E-008
  7.217145869353569E-003 -6.742518039619979E-008
  7.217099402752289E-003 -6.707051282668566E-008
  7.217053186729201E-003 -6.673067737137336E-008
  7.217007217526009E-003 -6.640440908496592E-008
  7.216961491679155E-003 -6.609008713425408E-008
  7.216916006085587E-003 -6.578579489065772E-008
  7.216870758054904E-003 -6.548938847664675E-008
  7.216825745344542E-003 -6.519857128588036E-008
  7.216780966177172E-003 -6.491097193060198E-008
  7.216736419241906E-003 -6.462422317150700E-008
  7.216692103682123E-003 -6.433603926422797E-008
  7.216648019071818E-003 -6.404428922733850E-008
  7.216604165380672E-003 -6.374706363583698E-008
  7.216560542926837E-003 -6.344273288003555E-008
  7.216517152317132E-003 -6.312999516600596E-008
  7.216473994376357E-003 -6.280791291398720E-008
  7.216431070069721E-003 -6.247593654424121E-008
  7.216388380423287E-003 -6.213391495615267E-008
  7.216345926446411E-003 -6.178209249642602E-008
  7.216303709058409E-003 -6.142109277933649E-008
  7.216261729020201E-003 -6.105189034517716E-008
  7.216219986871515E-003 -6.067577150102102E-008
  7.216178482875082E-003 -6.029428596701469E-008
  7.216137216970220E-003 -5.990919094958512E-008
  7.216096188738333E-003 -5.952238938165549E-008
  7.216055397381961E-003 -5.913586420781150E-008
  7.216014841717779E-003 -5.875161098519073E-008
  7.215974520182890E-003 -5.837157122705776E-008
  7.215934430853528E-003 -5.799756898101866E-008
  7.215894571475256E-003 -5.763125284162898E-008
  7.215854939503680E-003 -5.727404509818195E-008
  7.215815532154190E-003 -5.692709929837704E-008
  7.215776346458653E-003 -5.659126720719713E-008
  7.215737379326739E-003 -5.626707600876701E-008
  7.215698627609885E-003 -5.595471643753529E-008
  7.215660088166279E-003 -5.565404231809237E-008
  7.215621757925482E-003 -5.536458143841243E-008
  7.215583633950775E-003 -5.508555716032699E-008
  7.215545713496620E-003 -5.481591972553081E-008
  7.215507994058323E-003 -5.455438582127887E-008
  7.215470473411619E-003 -5.429948490284506E-008
  7.215433149641234E-003 -5.404961066891902E-008
  7.215396021158824E-003 -5.380307604602207E-008
  7.215359086711159E-003 -5.355816985457927E-008
  7.215322345379048E-003 -5.331321329678882E-008
  7.215285796566472E-003 -5.306661434222482E-008
  7.215249439979120E-003 -5.281691819927207E-008
  7.215213275592121E-003 -5.256285233329883E-008
  7.215177303608151E-003 -5.230336463687013E-008
  7.215141524408549E-003 -5.203765360626360E-008
  7.215105938500459E-003 -5.176518968647352E-008
  7.215070546462548E-003 -5.148572717278676E-008
  7.215035348890716E-003 -5.119930648889344E-008
  7.215000346344482E-003 -5.090624703388661E-008
  7.214965539294827E-003 -5.060713109187662E-008
  7.214930928074971E-003 -5.030277955293351E-008
  7.214896512836194E-003 -4.999422030177809E-008
  7.214862293510975E-003 -4.968265031198987E-008
  7.214828269784969E-003 -4.936939273534221E-008
  7.214794441078536E-003 -4.905585050229723E-008
  7.214760806537659E-003 -4.874345815017091E-008
  7.214727365034013E-003 -4.843363366571165E-008
  7.214694115173826E-003 -4.812773199439735E-008
  7.214661055315315E-003 -4.782700161953457E-008
  7.214628183594121E-003 -4.753254544626109E-008
  7.214595497955796E-003 -4.724528704106103E-008
  7.214562996194029E-003 -4.696594324045105E-008
  7.214530675993233E-003 -4.669500398761685E-008
  7.214498534974208E-003 -4.643272013129963E-008
  7.214466570741570E-003 -4.617909947153254E-008
  7.214434780931398E-003 -4.593391103231036E-008
  7.214403163257226E-003 -4.569669710572754E-008
  7.214371715552407E-003 -4.546679244073058E-008
  7.214340435807198E-003 -4.524334975282198E-008
  7.214309322199622E-003 -4.502537068021248E-008
  7.214278373119832E-003 -4.481174114681908E-008
  7.214247587187904E-003 -4.460126992897924E-008
  7.214216963264772E-003 -4.439272911530555E-008
