   40.0000000000000     
   1.50000000000000     
  -120.000000000000     
  
  -20.0000000000000     
  -19.7999992370605     
  -19.5999984741211     
  -19.3999996185303     
  -19.1999988555908     
  -19.0000000000000     
  -18.7999992370605     
  -18.6000003814697     
  -18.3999996185303     
  -18.1999988555908     
  -18.0000000000000     
  -17.7999992370605     
  -17.6000003814697     
  -17.3999996185303     
  -17.1999988555908     
  -17.0000000000000     
  -16.7999992370605     
  -16.6000003814697     
  -16.3999996185303     
  -16.2000007629395     
  -15.9999990463257     
  -15.7999992370605     
  -15.5999994277954     
  -15.3999996185303     
  -15.1999998092651     
  -15.0000000000000     
  -14.8000001907349     
  -14.5999994277954     
  -14.3999996185303     
  -14.1999998092651     
  -14.0000000000000     
  -13.8000001907349     
  -13.6000003814697     
  -13.3999996185303     
  -13.1999988555908     
  -13.0000000000000     
  -12.7999992370605     
  -12.6000003814697     
  -12.3999996185303     
  -12.2000007629395     
  -11.9999990463257     
  -11.7999992370605     
  -11.5999994277954     
  -11.3999996185303     
  -11.1999998092651     
  -11.0000000000000     
  -10.7999992370605     
  -10.5999994277954     
  -10.3999996185303     
  -10.1999998092651     
  -10.0000000000000     
  -9.79999923706055     
  -9.59999942779541     
  -9.39999961853027     
  -9.19999980926514     
  -9.00000000000000     
  -8.80000019073486     
  -8.59999942779541     
  -8.39999961853027     
  -8.19999980926514     
  -7.99999952316284     
  -7.79999971389771     
  -7.59999990463257     
  -7.40000009536743     
  -7.19999980926514     
  -7.00000000000000     
  -6.80000019073486     
  -6.59999942779541     
  -6.39999961853027     
  -6.19999980926514     
  -5.99999952316284     
  -5.79999971389771     
  -5.59999990463257     
  -5.39999961853027     
  -5.19999980926514     
  -5.00000000000000     
  -4.79999971389771     
  -4.59999990463257     
  -4.40000009536743     
  -4.19999980926514     
  -3.99999976158142     
  -3.79999995231628     
  -3.59999990463257     
  -3.40000009536743     
  -3.19999980926514     
  -2.99999976158142     
  -2.79999995231628     
  -2.59999990463257     
  -2.39999985694885     
  -2.20000004768372     
  -1.99999988079071     
  -1.79999995231628     
  -1.59999990463257     
  -1.39999997615814     
  -1.19999992847443     
 -0.999999940395355     
 -0.799999952316284     
 -0.599999964237213     
 -0.399999976158142     
 -0.199999988079071     
  0.000000000000000E+000
  0.199999988079071     
  0.399999976158142     
  0.599999964237213     
  0.799999952316284     
  0.999999940395355     
   1.19999992847443     
   1.39999997615814     
   1.59999990463257     
   1.79999995231628     
   1.99999988079071     
   2.20000004768372     
   2.39999985694885     
   2.59999990463257     
   2.79999995231628     
   2.99999976158142     
   3.19999980926514     
   3.40000009536743     
   3.59999990463257     
   3.79999995231628     
   3.99999976158142     
   4.19999980926514     
   4.40000009536743     
   4.59999990463257     
   4.79999971389771     
   5.00000000000000     
   5.19999980926514     
   5.39999961853027     
   5.59999990463257     
   5.79999971389771     
   5.99999952316284     
   6.19999980926514     
   6.39999961853027     
   6.59999942779541     
   6.80000019073486     
   7.00000000000000     
   7.19999980926514     
   7.40000009536743     
   7.59999990463257     
   7.79999971389771     
   7.99999952316284     
   8.19999980926514     
   8.39999961853027     
   8.59999942779541     
   8.80000019073486     
   9.00000000000000     
   9.19999980926514     
   9.39999961853027     
   9.59999942779541     
   9.79999923706055     
   10.0000000000000     
   10.1999998092651     
   10.3999996185303     
   10.5999994277954     
   10.7999992370605     
   11.0000000000000     
   11.1999998092651     
   11.3999996185303     
   11.5999994277954     
   11.7999992370605     
   11.9999990463257     
   12.2000007629395     
   12.3999996185303     
   12.6000003814697     
   12.7999992370605     
   13.0000000000000     
   13.1999988555908     
   13.3999996185303     
   13.6000003814697     
   13.8000001907349     
   14.0000000000000     
   14.1999998092651     
   14.3999996185303     
   14.5999994277954     
   14.8000001907349     
   15.0000000000000     
   15.1999998092651     
   15.3999996185303     
   15.5999994277954     
   15.7999992370605     
   15.9999990463257     
   16.2000007629395     
   16.3999996185303     
   16.6000003814697     
   16.7999992370605     
   17.0000000000000     
   17.1999988555908     
   17.3999996185303     
   17.6000003814697     
   17.7999992370605     
   18.0000000000000     
   18.1999988555908     
   18.3999996185303     
   18.6000003814697     
   18.7999992370605     
   19.0000000000000     
   19.1999988555908     
   19.3999996185303     
   19.5999984741211     
   19.7999992370605     
   20.0000000000000     
